All temperatures in °C.

 ,1 ,2 ,3 ,4 ,5 ,6 ,7 ,8 ,9 ,10 ,11 ,12 ,13 ,14 ,15 ,16 ,17 ,18 ,19 ,20 ,21 ,22 ,23 ,24 ,25 ,26 ,27 ,28 ,29 ,30 ,31 ,32 ,33 ,34 ,35 ,36 ,37 ,38 ,39 ,40 ,41 ,42 ,43 ,44 ,45 ,46 ,47 ,48 ,49 ,50 ,51 ,52 ,53 ,54 ,55 ,56 ,57 ,58 ,59 ,60 ,61 ,62 ,63 ,64 ,65 ,66 ,67 ,68 ,69 ,70 ,71 ,72 ,73 ,74 ,75 ,76 ,77 ,78 ,79 ,80 ,81 ,82 ,83 ,84 ,85 ,86 ,87 ,88 ,89 ,90 ,91 ,92 ,93 ,94 ,95 ,96 ,97 ,98 ,99 ,100 ,101 ,102 ,103 ,104 ,105 ,106 ,107 ,108 ,109 ,110 ,111 ,112 ,113 ,114 ,115 ,116 ,117 ,118 ,119 ,120 ,121 ,122 ,123 ,124 ,125 ,126 ,127 ,128 ,129 ,130 ,131 ,132 ,133 ,134 ,135 ,136 ,137 ,138 ,139 ,140 ,141 ,142 ,143 ,144 ,145 ,146 ,147 ,148 ,149 ,150 ,151 ,152 ,153 ,154 ,155 ,156 ,157 ,158 ,159 ,160 ,161 ,162 ,163 ,164 ,165 ,166 ,167 ,168 ,169 ,170 ,171 ,172 ,173 ,174 ,175 ,176 ,177 ,178 ,179 ,180 ,181 ,182 ,183 ,184 ,185 ,186 ,187 ,188 ,189 ,190 ,191 ,192 ,193 ,194 ,195 ,196 ,197 ,198 ,199 ,200 ,201 ,202 ,203 ,204 ,205 ,206 ,207 ,208 ,209 ,210 ,211 ,212 ,213 ,214 ,215 ,216 ,217 ,218 ,219 ,220 ,221 ,222 ,223 ,224 ,225 ,226 ,227 ,228 ,229 ,230 ,231 ,232 ,233 ,234 ,235 ,236 ,237 ,238 ,239 ,240 ,241 ,242 ,243 ,244 ,245 ,246 ,247 ,248 ,249 ,250 ,251 ,252 ,253 ,254 ,255 ,256 ,257 ,258 ,259 ,260 ,261 ,262 ,263 ,264 ,265 ,266 ,267 ,268 ,269 ,270 ,271 ,272 ,273 ,274 ,275 ,276 ,277 ,278 ,279 ,280 ,281 ,282 ,283 ,284 ,285 ,286 ,287 ,288 ,289 ,290 ,291 ,292 ,293 ,294 ,295 ,296 ,297 ,298 ,299 ,300 ,301 ,302 ,303 ,304 ,305 ,306 ,307 ,308 ,309 ,310 ,311 ,312 ,313 ,314 ,315 ,316 ,317 ,318 ,319 ,320 ,321 ,322 ,323 ,324 ,325 ,326 ,327 ,328 ,329 ,330 ,331 ,332 ,333 ,334 ,335 ,336 ,337 ,338 ,339 ,340 ,341 ,342 ,343 ,344 ,345 ,346 ,347 ,348 ,349 ,350 ,351 ,352 ,353 ,354 ,355 ,356 ,357 ,358 ,359 ,360 ,361 ,362 ,363 ,364 ,365 ,366 ,367 ,368 ,369 ,370 ,371 ,372 ,373 ,374 ,375 ,376 ,377 ,378 ,379 ,380 ,381 ,382 ,383 ,384 ,385 ,386 ,387 ,388 ,389 ,390 ,391 ,392 ,393 ,394 ,395 ,396 ,397 ,398 ,399 ,400 ,401 ,402 ,403 ,404 ,405 ,406 ,407 ,408 ,409 ,410 ,411 ,412 ,413 ,414 ,415 ,416 ,417 ,418 ,419 ,420 ,421 ,422 ,423 ,424 ,425 ,426 ,427 ,428 ,429 ,430 ,431 ,432 ,433 ,434 ,435 ,436 ,437 ,438 ,439 ,440 ,441 ,442 ,443 ,444 ,445 ,446 ,447 ,448 ,449 ,450 ,451 ,452 ,453 ,454 ,455 ,456 ,457 ,458 ,459 ,460 ,461 ,462 ,463 ,464 ,465 ,466 ,467 ,468 ,469 ,470 ,471 ,472 ,473 ,474 ,475 ,476 ,477 ,478 ,479 ,480 ,481 ,482 ,483 ,484 ,485 ,486 ,487 ,488 ,489 ,490 ,491 ,492 ,493 ,494 ,495 ,496 ,497 ,498 ,499 ,500 ,501 ,502 ,503 ,504 ,505 ,506 ,507 ,508 ,509 ,510 ,511 ,512 ,513 ,514 ,515 ,516 ,517 ,518 ,519 ,520 ,521 ,522 ,523 ,524 ,525 ,526 ,527 ,528 ,529 ,530 ,531 ,532 ,533 ,534 ,535 ,536 ,537 ,538 ,539 ,540 ,541 ,542 ,543 ,544 ,545 ,546 ,547 ,548 ,549 ,550 ,551 ,552 ,553 ,554 ,555 ,556 ,557 ,558 ,559 ,560 ,561 ,562 ,563 ,564 ,565 ,566 ,567 ,568 ,569 ,570 ,571 ,572 ,573 ,574 ,575 ,576 ,577 ,578 ,579 ,580 ,581 ,582 ,583 ,584 ,585 ,586 ,587 ,588 ,589 ,590 ,591 ,592 ,593 ,594 ,595 ,596 ,597 ,598 ,599 ,600 ,601 ,602 ,603 ,604 ,605 ,606 ,607 ,608 ,609 ,610 ,611 ,612 ,613 ,614 ,615 ,616 ,617 ,618 ,619 ,620 ,621 ,622 ,623 ,624 ,625 ,626 ,627 ,628 ,629 ,630 ,631 ,632 ,633 ,634 ,635 ,636 ,637 ,638 ,639 ,640 ,
1,22.82 ,22.75 ,22.86 ,22.87 ,22.85 ,22.82 ,22.86 ,22.9 ,22.87 ,22.93 ,22.92 ,22.87 ,23.07 ,22.94 ,22.91 ,22.96 ,22.98 ,22.98 ,22.94 ,22.89 ,22.85 ,22.93 ,22.95 ,23.01 ,22.93 ,23.1 ,23.27 ,23.31 ,23.36 ,23.45 ,23.47 ,23.42 ,23.39 ,23.44 ,23.48 ,23.48 ,23.41 ,23.48 ,23.5 ,23.47 ,23.43 ,23.3 ,23.36 ,23.35 ,23.47 ,23.53 ,23.51 ,23.46 ,23.45 ,23.39 ,23.43 ,23.46 ,23.49 ,23.45 ,23.42 ,23.43 ,23.37 ,23.39 ,23.48 ,23.49 ,23.48 ,23.43 ,23.42 ,23.44 ,23.47 ,23.44 ,23.55 ,23.57 ,23.44 ,23.54 ,23.43 ,23.34 ,23.47 ,23.51 ,23.51 ,23.46 ,23.45 ,23.47 ,23.45 ,23.36 ,23.47 ,23.45 ,23.5 ,23.46 ,23.49 ,23.57 ,23.52 ,23.51 ,23.55 ,23.5 ,23.49 ,23.53 ,23.51 ,23.58 ,23.56 ,23.59 ,23.57 ,23.5 ,23.56 ,23.54 ,23.48 ,23.46 ,23.49 ,23.58 ,23.6 ,23.62 ,23.61 ,23.54 ,23.6 ,23.62 ,23.58 ,23.52 ,23.55 ,23.69 ,23.62 ,23.65 ,23.73 ,23.59 ,23.5 ,23.66 ,23.59 ,23.61 ,23.59 ,23.64 ,23.55 ,23.58 ,23.67 ,23.64 ,23.59 ,23.61 ,23.6 ,23.61 ,23.54 ,23.56 ,23.58 ,23.64 ,23.6 ,23.7 ,23.63 ,23.69 ,23.62 ,23.56 ,23.54 ,23.58 ,23.64 ,23.61 ,23.6 ,23.68 ,23.75 ,23.69 ,23.7 ,23.8 ,23.72 ,23.55 ,23.56 ,23.63 ,23.71 ,23.63 ,23.58 ,23.74 ,23.69 ,23.65 ,23.69 ,23.6 ,23.65 ,23.75 ,23.67 ,23.72 ,23.68 ,23.72 ,23.75 ,23.67 ,23.6 ,23.7 ,23.76 ,23.66 ,23.73 ,23.72 ,23.73 ,23.71 ,23.7 ,23.7 ,23.79 ,23.72 ,23.73 ,23.74 ,23.73 ,23.63 ,23.61 ,23.69 ,23.73 ,23.68 ,23.58 ,23.6 ,23.58 ,23.65 ,23.66 ,23.66 ,23.65 ,23.67 ,23.78 ,23.63 ,23.67 ,23.58 ,23.48 ,23.49 ,23.53 ,23.61 ,23.61 ,23.64 ,23.6 ,23.58 ,23.53 ,23.54 ,23.55 ,23.54 ,23.57 ,23.58 ,23.61 ,23.61 ,23.66 ,23.67 ,23.68 ,23.69 ,23.67 ,23.66 ,23.68 ,23.74 ,23.71 ,23.69 ,23.67 ,23.73 ,23.74 ,23.71 ,23.71 ,23.8 ,23.8 ,23.8 ,23.77 ,23.79 ,23.81 ,23.83 ,23.8 ,23.76 ,23.69 ,23.79 ,23.7 ,23.73 ,23.8 ,23.87 ,23.81 ,23.78 ,23.78 ,23.81 ,23.87 ,23.82 ,23.88 ,23.83 ,23.77 ,23.79 ,23.85 ,23.88 ,23.82 ,23.8 ,23.87 ,23.87 ,23.76 ,23.79 ,23.84 ,23.86 ,23.78 ,23.76 ,23.77 ,23.82 ,23.77 ,23.66 ,23.63 ,23.73 ,23.7 ,23.8 ,23.86 ,23.87 ,23.83 ,23.89 ,23.87 ,23.81 ,23.83 ,23.84 ,23.82 ,23.81 ,23.76 ,23.75 ,23.66 ,23.55 ,23.68 ,23.78 ,23.87 ,23.83 ,23.79 ,23.77 ,23.8 ,23.81 ,23.8 ,23.88 ,23.81 ,23.76 ,23.8 ,23.75 ,23.69 ,23.75 ,23.77 ,23.87 ,23.85 ,23.79 ,23.78 ,23.81 ,23.75 ,23.9 ,23.71 ,23.44 ,23.45 ,23.53 ,23.64 ,23.7 ,23.65 ,23.61 ,23.59 ,23.63 ,23.63 ,23.59 ,23.52 ,23.5 ,23.61 ,23.75 ,23.78 ,23.65 ,23.69 ,23.74 ,23.67 ,23.66 ,23.64 ,23.61 ,23.51 ,23.45 ,23.45 ,23.43 ,23.47 ,23.44 ,23.55 ,23.62 ,23.53 ,23.54 ,23.57 ,23.62 ,23.56 ,23.46 ,23.56 ,23.65 ,23.6 ,23.6 ,23.56 ,23.55 ,23.64 ,23.66 ,23.68 ,23.63 ,23.57 ,23.57 ,23.58 ,23.58 ,23.5 ,23.51 ,23.61 ,23.61 ,23.55 ,23.58 ,23.55 ,23.55 ,23.66 ,23.65 ,23.73 ,23.67 ,23.57 ,23.74 ,23.82 ,23.72 ,23.81 ,23.74 ,23.71 ,23.61 ,23.65 ,23.73 ,23.69 ,23.65 ,23.7 ,23.64 ,23.66 ,23.74 ,23.83 ,23.74 ,23.67 ,23.74 ,23.79 ,23.73 ,23.72 ,23.78 ,23.73 ,23.81 ,23.8 ,23.78 ,23.86 ,23.79 ,23.7 ,23.71 ,23.7 ,23.75 ,23.77 ,23.72 ,23.71 ,23.75 ,23.66 ,23.58 ,23.67 ,23.66 ,23.71 ,23.7 ,23.68 ,23.71 ,23.7 ,23.73 ,23.6 ,23.63 ,23.75 ,23.75 ,23.71 ,23.66 ,23.68 ,23.69 ,23.67 ,23.56 ,23.62 ,23.72 ,23.73 ,23.7 ,23.68 ,23.83 ,23.7 ,23.64 ,23.69 ,23.68 ,23.71 ,23.79 ,23.77 ,23.8 ,23.7 ,23.77 ,23.74 ,23.7 ,23.72 ,23.71 ,23.67 ,23.63 ,23.64 ,23.67 ,23.7 ,23.77 ,23.73 ,23.58 ,23.55 ,23.5 ,23.58 ,23.59 ,23.7 ,23.66 ,23.64 ,23.77 ,23.66 ,23.62 ,23.67 ,23.63 ,23.68 ,23.74 ,23.68 ,23.72 ,23.65 ,23.67 ,23.67 ,23.74 ,23.66 ,23.66 ,23.65 ,23.58 ,23.52 ,23.62 ,23.52 ,23.42 ,23.54 ,23.63 ,23.56 ,23.56 ,23.64 ,23.6 ,23.5 ,23.44 ,23.45 ,23.55 ,23.6 ,23.55 ,23.56 ,23.58 ,23.44 ,23.46 ,23.53 ,23.51 ,23.47 ,23.44 ,23.36 ,23.35 ,23.38 ,23.41 ,23.45 ,23.41 ,23.43 ,23.55 ,23.51 ,23.48 ,23.51 ,23.46 ,23.53 ,23.59 ,23.49 ,23.49 ,23.48 ,23.49 ,23.57 ,23.47 ,23.51 ,23.56 ,23.52 ,23.47 ,23.46 ,23.47 ,23.46 ,23.48 ,23.5 ,23.43 ,23.35 ,23.37 ,23.47 ,23.39 ,23.32 ,23.29 ,23.16 ,23.09 ,23.09 ,23.18 ,22.98 ,22.87 ,22.87 ,23.01 ,23.02 ,22.9 ,22.88 ,22.87 ,22.99 ,22.91 ,23.04 ,23.11 ,23.17 ,23.16 ,23.19 ,23.1 ,23.26 ,23.27 ,23.25 ,23.14 ,23.12 ,23.12 ,23.13 ,23.14 ,23.04 ,23.19 ,23.21 ,23.18 ,23.19 ,23.23 ,23.19 ,23.14 ,23.15 ,23.14 ,23.06 ,23.04 ,23.09 ,23.14 ,23.16 ,23.16 ,23.16 ,23.08 ,23.03 ,23.14 ,23.06 ,23.21 ,23.15 ,23.01 ,22.91 ,22.9 ,22.81 ,22.84 ,22.69 ,22.65 ,22.65 ,22.57 ,22.42 ,22.4 ,22.3 ,22.28 ,22.35 ,22.26 ,22.17 ,22.23 ,22.05 ,22.16 ,22.22 ,22.21 ,22.19 ,22.17 ,22.25 ,22.25 ,22.17 ,22.05 ,22.07 ,22.15 ,22.16 ,22.16 ,22.23 ,22.2 ,22.16 ,22.27 ,22.18 ,22.12 ,
2,22.8 ,22.71 ,22.83 ,22.82 ,22.84 ,22.86 ,22.83 ,22.91 ,22.91 ,22.88 ,22.88 ,22.87 ,22.94 ,22.89 ,22.88 ,22.98 ,22.91 ,23.02 ,23 ,22.88 ,22.84 ,22.93 ,23.05 ,23 ,23.09 ,23.22 ,23.34 ,23.29 ,23.31 ,23.41 ,23.46 ,23.45 ,23.54 ,23.5 ,23.48 ,23.56 ,23.51 ,23.5 ,23.52 ,23.5 ,23.41 ,23.37 ,23.35 ,23.35 ,23.51 ,23.57 ,23.58 ,23.55 ,23.49 ,23.51 ,23.38 ,23.39 ,23.42 ,23.42 ,23.36 ,23.33 ,23.36 ,23.32 ,23.42 ,23.46 ,23.5 ,23.47 ,23.45 ,23.45 ,23.43 ,23.42 ,23.58 ,23.66 ,23.55 ,23.47 ,23.37 ,23.38 ,23.47 ,23.55 ,23.56 ,23.39 ,23.45 ,23.44 ,23.41 ,23.37 ,23.41 ,23.45 ,23.5 ,23.49 ,23.49 ,23.6 ,23.6 ,23.52 ,23.53 ,23.52 ,23.5 ,23.47 ,23.47 ,23.57 ,23.47 ,23.53 ,23.48 ,23.52 ,23.58 ,23.6 ,23.54 ,23.53 ,23.52 ,23.56 ,23.59 ,23.61 ,23.55 ,23.55 ,23.58 ,23.64 ,23.58 ,23.54 ,23.48 ,23.64 ,23.72 ,23.66 ,23.64 ,23.57 ,23.59 ,23.7 ,23.58 ,23.61 ,23.63 ,23.64 ,23.65 ,23.57 ,23.63 ,23.71 ,23.68 ,23.7 ,23.59 ,23.59 ,23.57 ,23.53 ,23.56 ,23.64 ,23.57 ,23.69 ,23.69 ,23.69 ,23.65 ,23.59 ,23.61 ,23.57 ,23.7 ,23.69 ,23.72 ,23.73 ,23.71 ,23.66 ,23.61 ,23.63 ,23.7 ,23.61 ,23.52 ,23.53 ,23.59 ,23.62 ,23.65 ,23.77 ,23.73 ,23.66 ,23.66 ,23.65 ,23.72 ,23.64 ,23.68 ,23.68 ,23.71 ,23.7 ,23.63 ,23.64 ,23.61 ,23.69 ,23.78 ,23.73 ,23.71 ,23.75 ,23.81 ,23.72 ,23.66 ,23.61 ,23.74 ,23.74 ,23.69 ,23.73 ,23.76 ,23.63 ,23.64 ,23.68 ,23.72 ,23.66 ,23.57 ,23.55 ,23.61 ,23.62 ,23.65 ,23.63 ,23.54 ,23.54 ,23.74 ,23.68 ,23.61 ,23.59 ,23.51 ,23.54 ,23.57 ,23.64 ,23.61 ,23.66 ,23.67 ,23.55 ,23.57 ,23.5 ,23.59 ,23.55 ,23.54 ,23.57 ,23.64 ,23.59 ,23.63 ,23.62 ,23.64 ,23.63 ,23.64 ,23.63 ,23.71 ,23.71 ,23.65 ,23.67 ,23.62 ,23.69 ,23.72 ,23.78 ,23.69 ,23.78 ,23.82 ,23.8 ,23.77 ,23.8 ,23.84 ,23.88 ,23.81 ,23.72 ,23.73 ,23.79 ,23.79 ,23.73 ,23.71 ,23.82 ,23.78 ,23.77 ,23.76 ,23.78 ,23.9 ,23.8 ,23.78 ,23.81 ,23.75 ,23.72 ,23.82 ,23.86 ,23.86 ,23.86 ,23.84 ,23.87 ,23.86 ,23.84 ,23.79 ,23.83 ,23.84 ,23.77 ,23.85 ,23.82 ,23.79 ,23.68 ,23.6 ,23.7 ,23.81 ,23.88 ,23.87 ,23.88 ,23.81 ,23.72 ,23.77 ,23.76 ,23.78 ,23.78 ,23.82 ,23.81 ,23.85 ,23.72 ,23.67 ,23.61 ,23.65 ,23.74 ,23.73 ,23.88 ,23.8 ,23.75 ,23.71 ,23.81 ,23.83 ,23.8 ,23.74 ,23.77 ,23.74 ,23.81 ,23.78 ,23.79 ,23.85 ,23.86 ,23.85 ,23.77 ,23.78 ,23.76 ,23.73 ,23.8 ,23.66 ,23.52 ,23.55 ,23.66 ,23.68 ,23.7 ,23.62 ,23.63 ,23.66 ,23.67 ,23.61 ,23.56 ,23.57 ,23.52 ,23.59 ,23.72 ,23.79 ,23.69 ,23.69 ,23.71 ,23.59 ,23.64 ,23.59 ,23.64 ,23.55 ,23.49 ,23.46 ,23.52 ,23.55 ,23.44 ,23.54 ,23.61 ,23.55 ,23.59 ,23.56 ,23.65 ,23.65 ,23.58 ,23.58 ,23.53 ,23.51 ,23.56 ,23.63 ,23.62 ,23.58 ,23.67 ,23.65 ,23.59 ,23.65 ,23.64 ,23.53 ,23.6 ,23.66 ,23.57 ,23.57 ,23.59 ,23.54 ,23.58 ,23.58 ,23.55 ,23.66 ,23.65 ,23.67 ,23.7 ,23.63 ,23.6 ,23.78 ,23.72 ,23.78 ,23.73 ,23.66 ,23.68 ,23.63 ,23.65 ,23.69 ,23.62 ,23.61 ,23.73 ,23.65 ,23.63 ,23.73 ,23.79 ,23.65 ,23.73 ,23.78 ,23.72 ,23.7 ,23.73 ,23.81 ,23.82 ,23.76 ,23.82 ,23.85 ,23.72 ,23.72 ,23.82 ,23.7 ,23.74 ,23.77 ,23.71 ,23.68 ,23.73 ,23.73 ,23.63 ,23.62 ,23.78 ,23.78 ,23.71 ,23.67 ,23.74 ,23.72 ,23.74 ,23.71 ,23.69 ,23.69 ,23.7 ,23.71 ,23.76 ,23.75 ,23.7 ,23.63 ,23.58 ,23.65 ,23.75 ,23.72 ,23.7 ,23.69 ,23.74 ,23.66 ,23.64 ,23.62 ,23.68 ,23.71 ,23.78 ,23.79 ,23.73 ,23.72 ,23.7 ,23.72 ,23.62 ,23.65 ,23.6 ,23.62 ,23.77 ,23.73 ,23.67 ,23.74 ,23.79 ,23.8 ,23.75 ,23.65 ,23.6 ,23.58 ,23.66 ,23.74 ,23.79 ,23.73 ,23.72 ,23.72 ,23.61 ,23.67 ,23.67 ,23.74 ,23.7 ,23.57 ,23.56 ,23.56 ,23.66 ,23.65 ,23.66 ,23.71 ,23.59 ,23.62 ,23.6 ,23.55 ,23.6 ,23.55 ,23.41 ,23.48 ,23.6 ,23.61 ,23.66 ,23.69 ,23.56 ,23.53 ,23.34 ,23.35 ,23.44 ,23.55 ,23.64 ,23.54 ,23.53 ,23.46 ,23.45 ,23.53 ,23.48 ,23.45 ,23.48 ,23.37 ,23.28 ,23.34 ,23.45 ,23.5 ,23.48 ,23.45 ,23.48 ,23.41 ,23.36 ,23.47 ,23.5 ,23.51 ,23.51 ,23.43 ,23.5 ,23.43 ,23.41 ,23.49 ,23.48 ,23.51 ,23.55 ,23.46 ,23.34 ,23.37 ,23.41 ,23.42 ,23.48 ,23.44 ,23.43 ,23.36 ,23.39 ,23.41 ,23.48 ,23.32 ,23.19 ,23.16 ,23.06 ,23.18 ,23.14 ,23.06 ,22.91 ,22.89 ,23 ,23.07 ,23.01 ,22.96 ,22.9 ,22.89 ,22.82 ,22.78 ,23.04 ,23.18 ,23.25 ,23.24 ,23.09 ,23.19 ,23.24 ,23.21 ,23.16 ,23.06 ,23.12 ,23.16 ,23.24 ,23.09 ,23.16 ,23.2 ,23.13 ,23.11 ,23.14 ,23.14 ,23.05 ,23.08 ,23.11 ,23.06 ,23.18 ,23.17 ,23.15 ,23.11 ,23.18 ,23.21 ,23.08 ,23.04 ,23.1 ,23.02 ,23.12 ,23.09 ,23.05 ,22.96 ,22.9 ,22.88 ,22.77 ,22.71 ,22.75 ,22.56 ,22.51 ,22.4 ,22.37 ,22.43 ,22.24 ,22.26 ,22.23 ,22.2 ,22.18 ,22.23 ,22.16 ,22.18 ,22.26 ,22.14 ,22.15 ,22.21 ,22.18 ,22.16 ,22.14 ,22.1 ,22.24 ,22.13 ,22.1 ,22.12 ,22.17 ,22.06 ,22.21 ,22.18 ,22.13 ,
3,22.76 ,22.78 ,22.83 ,22.96 ,22.91 ,22.91 ,22.95 ,22.93 ,22.95 ,22.83 ,22.79 ,22.87 ,22.91 ,22.9 ,22.96 ,22.97 ,22.98 ,23.02 ,22.97 ,22.85 ,22.8 ,22.93 ,23.1 ,23.1 ,23.12 ,23.34 ,23.37 ,23.31 ,23.31 ,23.38 ,23.43 ,23.55 ,23.54 ,23.56 ,23.54 ,23.59 ,23.55 ,23.52 ,23.59 ,23.56 ,23.36 ,23.35 ,23.28 ,23.26 ,23.34 ,23.47 ,23.56 ,23.63 ,23.49 ,23.55 ,23.44 ,23.41 ,23.42 ,23.42 ,23.41 ,23.42 ,23.39 ,23.4 ,23.5 ,23.51 ,23.45 ,23.55 ,23.58 ,23.44 ,23.39 ,23.44 ,23.55 ,23.56 ,23.48 ,23.4 ,23.27 ,23.38 ,23.5 ,23.48 ,23.59 ,23.51 ,23.51 ,23.47 ,23.46 ,23.41 ,23.43 ,23.44 ,23.47 ,23.44 ,23.5 ,23.55 ,23.56 ,23.45 ,23.48 ,23.5 ,23.47 ,23.46 ,23.44 ,23.61 ,23.53 ,23.57 ,23.54 ,23.53 ,23.51 ,23.51 ,23.51 ,23.6 ,23.61 ,23.48 ,23.56 ,23.62 ,23.59 ,23.59 ,23.66 ,23.65 ,23.62 ,23.65 ,23.6 ,23.6 ,23.67 ,23.69 ,23.65 ,23.61 ,23.69 ,23.73 ,23.64 ,23.61 ,23.65 ,23.58 ,23.6 ,23.6 ,23.47 ,23.56 ,23.66 ,23.68 ,23.6 ,23.68 ,23.71 ,23.56 ,23.58 ,23.7 ,23.66 ,23.63 ,23.64 ,23.61 ,23.57 ,23.53 ,23.59 ,23.6 ,23.67 ,23.69 ,23.71 ,23.66 ,23.61 ,23.71 ,23.69 ,23.6 ,23.62 ,23.59 ,23.58 ,23.63 ,23.6 ,23.6 ,23.66 ,23.74 ,23.7 ,23.67 ,23.69 ,23.7 ,23.73 ,23.65 ,23.69 ,23.77 ,23.69 ,23.71 ,23.67 ,23.67 ,23.63 ,23.67 ,23.79 ,23.73 ,23.68 ,23.71 ,23.76 ,23.76 ,23.73 ,23.74 ,23.72 ,23.71 ,23.7 ,23.69 ,23.67 ,23.61 ,23.63 ,23.62 ,23.68 ,23.67 ,23.6 ,23.62 ,23.64 ,23.58 ,23.61 ,23.65 ,23.49 ,23.47 ,23.61 ,23.6 ,23.55 ,23.6 ,23.55 ,23.58 ,23.6 ,23.61 ,23.54 ,23.6 ,23.7 ,23.61 ,23.58 ,23.5 ,23.51 ,23.56 ,23.6 ,23.63 ,23.66 ,23.51 ,23.52 ,23.51 ,23.56 ,23.61 ,23.67 ,23.66 ,23.68 ,23.65 ,23.59 ,23.6 ,23.66 ,23.72 ,23.74 ,23.76 ,23.69 ,23.79 ,23.88 ,23.8 ,23.74 ,23.79 ,23.82 ,23.88 ,23.88 ,23.72 ,23.66 ,23.72 ,23.75 ,23.67 ,23.67 ,23.81 ,23.87 ,23.78 ,23.79 ,23.74 ,23.84 ,23.82 ,23.84 ,23.89 ,23.84 ,23.73 ,23.78 ,23.86 ,23.95 ,23.88 ,23.85 ,23.92 ,23.88 ,23.88 ,23.81 ,23.66 ,23.71 ,23.72 ,23.73 ,23.72 ,23.68 ,23.62 ,23.61 ,23.7 ,23.8 ,23.83 ,23.8 ,23.85 ,23.75 ,23.76 ,23.87 ,23.85 ,23.79 ,23.72 ,23.77 ,23.79 ,23.83 ,23.76 ,23.63 ,23.6 ,23.66 ,23.85 ,23.74 ,23.82 ,23.84 ,23.78 ,23.82 ,23.83 ,23.82 ,23.82 ,23.77 ,23.7 ,23.75 ,23.79 ,23.85 ,23.8 ,23.79 ,23.87 ,23.86 ,23.79 ,23.79 ,23.7 ,23.68 ,23.72 ,23.59 ,23.51 ,23.54 ,23.71 ,23.74 ,23.72 ,23.68 ,23.64 ,23.66 ,23.65 ,23.6 ,23.59 ,23.57 ,23.52 ,23.57 ,23.71 ,23.79 ,23.62 ,23.64 ,23.69 ,23.62 ,23.63 ,23.63 ,23.58 ,23.53 ,23.47 ,23.5 ,23.5 ,23.62 ,23.62 ,23.69 ,23.7 ,23.64 ,23.56 ,23.54 ,23.6 ,23.62 ,23.58 ,23.56 ,23.58 ,23.51 ,23.52 ,23.48 ,23.67 ,23.66 ,23.62 ,23.75 ,23.59 ,23.61 ,23.67 ,23.61 ,23.56 ,23.55 ,23.65 ,23.64 ,23.52 ,23.5 ,23.56 ,23.57 ,23.58 ,23.62 ,23.6 ,23.59 ,23.59 ,23.67 ,23.7 ,23.71 ,23.74 ,23.72 ,23.71 ,23.64 ,23.69 ,23.7 ,23.6 ,23.71 ,23.64 ,23.62 ,23.74 ,23.68 ,23.67 ,23.75 ,23.69 ,23.64 ,23.74 ,23.73 ,23.73 ,23.7 ,23.7 ,23.72 ,23.8 ,23.75 ,23.72 ,23.75 ,23.62 ,23.63 ,23.78 ,23.77 ,23.69 ,23.69 ,23.66 ,23.64 ,23.7 ,23.7 ,23.76 ,23.74 ,23.75 ,23.76 ,23.78 ,23.76 ,23.82 ,23.76 ,23.74 ,23.75 ,23.72 ,23.68 ,23.63 ,23.76 ,23.86 ,23.85 ,23.72 ,23.6 ,23.64 ,23.67 ,23.75 ,23.75 ,23.75 ,23.7 ,23.69 ,23.62 ,23.6 ,23.65 ,23.64 ,23.69 ,23.67 ,23.73 ,23.76 ,23.77 ,23.83 ,23.7 ,23.67 ,23.64 ,23.66 ,23.62 ,23.76 ,23.77 ,23.7 ,23.75 ,23.83 ,23.78 ,23.73 ,23.67 ,23.76 ,23.74 ,23.78 ,23.81 ,23.74 ,23.68 ,23.62 ,23.58 ,23.56 ,23.65 ,23.68 ,23.73 ,23.75 ,23.61 ,23.58 ,23.53 ,23.58 ,23.63 ,23.6 ,23.65 ,23.66 ,23.71 ,23.61 ,23.6 ,23.66 ,23.52 ,23.48 ,23.47 ,23.57 ,23.64 ,23.61 ,23.54 ,23.52 ,23.57 ,23.54 ,23.43 ,23.47 ,23.54 ,23.65 ,23.53 ,23.51 ,23.55 ,23.47 ,23.47 ,23.52 ,23.45 ,23.53 ,23.48 ,23.33 ,23.41 ,23.53 ,23.5 ,23.43 ,23.44 ,23.42 ,23.45 ,23.48 ,23.45 ,23.47 ,23.57 ,23.51 ,23.5 ,23.61 ,23.6 ,23.48 ,23.52 ,23.55 ,23.51 ,23.54 ,23.47 ,23.38 ,23.36 ,23.45 ,23.45 ,23.57 ,23.5 ,23.47 ,23.43 ,23.5 ,23.5 ,23.4 ,23.29 ,23.21 ,23.14 ,23.12 ,23.13 ,23.07 ,23.12 ,23.12 ,22.93 ,22.94 ,23.02 ,23.03 ,23.04 ,22.91 ,22.92 ,22.84 ,22.73 ,22.87 ,23.15 ,23.21 ,23.24 ,23.2 ,23.22 ,23.25 ,23.25 ,23.09 ,23.05 ,23.1 ,23.14 ,23.17 ,23.09 ,23.13 ,23.16 ,23.15 ,23.16 ,23.11 ,23.23 ,23.21 ,23.1 ,23.18 ,23.12 ,23.23 ,23.21 ,23.15 ,23.15 ,23.27 ,23.23 ,23.11 ,23 ,23.17 ,23.19 ,23.12 ,23.01 ,23.09 ,22.99 ,22.89 ,23.05 ,22.86 ,22.65 ,22.7 ,22.63 ,22.59 ,22.35 ,22.35 ,22.39 ,22.32 ,22.25 ,22.26 ,22.22 ,22.19 ,22.22 ,22.29 ,22.31 ,22.25 ,22.15 ,22.15 ,22.22 ,22.21 ,22.16 ,22.24 ,22.29 ,22.3 ,22.22 ,22.17 ,22.21 ,22.13 ,22.04 ,22.11 ,22.36 ,22.31 ,
4,22.81 ,22.76 ,22.86 ,22.9 ,22.88 ,22.86 ,22.91 ,22.9 ,22.99 ,22.93 ,22.67 ,22.88 ,22.98 ,22.92 ,22.98 ,23 ,23.06 ,23.02 ,22.88 ,22.8 ,22.81 ,22.88 ,23.11 ,23.19 ,23.27 ,23.37 ,23.42 ,23.26 ,23.38 ,23.45 ,23.5 ,23.42 ,23.45 ,23.59 ,23.51 ,23.46 ,23.56 ,23.56 ,23.56 ,23.46 ,23.27 ,23.27 ,23.24 ,23.14 ,23.29 ,23.32 ,23.45 ,23.49 ,23.44 ,23.48 ,23.51 ,23.41 ,23.42 ,23.44 ,23.42 ,23.47 ,23.43 ,23.36 ,23.5 ,23.58 ,23.46 ,23.45 ,23.51 ,23.43 ,23.45 ,23.47 ,23.54 ,23.56 ,23.38 ,23.35 ,23.39 ,23.4 ,23.45 ,23.43 ,23.5 ,23.44 ,23.51 ,23.53 ,23.45 ,23.35 ,23.37 ,23.41 ,23.42 ,23.4 ,23.44 ,23.54 ,23.55 ,23.44 ,23.43 ,23.55 ,23.53 ,23.51 ,23.5 ,23.61 ,23.58 ,23.58 ,23.53 ,23.48 ,23.54 ,23.46 ,23.48 ,23.57 ,23.63 ,23.49 ,23.56 ,23.59 ,23.59 ,23.61 ,23.69 ,23.68 ,23.61 ,23.63 ,23.59 ,23.61 ,23.65 ,23.68 ,23.67 ,23.55 ,23.59 ,23.68 ,23.67 ,23.66 ,23.56 ,23.55 ,23.51 ,23.5 ,23.56 ,23.68 ,23.7 ,23.67 ,23.66 ,23.7 ,23.67 ,23.59 ,23.55 ,23.57 ,23.59 ,23.59 ,23.65 ,23.68 ,23.64 ,23.52 ,23.55 ,23.58 ,23.56 ,23.67 ,23.66 ,23.6 ,23.58 ,23.69 ,23.68 ,23.59 ,23.62 ,23.64 ,23.63 ,23.64 ,23.59 ,23.58 ,23.65 ,23.65 ,23.63 ,23.63 ,23.7 ,23.72 ,23.7 ,23.72 ,23.7 ,23.76 ,23.64 ,23.68 ,23.7 ,23.65 ,23.69 ,23.69 ,23.75 ,23.69 ,23.66 ,23.72 ,23.7 ,23.67 ,23.74 ,23.81 ,23.77 ,23.69 ,23.65 ,23.69 ,23.62 ,23.54 ,23.63 ,23.59 ,23.61 ,23.62 ,23.62 ,23.62 ,23.62 ,23.56 ,23.59 ,23.65 ,23.56 ,23.51 ,23.52 ,23.5 ,23.5 ,23.54 ,23.55 ,23.54 ,23.53 ,23.61 ,23.57 ,23.54 ,23.63 ,23.58 ,23.53 ,23.45 ,23.48 ,23.61 ,23.53 ,23.5 ,23.57 ,23.54 ,23.57 ,23.54 ,23.51 ,23.62 ,23.69 ,23.61 ,23.65 ,23.64 ,23.62 ,23.63 ,23.68 ,23.69 ,23.78 ,23.72 ,23.69 ,23.75 ,23.84 ,23.76 ,23.74 ,23.77 ,23.77 ,23.82 ,23.94 ,23.76 ,23.68 ,23.77 ,23.76 ,23.7 ,23.65 ,23.75 ,23.87 ,23.74 ,23.77 ,23.84 ,23.91 ,23.89 ,23.88 ,23.87 ,23.84 ,23.74 ,23.78 ,23.83 ,23.85 ,23.77 ,23.76 ,23.88 ,23.84 ,23.85 ,23.79 ,23.74 ,23.68 ,23.75 ,23.74 ,23.7 ,23.71 ,23.66 ,23.66 ,23.69 ,23.74 ,23.75 ,23.82 ,23.84 ,23.77 ,23.69 ,23.76 ,23.81 ,23.83 ,23.69 ,23.73 ,23.79 ,23.79 ,23.7 ,23.65 ,23.6 ,23.77 ,23.83 ,23.78 ,23.86 ,23.91 ,23.79 ,23.85 ,23.84 ,23.75 ,23.72 ,23.74 ,23.69 ,23.71 ,23.82 ,23.86 ,23.76 ,23.76 ,23.86 ,23.82 ,23.77 ,23.79 ,23.74 ,23.67 ,23.66 ,23.55 ,23.53 ,23.52 ,23.61 ,23.67 ,23.63 ,23.64 ,23.64 ,23.62 ,23.64 ,23.54 ,23.57 ,23.55 ,23.51 ,23.61 ,23.69 ,23.84 ,23.61 ,23.59 ,23.7 ,23.64 ,23.57 ,23.58 ,23.56 ,23.5 ,23.43 ,23.47 ,23.48 ,23.53 ,23.69 ,23.74 ,23.69 ,23.57 ,23.54 ,23.56 ,23.59 ,23.62 ,23.6 ,23.47 ,23.47 ,23.55 ,23.5 ,23.51 ,23.62 ,23.67 ,23.62 ,23.68 ,23.63 ,23.51 ,23.59 ,23.58 ,23.56 ,23.57 ,23.58 ,23.63 ,23.53 ,23.49 ,23.55 ,23.5 ,23.53 ,23.59 ,23.56 ,23.52 ,23.53 ,23.58 ,23.67 ,23.55 ,23.62 ,23.69 ,23.64 ,23.56 ,23.58 ,23.71 ,23.67 ,23.67 ,23.69 ,23.61 ,23.6 ,23.7 ,23.71 ,23.72 ,23.67 ,23.66 ,23.7 ,23.69 ,23.67 ,23.73 ,23.67 ,23.65 ,23.65 ,23.7 ,23.68 ,23.67 ,23.54 ,23.55 ,23.74 ,23.72 ,23.64 ,23.64 ,23.6 ,23.68 ,23.68 ,23.74 ,23.7 ,23.72 ,23.77 ,23.71 ,23.68 ,23.69 ,23.74 ,23.82 ,23.7 ,23.63 ,23.65 ,23.69 ,23.67 ,23.67 ,23.73 ,23.75 ,23.7 ,23.59 ,23.63 ,23.68 ,23.68 ,23.73 ,23.77 ,23.72 ,23.68 ,23.56 ,23.58 ,23.63 ,23.62 ,23.59 ,23.75 ,23.67 ,23.7 ,23.68 ,23.79 ,23.68 ,23.61 ,23.68 ,23.69 ,23.69 ,23.75 ,23.73 ,23.76 ,23.7 ,23.75 ,23.72 ,23.64 ,23.59 ,23.65 ,23.7 ,23.69 ,23.71 ,23.69 ,23.59 ,23.49 ,23.57 ,23.65 ,23.66 ,23.55 ,23.58 ,23.71 ,23.6 ,23.63 ,23.46 ,23.56 ,23.66 ,23.57 ,23.61 ,23.61 ,23.62 ,23.58 ,23.58 ,23.67 ,23.58 ,23.59 ,23.56 ,23.54 ,23.52 ,23.59 ,23.44 ,23.46 ,23.49 ,23.47 ,23.51 ,23.53 ,23.53 ,23.52 ,23.57 ,23.56 ,23.49 ,23.42 ,23.45 ,23.51 ,23.42 ,23.42 ,23.53 ,23.47 ,23.45 ,23.52 ,23.5 ,23.36 ,23.43 ,23.45 ,23.36 ,23.43 ,23.52 ,23.55 ,23.65 ,23.62 ,23.48 ,23.54 ,23.57 ,23.51 ,23.45 ,23.52 ,23.52 ,23.44 ,23.52 ,23.42 ,23.5 ,23.5 ,23.46 ,23.58 ,23.56 ,23.44 ,23.45 ,23.6 ,23.44 ,23.31 ,23.3 ,23.29 ,23.2 ,23.09 ,23.08 ,23.05 ,23.04 ,23.08 ,22.93 ,23.02 ,23.07 ,22.99 ,22.97 ,22.88 ,22.86 ,22.93 ,22.85 ,22.86 ,22.99 ,23.18 ,23.22 ,23.2 ,23.2 ,23.3 ,23.25 ,23.24 ,23.04 ,23.09 ,23.13 ,23.13 ,22.99 ,23.06 ,23.16 ,23.16 ,23.12 ,23.16 ,23.24 ,23.26 ,23.24 ,23.13 ,23.15 ,23.25 ,23.21 ,23.21 ,23.12 ,23.06 ,23.07 ,23.02 ,23.05 ,23.14 ,23.16 ,23.11 ,23.06 ,22.96 ,22.99 ,22.86 ,22.97 ,22.83 ,22.73 ,22.69 ,22.58 ,22.62 ,22.42 ,22.4 ,22.28 ,22.32 ,22.34 ,22.28 ,22.22 ,22.32 ,22.28 ,22.23 ,22.31 ,22.2 ,22.16 ,22.25 ,22.24 ,22.22 ,22.17 ,22.24 ,22.32 ,22.26 ,22.18 ,22.17 ,22.18 ,22.16 ,22.14 ,22.17 ,22.15 ,22.19 ,
5,22.81 ,22.72 ,22.85 ,22.9 ,22.81 ,22.81 ,22.89 ,22.83 ,22.96 ,22.98 ,22.81 ,22.82 ,23 ,22.85 ,22.92 ,22.96 ,23.03 ,23.02 ,22.9 ,22.85 ,22.92 ,23.03 ,23.16 ,23.23 ,23.35 ,23.5 ,23.52 ,23.35 ,23.4 ,23.55 ,23.51 ,23.5 ,23.36 ,23.49 ,23.5 ,23.39 ,23.39 ,23.53 ,23.49 ,23.34 ,23.26 ,23.24 ,23.18 ,23.17 ,23.18 ,23.37 ,23.4 ,23.4 ,23.39 ,23.4 ,23.4 ,23.33 ,23.45 ,23.45 ,23.41 ,23.46 ,23.5 ,23.41 ,23.41 ,23.43 ,23.42 ,23.34 ,23.44 ,23.49 ,23.53 ,23.52 ,23.5 ,23.55 ,23.41 ,23.37 ,23.41 ,23.47 ,23.49 ,23.52 ,23.56 ,23.49 ,23.4 ,23.53 ,23.46 ,23.35 ,23.38 ,23.42 ,23.46 ,23.43 ,23.47 ,23.54 ,23.55 ,23.55 ,23.41 ,23.48 ,23.59 ,23.54 ,23.56 ,23.59 ,23.62 ,23.6 ,23.59 ,23.5 ,23.44 ,23.47 ,23.44 ,23.49 ,23.47 ,23.52 ,23.63 ,23.66 ,23.62 ,23.53 ,23.61 ,23.54 ,23.52 ,23.57 ,23.6 ,23.63 ,23.59 ,23.64 ,23.64 ,23.58 ,23.56 ,23.66 ,23.67 ,23.62 ,23.61 ,23.57 ,23.58 ,23.52 ,23.63 ,23.71 ,23.72 ,23.6 ,23.61 ,23.68 ,23.6 ,23.6 ,23.64 ,23.59 ,23.56 ,23.59 ,23.62 ,23.7 ,23.64 ,23.57 ,23.57 ,23.59 ,23.66 ,23.69 ,23.66 ,23.68 ,23.69 ,23.65 ,23.71 ,23.65 ,23.65 ,23.62 ,23.65 ,23.64 ,23.58 ,23.52 ,23.54 ,23.65 ,23.64 ,23.66 ,23.7 ,23.7 ,23.6 ,23.65 ,23.65 ,23.67 ,23.61 ,23.63 ,23.7 ,23.64 ,23.58 ,23.63 ,23.61 ,23.6 ,23.63 ,23.67 ,23.69 ,23.68 ,23.68 ,23.72 ,23.79 ,23.68 ,23.67 ,23.65 ,23.64 ,23.63 ,23.59 ,23.61 ,23.65 ,23.57 ,23.57 ,23.62 ,23.6 ,23.52 ,23.49 ,23.54 ,23.55 ,23.52 ,23.56 ,23.5 ,23.49 ,23.54 ,23.51 ,23.58 ,23.58 ,23.53 ,23.58 ,23.59 ,23.6 ,23.51 ,23.57 ,23.57 ,23.61 ,23.63 ,23.63 ,23.51 ,23.52 ,23.59 ,23.56 ,23.61 ,23.62 ,23.57 ,23.67 ,23.67 ,23.72 ,23.76 ,23.7 ,23.75 ,23.67 ,23.71 ,23.83 ,23.77 ,23.67 ,23.77 ,23.8 ,23.79 ,23.74 ,23.73 ,23.76 ,23.8 ,23.81 ,23.75 ,23.8 ,23.79 ,23.81 ,23.8 ,23.81 ,23.77 ,23.74 ,23.72 ,23.73 ,23.85 ,23.85 ,23.89 ,23.87 ,23.82 ,23.82 ,23.84 ,23.82 ,23.88 ,23.79 ,23.72 ,23.72 ,23.81 ,23.79 ,23.82 ,23.77 ,23.78 ,23.75 ,23.72 ,23.75 ,23.72 ,23.67 ,23.67 ,23.67 ,23.69 ,23.66 ,23.69 ,23.73 ,23.76 ,23.79 ,23.79 ,23.84 ,23.85 ,23.78 ,23.73 ,23.69 ,23.71 ,23.79 ,23.73 ,23.68 ,23.66 ,23.77 ,23.85 ,23.75 ,23.82 ,23.83 ,23.8 ,23.76 ,23.84 ,23.78 ,23.77 ,23.75 ,23.7 ,23.69 ,23.71 ,23.76 ,23.73 ,23.84 ,23.85 ,23.74 ,23.77 ,23.76 ,23.76 ,23.7 ,23.6 ,23.54 ,23.56 ,23.5 ,23.58 ,23.62 ,23.59 ,23.63 ,23.6 ,23.57 ,23.67 ,23.58 ,23.51 ,23.54 ,23.51 ,23.64 ,23.7 ,23.79 ,23.6 ,23.6 ,23.7 ,23.59 ,23.54 ,23.52 ,23.48 ,23.5 ,23.45 ,23.39 ,23.46 ,23.56 ,23.56 ,23.57 ,23.63 ,23.57 ,23.58 ,23.68 ,23.62 ,23.57 ,23.65 ,23.6 ,23.52 ,23.57 ,23.52 ,23.53 ,23.6 ,23.67 ,23.58 ,23.62 ,23.59 ,23.57 ,23.55 ,23.54 ,23.54 ,23.54 ,23.57 ,23.59 ,23.5 ,23.46 ,23.45 ,23.47 ,23.53 ,23.54 ,23.51 ,23.41 ,23.5 ,23.52 ,23.59 ,23.48 ,23.55 ,23.62 ,23.64 ,23.6 ,23.57 ,23.66 ,23.73 ,23.73 ,23.64 ,23.69 ,23.68 ,23.69 ,23.71 ,23.65 ,23.7 ,23.65 ,23.69 ,23.66 ,23.62 ,23.73 ,23.74 ,23.67 ,23.68 ,23.7 ,23.71 ,23.73 ,23.59 ,23.64 ,23.79 ,23.76 ,23.72 ,23.72 ,23.66 ,23.76 ,23.75 ,23.71 ,23.69 ,23.59 ,23.66 ,23.63 ,23.67 ,23.69 ,23.68 ,23.71 ,23.64 ,23.64 ,23.59 ,23.61 ,23.66 ,23.72 ,23.73 ,23.71 ,23.66 ,23.65 ,23.61 ,23.64 ,23.66 ,23.64 ,23.63 ,23.6 ,23.73 ,23.58 ,23.59 ,23.65 ,23.66 ,23.58 ,23.77 ,23.8 ,23.68 ,23.65 ,23.68 ,23.66 ,23.72 ,23.69 ,23.67 ,23.68 ,23.76 ,23.75 ,23.72 ,23.69 ,23.66 ,23.64 ,23.58 ,23.59 ,23.65 ,23.69 ,23.68 ,23.67 ,23.72 ,23.63 ,23.61 ,23.57 ,23.69 ,23.65 ,23.5 ,23.62 ,23.75 ,23.65 ,23.6 ,23.53 ,23.65 ,23.71 ,23.58 ,23.53 ,23.56 ,23.59 ,23.62 ,23.67 ,23.67 ,23.6 ,23.54 ,23.51 ,23.48 ,23.47 ,23.5 ,23.5 ,23.51 ,23.55 ,23.47 ,23.54 ,23.56 ,23.5 ,23.45 ,23.53 ,23.58 ,23.53 ,23.41 ,23.43 ,23.45 ,23.37 ,23.42 ,23.43 ,23.5 ,23.47 ,23.43 ,23.47 ,23.46 ,23.33 ,23.38 ,23.29 ,23.25 ,23.49 ,23.62 ,23.57 ,23.61 ,23.47 ,23.56 ,23.54 ,23.49 ,23.47 ,23.47 ,23.48 ,23.47 ,23.4 ,23.46 ,23.5 ,23.45 ,23.47 ,23.57 ,23.62 ,23.46 ,23.4 ,23.42 ,23.41 ,23.35 ,23.26 ,23.3 ,23.18 ,23.19 ,23.16 ,23.1 ,23 ,23.06 ,23.02 ,23.03 ,22.97 ,22.94 ,22.83 ,22.71 ,22.91 ,22.84 ,22.79 ,22.86 ,23.01 ,23.14 ,23.19 ,23.16 ,23.18 ,23.21 ,23.23 ,23.34 ,23.17 ,23.13 ,23.15 ,23.18 ,23.06 ,23.11 ,23.15 ,23.09 ,23.13 ,23.17 ,23.18 ,23.16 ,23.2 ,23.13 ,23.14 ,23.21 ,23.26 ,23.28 ,23.21 ,23.08 ,23.04 ,23.05 ,23.09 ,23.12 ,23.06 ,23.07 ,23.08 ,23.08 ,22.96 ,22.92 ,22.92 ,22.82 ,22.85 ,22.74 ,22.59 ,22.44 ,22.41 ,22.39 ,22.37 ,22.29 ,22.4 ,22.37 ,22.2 ,22.26 ,22.22 ,22.13 ,22.19 ,22.18 ,22.19 ,22.12 ,22.19 ,22.25 ,22.18 ,22.23 ,22.12 ,22.12 ,22.1 ,22.2 ,22.09 ,22.07 ,22.25 ,22.23 ,22.06 ,22 ,
6,22.72 ,22.72 ,22.8 ,22.83 ,22.83 ,22.87 ,22.9 ,22.8 ,22.85 ,22.95 ,22.87 ,22.77 ,22.93 ,22.89 ,22.87 ,22.91 ,22.89 ,22.94 ,22.96 ,22.94 ,23.11 ,23.14 ,23.25 ,23.29 ,23.37 ,23.48 ,23.48 ,23.44 ,23.46 ,23.52 ,23.53 ,23.47 ,23.4 ,23.45 ,23.51 ,23.48 ,23.38 ,23.39 ,23.33 ,23.21 ,23.18 ,23.17 ,23.14 ,23.15 ,23.27 ,23.46 ,23.56 ,23.51 ,23.47 ,23.42 ,23.4 ,23.36 ,23.49 ,23.45 ,23.41 ,23.46 ,23.45 ,23.4 ,23.43 ,23.41 ,23.46 ,23.35 ,23.37 ,23.52 ,23.51 ,23.45 ,23.53 ,23.55 ,23.43 ,23.33 ,23.4 ,23.44 ,23.4 ,23.5 ,23.49 ,23.47 ,23.48 ,23.43 ,23.41 ,23.44 ,23.47 ,23.42 ,23.43 ,23.39 ,23.43 ,23.43 ,23.51 ,23.58 ,23.47 ,23.47 ,23.58 ,23.53 ,23.55 ,23.61 ,23.61 ,23.6 ,23.6 ,23.51 ,23.47 ,23.48 ,23.5 ,23.49 ,23.52 ,23.55 ,23.61 ,23.59 ,23.59 ,23.58 ,23.64 ,23.56 ,23.5 ,23.59 ,23.54 ,23.55 ,23.59 ,23.59 ,23.65 ,23.61 ,23.64 ,23.65 ,23.67 ,23.63 ,23.55 ,23.62 ,23.66 ,23.66 ,23.7 ,23.66 ,23.58 ,23.45 ,23.56 ,23.68 ,23.67 ,23.59 ,23.61 ,23.59 ,23.61 ,23.62 ,23.66 ,23.69 ,23.66 ,23.61 ,23.6 ,23.62 ,23.67 ,23.74 ,23.65 ,23.62 ,23.71 ,23.69 ,23.7 ,23.64 ,23.72 ,23.61 ,23.62 ,23.66 ,23.59 ,23.52 ,23.5 ,23.66 ,23.73 ,23.71 ,23.73 ,23.65 ,23.6 ,23.64 ,23.66 ,23.67 ,23.66 ,23.68 ,23.64 ,23.63 ,23.7 ,23.67 ,23.71 ,23.6 ,23.57 ,23.68 ,23.7 ,23.72 ,23.69 ,23.66 ,23.65 ,23.67 ,23.66 ,23.71 ,23.59 ,23.56 ,23.61 ,23.65 ,23.66 ,23.55 ,23.53 ,23.59 ,23.61 ,23.61 ,23.55 ,23.52 ,23.57 ,23.58 ,23.57 ,23.61 ,23.51 ,23.46 ,23.46 ,23.49 ,23.58 ,23.59 ,23.54 ,23.61 ,23.63 ,23.55 ,23.49 ,23.54 ,23.61 ,23.57 ,23.6 ,23.62 ,23.55 ,23.64 ,23.6 ,23.57 ,23.66 ,23.58 ,23.75 ,23.77 ,23.75 ,23.71 ,23.7 ,23.75 ,23.73 ,23.72 ,23.82 ,23.78 ,23.69 ,23.8 ,23.83 ,23.78 ,23.83 ,23.76 ,23.78 ,23.81 ,23.79 ,23.75 ,23.85 ,23.83 ,23.71 ,23.83 ,23.85 ,23.78 ,23.69 ,23.74 ,23.78 ,23.79 ,23.82 ,23.76 ,23.88 ,23.91 ,23.83 ,23.85 ,23.83 ,23.86 ,23.87 ,23.81 ,23.77 ,23.77 ,23.79 ,23.84 ,23.82 ,23.79 ,23.7 ,23.71 ,23.74 ,23.75 ,23.69 ,23.65 ,23.66 ,23.69 ,23.75 ,23.71 ,23.76 ,23.8 ,23.78 ,23.76 ,23.85 ,23.86 ,23.83 ,23.78 ,23.77 ,23.7 ,23.78 ,23.73 ,23.73 ,23.68 ,23.7 ,23.89 ,23.78 ,23.78 ,23.73 ,23.69 ,23.76 ,23.79 ,23.7 ,23.77 ,23.73 ,23.72 ,23.63 ,23.65 ,23.73 ,23.75 ,23.81 ,23.89 ,23.81 ,23.83 ,23.77 ,23.75 ,23.7 ,23.64 ,23.54 ,23.61 ,23.64 ,23.6 ,23.6 ,23.63 ,23.62 ,23.59 ,23.61 ,23.64 ,23.6 ,23.61 ,23.57 ,23.51 ,23.59 ,23.72 ,23.75 ,23.61 ,23.64 ,23.67 ,23.57 ,23.54 ,23.44 ,23.42 ,23.41 ,23.49 ,23.5 ,23.5 ,23.57 ,23.59 ,23.56 ,23.55 ,23.54 ,23.54 ,23.64 ,23.71 ,23.63 ,23.6 ,23.58 ,23.58 ,23.59 ,23.54 ,23.54 ,23.61 ,23.63 ,23.61 ,23.65 ,23.61 ,23.52 ,23.58 ,23.55 ,23.56 ,23.59 ,23.65 ,23.66 ,23.6 ,23.51 ,23.55 ,23.46 ,23.5 ,23.53 ,23.49 ,23.37 ,23.44 ,23.54 ,23.61 ,23.51 ,23.61 ,23.6 ,23.66 ,23.61 ,23.56 ,23.66 ,23.7 ,23.63 ,23.65 ,23.74 ,23.66 ,23.66 ,23.64 ,23.71 ,23.67 ,23.62 ,23.65 ,23.65 ,23.69 ,23.69 ,23.7 ,23.66 ,23.66 ,23.72 ,23.75 ,23.65 ,23.56 ,23.66 ,23.72 ,23.71 ,23.78 ,23.79 ,23.69 ,23.67 ,23.75 ,23.74 ,23.67 ,23.7 ,23.68 ,23.65 ,23.7 ,23.63 ,23.65 ,23.69 ,23.65 ,23.66 ,23.69 ,23.7 ,23.71 ,23.68 ,23.76 ,23.71 ,23.68 ,23.68 ,23.66 ,23.6 ,23.65 ,23.56 ,23.65 ,23.63 ,23.72 ,23.66 ,23.61 ,23.65 ,23.67 ,23.62 ,23.65 ,23.76 ,23.72 ,23.63 ,23.75 ,23.61 ,23.69 ,23.7 ,23.72 ,23.63 ,23.63 ,23.7 ,23.61 ,23.6 ,23.64 ,23.66 ,23.64 ,23.59 ,23.68 ,23.73 ,23.67 ,23.63 ,23.66 ,23.7 ,23.7 ,23.54 ,23.55 ,23.51 ,23.47 ,23.6 ,23.68 ,23.62 ,23.63 ,23.57 ,23.64 ,23.74 ,23.63 ,23.57 ,23.63 ,23.59 ,23.7 ,23.69 ,23.61 ,23.61 ,23.53 ,23.5 ,23.55 ,23.51 ,23.58 ,23.59 ,23.59 ,23.51 ,23.48 ,23.57 ,23.52 ,23.51 ,23.52 ,23.46 ,23.53 ,23.53 ,23.44 ,23.5 ,23.49 ,23.36 ,23.45 ,23.48 ,23.47 ,23.5 ,23.4 ,23.44 ,23.42 ,23.39 ,23.4 ,23.36 ,23.29 ,23.41 ,23.53 ,23.53 ,23.58 ,23.55 ,23.55 ,23.51 ,23.42 ,23.46 ,23.44 ,23.37 ,23.41 ,23.39 ,23.43 ,23.49 ,23.4 ,23.46 ,23.56 ,23.54 ,23.47 ,23.43 ,23.43 ,23.41 ,23.36 ,23.33 ,23.38 ,23.3 ,23.19 ,23.15 ,23.06 ,22.91 ,22.99 ,23.07 ,23.08 ,22.92 ,22.98 ,22.94 ,22.75 ,22.83 ,22.81 ,22.84 ,23.02 ,23.09 ,23.14 ,23.24 ,23.19 ,23.23 ,23.29 ,23.35 ,23.26 ,23.15 ,23.15 ,23.25 ,23.17 ,23.07 ,23.13 ,23.17 ,23.1 ,23.13 ,23.19 ,23.17 ,23.03 ,23.15 ,23.19 ,23.12 ,23.27 ,23.21 ,23.12 ,23.11 ,23.09 ,23.06 ,23.06 ,23.1 ,23.14 ,23.08 ,22.97 ,23.01 ,23 ,22.9 ,22.92 ,23 ,22.83 ,22.8 ,22.71 ,22.56 ,22.43 ,22.26 ,22.42 ,22.35 ,22.34 ,22.23 ,22.37 ,22.27 ,22.13 ,22.16 ,22.16 ,22.13 ,22.15 ,22.23 ,22.17 ,22.16 ,22.26 ,22.15 ,22.19 ,22.05 ,22.05 ,22.17 ,22.3 ,22.11 ,22.03 ,22.24 ,22.27 ,22.11 ,22.02 ,
7,22.86 ,22.7 ,22.81 ,22.79 ,22.75 ,22.85 ,22.85 ,22.86 ,22.83 ,22.84 ,22.82 ,22.75 ,22.9 ,22.89 ,22.96 ,23 ,22.97 ,22.91 ,22.99 ,23 ,23.07 ,23.17 ,23.29 ,23.34 ,23.32 ,23.49 ,23.39 ,23.36 ,23.38 ,23.5 ,23.57 ,23.5 ,23.36 ,23.44 ,23.39 ,23.41 ,23.39 ,23.41 ,23.35 ,23.15 ,23.06 ,23.02 ,23.12 ,23.31 ,23.38 ,23.51 ,23.49 ,23.49 ,23.56 ,23.46 ,23.43 ,23.53 ,23.6 ,23.52 ,23.37 ,23.45 ,23.45 ,23.36 ,23.39 ,23.4 ,23.4 ,23.39 ,23.32 ,23.37 ,23.48 ,23.45 ,23.47 ,23.51 ,23.45 ,23.39 ,23.44 ,23.5 ,23.44 ,23.39 ,23.42 ,23.44 ,23.48 ,23.47 ,23.44 ,23.49 ,23.54 ,23.45 ,23.42 ,23.42 ,23.54 ,23.51 ,23.56 ,23.64 ,23.58 ,23.54 ,23.5 ,23.54 ,23.58 ,23.54 ,23.53 ,23.61 ,23.61 ,23.44 ,23.44 ,23.55 ,23.5 ,23.52 ,23.56 ,23.58 ,23.62 ,23.57 ,23.65 ,23.63 ,23.74 ,23.67 ,23.56 ,23.57 ,23.51 ,23.52 ,23.57 ,23.53 ,23.61 ,23.59 ,23.61 ,23.65 ,23.67 ,23.67 ,23.6 ,23.58 ,23.61 ,23.65 ,23.64 ,23.59 ,23.54 ,23.51 ,23.55 ,23.57 ,23.65 ,23.59 ,23.6 ,23.63 ,23.6 ,23.64 ,23.66 ,23.69 ,23.64 ,23.65 ,23.68 ,23.68 ,23.66 ,23.71 ,23.7 ,23.61 ,23.63 ,23.67 ,23.67 ,23.65 ,23.71 ,23.62 ,23.6 ,23.64 ,23.56 ,23.52 ,23.57 ,23.65 ,23.67 ,23.71 ,23.67 ,23.7 ,23.64 ,23.61 ,23.65 ,23.66 ,23.59 ,23.69 ,23.66 ,23.63 ,23.64 ,23.71 ,23.69 ,23.71 ,23.62 ,23.72 ,23.72 ,23.62 ,23.67 ,23.71 ,23.61 ,23.59 ,23.61 ,23.65 ,23.58 ,23.49 ,23.49 ,23.64 ,23.65 ,23.54 ,23.51 ,23.54 ,23.57 ,23.56 ,23.59 ,23.6 ,23.61 ,23.59 ,23.59 ,23.65 ,23.63 ,23.45 ,23.5 ,23.52 ,23.52 ,23.47 ,23.49 ,23.57 ,23.6 ,23.55 ,23.46 ,23.49 ,23.56 ,23.53 ,23.58 ,23.61 ,23.64 ,23.68 ,23.75 ,23.71 ,23.69 ,23.67 ,23.75 ,23.8 ,23.68 ,23.67 ,23.67 ,23.72 ,23.73 ,23.72 ,23.76 ,23.67 ,23.72 ,23.76 ,23.79 ,23.76 ,23.72 ,23.74 ,23.7 ,23.76 ,23.78 ,23.72 ,23.85 ,23.85 ,23.75 ,23.77 ,23.78 ,23.77 ,23.79 ,23.74 ,23.78 ,23.76 ,23.74 ,23.76 ,23.76 ,23.86 ,23.86 ,23.83 ,23.82 ,23.86 ,23.93 ,23.79 ,23.76 ,23.81 ,23.76 ,23.8 ,23.81 ,23.73 ,23.67 ,23.75 ,23.76 ,23.78 ,23.73 ,23.65 ,23.61 ,23.68 ,23.79 ,23.77 ,23.76 ,23.86 ,23.83 ,23.75 ,23.72 ,23.8 ,23.83 ,23.75 ,23.78 ,23.79 ,23.83 ,23.73 ,23.62 ,23.65 ,23.75 ,23.82 ,23.83 ,23.82 ,23.77 ,23.74 ,23.74 ,23.71 ,23.73 ,23.75 ,23.71 ,23.69 ,23.62 ,23.71 ,23.69 ,23.8 ,23.75 ,23.82 ,23.84 ,23.8 ,23.83 ,23.73 ,23.58 ,23.55 ,23.56 ,23.62 ,23.63 ,23.58 ,23.55 ,23.6 ,23.55 ,23.53 ,23.54 ,23.55 ,23.49 ,23.5 ,23.51 ,23.53 ,23.59 ,23.69 ,23.67 ,23.55 ,23.57 ,23.54 ,23.54 ,23.52 ,23.45 ,23.4 ,23.47 ,23.54 ,23.52 ,23.48 ,23.5 ,23.64 ,23.63 ,23.56 ,23.53 ,23.47 ,23.56 ,23.58 ,23.67 ,23.62 ,23.59 ,23.64 ,23.62 ,23.55 ,23.61 ,23.68 ,23.67 ,23.61 ,23.74 ,23.65 ,23.49 ,23.6 ,23.57 ,23.58 ,23.65 ,23.64 ,23.58 ,23.58 ,23.58 ,23.58 ,23.54 ,23.56 ,23.57 ,23.6 ,23.44 ,23.4 ,23.43 ,23.59 ,23.6 ,23.62 ,23.65 ,23.67 ,23.55 ,23.47 ,23.59 ,23.67 ,23.65 ,23.56 ,23.64 ,23.7 ,23.65 ,23.64 ,23.67 ,23.63 ,23.59 ,23.65 ,23.66 ,23.7 ,23.74 ,23.68 ,23.67 ,23.6 ,23.74 ,23.79 ,23.64 ,23.57 ,23.62 ,23.7 ,23.68 ,23.68 ,23.79 ,23.7 ,23.66 ,23.68 ,23.83 ,23.83 ,23.7 ,23.69 ,23.66 ,23.76 ,23.59 ,23.64 ,23.73 ,23.63 ,23.66 ,23.67 ,23.79 ,23.77 ,23.68 ,23.66 ,23.63 ,23.69 ,23.73 ,23.7 ,23.62 ,23.58 ,23.61 ,23.65 ,23.72 ,23.75 ,23.66 ,23.62 ,23.58 ,23.64 ,23.64 ,23.69 ,23.7 ,23.75 ,23.56 ,23.62 ,23.73 ,23.64 ,23.69 ,23.68 ,23.64 ,23.5 ,23.54 ,23.67 ,23.64 ,23.68 ,23.67 ,23.74 ,23.71 ,23.66 ,23.64 ,23.66 ,23.66 ,23.72 ,23.68 ,23.69 ,23.58 ,23.57 ,23.6 ,23.58 ,23.56 ,23.64 ,23.6 ,23.66 ,23.58 ,23.64 ,23.71 ,23.63 ,23.57 ,23.65 ,23.63 ,23.6 ,23.6 ,23.65 ,23.54 ,23.53 ,23.58 ,23.55 ,23.59 ,23.67 ,23.63 ,23.62 ,23.53 ,23.52 ,23.51 ,23.51 ,23.52 ,23.56 ,23.49 ,23.5 ,23.52 ,23.47 ,23.54 ,23.61 ,23.51 ,23.52 ,23.47 ,23.5 ,23.56 ,23.55 ,23.52 ,23.51 ,23.47 ,23.44 ,23.37 ,23.39 ,23.39 ,23.4 ,23.51 ,23.54 ,23.54 ,23.61 ,23.44 ,23.42 ,23.51 ,23.51 ,23.38 ,23.3 ,23.42 ,23.42 ,23.42 ,23.5 ,23.41 ,23.48 ,23.44 ,23.5 ,23.4 ,23.45 ,23.35 ,23.34 ,23.4 ,23.46 ,23.43 ,23.23 ,23.1 ,23.01 ,22.98 ,22.99 ,23.06 ,23.16 ,23.05 ,23.07 ,23.01 ,22.79 ,22.79 ,22.88 ,23.04 ,23.23 ,23.2 ,23.12 ,23.19 ,23.23 ,23.21 ,23.2 ,23.32 ,23.29 ,23.12 ,23.19 ,23.34 ,23.22 ,23.12 ,23.14 ,23.15 ,23.16 ,23.1 ,23.16 ,23.12 ,23.11 ,23.16 ,23.27 ,23.26 ,23.2 ,23.2 ,23.18 ,23.08 ,23.12 ,23.12 ,23.15 ,23.13 ,23.17 ,23.08 ,22.98 ,22.97 ,23.02 ,23.02 ,22.99 ,22.97 ,22.86 ,22.72 ,22.7 ,22.54 ,22.35 ,22.22 ,22.23 ,22.34 ,22.32 ,22.34 ,22.33 ,22.22 ,22.16 ,22.22 ,22.2 ,22.14 ,22 ,22.18 ,22.24 ,22.16 ,22.2 ,22.15 ,22.07 ,22.06 ,22.09 ,22.14 ,22.26 ,22.13 ,22.01 ,22.16 ,22.2 ,22.06 ,22.04 ,
8,22.9 ,22.86 ,22.89 ,22.83 ,22.85 ,22.76 ,22.8 ,22.81 ,22.91 ,22.84 ,22.84 ,22.96 ,23.02 ,22.9 ,22.84 ,23.01 ,23.06 ,23 ,22.95 ,22.98 ,23.1 ,23.21 ,23.41 ,23.44 ,23.34 ,23.42 ,23.41 ,23.33 ,23.33 ,23.46 ,23.53 ,23.49 ,23.41 ,23.45 ,23.44 ,23.5 ,23.46 ,23.44 ,23.34 ,23.14 ,23.01 ,23.03 ,23.01 ,23.2 ,23.39 ,23.41 ,23.44 ,23.42 ,23.49 ,23.41 ,23.34 ,23.36 ,23.51 ,23.48 ,23.42 ,23.35 ,23.35 ,23.4 ,23.47 ,23.39 ,23.33 ,23.49 ,23.43 ,23.37 ,23.51 ,23.41 ,23.46 ,23.52 ,23.49 ,23.41 ,23.48 ,23.5 ,23.5 ,23.46 ,23.4 ,23.33 ,23.35 ,23.48 ,23.51 ,23.49 ,23.55 ,23.41 ,23.42 ,23.43 ,23.56 ,23.59 ,23.53 ,23.62 ,23.61 ,23.5 ,23.55 ,23.53 ,23.59 ,23.61 ,23.52 ,23.63 ,23.61 ,23.49 ,23.5 ,23.63 ,23.5 ,23.46 ,23.5 ,23.59 ,23.63 ,23.63 ,23.65 ,23.6 ,23.66 ,23.69 ,23.64 ,23.63 ,23.58 ,23.59 ,23.57 ,23.54 ,23.63 ,23.62 ,23.62 ,23.58 ,23.59 ,23.61 ,23.51 ,23.49 ,23.57 ,23.58 ,23.56 ,23.6 ,23.61 ,23.59 ,23.66 ,23.63 ,23.65 ,23.62 ,23.58 ,23.61 ,23.61 ,23.65 ,23.7 ,23.61 ,23.56 ,23.64 ,23.68 ,23.65 ,23.73 ,23.76 ,23.67 ,23.59 ,23.63 ,23.69 ,23.69 ,23.68 ,23.77 ,23.75 ,23.61 ,23.63 ,23.57 ,23.61 ,23.64 ,23.61 ,23.68 ,23.79 ,23.69 ,23.62 ,23.6 ,23.66 ,23.65 ,23.69 ,23.58 ,23.7 ,23.74 ,23.65 ,23.6 ,23.63 ,23.71 ,23.69 ,23.62 ,23.6 ,23.66 ,23.63 ,23.63 ,23.74 ,23.61 ,23.57 ,23.65 ,23.65 ,23.56 ,23.44 ,23.5 ,23.5 ,23.64 ,23.54 ,23.53 ,23.59 ,23.62 ,23.51 ,23.56 ,23.63 ,23.61 ,23.52 ,23.54 ,23.61 ,23.62 ,23.51 ,23.48 ,23.59 ,23.56 ,23.53 ,23.48 ,23.54 ,23.55 ,23.57 ,23.57 ,23.54 ,23.59 ,23.62 ,23.7 ,23.7 ,23.69 ,23.77 ,23.83 ,23.8 ,23.81 ,23.71 ,23.74 ,23.81 ,23.79 ,23.67 ,23.67 ,23.62 ,23.66 ,23.75 ,23.78 ,23.67 ,23.68 ,23.84 ,23.8 ,23.75 ,23.69 ,23.72 ,23.73 ,23.79 ,23.76 ,23.76 ,23.79 ,23.82 ,23.75 ,23.76 ,23.82 ,23.74 ,23.72 ,23.75 ,23.75 ,23.73 ,23.88 ,23.84 ,23.86 ,23.83 ,23.82 ,23.79 ,23.8 ,23.83 ,23.91 ,23.72 ,23.72 ,23.83 ,23.77 ,23.74 ,23.73 ,23.79 ,23.75 ,23.77 ,23.78 ,23.78 ,23.73 ,23.64 ,23.64 ,23.75 ,23.8 ,23.78 ,23.81 ,23.81 ,23.87 ,23.74 ,23.74 ,23.75 ,23.84 ,23.73 ,23.69 ,23.77 ,23.78 ,23.77 ,23.64 ,23.66 ,23.79 ,23.87 ,23.87 ,23.85 ,23.77 ,23.78 ,23.73 ,23.66 ,23.8 ,23.87 ,23.75 ,23.7 ,23.69 ,23.72 ,23.71 ,23.79 ,23.78 ,23.76 ,23.79 ,23.85 ,23.81 ,23.71 ,23.57 ,23.61 ,23.48 ,23.56 ,23.55 ,23.51 ,23.54 ,23.55 ,23.52 ,23.57 ,23.55 ,23.49 ,23.49 ,23.44 ,23.49 ,23.48 ,23.56 ,23.7 ,23.75 ,23.57 ,23.54 ,23.53 ,23.49 ,23.48 ,23.47 ,23.48 ,23.53 ,23.56 ,23.64 ,23.5 ,23.52 ,23.65 ,23.62 ,23.56 ,23.54 ,23.51 ,23.55 ,23.57 ,23.58 ,23.62 ,23.56 ,23.67 ,23.64 ,23.61 ,23.65 ,23.69 ,23.67 ,23.65 ,23.74 ,23.69 ,23.57 ,23.62 ,23.62 ,23.56 ,23.59 ,23.62 ,23.66 ,23.58 ,23.51 ,23.5 ,23.57 ,23.58 ,23.57 ,23.56 ,23.52 ,23.46 ,23.44 ,23.49 ,23.51 ,23.54 ,23.6 ,23.58 ,23.52 ,23.49 ,23.52 ,23.55 ,23.61 ,23.56 ,23.5 ,23.57 ,23.65 ,23.62 ,23.65 ,23.63 ,23.59 ,23.66 ,23.61 ,23.67 ,23.69 ,23.67 ,23.67 ,23.71 ,23.7 ,23.74 ,23.71 ,23.69 ,23.61 ,23.68 ,23.69 ,23.69 ,23.78 ,23.76 ,23.69 ,23.7 ,23.72 ,23.75 ,23.61 ,23.58 ,23.61 ,23.74 ,23.68 ,23.63 ,23.65 ,23.61 ,23.68 ,23.6 ,23.61 ,23.72 ,23.7 ,23.7 ,23.69 ,23.73 ,23.69 ,23.73 ,23.67 ,23.63 ,23.67 ,23.68 ,23.7 ,23.73 ,23.64 ,23.56 ,23.57 ,23.61 ,23.69 ,23.68 ,23.67 ,23.73 ,23.6 ,23.6 ,23.63 ,23.62 ,23.64 ,23.68 ,23.6 ,23.56 ,23.56 ,23.68 ,23.69 ,23.69 ,23.71 ,23.71 ,23.69 ,23.63 ,23.6 ,23.71 ,23.68 ,23.72 ,23.66 ,23.62 ,23.61 ,23.64 ,23.61 ,23.6 ,23.68 ,23.68 ,23.64 ,23.59 ,23.63 ,23.62 ,23.59 ,23.57 ,23.58 ,23.6 ,23.56 ,23.54 ,23.6 ,23.64 ,23.55 ,23.51 ,23.56 ,23.66 ,23.63 ,23.57 ,23.65 ,23.61 ,23.62 ,23.54 ,23.62 ,23.6 ,23.56 ,23.66 ,23.63 ,23.53 ,23.48 ,23.47 ,23.48 ,23.62 ,23.57 ,23.57 ,23.48 ,23.47 ,23.46 ,23.61 ,23.59 ,23.54 ,23.44 ,23.48 ,23.5 ,23.46 ,23.46 ,23.46 ,23.41 ,23.5 ,23.46 ,23.54 ,23.62 ,23.5 ,23.52 ,23.52 ,23.46 ,23.42 ,23.51 ,23.48 ,23.48 ,23.55 ,23.51 ,23.41 ,23.44 ,23.46 ,23.4 ,23.4 ,23.38 ,23.33 ,23.31 ,23.36 ,23.32 ,23.18 ,23.01 ,23.02 ,23.01 ,22.96 ,22.9 ,23.08 ,23.04 ,23.04 ,22.99 ,22.82 ,22.92 ,23.03 ,23.12 ,23.28 ,23.33 ,23.14 ,23.17 ,23.23 ,23.19 ,23.13 ,23.26 ,23.21 ,23.11 ,23.2 ,23.29 ,23.28 ,23.16 ,23.2 ,23.16 ,23.17 ,23.19 ,23.13 ,23.14 ,23.16 ,23.14 ,23.21 ,23.21 ,23.28 ,23.19 ,23.09 ,23.15 ,23.17 ,23.16 ,23.18 ,23.16 ,23.06 ,23.13 ,23.08 ,23.03 ,23.03 ,23.07 ,22.93 ,22.9 ,22.81 ,22.72 ,22.66 ,22.58 ,22.42 ,22.27 ,22.13 ,22.25 ,22.35 ,22.32 ,22.3 ,22.22 ,22.23 ,22.23 ,22.34 ,22.32 ,22.15 ,22.19 ,22.23 ,22.15 ,22.2 ,22.15 ,22.19 ,22.24 ,22.21 ,22.17 ,22.32 ,22.12 ,22.18 ,22.18 ,22.09 ,21.96 ,22 ,
9,22.8 ,22.86 ,22.8 ,22.9 ,22.89 ,22.77 ,22.84 ,22.86 ,22.82 ,22.79 ,22.81 ,22.88 ,22.96 ,22.86 ,22.75 ,22.88 ,23.09 ,23.05 ,23.03 ,23.06 ,23.16 ,23.36 ,23.44 ,23.45 ,23.36 ,23.32 ,23.37 ,23.38 ,23.38 ,23.42 ,23.48 ,23.45 ,23.48 ,23.48 ,23.6 ,23.55 ,23.44 ,23.3 ,23.21 ,23 ,23.03 ,23.1 ,23.11 ,23.11 ,23.31 ,23.3 ,23.41 ,23.5 ,23.54 ,23.4 ,23.29 ,23.31 ,23.42 ,23.4 ,23.4 ,23.36 ,23.29 ,23.38 ,23.51 ,23.5 ,23.4 ,23.47 ,23.46 ,23.5 ,23.49 ,23.4 ,23.46 ,23.52 ,23.49 ,23.44 ,23.41 ,23.42 ,23.48 ,23.55 ,23.45 ,23.41 ,23.51 ,23.5 ,23.46 ,23.49 ,23.5 ,23.51 ,23.5 ,23.45 ,23.47 ,23.51 ,23.53 ,23.56 ,23.58 ,23.51 ,23.46 ,23.51 ,23.48 ,23.63 ,23.61 ,23.55 ,23.54 ,23.37 ,23.5 ,23.74 ,23.6 ,23.46 ,23.46 ,23.52 ,23.58 ,23.56 ,23.58 ,23.6 ,23.6 ,23.66 ,23.61 ,23.6 ,23.67 ,23.59 ,23.56 ,23.56 ,23.58 ,23.58 ,23.59 ,23.61 ,23.57 ,23.63 ,23.57 ,23.53 ,23.58 ,23.54 ,23.55 ,23.61 ,23.6 ,23.61 ,23.61 ,23.64 ,23.56 ,23.57 ,23.59 ,23.55 ,23.51 ,23.67 ,23.66 ,23.62 ,23.52 ,23.47 ,23.58 ,23.59 ,23.6 ,23.72 ,23.71 ,23.61 ,23.59 ,23.7 ,23.67 ,23.65 ,23.7 ,23.67 ,23.53 ,23.56 ,23.58 ,23.6 ,23.66 ,23.67 ,23.72 ,23.79 ,23.74 ,23.62 ,23.58 ,23.68 ,23.77 ,23.74 ,23.65 ,23.67 ,23.68 ,23.53 ,23.53 ,23.61 ,23.71 ,23.65 ,23.62 ,23.63 ,23.64 ,23.62 ,23.66 ,23.72 ,23.7 ,23.61 ,23.66 ,23.66 ,23.53 ,23.45 ,23.49 ,23.5 ,23.61 ,23.57 ,23.58 ,23.59 ,23.62 ,23.55 ,23.5 ,23.56 ,23.52 ,23.51 ,23.6 ,23.61 ,23.54 ,23.56 ,23.5 ,23.52 ,23.53 ,23.45 ,23.54 ,23.56 ,23.54 ,23.53 ,23.55 ,23.6 ,23.59 ,23.65 ,23.82 ,23.8 ,23.76 ,23.81 ,23.75 ,23.73 ,23.77 ,23.83 ,23.85 ,23.75 ,23.74 ,23.73 ,23.7 ,23.71 ,23.72 ,23.72 ,23.75 ,23.69 ,23.69 ,23.75 ,23.81 ,23.78 ,23.75 ,23.78 ,23.8 ,23.78 ,23.74 ,23.75 ,23.72 ,23.72 ,23.76 ,23.71 ,23.82 ,23.82 ,23.76 ,23.76 ,23.78 ,23.77 ,23.87 ,23.89 ,23.9 ,23.89 ,23.72 ,23.76 ,23.76 ,23.73 ,23.81 ,23.73 ,23.75 ,23.89 ,23.78 ,23.76 ,23.82 ,23.81 ,23.75 ,23.76 ,23.73 ,23.76 ,23.71 ,23.67 ,23.71 ,23.75 ,23.78 ,23.79 ,23.73 ,23.77 ,23.84 ,23.82 ,23.75 ,23.77 ,23.86 ,23.79 ,23.72 ,23.66 ,23.79 ,23.81 ,23.72 ,23.59 ,23.69 ,23.82 ,23.81 ,23.8 ,23.83 ,23.84 ,23.76 ,23.73 ,23.8 ,23.86 ,23.8 ,23.73 ,23.77 ,23.73 ,23.71 ,23.83 ,23.86 ,23.88 ,23.81 ,23.82 ,23.75 ,23.73 ,23.63 ,23.63 ,23.62 ,23.63 ,23.58 ,23.55 ,23.56 ,23.54 ,23.57 ,23.49 ,23.46 ,23.46 ,23.5 ,23.4 ,23.47 ,23.52 ,23.47 ,23.68 ,23.69 ,23.5 ,23.44 ,23.52 ,23.39 ,23.48 ,23.51 ,23.49 ,23.51 ,23.56 ,23.55 ,23.52 ,23.61 ,23.64 ,23.6 ,23.57 ,23.53 ,23.52 ,23.51 ,23.58 ,23.49 ,23.58 ,23.56 ,23.52 ,23.56 ,23.56 ,23.55 ,23.57 ,23.67 ,23.64 ,23.67 ,23.61 ,23.54 ,23.6 ,23.62 ,23.56 ,23.57 ,23.54 ,23.66 ,23.64 ,23.46 ,23.51 ,23.63 ,23.66 ,23.58 ,23.56 ,23.5 ,23.5 ,23.44 ,23.45 ,23.45 ,23.45 ,23.49 ,23.51 ,23.55 ,23.53 ,23.49 ,23.49 ,23.48 ,23.49 ,23.44 ,23.46 ,23.57 ,23.59 ,23.67 ,23.64 ,23.58 ,23.62 ,23.53 ,23.66 ,23.65 ,23.58 ,23.68 ,23.73 ,23.7 ,23.7 ,23.7 ,23.64 ,23.54 ,23.61 ,23.61 ,23.68 ,23.75 ,23.74 ,23.68 ,23.7 ,23.7 ,23.73 ,23.63 ,23.59 ,23.52 ,23.61 ,23.65 ,23.65 ,23.62 ,23.58 ,23.64 ,23.61 ,23.56 ,23.67 ,23.68 ,23.72 ,23.72 ,23.69 ,23.58 ,23.65 ,23.61 ,23.63 ,23.74 ,23.72 ,23.64 ,23.72 ,23.64 ,23.68 ,23.61 ,23.61 ,23.6 ,23.55 ,23.58 ,23.65 ,23.64 ,23.68 ,23.59 ,23.61 ,23.63 ,23.64 ,23.49 ,23.55 ,23.62 ,23.64 ,23.7 ,23.67 ,23.72 ,23.62 ,23.53 ,23.6 ,23.64 ,23.67 ,23.66 ,23.75 ,23.68 ,23.61 ,23.57 ,23.61 ,23.58 ,23.53 ,23.67 ,23.69 ,23.58 ,23.61 ,23.67 ,23.59 ,23.57 ,23.56 ,23.57 ,23.56 ,23.57 ,23.61 ,23.53 ,23.52 ,23.47 ,23.48 ,23.64 ,23.58 ,23.57 ,23.52 ,23.46 ,23.52 ,23.56 ,23.54 ,23.62 ,23.57 ,23.44 ,23.53 ,23.65 ,23.52 ,23.4 ,23.48 ,23.52 ,23.49 ,23.51 ,23.49 ,23.4 ,23.4 ,23.41 ,23.49 ,23.5 ,23.37 ,23.42 ,23.51 ,23.58 ,23.44 ,23.41 ,23.43 ,23.33 ,23.43 ,23.42 ,23.41 ,23.55 ,23.6 ,23.46 ,23.46 ,23.46 ,23.4 ,23.54 ,23.39 ,23.45 ,23.47 ,23.54 ,23.48 ,23.45 ,23.5 ,23.39 ,23.39 ,23.35 ,23.41 ,23.27 ,23.22 ,23.18 ,23.22 ,23.15 ,22.98 ,23.06 ,23.02 ,22.88 ,22.94 ,23 ,23.06 ,23 ,22.94 ,23.15 ,23.1 ,23.06 ,23.16 ,23.25 ,23.24 ,23.11 ,23.1 ,23.1 ,23.08 ,23.16 ,23.15 ,23.11 ,23.24 ,23.25 ,23.29 ,23.11 ,23.06 ,23.08 ,23.16 ,23.13 ,23.13 ,23.15 ,23.13 ,23.17 ,23.14 ,23.2 ,23.2 ,23.18 ,23.12 ,23.13 ,23.1 ,23.1 ,23.09 ,23.04 ,23 ,23.06 ,23.02 ,22.98 ,22.93 ,22.94 ,22.96 ,22.99 ,22.85 ,22.73 ,22.74 ,22.67 ,22.57 ,22.42 ,22.32 ,22.28 ,22.34 ,22.35 ,22.23 ,22.18 ,22.2 ,22.27 ,22.28 ,22.25 ,22.27 ,22.33 ,22.3 ,22.12 ,22.24 ,22.14 ,22.14 ,22.28 ,22.36 ,22.3 ,22.22 ,22.08 ,22.16 ,22.45 ,22.18 ,22.06 ,21.96 ,
10,22.9 ,22.82 ,22.85 ,22.87 ,22.86 ,22.79 ,22.82 ,22.88 ,22.89 ,22.83 ,22.76 ,22.82 ,22.96 ,22.86 ,22.81 ,22.92 ,23.05 ,23.11 ,23.17 ,23.21 ,23.25 ,23.42 ,23.46 ,23.38 ,23.37 ,23.42 ,23.35 ,23.33 ,23.39 ,23.54 ,23.55 ,23.45 ,23.45 ,23.55 ,23.47 ,23.52 ,23.38 ,23.24 ,23.12 ,23.1 ,23.09 ,23.14 ,23.2 ,23.24 ,23.46 ,23.41 ,23.49 ,23.51 ,23.53 ,23.53 ,23.37 ,23.39 ,23.37 ,23.33 ,23.42 ,23.42 ,23.37 ,23.38 ,23.46 ,23.45 ,23.48 ,23.43 ,23.42 ,23.52 ,23.5 ,23.43 ,23.38 ,23.51 ,23.49 ,23.39 ,23.34 ,23.37 ,23.5 ,23.48 ,23.54 ,23.48 ,23.64 ,23.58 ,23.42 ,23.36 ,23.47 ,23.51 ,23.46 ,23.46 ,23.45 ,23.47 ,23.6 ,23.54 ,23.48 ,23.49 ,23.54 ,23.52 ,23.45 ,23.53 ,23.59 ,23.61 ,23.52 ,23.4 ,23.48 ,23.59 ,23.61 ,23.48 ,23.48 ,23.46 ,23.6 ,23.58 ,23.58 ,23.56 ,23.6 ,23.6 ,23.6 ,23.57 ,23.64 ,23.62 ,23.51 ,23.56 ,23.53 ,23.58 ,23.54 ,23.52 ,23.59 ,23.62 ,23.62 ,23.55 ,23.62 ,23.58 ,23.51 ,23.62 ,23.63 ,23.59 ,23.59 ,23.58 ,23.57 ,23.55 ,23.67 ,23.69 ,23.56 ,23.58 ,23.61 ,23.66 ,23.59 ,23.53 ,23.56 ,23.56 ,23.55 ,23.67 ,23.74 ,23.64 ,23.72 ,23.68 ,23.7 ,23.7 ,23.61 ,23.5 ,23.58 ,23.64 ,23.61 ,23.6 ,23.62 ,23.69 ,23.69 ,23.71 ,23.66 ,23.68 ,23.67 ,23.65 ,23.74 ,23.81 ,23.63 ,23.58 ,23.65 ,23.62 ,23.59 ,23.7 ,23.72 ,23.71 ,23.64 ,23.64 ,23.67 ,23.59 ,23.64 ,23.62 ,23.56 ,23.54 ,23.57 ,23.54 ,23.59 ,23.49 ,23.51 ,23.57 ,23.63 ,23.58 ,23.6 ,23.65 ,23.63 ,23.51 ,23.51 ,23.58 ,23.54 ,23.56 ,23.6 ,23.56 ,23.56 ,23.52 ,23.51 ,23.5 ,23.52 ,23.54 ,23.61 ,23.67 ,23.65 ,23.57 ,23.55 ,23.67 ,23.68 ,23.66 ,23.76 ,23.79 ,23.74 ,23.81 ,23.72 ,23.72 ,23.82 ,23.76 ,23.78 ,23.76 ,23.78 ,23.74 ,23.66 ,23.74 ,23.74 ,23.69 ,23.71 ,23.67 ,23.73 ,23.73 ,23.75 ,23.77 ,23.76 ,23.76 ,23.77 ,23.88 ,23.81 ,23.75 ,23.69 ,23.71 ,23.82 ,23.79 ,23.79 ,23.76 ,23.82 ,23.84 ,23.79 ,23.75 ,23.83 ,23.8 ,23.9 ,23.91 ,23.73 ,23.72 ,23.8 ,23.78 ,23.8 ,23.74 ,23.78 ,23.87 ,23.82 ,23.74 ,23.81 ,23.78 ,23.69 ,23.75 ,23.79 ,23.78 ,23.75 ,23.69 ,23.72 ,23.81 ,23.85 ,23.78 ,23.68 ,23.78 ,23.83 ,23.86 ,23.79 ,23.82 ,23.98 ,23.86 ,23.74 ,23.69 ,23.85 ,23.8 ,23.67 ,23.58 ,23.58 ,23.71 ,23.74 ,23.79 ,23.81 ,23.72 ,23.79 ,23.78 ,23.82 ,23.86 ,23.91 ,23.95 ,23.82 ,23.75 ,23.73 ,23.79 ,23.85 ,23.88 ,23.82 ,23.71 ,23.69 ,23.64 ,23.53 ,23.58 ,23.7 ,23.68 ,23.58 ,23.48 ,23.51 ,23.52 ,23.48 ,23.51 ,23.46 ,23.46 ,23.53 ,23.53 ,23.55 ,23.56 ,23.55 ,23.7 ,23.66 ,23.47 ,23.41 ,23.43 ,23.43 ,23.42 ,23.52 ,23.5 ,23.46 ,23.47 ,23.53 ,23.47 ,23.56 ,23.69 ,23.66 ,23.61 ,23.53 ,23.51 ,23.52 ,23.53 ,23.49 ,23.51 ,23.55 ,23.44 ,23.5 ,23.57 ,23.55 ,23.54 ,23.58 ,23.58 ,23.63 ,23.6 ,23.55 ,23.62 ,23.67 ,23.6 ,23.67 ,23.57 ,23.56 ,23.55 ,23.53 ,23.53 ,23.6 ,23.64 ,23.65 ,23.63 ,23.56 ,23.51 ,23.55 ,23.54 ,23.42 ,23.42 ,23.45 ,23.52 ,23.58 ,23.49 ,23.55 ,23.6 ,23.53 ,23.44 ,23.49 ,23.52 ,23.63 ,23.63 ,23.7 ,23.68 ,23.6 ,23.66 ,23.52 ,23.62 ,23.77 ,23.61 ,23.62 ,23.65 ,23.7 ,23.79 ,23.76 ,23.59 ,23.52 ,23.58 ,23.62 ,23.59 ,23.64 ,23.67 ,23.65 ,23.78 ,23.71 ,23.66 ,23.68 ,23.7 ,23.6 ,23.65 ,23.68 ,23.66 ,23.73 ,23.66 ,23.64 ,23.64 ,23.62 ,23.59 ,23.66 ,23.67 ,23.64 ,23.62 ,23.63 ,23.58 ,23.57 ,23.72 ,23.71 ,23.67 ,23.61 ,23.66 ,23.69 ,23.69 ,23.61 ,23.58 ,23.65 ,23.63 ,23.66 ,23.69 ,23.73 ,23.75 ,23.62 ,23.63 ,23.69 ,23.66 ,23.58 ,23.66 ,23.75 ,23.74 ,23.78 ,23.72 ,23.67 ,23.63 ,23.63 ,23.63 ,23.68 ,23.67 ,23.66 ,23.73 ,23.7 ,23.67 ,23.58 ,23.59 ,23.62 ,23.54 ,23.62 ,23.69 ,23.6 ,23.61 ,23.65 ,23.58 ,23.54 ,23.6 ,23.61 ,23.68 ,23.63 ,23.64 ,23.62 ,23.58 ,23.53 ,23.56 ,23.67 ,23.59 ,23.47 ,23.53 ,23.5 ,23.47 ,23.55 ,23.49 ,23.51 ,23.55 ,23.49 ,23.52 ,23.56 ,23.54 ,23.54 ,23.49 ,23.56 ,23.53 ,23.48 ,23.47 ,23.42 ,23.38 ,23.41 ,23.53 ,23.53 ,23.46 ,23.43 ,23.52 ,23.57 ,23.52 ,23.42 ,23.41 ,23.32 ,23.36 ,23.47 ,23.5 ,23.54 ,23.54 ,23.5 ,23.55 ,23.62 ,23.55 ,23.55 ,23.42 ,23.37 ,23.48 ,23.51 ,23.46 ,23.35 ,23.47 ,23.39 ,23.41 ,23.33 ,23.35 ,23.34 ,23.28 ,23.34 ,23.24 ,23.21 ,23.06 ,23.07 ,22.97 ,22.9 ,22.99 ,22.98 ,23.13 ,23.13 ,23.17 ,23.23 ,23.19 ,23.15 ,23.16 ,23.24 ,23.27 ,23.24 ,23.13 ,23.13 ,23.2 ,23.27 ,23.19 ,23.07 ,23.17 ,23.28 ,23.3 ,23.15 ,23.03 ,23.2 ,23.24 ,23.13 ,23.12 ,23.08 ,23.11 ,23.22 ,23.16 ,23.13 ,23.19 ,23.08 ,23.1 ,23.12 ,23.11 ,23.1 ,23.13 ,23.03 ,23.08 ,23.07 ,23.02 ,23 ,22.9 ,22.97 ,22.97 ,23.04 ,22.79 ,22.75 ,22.77 ,22.78 ,22.66 ,22.46 ,22.33 ,22.35 ,22.31 ,22.33 ,22.23 ,22.17 ,22.34 ,22.31 ,22.33 ,22.34 ,22.28 ,22.27 ,22.31 ,22.25 ,22.33 ,22.22 ,22.13 ,22.32 ,22.38 ,22.4 ,22.32 ,22.11 ,22.08 ,22.17 ,22.14 ,22.05 ,21.99 ,
11,22.89 ,22.8 ,22.76 ,22.87 ,22.85 ,22.9 ,22.92 ,22.91 ,22.82 ,22.84 ,22.81 ,22.87 ,22.99 ,22.91 ,22.9 ,23.07 ,23.02 ,23.07 ,23.14 ,23.23 ,23.26 ,23.3 ,23.42 ,23.41 ,23.35 ,23.38 ,23.45 ,23.37 ,23.39 ,23.48 ,23.47 ,23.41 ,23.38 ,23.46 ,23.48 ,23.42 ,23.27 ,23.29 ,23.16 ,23.02 ,23.09 ,23.13 ,23.23 ,23.38 ,23.47 ,23.43 ,23.45 ,23.53 ,23.52 ,23.48 ,23.46 ,23.43 ,23.4 ,23.38 ,23.47 ,23.52 ,23.42 ,23.46 ,23.43 ,23.38 ,23.49 ,23.49 ,23.36 ,23.43 ,23.41 ,23.49 ,23.53 ,23.46 ,23.48 ,23.34 ,23.4 ,23.47 ,23.58 ,23.47 ,23.46 ,23.49 ,23.57 ,23.56 ,23.45 ,23.35 ,23.42 ,23.45 ,23.38 ,23.44 ,23.5 ,23.56 ,23.65 ,23.62 ,23.47 ,23.48 ,23.54 ,23.55 ,23.53 ,23.51 ,23.51 ,23.54 ,23.57 ,23.48 ,23.5 ,23.57 ,23.46 ,23.49 ,23.46 ,23.45 ,23.62 ,23.6 ,23.68 ,23.63 ,23.69 ,23.61 ,23.59 ,23.54 ,23.61 ,23.69 ,23.56 ,23.5 ,23.56 ,23.6 ,23.62 ,23.61 ,23.57 ,23.55 ,23.54 ,23.56 ,23.56 ,23.68 ,23.53 ,23.53 ,23.61 ,23.61 ,23.67 ,23.67 ,23.68 ,23.69 ,23.66 ,23.69 ,23.63 ,23.56 ,23.63 ,23.64 ,23.61 ,23.55 ,23.6 ,23.63 ,23.6 ,23.69 ,23.68 ,23.63 ,23.62 ,23.7 ,23.72 ,23.7 ,23.63 ,23.57 ,23.66 ,23.72 ,23.66 ,23.65 ,23.62 ,23.64 ,23.71 ,23.67 ,23.73 ,23.8 ,23.71 ,23.64 ,23.7 ,23.77 ,23.65 ,23.58 ,23.66 ,23.59 ,23.57 ,23.7 ,23.65 ,23.66 ,23.66 ,23.61 ,23.7 ,23.63 ,23.61 ,23.58 ,23.52 ,23.46 ,23.49 ,23.55 ,23.53 ,23.61 ,23.57 ,23.55 ,23.6 ,23.53 ,23.57 ,23.6 ,23.56 ,23.49 ,23.48 ,23.54 ,23.58 ,23.6 ,23.59 ,23.53 ,23.6 ,23.52 ,23.45 ,23.55 ,23.55 ,23.59 ,23.64 ,23.69 ,23.69 ,23.76 ,23.69 ,23.65 ,23.69 ,23.69 ,23.74 ,23.77 ,23.79 ,23.81 ,23.76 ,23.82 ,23.83 ,23.78 ,23.8 ,23.8 ,23.83 ,23.77 ,23.72 ,23.72 ,23.82 ,23.8 ,23.81 ,23.73 ,23.67 ,23.83 ,23.85 ,23.79 ,23.74 ,23.69 ,23.69 ,23.75 ,23.87 ,23.74 ,23.75 ,23.78 ,23.77 ,23.84 ,23.82 ,23.77 ,23.74 ,23.77 ,23.72 ,23.79 ,23.88 ,23.84 ,23.89 ,23.94 ,23.81 ,23.81 ,23.82 ,23.79 ,23.77 ,23.71 ,23.78 ,23.8 ,23.77 ,23.77 ,23.82 ,23.84 ,23.72 ,23.79 ,23.78 ,23.75 ,23.75 ,23.68 ,23.72 ,23.79 ,23.87 ,23.81 ,23.64 ,23.8 ,23.85 ,23.76 ,23.8 ,23.84 ,23.91 ,23.82 ,23.79 ,23.76 ,23.85 ,23.87 ,23.61 ,23.56 ,23.62 ,23.74 ,23.81 ,23.85 ,23.77 ,23.72 ,23.71 ,23.82 ,23.79 ,23.78 ,23.82 ,23.89 ,23.83 ,23.79 ,23.78 ,23.81 ,23.81 ,23.88 ,23.85 ,23.76 ,23.76 ,23.62 ,23.53 ,23.66 ,23.64 ,23.62 ,23.58 ,23.57 ,23.55 ,23.53 ,23.51 ,23.56 ,23.6 ,23.51 ,23.57 ,23.57 ,23.55 ,23.59 ,23.62 ,23.53 ,23.52 ,23.43 ,23.42 ,23.52 ,23.51 ,23.5 ,23.54 ,23.53 ,23.43 ,23.5 ,23.64 ,23.62 ,23.55 ,23.6 ,23.67 ,23.62 ,23.58 ,23.55 ,23.56 ,23.56 ,23.5 ,23.46 ,23.52 ,23.44 ,23.42 ,23.59 ,23.6 ,23.61 ,23.68 ,23.68 ,23.61 ,23.6 ,23.52 ,23.56 ,23.62 ,23.63 ,23.61 ,23.53 ,23.49 ,23.51 ,23.47 ,23.52 ,23.53 ,23.55 ,23.62 ,23.57 ,23.65 ,23.62 ,23.59 ,23.66 ,23.51 ,23.53 ,23.48 ,23.47 ,23.53 ,23.44 ,23.54 ,23.56 ,23.54 ,23.42 ,23.5 ,23.53 ,23.52 ,23.55 ,23.64 ,23.65 ,23.66 ,23.7 ,23.59 ,23.57 ,23.68 ,23.65 ,23.66 ,23.63 ,23.7 ,23.71 ,23.72 ,23.61 ,23.59 ,23.62 ,23.64 ,23.67 ,23.63 ,23.67 ,23.64 ,23.72 ,23.76 ,23.62 ,23.63 ,23.66 ,23.66 ,23.71 ,23.73 ,23.71 ,23.7 ,23.66 ,23.63 ,23.72 ,23.66 ,23.63 ,23.7 ,23.72 ,23.73 ,23.66 ,23.69 ,23.63 ,23.57 ,23.65 ,23.69 ,23.67 ,23.63 ,23.7 ,23.72 ,23.62 ,23.57 ,23.68 ,23.7 ,23.72 ,23.74 ,23.67 ,23.64 ,23.75 ,23.64 ,23.62 ,23.62 ,23.66 ,23.65 ,23.75 ,23.66 ,23.72 ,23.68 ,23.64 ,23.68 ,23.64 ,23.71 ,23.67 ,23.62 ,23.66 ,23.69 ,23.66 ,23.71 ,23.66 ,23.53 ,23.6 ,23.6 ,23.57 ,23.59 ,23.65 ,23.65 ,23.59 ,23.59 ,23.63 ,23.62 ,23.59 ,23.65 ,23.62 ,23.61 ,23.63 ,23.6 ,23.6 ,23.5 ,23.54 ,23.7 ,23.66 ,23.56 ,23.58 ,23.62 ,23.47 ,23.59 ,23.53 ,23.48 ,23.51 ,23.61 ,23.65 ,23.64 ,23.63 ,23.57 ,23.56 ,23.54 ,23.61 ,23.53 ,23.49 ,23.47 ,23.43 ,23.44 ,23.53 ,23.52 ,23.45 ,23.43 ,23.53 ,23.56 ,23.52 ,23.5 ,23.45 ,23.39 ,23.35 ,23.47 ,23.5 ,23.53 ,23.51 ,23.48 ,23.62 ,23.64 ,23.69 ,23.58 ,23.43 ,23.4 ,23.49 ,23.53 ,23.4 ,23.39 ,23.45 ,23.39 ,23.39 ,23.42 ,23.43 ,23.33 ,23.38 ,23.41 ,23.36 ,23.26 ,23.23 ,23.03 ,22.92 ,22.97 ,23.1 ,23.15 ,23.18 ,23.26 ,23.14 ,23.18 ,23.22 ,23.24 ,23.21 ,23.25 ,23.3 ,23.24 ,23.21 ,23.2 ,23.19 ,23.35 ,23.23 ,23.07 ,23.14 ,23.2 ,23.25 ,23.2 ,23.13 ,23.28 ,23.31 ,23.25 ,23.15 ,23.11 ,23.15 ,23.15 ,23.13 ,23.07 ,23.19 ,23.11 ,23.05 ,23.1 ,23.16 ,23.11 ,23.13 ,23.06 ,23.11 ,23.04 ,23.06 ,23.15 ,22.9 ,22.94 ,23 ,22.9 ,22.83 ,22.69 ,22.78 ,22.71 ,22.7 ,22.54 ,22.38 ,22.53 ,22.5 ,22.47 ,22.4 ,22.37 ,22.46 ,22.29 ,22.28 ,22.34 ,22.36 ,22.33 ,22.34 ,22.21 ,22.33 ,22.33 ,22.34 ,22.34 ,22.35 ,22.28 ,22.36 ,22.19 ,22.17 ,22.12 ,22.14 ,22.18 ,22.17 ,
12,22.81 ,22.8 ,22.76 ,22.85 ,22.9 ,22.86 ,22.88 ,22.84 ,22.81 ,22.92 ,22.88 ,22.83 ,22.91 ,22.88 ,22.88 ,23.02 ,23.03 ,23.15 ,23.27 ,23.28 ,23.25 ,23.45 ,23.52 ,23.43 ,23.35 ,23.4 ,23.42 ,23.47 ,23.46 ,23.44 ,23.39 ,23.35 ,23.4 ,23.39 ,23.41 ,23.32 ,23.23 ,23.19 ,23.1 ,22.92 ,22.98 ,23.12 ,23.22 ,23.41 ,23.43 ,23.41 ,23.45 ,23.5 ,23.46 ,23.41 ,23.42 ,23.4 ,23.37 ,23.43 ,23.45 ,23.56 ,23.5 ,23.44 ,23.47 ,23.42 ,23.43 ,23.42 ,23.4 ,23.44 ,23.48 ,23.51 ,23.52 ,23.51 ,23.51 ,23.49 ,23.41 ,23.49 ,23.49 ,23.42 ,23.47 ,23.46 ,23.45 ,23.48 ,23.39 ,23.36 ,23.44 ,23.39 ,23.32 ,23.47 ,23.56 ,23.54 ,23.6 ,23.56 ,23.51 ,23.5 ,23.57 ,23.56 ,23.49 ,23.48 ,23.44 ,23.54 ,23.5 ,23.54 ,23.44 ,23.61 ,23.54 ,23.49 ,23.52 ,23.54 ,23.6 ,23.66 ,23.65 ,23.61 ,23.61 ,23.54 ,23.63 ,23.59 ,23.57 ,23.56 ,23.57 ,23.57 ,23.58 ,23.62 ,23.71 ,23.57 ,23.49 ,23.5 ,23.49 ,23.58 ,23.62 ,23.64 ,23.65 ,23.55 ,23.59 ,23.65 ,23.65 ,23.67 ,23.6 ,23.68 ,23.61 ,23.59 ,23.56 ,23.62 ,23.69 ,23.64 ,23.63 ,23.61 ,23.63 ,23.57 ,23.62 ,23.67 ,23.68 ,23.68 ,23.61 ,23.67 ,23.75 ,23.65 ,23.61 ,23.66 ,23.53 ,23.55 ,23.58 ,23.63 ,23.63 ,23.6 ,23.65 ,23.74 ,23.64 ,23.77 ,23.75 ,23.64 ,23.65 ,23.69 ,23.7 ,23.67 ,23.67 ,23.6 ,23.6 ,23.58 ,23.65 ,23.6 ,23.62 ,23.56 ,23.6 ,23.64 ,23.6 ,23.53 ,23.48 ,23.53 ,23.49 ,23.54 ,23.51 ,23.55 ,23.63 ,23.57 ,23.59 ,23.53 ,23.5 ,23.59 ,23.55 ,23.52 ,23.52 ,23.53 ,23.52 ,23.54 ,23.56 ,23.51 ,23.57 ,23.5 ,23.56 ,23.63 ,23.54 ,23.57 ,23.63 ,23.72 ,23.76 ,23.77 ,23.79 ,23.61 ,23.66 ,23.69 ,23.75 ,23.85 ,23.76 ,23.74 ,23.75 ,23.77 ,23.74 ,23.74 ,23.85 ,23.81 ,23.74 ,23.71 ,23.66 ,23.7 ,23.78 ,23.79 ,23.82 ,23.78 ,23.7 ,23.77 ,23.9 ,23.83 ,23.74 ,23.69 ,23.73 ,23.77 ,23.79 ,23.76 ,23.76 ,23.79 ,23.82 ,23.79 ,23.76 ,23.81 ,23.72 ,23.75 ,23.76 ,23.82 ,23.88 ,23.81 ,23.81 ,23.88 ,23.87 ,23.85 ,23.81 ,23.75 ,23.81 ,23.76 ,23.79 ,23.83 ,23.75 ,23.82 ,23.8 ,23.86 ,23.76 ,23.68 ,23.72 ,23.64 ,23.66 ,23.67 ,23.71 ,23.87 ,23.79 ,23.79 ,23.77 ,23.75 ,23.81 ,23.75 ,23.75 ,23.77 ,23.86 ,23.78 ,23.83 ,23.73 ,23.77 ,23.75 ,23.69 ,23.61 ,23.63 ,23.75 ,23.86 ,23.88 ,23.81 ,23.77 ,23.7 ,23.75 ,23.81 ,23.7 ,23.77 ,23.79 ,23.77 ,23.77 ,23.76 ,23.79 ,23.77 ,23.81 ,23.87 ,23.73 ,23.76 ,23.63 ,23.55 ,23.59 ,23.64 ,23.64 ,23.54 ,23.54 ,23.61 ,23.48 ,23.54 ,23.56 ,23.56 ,23.51 ,23.58 ,23.63 ,23.47 ,23.46 ,23.51 ,23.51 ,23.46 ,23.47 ,23.46 ,23.58 ,23.71 ,23.58 ,23.51 ,23.45 ,23.39 ,23.52 ,23.57 ,23.57 ,23.55 ,23.61 ,23.57 ,23.47 ,23.49 ,23.53 ,23.52 ,23.62 ,23.57 ,23.47 ,23.5 ,23.53 ,23.51 ,23.53 ,23.55 ,23.64 ,23.69 ,23.58 ,23.61 ,23.6 ,23.5 ,23.52 ,23.57 ,23.57 ,23.58 ,23.56 ,23.58 ,23.52 ,23.43 ,23.4 ,23.48 ,23.55 ,23.56 ,23.58 ,23.61 ,23.65 ,23.51 ,23.57 ,23.58 ,23.58 ,23.54 ,23.4 ,23.43 ,23.45 ,23.5 ,23.56 ,23.44 ,23.41 ,23.49 ,23.57 ,23.57 ,23.55 ,23.5 ,23.53 ,23.58 ,23.61 ,23.53 ,23.59 ,23.64 ,23.54 ,23.6 ,23.67 ,23.72 ,23.71 ,23.67 ,23.61 ,23.64 ,23.71 ,23.64 ,23.63 ,23.66 ,23.68 ,23.63 ,23.67 ,23.71 ,23.63 ,23.6 ,23.66 ,23.6 ,23.73 ,23.69 ,23.69 ,23.71 ,23.64 ,23.61 ,23.67 ,23.68 ,23.64 ,23.7 ,23.73 ,23.73 ,23.68 ,23.66 ,23.67 ,23.57 ,23.6 ,23.64 ,23.61 ,23.64 ,23.63 ,23.64 ,23.66 ,23.58 ,23.64 ,23.59 ,23.62 ,23.73 ,23.73 ,23.6 ,23.64 ,23.71 ,23.68 ,23.56 ,23.62 ,23.59 ,23.68 ,23.64 ,23.66 ,23.64 ,23.65 ,23.65 ,23.6 ,23.64 ,23.65 ,23.65 ,23.65 ,23.62 ,23.7 ,23.72 ,23.6 ,23.64 ,23.57 ,23.59 ,23.65 ,23.63 ,23.64 ,23.65 ,23.64 ,23.59 ,23.63 ,23.71 ,23.54 ,23.62 ,23.57 ,23.55 ,23.6 ,23.56 ,23.58 ,23.53 ,23.52 ,23.57 ,23.58 ,23.5 ,23.46 ,23.58 ,23.58 ,23.57 ,23.53 ,23.49 ,23.48 ,23.55 ,23.62 ,23.6 ,23.56 ,23.47 ,23.45 ,23.57 ,23.6 ,23.51 ,23.49 ,23.44 ,23.43 ,23.48 ,23.55 ,23.53 ,23.44 ,23.43 ,23.47 ,23.48 ,23.42 ,23.37 ,23.49 ,23.52 ,23.46 ,23.39 ,23.45 ,23.48 ,23.48 ,23.42 ,23.54 ,23.62 ,23.62 ,23.6 ,23.43 ,23.35 ,23.41 ,23.4 ,23.34 ,23.43 ,23.44 ,23.33 ,23.44 ,23.46 ,23.45 ,23.36 ,23.4 ,23.46 ,23.37 ,23.3 ,23.19 ,23.03 ,23.03 ,23.13 ,23.27 ,23.21 ,23.29 ,23.26 ,23.27 ,23.16 ,23.14 ,23.29 ,23.29 ,23.27 ,23.32 ,23.2 ,23.22 ,23.22 ,23.24 ,23.19 ,23.2 ,23.22 ,23.18 ,23.23 ,23.22 ,23.14 ,23.18 ,23.24 ,23.22 ,23.26 ,23.24 ,23.1 ,23.2 ,23.22 ,23.18 ,23.02 ,23.12 ,23.11 ,23.06 ,23.13 ,23.18 ,23.13 ,23.11 ,23.02 ,23.04 ,23.11 ,23.05 ,23.17 ,23 ,22.94 ,22.93 ,22.89 ,22.78 ,22.7 ,22.74 ,22.64 ,22.61 ,22.52 ,22.51 ,22.61 ,22.59 ,22.48 ,22.6 ,22.39 ,22.46 ,22.38 ,22.27 ,22.28 ,22.29 ,22.32 ,22.37 ,22.24 ,22.34 ,22.41 ,22.42 ,22.25 ,22.27 ,22.25 ,22.36 ,22.34 ,22.14 ,22.44 ,22.29 ,22.35 ,22.39 ,
13,22.88 ,22.78 ,22.77 ,22.85 ,22.85 ,22.89 ,22.83 ,22.81 ,22.87 ,22.92 ,22.82 ,22.83 ,22.93 ,22.87 ,22.96 ,22.97 ,23.05 ,23.3 ,23.36 ,23.32 ,23.2 ,23.4 ,23.5 ,23.36 ,23.37 ,23.32 ,23.39 ,23.34 ,23.39 ,23.42 ,23.41 ,23.39 ,23.38 ,23.38 ,23.35 ,23.31 ,23.14 ,23.08 ,22.99 ,22.88 ,23.01 ,23.19 ,23.28 ,23.27 ,23.37 ,23.44 ,23.56 ,23.56 ,23.48 ,23.47 ,23.43 ,23.42 ,23.42 ,23.42 ,23.39 ,23.5 ,23.56 ,23.48 ,23.47 ,23.48 ,23.36 ,23.32 ,23.45 ,23.43 ,23.44 ,23.5 ,23.56 ,23.58 ,23.57 ,23.44 ,23.43 ,23.41 ,23.45 ,23.46 ,23.52 ,23.55 ,23.54 ,23.51 ,23.43 ,23.33 ,23.41 ,23.36 ,23.34 ,23.38 ,23.59 ,23.49 ,23.55 ,23.56 ,23.49 ,23.49 ,23.52 ,23.56 ,23.43 ,23.4 ,23.46 ,23.57 ,23.5 ,23.5 ,23.45 ,23.47 ,23.51 ,23.55 ,23.57 ,23.62 ,23.61 ,23.59 ,23.64 ,23.51 ,23.59 ,23.56 ,23.57 ,23.57 ,23.54 ,23.54 ,23.58 ,23.6 ,23.63 ,23.65 ,23.59 ,23.59 ,23.49 ,23.49 ,23.59 ,23.59 ,23.62 ,23.63 ,23.65 ,23.62 ,23.58 ,23.6 ,23.6 ,23.62 ,23.59 ,23.55 ,23.65 ,23.6 ,23.65 ,23.64 ,23.7 ,23.65 ,23.65 ,23.68 ,23.65 ,23.45 ,23.55 ,23.69 ,23.64 ,23.7 ,23.66 ,23.73 ,23.72 ,23.61 ,23.51 ,23.55 ,23.58 ,23.51 ,23.61 ,23.6 ,23.64 ,23.6 ,23.69 ,23.66 ,23.6 ,23.65 ,23.75 ,23.65 ,23.63 ,23.7 ,23.64 ,23.7 ,23.68 ,23.67 ,23.61 ,23.67 ,23.71 ,23.63 ,23.6 ,23.62 ,23.49 ,23.54 ,23.54 ,23.49 ,23.56 ,23.54 ,23.59 ,23.55 ,23.6 ,23.55 ,23.56 ,23.61 ,23.58 ,23.56 ,23.58 ,23.54 ,23.52 ,23.48 ,23.48 ,23.57 ,23.56 ,23.51 ,23.52 ,23.47 ,23.52 ,23.57 ,23.62 ,23.68 ,23.68 ,23.69 ,23.69 ,23.73 ,23.71 ,23.72 ,23.79 ,23.66 ,23.75 ,23.74 ,23.7 ,23.75 ,23.72 ,23.71 ,23.71 ,23.73 ,23.74 ,23.74 ,23.81 ,23.77 ,23.66 ,23.64 ,23.68 ,23.72 ,23.75 ,23.77 ,23.83 ,23.78 ,23.74 ,23.68 ,23.73 ,23.74 ,23.74 ,23.72 ,23.78 ,23.91 ,23.86 ,23.75 ,23.76 ,23.79 ,23.75 ,23.73 ,23.66 ,23.73 ,23.86 ,23.82 ,23.84 ,23.81 ,23.78 ,23.84 ,23.79 ,23.79 ,23.78 ,23.78 ,23.8 ,23.76 ,23.82 ,23.86 ,23.79 ,23.78 ,23.78 ,23.8 ,23.8 ,23.77 ,23.7 ,23.65 ,23.64 ,23.64 ,23.66 ,23.64 ,23.63 ,23.77 ,23.79 ,23.8 ,23.83 ,23.75 ,23.77 ,23.82 ,23.85 ,23.82 ,23.77 ,23.75 ,23.75 ,23.78 ,23.73 ,23.8 ,23.74 ,23.65 ,23.55 ,23.76 ,23.85 ,23.81 ,23.79 ,23.78 ,23.76 ,23.71 ,23.71 ,23.68 ,23.76 ,23.79 ,23.72 ,23.7 ,23.75 ,23.7 ,23.72 ,23.71 ,23.64 ,23.61 ,23.67 ,23.67 ,23.56 ,23.61 ,23.59 ,23.65 ,23.55 ,23.53 ,23.57 ,23.55 ,23.45 ,23.46 ,23.48 ,23.53 ,23.54 ,23.52 ,23.5 ,23.44 ,23.41 ,23.44 ,23.49 ,23.48 ,23.54 ,23.71 ,23.69 ,23.6 ,23.53 ,23.51 ,23.39 ,23.51 ,23.55 ,23.58 ,23.64 ,23.59 ,23.56 ,23.45 ,23.46 ,23.57 ,23.56 ,23.55 ,23.51 ,23.5 ,23.53 ,23.59 ,23.54 ,23.55 ,23.53 ,23.56 ,23.63 ,23.56 ,23.66 ,23.63 ,23.49 ,23.43 ,23.55 ,23.61 ,23.63 ,23.6 ,23.68 ,23.63 ,23.54 ,23.54 ,23.46 ,23.56 ,23.53 ,23.54 ,23.59 ,23.58 ,23.46 ,23.51 ,23.56 ,23.61 ,23.59 ,23.5 ,23.48 ,23.48 ,23.46 ,23.47 ,23.46 ,23.42 ,23.41 ,23.51 ,23.56 ,23.53 ,23.53 ,23.45 ,23.55 ,23.59 ,23.48 ,23.49 ,23.67 ,23.65 ,23.57 ,23.58 ,23.73 ,23.79 ,23.74 ,23.6 ,23.68 ,23.74 ,23.67 ,23.63 ,23.61 ,23.58 ,23.66 ,23.65 ,23.64 ,23.65 ,23.68 ,23.7 ,23.64 ,23.6 ,23.59 ,23.61 ,23.71 ,23.65 ,23.7 ,23.75 ,23.64 ,23.61 ,23.7 ,23.73 ,23.74 ,23.66 ,23.66 ,23.73 ,23.68 ,23.64 ,23.61 ,23.53 ,23.58 ,23.61 ,23.65 ,23.63 ,23.59 ,23.62 ,23.6 ,23.61 ,23.7 ,23.76 ,23.68 ,23.68 ,23.67 ,23.66 ,23.63 ,23.62 ,23.66 ,23.64 ,23.63 ,23.57 ,23.61 ,23.66 ,23.6 ,23.56 ,23.54 ,23.59 ,23.72 ,23.67 ,23.63 ,23.7 ,23.69 ,23.67 ,23.62 ,23.59 ,23.56 ,23.63 ,23.64 ,23.68 ,23.59 ,23.61 ,23.52 ,23.58 ,23.63 ,23.55 ,23.61 ,23.64 ,23.58 ,23.6 ,23.53 ,23.56 ,23.56 ,23.62 ,23.6 ,23.56 ,23.47 ,23.5 ,23.57 ,23.57 ,23.55 ,23.5 ,23.44 ,23.47 ,23.46 ,23.56 ,23.58 ,23.58 ,23.56 ,23.52 ,23.51 ,23.58 ,23.48 ,23.34 ,23.38 ,23.37 ,23.42 ,23.47 ,23.46 ,23.45 ,23.44 ,23.5 ,23.43 ,23.37 ,23.36 ,23.41 ,23.44 ,23.39 ,23.3 ,23.37 ,23.51 ,23.48 ,23.42 ,23.5 ,23.6 ,23.6 ,23.59 ,23.5 ,23.38 ,23.45 ,23.44 ,23.45 ,23.41 ,23.37 ,23.28 ,23.41 ,23.47 ,23.34 ,23.33 ,23.39 ,23.37 ,23.39 ,23.25 ,23.23 ,23.14 ,23.13 ,23.18 ,23.19 ,23.31 ,23.29 ,23.19 ,23.22 ,23.31 ,23.23 ,23.26 ,23.26 ,23.34 ,23.32 ,23.15 ,23.26 ,23.31 ,23.25 ,23.23 ,23.2 ,23.14 ,23.22 ,23.36 ,23.26 ,23.15 ,23.17 ,23.29 ,23.14 ,23.17 ,23.24 ,23.14 ,23.12 ,23.16 ,23.15 ,23.29 ,23.21 ,23.13 ,23.07 ,23.19 ,23.12 ,23.08 ,23.13 ,23.13 ,23.05 ,23.07 ,23.12 ,23.17 ,23.12 ,23.03 ,23 ,22.99 ,22.87 ,22.89 ,22.82 ,22.64 ,22.59 ,22.5 ,22.52 ,22.62 ,22.55 ,22.53 ,22.51 ,22.44 ,22.35 ,22.46 ,22.37 ,22.42 ,22.33 ,22.35 ,22.36 ,22.28 ,22.41 ,22.44 ,22.52 ,22.42 ,22.39 ,22.38 ,22.45 ,22.37 ,22.27 ,22.3 ,22.35 ,22.37 ,22.32 ,
14,22.85 ,22.9 ,22.9 ,22.86 ,22.86 ,22.87 ,22.87 ,22.82 ,22.89 ,22.92 ,22.78 ,22.84 ,22.91 ,22.93 ,22.96 ,23.06 ,23.17 ,23.4 ,23.43 ,23.27 ,23.22 ,23.33 ,23.38 ,23.35 ,23.43 ,23.42 ,23.33 ,23.33 ,23.35 ,23.41 ,23.44 ,23.39 ,23.32 ,23.24 ,23.23 ,23.19 ,23.2 ,23.1 ,22.99 ,22.9 ,22.86 ,23.05 ,23.37 ,23.33 ,23.41 ,23.44 ,23.5 ,23.51 ,23.43 ,23.44 ,23.39 ,23.32 ,23.46 ,23.45 ,23.44 ,23.36 ,23.42 ,23.42 ,23.47 ,23.41 ,23.44 ,23.45 ,23.47 ,23.43 ,23.45 ,23.44 ,23.49 ,23.54 ,23.53 ,23.45 ,23.45 ,23.44 ,23.54 ,23.54 ,23.58 ,23.55 ,23.52 ,23.44 ,23.45 ,23.42 ,23.3 ,23.37 ,23.43 ,23.46 ,23.49 ,23.45 ,23.51 ,23.59 ,23.54 ,23.52 ,23.47 ,23.48 ,23.52 ,23.42 ,23.48 ,23.52 ,23.49 ,23.46 ,23.48 ,23.47 ,23.46 ,23.51 ,23.5 ,23.52 ,23.59 ,23.58 ,23.72 ,23.62 ,23.57 ,23.52 ,23.53 ,23.56 ,23.49 ,23.55 ,23.6 ,23.56 ,23.62 ,23.58 ,23.53 ,23.6 ,23.63 ,23.54 ,23.63 ,23.64 ,23.64 ,23.66 ,23.58 ,23.52 ,23.55 ,23.63 ,23.65 ,23.65 ,23.6 ,23.65 ,23.69 ,23.72 ,23.7 ,23.68 ,23.61 ,23.63 ,23.61 ,23.58 ,23.58 ,23.54 ,23.54 ,23.69 ,23.64 ,23.6 ,23.68 ,23.75 ,23.68 ,23.66 ,23.65 ,23.63 ,23.69 ,23.66 ,23.61 ,23.67 ,23.66 ,23.72 ,23.75 ,23.64 ,23.59 ,23.65 ,23.78 ,23.71 ,23.66 ,23.71 ,23.61 ,23.67 ,23.71 ,23.65 ,23.61 ,23.67 ,23.73 ,23.67 ,23.59 ,23.59 ,23.56 ,23.53 ,23.55 ,23.49 ,23.49 ,23.46 ,23.55 ,23.66 ,23.58 ,23.49 ,23.54 ,23.56 ,23.58 ,23.5 ,23.5 ,23.49 ,23.53 ,23.51 ,23.52 ,23.6 ,23.55 ,23.53 ,23.54 ,23.48 ,23.56 ,23.58 ,23.61 ,23.61 ,23.62 ,23.68 ,23.79 ,23.82 ,23.71 ,23.74 ,23.77 ,23.67 ,23.69 ,23.71 ,23.74 ,23.77 ,23.78 ,23.74 ,23.7 ,23.76 ,23.79 ,23.78 ,23.82 ,23.8 ,23.7 ,23.66 ,23.66 ,23.68 ,23.7 ,23.79 ,23.88 ,23.82 ,23.72 ,23.66 ,23.78 ,23.79 ,23.68 ,23.8 ,23.8 ,23.83 ,23.83 ,23.69 ,23.7 ,23.76 ,23.72 ,23.73 ,23.81 ,23.79 ,23.84 ,23.78 ,23.82 ,23.86 ,23.85 ,23.85 ,23.81 ,23.75 ,23.71 ,23.73 ,23.77 ,23.83 ,23.8 ,23.88 ,23.85 ,23.79 ,23.8 ,23.79 ,23.87 ,23.72 ,23.63 ,23.67 ,23.68 ,23.68 ,23.67 ,23.64 ,23.65 ,23.73 ,23.77 ,23.77 ,23.87 ,23.78 ,23.78 ,23.83 ,23.84 ,23.79 ,23.79 ,23.76 ,23.78 ,23.78 ,23.8 ,23.75 ,23.72 ,23.64 ,23.56 ,23.7 ,23.79 ,23.81 ,23.76 ,23.7 ,23.74 ,23.72 ,23.73 ,23.73 ,23.75 ,23.79 ,23.74 ,23.79 ,23.79 ,23.78 ,23.72 ,23.73 ,23.69 ,23.6 ,23.62 ,23.67 ,23.59 ,23.55 ,23.51 ,23.57 ,23.58 ,23.61 ,23.6 ,23.52 ,23.48 ,23.45 ,23.52 ,23.55 ,23.54 ,23.46 ,23.51 ,23.47 ,23.32 ,23.34 ,23.43 ,23.56 ,23.57 ,23.68 ,23.68 ,23.55 ,23.57 ,23.56 ,23.48 ,23.51 ,23.59 ,23.57 ,23.62 ,23.62 ,23.53 ,23.52 ,23.53 ,23.56 ,23.58 ,23.53 ,23.45 ,23.5 ,23.48 ,23.48 ,23.53 ,23.55 ,23.58 ,23.59 ,23.64 ,23.59 ,23.62 ,23.64 ,23.51 ,23.45 ,23.59 ,23.64 ,23.65 ,23.59 ,23.64 ,23.57 ,23.53 ,23.6 ,23.56 ,23.58 ,23.56 ,23.53 ,23.59 ,23.6 ,23.56 ,23.59 ,23.53 ,23.55 ,23.63 ,23.55 ,23.47 ,23.46 ,23.44 ,23.42 ,23.5 ,23.58 ,23.43 ,23.48 ,23.6 ,23.52 ,23.58 ,23.52 ,23.45 ,23.56 ,23.51 ,23.51 ,23.57 ,23.72 ,23.64 ,23.59 ,23.68 ,23.66 ,23.64 ,23.63 ,23.69 ,23.72 ,23.66 ,23.67 ,23.65 ,23.63 ,23.62 ,23.67 ,23.62 ,23.65 ,23.7 ,23.71 ,23.62 ,23.59 ,23.52 ,23.56 ,23.6 ,23.62 ,23.64 ,23.71 ,23.71 ,23.6 ,23.7 ,23.76 ,23.65 ,23.65 ,23.68 ,23.74 ,23.76 ,23.67 ,23.63 ,23.57 ,23.68 ,23.65 ,23.63 ,23.64 ,23.51 ,23.66 ,23.61 ,23.61 ,23.64 ,23.72 ,23.69 ,23.65 ,23.63 ,23.57 ,23.61 ,23.63 ,23.69 ,23.7 ,23.69 ,23.56 ,23.56 ,23.65 ,23.66 ,23.61 ,23.52 ,23.62 ,23.58 ,23.57 ,23.56 ,23.64 ,23.67 ,23.66 ,23.63 ,23.65 ,23.62 ,23.6 ,23.66 ,23.69 ,23.64 ,23.66 ,23.56 ,23.55 ,23.56 ,23.54 ,23.5 ,23.56 ,23.62 ,23.58 ,23.54 ,23.53 ,23.45 ,23.62 ,23.63 ,23.47 ,23.5 ,23.59 ,23.65 ,23.54 ,23.55 ,23.45 ,23.52 ,23.55 ,23.44 ,23.53 ,23.5 ,23.64 ,23.65 ,23.61 ,23.53 ,23.55 ,23.5 ,23.34 ,23.35 ,23.49 ,23.4 ,23.46 ,23.46 ,23.46 ,23.43 ,23.5 ,23.47 ,23.37 ,23.38 ,23.42 ,23.31 ,23.29 ,23.3 ,23.36 ,23.54 ,23.53 ,23.5 ,23.45 ,23.6 ,23.58 ,23.61 ,23.5 ,23.37 ,23.46 ,23.45 ,23.46 ,23.46 ,23.44 ,23.39 ,23.48 ,23.39 ,23.34 ,23.33 ,23.35 ,23.31 ,23.33 ,23.36 ,23.25 ,23.2 ,23.09 ,23.21 ,23.26 ,23.28 ,23.35 ,23.19 ,23.18 ,23.26 ,23.22 ,23.25 ,23.2 ,23.28 ,23.24 ,23.15 ,23.23 ,23.23 ,23.24 ,23.17 ,23.21 ,23.21 ,23.12 ,23.26 ,23.26 ,23.09 ,23.11 ,23.17 ,23.22 ,23.16 ,23.3 ,23.27 ,23.14 ,23.16 ,23.05 ,23.24 ,23.21 ,23.1 ,23.15 ,23.26 ,23.12 ,23.12 ,23.19 ,23.11 ,23.06 ,23.15 ,23.14 ,23.05 ,23.09 ,23.01 ,23.01 ,23.04 ,22.87 ,22.9 ,22.83 ,22.73 ,22.61 ,22.6 ,22.6 ,22.53 ,22.58 ,22.55 ,22.55 ,22.51 ,22.4 ,22.32 ,22.42 ,22.55 ,22.47 ,22.36 ,22.4 ,22.46 ,22.5 ,22.38 ,22.45 ,22.49 ,22.51 ,22.42 ,22.39 ,22.39 ,22.38 ,22.3 ,22.4 ,22.42 ,22.37 ,
15,22.83 ,22.82 ,22.86 ,22.81 ,22.84 ,22.94 ,22.85 ,22.8 ,22.78 ,22.84 ,22.78 ,22.82 ,22.86 ,22.89 ,22.98 ,23.07 ,23.19 ,23.37 ,23.45 ,23.35 ,23.28 ,23.35 ,23.43 ,23.3 ,23.47 ,23.49 ,23.4 ,23.41 ,23.45 ,23.5 ,23.5 ,23.44 ,23.3 ,23.26 ,23.18 ,23.12 ,23.11 ,23.04 ,22.97 ,23.01 ,22.94 ,22.99 ,23.28 ,23.29 ,23.36 ,23.39 ,23.45 ,23.49 ,23.5 ,23.48 ,23.42 ,23.3 ,23.47 ,23.45 ,23.38 ,23.34 ,23.31 ,23.4 ,23.48 ,23.4 ,23.44 ,23.6 ,23.5 ,23.44 ,23.58 ,23.51 ,23.48 ,23.45 ,23.34 ,23.42 ,23.47 ,23.43 ,23.49 ,23.56 ,23.57 ,23.57 ,23.49 ,23.4 ,23.36 ,23.36 ,23.4 ,23.36 ,23.42 ,23.57 ,23.51 ,23.49 ,23.53 ,23.56 ,23.5 ,23.48 ,23.51 ,23.51 ,23.57 ,23.5 ,23.45 ,23.53 ,23.49 ,23.37 ,23.41 ,23.54 ,23.47 ,23.57 ,23.62 ,23.55 ,23.58 ,23.61 ,23.57 ,23.59 ,23.6 ,23.55 ,23.59 ,23.63 ,23.57 ,23.55 ,23.59 ,23.63 ,23.54 ,23.56 ,23.59 ,23.72 ,23.75 ,23.64 ,23.61 ,23.64 ,23.68 ,23.58 ,23.55 ,23.6 ,23.59 ,23.6 ,23.64 ,23.72 ,23.67 ,23.61 ,23.63 ,23.64 ,23.61 ,23.7 ,23.69 ,23.66 ,23.61 ,23.62 ,23.61 ,23.56 ,23.63 ,23.68 ,23.68 ,23.66 ,23.64 ,23.68 ,23.67 ,23.65 ,23.7 ,23.64 ,23.7 ,23.74 ,23.62 ,23.63 ,23.68 ,23.7 ,23.66 ,23.68 ,23.67 ,23.67 ,23.71 ,23.68 ,23.63 ,23.69 ,23.64 ,23.69 ,23.69 ,23.64 ,23.62 ,23.6 ,23.66 ,23.63 ,23.58 ,23.58 ,23.6 ,23.47 ,23.55 ,23.51 ,23.5 ,23.43 ,23.51 ,23.59 ,23.51 ,23.51 ,23.47 ,23.51 ,23.59 ,23.53 ,23.55 ,23.56 ,23.55 ,23.59 ,23.55 ,23.56 ,23.53 ,23.51 ,23.53 ,23.48 ,23.58 ,23.61 ,23.55 ,23.7 ,23.61 ,23.67 ,23.71 ,23.79 ,23.78 ,23.82 ,23.8 ,23.69 ,23.63 ,23.63 ,23.63 ,23.72 ,23.82 ,23.82 ,23.8 ,23.81 ,23.79 ,23.77 ,23.8 ,23.75 ,23.71 ,23.68 ,23.71 ,23.66 ,23.72 ,23.78 ,23.79 ,23.75 ,23.69 ,23.66 ,23.74 ,23.82 ,23.84 ,23.78 ,23.78 ,23.81 ,23.85 ,23.76 ,23.78 ,23.76 ,23.68 ,23.68 ,23.87 ,23.82 ,23.75 ,23.76 ,23.78 ,23.89 ,23.85 ,23.77 ,23.85 ,23.85 ,23.76 ,23.81 ,23.79 ,23.84 ,23.81 ,23.85 ,23.89 ,23.87 ,23.84 ,23.82 ,23.75 ,23.72 ,23.64 ,23.76 ,23.76 ,23.8 ,23.73 ,23.72 ,23.79 ,23.8 ,23.72 ,23.7 ,23.86 ,23.85 ,23.81 ,23.84 ,23.79 ,23.82 ,23.87 ,23.85 ,23.7 ,23.71 ,23.82 ,23.73 ,23.74 ,23.65 ,23.55 ,23.7 ,23.69 ,23.82 ,23.84 ,23.72 ,23.73 ,23.75 ,23.77 ,23.77 ,23.77 ,23.77 ,23.74 ,23.69 ,23.73 ,23.72 ,23.81 ,23.84 ,23.74 ,23.64 ,23.62 ,23.55 ,23.51 ,23.44 ,23.46 ,23.55 ,23.6 ,23.63 ,23.51 ,23.53 ,23.55 ,23.54 ,23.49 ,23.54 ,23.51 ,23.42 ,23.4 ,23.47 ,23.39 ,23.41 ,23.6 ,23.6 ,23.68 ,23.66 ,23.66 ,23.63 ,23.51 ,23.51 ,23.54 ,23.53 ,23.49 ,23.5 ,23.53 ,23.54 ,23.54 ,23.54 ,23.46 ,23.46 ,23.55 ,23.61 ,23.55 ,23.55 ,23.52 ,23.53 ,23.56 ,23.57 ,23.62 ,23.68 ,23.57 ,23.53 ,23.6 ,23.71 ,23.68 ,23.63 ,23.68 ,23.71 ,23.64 ,23.6 ,23.59 ,23.57 ,23.51 ,23.62 ,23.62 ,23.63 ,23.61 ,23.59 ,23.57 ,23.55 ,23.55 ,23.56 ,23.53 ,23.45 ,23.54 ,23.54 ,23.45 ,23.44 ,23.43 ,23.43 ,23.48 ,23.6 ,23.56 ,23.47 ,23.51 ,23.52 ,23.54 ,23.49 ,23.46 ,23.49 ,23.53 ,23.53 ,23.51 ,23.6 ,23.62 ,23.58 ,23.65 ,23.66 ,23.67 ,23.67 ,23.62 ,23.6 ,23.54 ,23.65 ,23.64 ,23.58 ,23.62 ,23.73 ,23.66 ,23.69 ,23.7 ,23.68 ,23.61 ,23.67 ,23.58 ,23.64 ,23.61 ,23.58 ,23.55 ,23.61 ,23.6 ,23.61 ,23.63 ,23.72 ,23.67 ,23.7 ,23.74 ,23.6 ,23.61 ,23.74 ,23.66 ,23.62 ,23.64 ,23.6 ,23.58 ,23.63 ,23.53 ,23.65 ,23.71 ,23.62 ,23.65 ,23.67 ,23.64 ,23.63 ,23.62 ,23.64 ,23.65 ,23.7 ,23.68 ,23.74 ,23.69 ,23.61 ,23.54 ,23.63 ,23.59 ,23.64 ,23.53 ,23.61 ,23.66 ,23.59 ,23.59 ,23.64 ,23.68 ,23.65 ,23.69 ,23.66 ,23.63 ,23.59 ,23.6 ,23.7 ,23.62 ,23.79 ,23.63 ,23.57 ,23.63 ,23.65 ,23.52 ,23.55 ,23.66 ,23.66 ,23.58 ,23.58 ,23.53 ,23.62 ,23.63 ,23.52 ,23.55 ,23.63 ,23.61 ,23.62 ,23.58 ,23.45 ,23.61 ,23.57 ,23.48 ,23.55 ,23.48 ,23.55 ,23.52 ,23.51 ,23.53 ,23.5 ,23.44 ,23.35 ,23.34 ,23.38 ,23.43 ,23.52 ,23.53 ,23.56 ,23.48 ,23.48 ,23.43 ,23.36 ,23.38 ,23.54 ,23.47 ,23.36 ,23.35 ,23.43 ,23.46 ,23.47 ,23.51 ,23.53 ,23.5 ,23.51 ,23.51 ,23.44 ,23.41 ,23.41 ,23.5 ,23.52 ,23.52 ,23.44 ,23.45 ,23.48 ,23.45 ,23.37 ,23.34 ,23.36 ,23.37 ,23.28 ,23.4 ,23.36 ,23.22 ,23.1 ,23.15 ,23.32 ,23.24 ,23.28 ,23.3 ,23.24 ,23.25 ,23.18 ,23.23 ,23.2 ,23.18 ,23.21 ,23.19 ,23.27 ,23.24 ,23.2 ,23.22 ,23.15 ,23.16 ,23.11 ,23.14 ,23.22 ,23.09 ,23.07 ,23.11 ,23.21 ,23.16 ,23.08 ,23.14 ,23.16 ,23.07 ,23.05 ,23.1 ,23.14 ,23.09 ,23.14 ,23.14 ,23.05 ,23.08 ,23.16 ,23.13 ,23.14 ,23.21 ,23.06 ,22.92 ,22.98 ,22.86 ,22.87 ,22.89 ,22.88 ,22.89 ,22.88 ,22.74 ,22.67 ,22.6 ,22.65 ,22.58 ,22.68 ,22.7 ,22.61 ,22.46 ,22.36 ,22.43 ,22.53 ,22.62 ,22.58 ,22.49 ,22.55 ,22.5 ,22.56 ,22.49 ,22.42 ,22.56 ,22.56 ,22.49 ,22.42 ,22.46 ,22.34 ,22.42 ,22.51 ,22.53 ,22.51 ,
16,22.82 ,22.78 ,22.85 ,22.87 ,22.83 ,22.84 ,22.91 ,22.86 ,22.91 ,22.89 ,22.88 ,22.95 ,22.95 ,22.86 ,22.98 ,23.1 ,23.17 ,23.43 ,23.41 ,23.37 ,23.34 ,23.43 ,23.51 ,23.46 ,23.39 ,23.4 ,23.47 ,23.47 ,23.45 ,23.52 ,23.55 ,23.46 ,23.3 ,23.28 ,23.24 ,23.14 ,23.03 ,22.98 ,23 ,22.94 ,23.01 ,23.11 ,23.24 ,23.37 ,23.38 ,23.43 ,23.41 ,23.5 ,23.42 ,23.45 ,23.45 ,23.43 ,23.46 ,23.51 ,23.46 ,23.5 ,23.51 ,23.4 ,23.37 ,23.37 ,23.46 ,23.66 ,23.48 ,23.49 ,23.57 ,23.46 ,23.47 ,23.46 ,23.24 ,23.28 ,23.36 ,23.36 ,23.48 ,23.52 ,23.44 ,23.48 ,23.51 ,23.39 ,23.38 ,23.34 ,23.4 ,23.43 ,23.45 ,23.44 ,23.47 ,23.49 ,23.52 ,23.52 ,23.47 ,23.47 ,23.48 ,23.47 ,23.52 ,23.61 ,23.54 ,23.53 ,23.56 ,23.39 ,23.4 ,23.55 ,23.57 ,23.59 ,23.64 ,23.64 ,23.63 ,23.58 ,23.52 ,23.58 ,23.61 ,23.55 ,23.54 ,23.59 ,23.58 ,23.55 ,23.51 ,23.52 ,23.52 ,23.59 ,23.71 ,23.69 ,23.7 ,23.64 ,23.63 ,23.66 ,23.69 ,23.55 ,23.56 ,23.67 ,23.61 ,23.65 ,23.59 ,23.68 ,23.66 ,23.71 ,23.68 ,23.67 ,23.6 ,23.59 ,23.67 ,23.71 ,23.67 ,23.64 ,23.63 ,23.56 ,23.65 ,23.7 ,23.66 ,23.66 ,23.69 ,23.6 ,23.62 ,23.72 ,23.66 ,23.61 ,23.66 ,23.72 ,23.65 ,23.66 ,23.63 ,23.67 ,23.63 ,23.65 ,23.66 ,23.57 ,23.63 ,23.61 ,23.58 ,23.69 ,23.67 ,23.71 ,23.69 ,23.53 ,23.54 ,23.56 ,23.58 ,23.6 ,23.5 ,23.53 ,23.51 ,23.49 ,23.52 ,23.58 ,23.53 ,23.49 ,23.43 ,23.57 ,23.52 ,23.52 ,23.47 ,23.46 ,23.55 ,23.54 ,23.6 ,23.62 ,23.54 ,23.56 ,23.59 ,23.68 ,23.53 ,23.54 ,23.68 ,23.62 ,23.62 ,23.73 ,23.63 ,23.71 ,23.71 ,23.69 ,23.67 ,23.7 ,23.67 ,23.77 ,23.75 ,23.72 ,23.68 ,23.63 ,23.7 ,23.68 ,23.8 ,23.78 ,23.71 ,23.74 ,23.77 ,23.74 ,23.82 ,23.77 ,23.71 ,23.75 ,23.79 ,23.78 ,23.73 ,23.76 ,23.84 ,23.72 ,23.64 ,23.74 ,23.75 ,23.75 ,23.75 ,23.76 ,23.72 ,23.78 ,23.91 ,23.8 ,23.81 ,23.79 ,23.73 ,23.66 ,23.77 ,23.79 ,23.73 ,23.79 ,23.88 ,23.85 ,23.84 ,23.78 ,23.83 ,23.91 ,23.86 ,23.8 ,23.72 ,23.78 ,23.86 ,23.77 ,23.86 ,23.9 ,23.85 ,23.84 ,23.78 ,23.69 ,23.72 ,23.75 ,23.7 ,23.76 ,23.73 ,23.68 ,23.77 ,23.81 ,23.79 ,23.77 ,23.8 ,23.83 ,23.83 ,23.84 ,23.78 ,23.79 ,23.87 ,23.81 ,23.67 ,23.73 ,23.83 ,23.77 ,23.77 ,23.72 ,23.56 ,23.68 ,23.74 ,23.78 ,23.79 ,23.7 ,23.71 ,23.74 ,23.77 ,23.82 ,23.77 ,23.78 ,23.82 ,23.67 ,23.68 ,23.73 ,23.84 ,23.8 ,23.71 ,23.64 ,23.66 ,23.56 ,23.47 ,23.43 ,23.5 ,23.52 ,23.57 ,23.53 ,23.52 ,23.46 ,23.47 ,23.49 ,23.49 ,23.58 ,23.52 ,23.41 ,23.45 ,23.36 ,23.36 ,23.57 ,23.65 ,23.62 ,23.65 ,23.62 ,23.66 ,23.67 ,23.6 ,23.5 ,23.48 ,23.59 ,23.5 ,23.52 ,23.43 ,23.49 ,23.54 ,23.55 ,23.45 ,23.52 ,23.54 ,23.55 ,23.61 ,23.61 ,23.59 ,23.56 ,23.51 ,23.54 ,23.62 ,23.72 ,23.6 ,23.44 ,23.63 ,23.66 ,23.63 ,23.64 ,23.69 ,23.68 ,23.68 ,23.6 ,23.55 ,23.65 ,23.57 ,23.59 ,23.64 ,23.58 ,23.65 ,23.68 ,23.6 ,23.57 ,23.51 ,23.53 ,23.51 ,23.44 ,23.46 ,23.53 ,23.49 ,23.46 ,23.4 ,23.48 ,23.49 ,23.48 ,23.55 ,23.57 ,23.54 ,23.5 ,23.48 ,23.43 ,23.44 ,23.54 ,23.5 ,23.51 ,23.58 ,23.52 ,23.55 ,23.65 ,23.69 ,23.66 ,23.76 ,23.67 ,23.57 ,23.57 ,23.6 ,23.59 ,23.7 ,23.67 ,23.64 ,23.73 ,23.74 ,23.62 ,23.65 ,23.73 ,23.57 ,23.66 ,23.71 ,23.73 ,23.74 ,23.67 ,23.58 ,23.66 ,23.69 ,23.67 ,23.64 ,23.71 ,23.73 ,23.71 ,23.66 ,23.59 ,23.61 ,23.72 ,23.75 ,23.62 ,23.6 ,23.58 ,23.53 ,23.61 ,23.57 ,23.64 ,23.66 ,23.7 ,23.65 ,23.63 ,23.59 ,23.69 ,23.66 ,23.62 ,23.62 ,23.67 ,23.68 ,23.71 ,23.66 ,23.61 ,23.59 ,23.61 ,23.52 ,23.6 ,23.55 ,23.53 ,23.6 ,23.66 ,23.57 ,23.67 ,23.7 ,23.6 ,23.64 ,23.66 ,23.66 ,23.62 ,23.62 ,23.62 ,23.58 ,23.66 ,23.65 ,23.58 ,23.58 ,23.67 ,23.66 ,23.6 ,23.64 ,23.74 ,23.65 ,23.56 ,23.54 ,23.63 ,23.62 ,23.55 ,23.53 ,23.61 ,23.44 ,23.57 ,23.61 ,23.49 ,23.54 ,23.63 ,23.54 ,23.54 ,23.5 ,23.55 ,23.46 ,23.39 ,23.5 ,23.55 ,23.5 ,23.4 ,23.33 ,23.28 ,23.35 ,23.47 ,23.42 ,23.43 ,23.49 ,23.55 ,23.5 ,23.37 ,23.44 ,23.45 ,23.47 ,23.42 ,23.29 ,23.38 ,23.44 ,23.5 ,23.51 ,23.54 ,23.46 ,23.48 ,23.43 ,23.45 ,23.47 ,23.46 ,23.51 ,23.58 ,23.47 ,23.44 ,23.38 ,23.42 ,23.37 ,23.36 ,23.32 ,23.36 ,23.41 ,23.36 ,23.38 ,23.37 ,23.35 ,23.25 ,23.13 ,23.18 ,23.2 ,23.2 ,23.21 ,23.22 ,23.3 ,23.26 ,23.24 ,23.36 ,23.33 ,23.27 ,23.23 ,23.23 ,23.25 ,23.22 ,23.26 ,23.22 ,23.12 ,23.16 ,23.24 ,23.21 ,23.13 ,23.11 ,23.17 ,23.23 ,23.23 ,23.13 ,23.13 ,23.16 ,23.2 ,23.05 ,23.01 ,23.06 ,23.2 ,23.29 ,23.12 ,23.11 ,23.01 ,23.08 ,23.13 ,23.1 ,23.15 ,23.05 ,22.99 ,23.01 ,22.94 ,22.85 ,22.88 ,22.84 ,22.9 ,22.92 ,22.85 ,22.72 ,22.68 ,22.73 ,22.7 ,22.73 ,22.74 ,22.66 ,22.52 ,22.48 ,22.46 ,22.53 ,22.7 ,22.62 ,22.54 ,22.62 ,22.62 ,22.65 ,22.6 ,22.59 ,22.58 ,22.64 ,22.65 ,22.7 ,22.56 ,22.48 ,22.59 ,22.56 ,22.43 ,22.35 ,
17,22.9 ,22.75 ,22.94 ,23.03 ,22.93 ,22.8 ,22.84 ,22.94 ,22.96 ,22.9 ,22.86 ,22.99 ,23.01 ,22.99 ,23.06 ,23.09 ,23.2 ,23.38 ,23.44 ,23.35 ,23.36 ,23.29 ,23.4 ,23.49 ,23.44 ,23.41 ,23.49 ,23.48 ,23.45 ,23.48 ,23.49 ,23.38 ,23.21 ,23.2 ,23.18 ,23.16 ,23.02 ,22.99 ,23.03 ,23.01 ,22.99 ,23.18 ,23.32 ,23.41 ,23.51 ,23.45 ,23.43 ,23.49 ,23.45 ,23.36 ,23.38 ,23.46 ,23.46 ,23.5 ,23.4 ,23.42 ,23.48 ,23.42 ,23.34 ,23.42 ,23.48 ,23.49 ,23.44 ,23.5 ,23.55 ,23.43 ,23.41 ,23.49 ,23.46 ,23.5 ,23.31 ,23.27 ,23.43 ,23.47 ,23.46 ,23.46 ,23.51 ,23.44 ,23.37 ,23.38 ,23.45 ,23.43 ,23.42 ,23.39 ,23.46 ,23.51 ,23.5 ,23.54 ,23.49 ,23.51 ,23.57 ,23.63 ,23.58 ,23.57 ,23.5 ,23.5 ,23.5 ,23.57 ,23.54 ,23.49 ,23.54 ,23.54 ,23.52 ,23.53 ,23.61 ,23.59 ,23.46 ,23.43 ,23.58 ,23.54 ,23.59 ,23.53 ,23.54 ,23.52 ,23.56 ,23.6 ,23.61 ,23.53 ,23.65 ,23.65 ,23.62 ,23.61 ,23.57 ,23.62 ,23.73 ,23.62 ,23.58 ,23.62 ,23.55 ,23.6 ,23.71 ,23.67 ,23.6 ,23.64 ,23.7 ,23.7 ,23.67 ,23.62 ,23.68 ,23.66 ,23.74 ,23.71 ,23.56 ,23.56 ,23.64 ,23.76 ,23.63 ,23.6 ,23.69 ,23.65 ,23.64 ,23.69 ,23.66 ,23.65 ,23.66 ,23.63 ,23.6 ,23.64 ,23.65 ,23.7 ,23.66 ,23.66 ,23.73 ,23.67 ,23.7 ,23.68 ,23.73 ,23.69 ,23.55 ,23.57 ,23.63 ,23.49 ,23.46 ,23.53 ,23.61 ,23.6 ,23.56 ,23.52 ,23.54 ,23.57 ,23.53 ,23.56 ,23.55 ,23.51 ,23.57 ,23.58 ,23.65 ,23.52 ,23.48 ,23.41 ,23.51 ,23.5 ,23.55 ,23.63 ,23.55 ,23.65 ,23.76 ,23.77 ,23.66 ,23.65 ,23.73 ,23.74 ,23.72 ,23.74 ,23.75 ,23.72 ,23.67 ,23.72 ,23.73 ,23.79 ,23.72 ,23.77 ,23.77 ,23.73 ,23.68 ,23.71 ,23.78 ,23.78 ,23.74 ,23.87 ,23.79 ,23.77 ,23.78 ,23.78 ,23.88 ,23.8 ,23.76 ,23.74 ,23.75 ,23.79 ,23.77 ,23.75 ,23.77 ,23.7 ,23.7 ,23.83 ,23.86 ,23.76 ,23.63 ,23.68 ,23.66 ,23.75 ,23.85 ,23.73 ,23.76 ,23.8 ,23.71 ,23.68 ,23.79 ,23.83 ,23.81 ,23.79 ,23.85 ,23.8 ,23.8 ,23.83 ,23.85 ,23.88 ,23.84 ,23.82 ,23.81 ,23.83 ,23.87 ,23.82 ,23.83 ,23.9 ,23.87 ,23.86 ,23.87 ,23.78 ,23.73 ,23.77 ,23.72 ,23.8 ,23.71 ,23.69 ,23.75 ,23.79 ,23.83 ,23.88 ,23.86 ,23.92 ,23.94 ,23.8 ,23.83 ,23.87 ,23.84 ,23.78 ,23.81 ,23.86 ,23.81 ,23.74 ,23.75 ,23.77 ,23.67 ,23.63 ,23.74 ,23.79 ,23.77 ,23.69 ,23.74 ,23.81 ,23.8 ,23.78 ,23.76 ,23.82 ,23.82 ,23.73 ,23.77 ,23.8 ,23.84 ,23.79 ,23.56 ,23.57 ,23.61 ,23.57 ,23.56 ,23.54 ,23.56 ,23.49 ,23.59 ,23.62 ,23.58 ,23.51 ,23.48 ,23.5 ,23.53 ,23.53 ,23.45 ,23.4 ,23.51 ,23.47 ,23.47 ,23.56 ,23.61 ,23.52 ,23.59 ,23.6 ,23.71 ,23.64 ,23.59 ,23.53 ,23.45 ,23.53 ,23.48 ,23.55 ,23.49 ,23.49 ,23.52 ,23.52 ,23.55 ,23.5 ,23.53 ,23.51 ,23.55 ,23.53 ,23.56 ,23.57 ,23.48 ,23.48 ,23.54 ,23.65 ,23.74 ,23.49 ,23.55 ,23.58 ,23.55 ,23.54 ,23.58 ,23.67 ,23.66 ,23.65 ,23.58 ,23.61 ,23.52 ,23.57 ,23.54 ,23.61 ,23.69 ,23.77 ,23.67 ,23.63 ,23.62 ,23.56 ,23.45 ,23.47 ,23.52 ,23.54 ,23.54 ,23.48 ,23.49 ,23.49 ,23.53 ,23.49 ,23.53 ,23.53 ,23.51 ,23.51 ,23.48 ,23.49 ,23.44 ,23.53 ,23.49 ,23.52 ,23.53 ,23.56 ,23.56 ,23.61 ,23.66 ,23.73 ,23.69 ,23.58 ,23.63 ,23.63 ,23.55 ,23.63 ,23.67 ,23.71 ,23.63 ,23.71 ,23.7 ,23.64 ,23.58 ,23.65 ,23.62 ,23.66 ,23.7 ,23.7 ,23.69 ,23.68 ,23.61 ,23.66 ,23.71 ,23.65 ,23.73 ,23.78 ,23.76 ,23.8 ,23.67 ,23.67 ,23.63 ,23.66 ,23.72 ,23.68 ,23.61 ,23.7 ,23.59 ,23.57 ,23.56 ,23.64 ,23.66 ,23.74 ,23.71 ,23.59 ,23.6 ,23.72 ,23.64 ,23.59 ,23.66 ,23.69 ,23.66 ,23.66 ,23.55 ,23.63 ,23.65 ,23.69 ,23.53 ,23.64 ,23.58 ,23.58 ,23.58 ,23.68 ,23.74 ,23.73 ,23.69 ,23.68 ,23.69 ,23.69 ,23.66 ,23.62 ,23.6 ,23.64 ,23.63 ,23.63 ,23.55 ,23.6 ,23.62 ,23.57 ,23.6 ,23.69 ,23.61 ,23.6 ,23.65 ,23.55 ,23.5 ,23.56 ,23.61 ,23.59 ,23.54 ,23.58 ,23.46 ,23.54 ,23.67 ,23.6 ,23.54 ,23.66 ,23.59 ,23.57 ,23.52 ,23.54 ,23.53 ,23.51 ,23.46 ,23.56 ,23.54 ,23.49 ,23.42 ,23.33 ,23.31 ,23.47 ,23.51 ,23.42 ,23.36 ,23.49 ,23.47 ,23.46 ,23.44 ,23.44 ,23.5 ,23.45 ,23.35 ,23.41 ,23.46 ,23.64 ,23.65 ,23.56 ,23.49 ,23.54 ,23.51 ,23.5 ,23.54 ,23.55 ,23.55 ,23.58 ,23.52 ,23.45 ,23.38 ,23.39 ,23.34 ,23.39 ,23.39 ,23.41 ,23.35 ,23.34 ,23.43 ,23.34 ,23.27 ,23.33 ,23.3 ,23.26 ,23.26 ,23.25 ,23.28 ,23.26 ,23.41 ,23.29 ,23.25 ,23.32 ,23.41 ,23.25 ,23.12 ,23.15 ,23.15 ,23.17 ,23.21 ,23.18 ,23.15 ,23.2 ,23.28 ,23.29 ,23.17 ,23.12 ,23.17 ,23.2 ,23.25 ,23.17 ,23.17 ,23.16 ,23.19 ,23.22 ,23.1 ,23.07 ,23.19 ,23.3 ,23.17 ,23.21 ,23.19 ,23.06 ,23.1 ,23.05 ,23.09 ,23.05 ,23.12 ,23.1 ,23.04 ,22.93 ,22.93 ,22.8 ,22.8 ,22.96 ,22.97 ,22.84 ,22.71 ,22.71 ,22.65 ,22.71 ,22.67 ,22.74 ,22.61 ,22.58 ,22.7 ,22.66 ,22.77 ,22.71 ,22.62 ,22.73 ,22.67 ,22.74 ,22.71 ,22.64 ,22.61 ,22.67 ,22.77 ,22.77 ,22.63 ,22.59 ,22.82 ,22.5 ,22.46 ,22.41 ,
18,22.96 ,22.81 ,22.79 ,22.96 ,22.87 ,22.79 ,22.87 ,22.87 ,22.91 ,22.9 ,22.93 ,22.99 ,23.08 ,23.01 ,23.11 ,23.15 ,23.26 ,23.45 ,23.44 ,23.43 ,23.32 ,23.38 ,23.4 ,23.38 ,23.39 ,23.36 ,23.41 ,23.48 ,23.39 ,23.39 ,23.43 ,23.32 ,23.23 ,23.19 ,23.18 ,23.05 ,23.02 ,23.01 ,23.06 ,23.05 ,23.01 ,23.13 ,23.27 ,23.39 ,23.43 ,23.4 ,23.45 ,23.54 ,23.49 ,23.51 ,23.45 ,23.45 ,23.42 ,23.46 ,23.38 ,23.41 ,23.45 ,23.34 ,23.38 ,23.37 ,23.44 ,23.49 ,23.47 ,23.44 ,23.51 ,23.53 ,23.49 ,23.45 ,23.39 ,23.43 ,23.45 ,23.34 ,23.4 ,23.44 ,23.43 ,23.42 ,23.5 ,23.51 ,23.4 ,23.34 ,23.43 ,23.42 ,23.35 ,23.38 ,23.43 ,23.58 ,23.57 ,23.53 ,23.51 ,23.52 ,23.5 ,23.59 ,23.55 ,23.49 ,23.43 ,23.53 ,23.51 ,23.5 ,23.55 ,23.53 ,23.56 ,23.54 ,23.47 ,23.55 ,23.62 ,23.6 ,23.63 ,23.42 ,23.52 ,23.59 ,23.61 ,23.62 ,23.58 ,23.5 ,23.51 ,23.66 ,23.59 ,23.48 ,23.58 ,23.66 ,23.64 ,23.71 ,23.58 ,23.64 ,23.74 ,23.67 ,23.61 ,23.66 ,23.62 ,23.58 ,23.66 ,23.77 ,23.72 ,23.66 ,23.68 ,23.63 ,23.66 ,23.63 ,23.64 ,23.6 ,23.6 ,23.62 ,23.6 ,23.59 ,23.67 ,23.71 ,23.64 ,23.55 ,23.66 ,23.68 ,23.61 ,23.68 ,23.66 ,23.58 ,23.63 ,23.62 ,23.57 ,23.57 ,23.67 ,23.72 ,23.76 ,23.66 ,23.66 ,23.6 ,23.67 ,23.68 ,23.64 ,23.61 ,23.5 ,23.52 ,23.52 ,23.47 ,23.54 ,23.5 ,23.59 ,23.52 ,23.53 ,23.59 ,23.58 ,23.56 ,23.5 ,23.49 ,23.51 ,23.55 ,23.54 ,23.59 ,23.61 ,23.54 ,23.51 ,23.45 ,23.5 ,23.48 ,23.61 ,23.57 ,23.55 ,23.59 ,23.74 ,23.77 ,23.72 ,23.63 ,23.66 ,23.66 ,23.78 ,23.8 ,23.76 ,23.73 ,23.66 ,23.71 ,23.75 ,23.8 ,23.78 ,23.75 ,23.7 ,23.63 ,23.65 ,23.77 ,23.77 ,23.75 ,23.7 ,23.69 ,23.81 ,23.77 ,23.76 ,23.78 ,23.89 ,23.83 ,23.77 ,23.72 ,23.66 ,23.69 ,23.68 ,23.66 ,23.75 ,23.78 ,23.74 ,23.88 ,23.86 ,23.81 ,23.7 ,23.71 ,23.71 ,23.76 ,23.82 ,23.69 ,23.71 ,23.76 ,23.77 ,23.73 ,23.77 ,23.73 ,23.75 ,23.76 ,23.78 ,23.76 ,23.84 ,23.84 ,23.83 ,23.83 ,23.74 ,23.78 ,23.82 ,23.69 ,23.79 ,23.81 ,23.88 ,23.83 ,23.81 ,23.83 ,23.82 ,23.74 ,23.71 ,23.73 ,23.76 ,23.85 ,23.8 ,23.71 ,23.76 ,23.78 ,23.77 ,23.83 ,23.82 ,23.83 ,23.96 ,23.84 ,23.82 ,23.86 ,23.88 ,23.78 ,23.79 ,23.79 ,23.75 ,23.69 ,23.74 ,23.75 ,23.68 ,23.68 ,23.69 ,23.77 ,23.79 ,23.75 ,23.75 ,23.72 ,23.67 ,23.7 ,23.77 ,23.83 ,23.77 ,23.74 ,23.77 ,23.73 ,23.77 ,23.8 ,23.64 ,23.57 ,23.54 ,23.49 ,23.49 ,23.56 ,23.6 ,23.5 ,23.49 ,23.61 ,23.54 ,23.54 ,23.5 ,23.48 ,23.47 ,23.32 ,23.38 ,23.38 ,23.48 ,23.49 ,23.49 ,23.55 ,23.63 ,23.64 ,23.62 ,23.57 ,23.63 ,23.57 ,23.5 ,23.52 ,23.44 ,23.45 ,23.48 ,23.53 ,23.49 ,23.5 ,23.48 ,23.49 ,23.49 ,23.45 ,23.48 ,23.5 ,23.51 ,23.48 ,23.51 ,23.57 ,23.51 ,23.42 ,23.54 ,23.59 ,23.68 ,23.59 ,23.56 ,23.58 ,23.55 ,23.54 ,23.55 ,23.65 ,23.64 ,23.57 ,23.51 ,23.52 ,23.52 ,23.53 ,23.54 ,23.56 ,23.74 ,23.74 ,23.73 ,23.65 ,23.6 ,23.57 ,23.53 ,23.52 ,23.49 ,23.49 ,23.52 ,23.42 ,23.47 ,23.53 ,23.46 ,23.53 ,23.58 ,23.5 ,23.47 ,23.48 ,23.49 ,23.5 ,23.52 ,23.54 ,23.5 ,23.51 ,23.55 ,23.55 ,23.58 ,23.56 ,23.59 ,23.65 ,23.63 ,23.6 ,23.59 ,23.66 ,23.61 ,23.53 ,23.63 ,23.73 ,23.74 ,23.73 ,23.65 ,23.5 ,23.6 ,23.58 ,23.55 ,23.66 ,23.66 ,23.57 ,23.61 ,23.65 ,23.56 ,23.58 ,23.6 ,23.62 ,23.61 ,23.8 ,23.75 ,23.75 ,23.66 ,23.6 ,23.64 ,23.7 ,23.6 ,23.62 ,23.71 ,23.68 ,23.65 ,23.6 ,23.67 ,23.67 ,23.63 ,23.62 ,23.71 ,23.63 ,23.55 ,23.64 ,23.68 ,23.63 ,23.66 ,23.74 ,23.71 ,23.66 ,23.58 ,23.62 ,23.64 ,23.66 ,23.65 ,23.63 ,23.63 ,23.63 ,23.6 ,23.64 ,23.7 ,23.72 ,23.72 ,23.72 ,23.68 ,23.64 ,23.64 ,23.54 ,23.65 ,23.61 ,23.63 ,23.72 ,23.57 ,23.6 ,23.59 ,23.65 ,23.63 ,23.7 ,23.69 ,23.63 ,23.63 ,23.66 ,23.61 ,23.61 ,23.59 ,23.63 ,23.61 ,23.64 ,23.66 ,23.58 ,23.68 ,23.66 ,23.6 ,23.62 ,23.64 ,23.65 ,23.58 ,23.51 ,23.52 ,23.54 ,23.44 ,23.46 ,23.44 ,23.37 ,23.4 ,23.4 ,23.37 ,23.42 ,23.45 ,23.39 ,23.38 ,23.41 ,23.36 ,23.46 ,23.45 ,23.34 ,23.45 ,23.46 ,23.38 ,23.42 ,23.37 ,23.53 ,23.62 ,23.56 ,23.55 ,23.48 ,23.44 ,23.46 ,23.47 ,23.54 ,23.54 ,23.45 ,23.45 ,23.43 ,23.39 ,23.45 ,23.39 ,23.35 ,23.38 ,23.44 ,23.39 ,23.38 ,23.45 ,23.36 ,23.25 ,23.21 ,23.24 ,23.39 ,23.36 ,23.31 ,23.28 ,23.27 ,23.4 ,23.27 ,23.24 ,23.33 ,23.35 ,23.23 ,23.16 ,23.11 ,23.22 ,23.17 ,23.17 ,23.17 ,23.14 ,23.18 ,23.19 ,23.16 ,23.15 ,23.09 ,23.16 ,23.18 ,23.15 ,23.22 ,23.22 ,23.21 ,23.13 ,23.08 ,23.13 ,23.19 ,23.2 ,23.17 ,23.1 ,23.14 ,23.16 ,23.12 ,23.08 ,23.02 ,23.04 ,23.09 ,23.05 ,23.01 ,23.06 ,23.02 ,22.98 ,22.84 ,22.8 ,22.93 ,22.85 ,22.79 ,22.84 ,22.73 ,22.62 ,22.75 ,22.71 ,22.66 ,22.7 ,22.68 ,22.7 ,22.7 ,22.74 ,22.64 ,22.64 ,22.72 ,22.67 ,22.7 ,22.71 ,22.8 ,22.79 ,22.72 ,22.72 ,22.68 ,22.56 ,22.58 ,22.65 ,22.55 ,22.54 ,22.55 ,
19,22.95 ,22.93 ,22.82 ,22.81 ,22.8 ,22.8 ,22.93 ,22.94 ,22.86 ,22.92 ,22.94 ,23 ,23.05 ,23.01 ,23.11 ,23.24 ,23.32 ,23.41 ,23.47 ,23.48 ,23.39 ,23.24 ,23.4 ,23.33 ,23.38 ,23.43 ,23.45 ,23.46 ,23.36 ,23.33 ,23.31 ,23.25 ,23.22 ,23.26 ,23.25 ,23.06 ,22.94 ,23.01 ,23.03 ,22.98 ,23.04 ,23.12 ,23.17 ,23.27 ,23.4 ,23.39 ,23.41 ,23.41 ,23.45 ,23.46 ,23.45 ,23.46 ,23.5 ,23.44 ,23.36 ,23.5 ,23.5 ,23.36 ,23.39 ,23.42 ,23.43 ,23.45 ,23.44 ,23.4 ,23.44 ,23.46 ,23.48 ,23.45 ,23.43 ,23.34 ,23.34 ,23.35 ,23.42 ,23.4 ,23.42 ,23.45 ,23.5 ,23.48 ,23.48 ,23.47 ,23.46 ,23.38 ,23.43 ,23.4 ,23.44 ,23.59 ,23.62 ,23.54 ,23.49 ,23.48 ,23.53 ,23.5 ,23.49 ,23.52 ,23.52 ,23.61 ,23.57 ,23.45 ,23.5 ,23.64 ,23.64 ,23.61 ,23.58 ,23.52 ,23.64 ,23.53 ,23.59 ,23.57 ,23.59 ,23.58 ,23.51 ,23.54 ,23.6 ,23.58 ,23.53 ,23.59 ,23.54 ,23.52 ,23.6 ,23.63 ,23.63 ,23.69 ,23.62 ,23.69 ,23.7 ,23.67 ,23.63 ,23.65 ,23.62 ,23.58 ,23.6 ,23.72 ,23.64 ,23.6 ,23.64 ,23.62 ,23.59 ,23.63 ,23.6 ,23.56 ,23.62 ,23.55 ,23.58 ,23.64 ,23.67 ,23.62 ,23.64 ,23.61 ,23.68 ,23.75 ,23.71 ,23.66 ,23.63 ,23.57 ,23.62 ,23.65 ,23.62 ,23.67 ,23.63 ,23.69 ,23.8 ,23.75 ,23.7 ,23.57 ,23.63 ,23.64 ,23.61 ,23.65 ,23.61 ,23.54 ,23.55 ,23.52 ,23.55 ,23.5 ,23.5 ,23.51 ,23.49 ,23.5 ,23.5 ,23.53 ,23.53 ,23.48 ,23.53 ,23.57 ,23.53 ,23.48 ,23.53 ,23.58 ,23.49 ,23.57 ,23.62 ,23.64 ,23.72 ,23.63 ,23.56 ,23.64 ,23.67 ,23.67 ,23.68 ,23.55 ,23.57 ,23.68 ,23.71 ,23.73 ,23.69 ,23.76 ,23.77 ,23.73 ,23.74 ,23.81 ,23.85 ,23.77 ,23.65 ,23.59 ,23.62 ,23.74 ,23.87 ,23.78 ,23.73 ,23.64 ,23.73 ,23.75 ,23.73 ,23.74 ,23.82 ,23.91 ,23.83 ,23.78 ,23.67 ,23.68 ,23.67 ,23.73 ,23.78 ,23.76 ,23.76 ,23.86 ,23.84 ,23.76 ,23.8 ,23.69 ,23.71 ,23.81 ,23.77 ,23.66 ,23.75 ,23.73 ,23.81 ,23.77 ,23.73 ,23.71 ,23.78 ,23.76 ,23.75 ,23.8 ,23.88 ,23.82 ,23.88 ,23.86 ,23.82 ,23.75 ,23.72 ,23.66 ,23.7 ,23.78 ,23.88 ,23.79 ,23.77 ,23.81 ,23.78 ,23.68 ,23.7 ,23.73 ,23.73 ,23.79 ,23.75 ,23.68 ,23.72 ,23.74 ,23.75 ,23.78 ,23.82 ,23.75 ,23.82 ,23.84 ,23.85 ,23.84 ,23.87 ,23.81 ,23.74 ,23.77 ,23.7 ,23.69 ,23.74 ,23.72 ,23.7 ,23.71 ,23.69 ,23.74 ,23.82 ,23.73 ,23.71 ,23.7 ,23.65 ,23.67 ,23.81 ,23.82 ,23.78 ,23.79 ,23.72 ,23.64 ,23.7 ,23.67 ,23.65 ,23.61 ,23.44 ,23.4 ,23.4 ,23.48 ,23.53 ,23.51 ,23.42 ,23.47 ,23.53 ,23.54 ,23.59 ,23.49 ,23.48 ,23.4 ,23.48 ,23.44 ,23.51 ,23.6 ,23.52 ,23.5 ,23.67 ,23.72 ,23.64 ,23.66 ,23.62 ,23.61 ,23.48 ,23.43 ,23.47 ,23.5 ,23.45 ,23.46 ,23.48 ,23.47 ,23.49 ,23.54 ,23.49 ,23.46 ,23.53 ,23.55 ,23.5 ,23.49 ,23.43 ,23.47 ,23.5 ,23.51 ,23.53 ,23.65 ,23.69 ,23.59 ,23.65 ,23.63 ,23.56 ,23.55 ,23.56 ,23.63 ,23.66 ,23.63 ,23.55 ,23.56 ,23.46 ,23.55 ,23.59 ,23.49 ,23.65 ,23.73 ,23.69 ,23.67 ,23.61 ,23.68 ,23.65 ,23.65 ,23.49 ,23.47 ,23.49 ,23.44 ,23.47 ,23.5 ,23.52 ,23.44 ,23.48 ,23.47 ,23.53 ,23.53 ,23.56 ,23.52 ,23.51 ,23.52 ,23.44 ,23.47 ,23.48 ,23.64 ,23.57 ,23.56 ,23.5 ,23.51 ,23.53 ,23.58 ,23.66 ,23.74 ,23.72 ,23.67 ,23.65 ,23.67 ,23.68 ,23.68 ,23.64 ,23.58 ,23.6 ,23.64 ,23.53 ,23.58 ,23.59 ,23.5 ,23.59 ,23.62 ,23.57 ,23.63 ,23.62 ,23.65 ,23.61 ,23.67 ,23.68 ,23.63 ,23.66 ,23.68 ,23.68 ,23.67 ,23.54 ,23.56 ,23.65 ,23.67 ,23.69 ,23.63 ,23.56 ,23.6 ,23.6 ,23.59 ,23.7 ,23.67 ,23.57 ,23.63 ,23.71 ,23.74 ,23.7 ,23.72 ,23.71 ,23.6 ,23.62 ,23.68 ,23.65 ,23.61 ,23.68 ,23.67 ,23.56 ,23.57 ,23.62 ,23.63 ,23.64 ,23.7 ,23.63 ,23.63 ,23.59 ,23.67 ,23.74 ,23.63 ,23.76 ,23.9 ,23.63 ,23.63 ,23.64 ,23.61 ,23.53 ,23.57 ,23.63 ,23.66 ,23.71 ,23.6 ,23.58 ,23.68 ,23.64 ,23.67 ,23.7 ,23.7 ,23.64 ,23.67 ,23.69 ,23.66 ,23.68 ,23.72 ,23.56 ,23.63 ,23.64 ,23.69 ,23.58 ,23.5 ,23.52 ,23.58 ,23.58 ,23.47 ,23.44 ,23.39 ,23.35 ,23.36 ,23.37 ,23.48 ,23.48 ,23.39 ,23.35 ,23.49 ,23.43 ,23.4 ,23.39 ,23.35 ,23.45 ,23.49 ,23.37 ,23.38 ,23.4 ,23.55 ,23.56 ,23.54 ,23.57 ,23.49 ,23.38 ,23.38 ,23.48 ,23.54 ,23.52 ,23.53 ,23.44 ,23.42 ,23.37 ,23.53 ,23.52 ,23.46 ,23.39 ,23.42 ,23.42 ,23.38 ,23.42 ,23.33 ,23.3 ,23.24 ,23.18 ,23.31 ,23.3 ,23.24 ,23.22 ,23.2 ,23.33 ,23.21 ,23.29 ,23.31 ,23.42 ,23.29 ,23.16 ,23.15 ,23.29 ,23.3 ,23.28 ,23.19 ,23.02 ,23.06 ,23.12 ,23.11 ,23.08 ,23.14 ,23.23 ,23.31 ,23.17 ,23.18 ,23.24 ,23.17 ,23.16 ,23.08 ,23.05 ,23.2 ,23.22 ,23.12 ,23.08 ,23.17 ,23.26 ,23.16 ,23.13 ,23.01 ,23.01 ,23.17 ,23.08 ,22.92 ,22.98 ,22.93 ,22.87 ,22.86 ,22.85 ,22.99 ,22.83 ,22.76 ,22.81 ,22.79 ,22.77 ,22.7 ,22.72 ,22.67 ,22.72 ,22.72 ,22.67 ,22.71 ,22.72 ,22.83 ,22.59 ,22.6 ,22.56 ,22.68 ,22.57 ,22.71 ,22.82 ,22.76 ,22.73 ,22.73 ,22.6 ,22.47 ,22.62 ,22.63 ,22.54 ,22.51 ,
20,22.89 ,22.92 ,22.91 ,22.86 ,22.89 ,22.86 ,22.92 ,22.89 ,22.89 ,23 ,22.92 ,23 ,23.07 ,23 ,23.14 ,23.3 ,23.38 ,23.38 ,23.43 ,23.35 ,23.31 ,23.28 ,23.39 ,23.34 ,23.42 ,23.44 ,23.5 ,23.44 ,23.32 ,23.35 ,23.34 ,23.24 ,23.26 ,23.36 ,23.23 ,23.01 ,22.94 ,22.94 ,22.97 ,22.94 ,23.01 ,23.16 ,23.27 ,23.31 ,23.37 ,23.44 ,23.4 ,23.42 ,23.31 ,23.3 ,23.36 ,23.38 ,23.53 ,23.35 ,23.41 ,23.54 ,23.47 ,23.38 ,23.41 ,23.51 ,23.43 ,23.43 ,23.38 ,23.33 ,23.46 ,23.58 ,23.57 ,23.44 ,23.47 ,23.39 ,23.42 ,23.42 ,23.43 ,23.44 ,23.51 ,23.5 ,23.49 ,23.52 ,23.45 ,23.5 ,23.53 ,23.4 ,23.49 ,23.47 ,23.51 ,23.49 ,23.51 ,23.6 ,23.52 ,23.47 ,23.5 ,23.56 ,23.55 ,23.56 ,23.46 ,23.52 ,23.57 ,23.47 ,23.51 ,23.61 ,23.64 ,23.64 ,23.59 ,23.52 ,23.51 ,23.56 ,23.59 ,23.53 ,23.66 ,23.68 ,23.6 ,23.56 ,23.63 ,23.6 ,23.56 ,23.6 ,23.58 ,23.67 ,23.62 ,23.66 ,23.6 ,23.6 ,23.59 ,23.67 ,23.69 ,23.63 ,23.61 ,23.6 ,23.53 ,23.6 ,23.67 ,23.73 ,23.64 ,23.61 ,23.64 ,23.62 ,23.57 ,23.58 ,23.62 ,23.62 ,23.56 ,23.57 ,23.63 ,23.64 ,23.61 ,23.6 ,23.57 ,23.61 ,23.69 ,23.69 ,23.65 ,23.63 ,23.67 ,23.65 ,23.66 ,23.61 ,23.64 ,23.69 ,23.72 ,23.75 ,23.77 ,23.71 ,23.68 ,23.66 ,23.58 ,23.64 ,23.55 ,23.59 ,23.55 ,23.48 ,23.55 ,23.53 ,23.49 ,23.53 ,23.54 ,23.53 ,23.49 ,23.48 ,23.5 ,23.57 ,23.58 ,23.55 ,23.55 ,23.66 ,23.63 ,23.52 ,23.55 ,23.55 ,23.54 ,23.59 ,23.62 ,23.6 ,23.74 ,23.72 ,23.66 ,23.68 ,23.65 ,23.62 ,23.72 ,23.68 ,23.67 ,23.73 ,23.69 ,23.66 ,23.71 ,23.73 ,23.7 ,23.74 ,23.77 ,23.83 ,23.83 ,23.74 ,23.74 ,23.7 ,23.65 ,23.78 ,23.8 ,23.81 ,23.8 ,23.73 ,23.77 ,23.82 ,23.78 ,23.75 ,23.77 ,23.85 ,23.87 ,23.81 ,23.77 ,23.7 ,23.75 ,23.76 ,23.72 ,23.73 ,23.7 ,23.74 ,23.81 ,23.75 ,23.76 ,23.76 ,23.73 ,23.81 ,23.76 ,23.68 ,23.77 ,23.7 ,23.69 ,23.78 ,23.77 ,23.82 ,23.81 ,23.79 ,23.73 ,23.75 ,23.77 ,23.8 ,23.9 ,23.78 ,23.77 ,23.85 ,23.7 ,23.7 ,23.74 ,23.76 ,23.87 ,23.85 ,23.73 ,23.68 ,23.71 ,23.64 ,23.67 ,23.7 ,23.71 ,23.76 ,23.73 ,23.65 ,23.68 ,23.75 ,23.74 ,23.83 ,23.84 ,23.81 ,23.85 ,23.84 ,23.8 ,23.88 ,23.91 ,23.83 ,23.73 ,23.75 ,23.74 ,23.73 ,23.72 ,23.74 ,23.69 ,23.69 ,23.72 ,23.84 ,23.83 ,23.75 ,23.71 ,23.71 ,23.74 ,23.69 ,23.78 ,23.82 ,23.79 ,23.8 ,23.68 ,23.67 ,23.7 ,23.66 ,23.55 ,23.54 ,23.5 ,23.48 ,23.47 ,23.48 ,23.52 ,23.51 ,23.45 ,23.52 ,23.57 ,23.52 ,23.53 ,23.49 ,23.43 ,23.44 ,23.46 ,23.48 ,23.51 ,23.56 ,23.52 ,23.54 ,23.64 ,23.63 ,23.63 ,23.61 ,23.63 ,23.69 ,23.62 ,23.4 ,23.44 ,23.45 ,23.45 ,23.41 ,23.49 ,23.49 ,23.49 ,23.52 ,23.49 ,23.44 ,23.55 ,23.58 ,23.44 ,23.47 ,23.38 ,23.41 ,23.58 ,23.58 ,23.64 ,23.65 ,23.69 ,23.59 ,23.62 ,23.52 ,23.45 ,23.53 ,23.44 ,23.57 ,23.67 ,23.64 ,23.66 ,23.57 ,23.46 ,23.44 ,23.55 ,23.58 ,23.63 ,23.71 ,23.7 ,23.73 ,23.72 ,23.74 ,23.69 ,23.71 ,23.63 ,23.5 ,23.49 ,23.46 ,23.57 ,23.57 ,23.57 ,23.53 ,23.42 ,23.45 ,23.59 ,23.57 ,23.54 ,23.49 ,23.45 ,23.51 ,23.49 ,23.49 ,23.42 ,23.57 ,23.64 ,23.58 ,23.6 ,23.5 ,23.47 ,23.48 ,23.65 ,23.67 ,23.68 ,23.64 ,23.7 ,23.65 ,23.63 ,23.66 ,23.59 ,23.64 ,23.61 ,23.66 ,23.61 ,23.6 ,23.71 ,23.55 ,23.59 ,23.62 ,23.58 ,23.68 ,23.78 ,23.71 ,23.67 ,23.68 ,23.68 ,23.64 ,23.67 ,23.65 ,23.72 ,23.74 ,23.65 ,23.68 ,23.71 ,23.74 ,23.73 ,23.65 ,23.61 ,23.66 ,23.61 ,23.72 ,23.68 ,23.62 ,23.6 ,23.65 ,23.66 ,23.67 ,23.66 ,23.72 ,23.64 ,23.62 ,23.59 ,23.66 ,23.66 ,23.65 ,23.68 ,23.61 ,23.58 ,23.61 ,23.54 ,23.68 ,23.7 ,23.65 ,23.58 ,23.6 ,23.6 ,23.73 ,23.76 ,23.65 ,23.68 ,23.76 ,23.7 ,23.63 ,23.57 ,23.59 ,23.58 ,23.59 ,23.64 ,23.63 ,23.67 ,23.67 ,23.63 ,23.72 ,23.58 ,23.62 ,23.65 ,23.62 ,23.58 ,23.53 ,23.64 ,23.62 ,23.64 ,23.65 ,23.62 ,23.65 ,23.6 ,23.61 ,23.52 ,23.48 ,23.53 ,23.6 ,23.62 ,23.49 ,23.43 ,23.43 ,23.38 ,23.39 ,23.41 ,23.49 ,23.56 ,23.39 ,23.4 ,23.5 ,23.48 ,23.42 ,23.4 ,23.41 ,23.47 ,23.46 ,23.36 ,23.4 ,23.41 ,23.47 ,23.52 ,23.58 ,23.63 ,23.57 ,23.51 ,23.48 ,23.43 ,23.56 ,23.57 ,23.58 ,23.52 ,23.33 ,23.39 ,23.43 ,23.49 ,23.49 ,23.4 ,23.44 ,23.42 ,23.3 ,23.44 ,23.37 ,23.3 ,23.3 ,23.29 ,23.35 ,23.24 ,23.24 ,23.27 ,23.27 ,23.21 ,23.14 ,23.28 ,23.27 ,23.19 ,23.32 ,23.21 ,23.22 ,23.29 ,23.27 ,23.27 ,23.29 ,23.19 ,23.17 ,23.19 ,23.16 ,22.98 ,23.14 ,23.24 ,23.23 ,23.24 ,23.19 ,23.22 ,23.21 ,23.16 ,23.2 ,23.12 ,23.18 ,23.24 ,23.23 ,23.14 ,23.17 ,23.24 ,23.21 ,23.12 ,23.15 ,23.17 ,23.18 ,23.13 ,23.05 ,22.99 ,22.95 ,22.93 ,22.86 ,22.83 ,22.8 ,22.9 ,22.79 ,22.69 ,22.69 ,22.74 ,22.75 ,22.79 ,22.84 ,22.7 ,22.65 ,22.71 ,22.71 ,22.74 ,22.73 ,22.59 ,22.62 ,22.65 ,22.7 ,22.66 ,22.67 ,22.76 ,22.87 ,22.76 ,22.77 ,22.66 ,22.55 ,22.63 ,22.64 ,22.55 ,22.59 ,
21,22.85 ,22.86 ,22.9 ,22.9 ,22.92 ,22.92 ,22.89 ,22.93 ,22.96 ,22.9 ,22.95 ,22.98 ,23.14 ,23.09 ,23.22 ,23.39 ,23.39 ,23.41 ,23.46 ,23.34 ,23.27 ,23.32 ,23.3 ,23.3 ,23.34 ,23.43 ,23.47 ,23.3 ,23.4 ,23.45 ,23.4 ,23.26 ,23.22 ,23.23 ,23.11 ,22.92 ,22.83 ,22.96 ,22.97 ,22.99 ,22.98 ,23.05 ,23.19 ,23.3 ,23.35 ,23.46 ,23.41 ,23.36 ,23.32 ,23.31 ,23.33 ,23.38 ,23.51 ,23.37 ,23.39 ,23.56 ,23.45 ,23.36 ,23.39 ,23.38 ,23.45 ,23.51 ,23.45 ,23.4 ,23.5 ,23.52 ,23.59 ,23.47 ,23.46 ,23.46 ,23.42 ,23.5 ,23.46 ,23.4 ,23.47 ,23.46 ,23.37 ,23.43 ,23.43 ,23.46 ,23.46 ,23.4 ,23.44 ,23.54 ,23.51 ,23.43 ,23.41 ,23.5 ,23.44 ,23.44 ,23.51 ,23.46 ,23.59 ,23.58 ,23.5 ,23.56 ,23.52 ,23.41 ,23.53 ,23.53 ,23.55 ,23.52 ,23.57 ,23.59 ,23.53 ,23.51 ,23.6 ,23.56 ,23.53 ,23.6 ,23.59 ,23.5 ,23.56 ,23.57 ,23.52 ,23.63 ,23.63 ,23.65 ,23.67 ,23.65 ,23.64 ,23.6 ,23.6 ,23.67 ,23.65 ,23.65 ,23.59 ,23.65 ,23.57 ,23.57 ,23.68 ,23.68 ,23.74 ,23.61 ,23.64 ,23.54 ,23.5 ,23.51 ,23.61 ,23.62 ,23.55 ,23.57 ,23.73 ,23.62 ,23.55 ,23.6 ,23.59 ,23.58 ,23.71 ,23.7 ,23.63 ,23.6 ,23.66 ,23.69 ,23.71 ,23.52 ,23.53 ,23.58 ,23.67 ,23.67 ,23.69 ,23.63 ,23.63 ,23.65 ,23.64 ,23.57 ,23.61 ,23.62 ,23.56 ,23.54 ,23.56 ,23.51 ,23.5 ,23.55 ,23.62 ,23.5 ,23.46 ,23.44 ,23.55 ,23.55 ,23.55 ,23.58 ,23.53 ,23.58 ,23.62 ,23.5 ,23.48 ,23.57 ,23.55 ,23.58 ,23.64 ,23.64 ,23.73 ,23.68 ,23.71 ,23.59 ,23.6 ,23.71 ,23.76 ,23.82 ,23.8 ,23.75 ,23.72 ,23.63 ,23.66 ,23.73 ,23.65 ,23.62 ,23.7 ,23.73 ,23.76 ,23.71 ,23.73 ,23.71 ,23.72 ,23.79 ,23.83 ,23.79 ,23.82 ,23.77 ,23.81 ,23.84 ,23.78 ,23.72 ,23.79 ,23.79 ,23.88 ,23.77 ,23.69 ,23.7 ,23.67 ,23.71 ,23.62 ,23.64 ,23.79 ,23.75 ,23.72 ,23.72 ,23.66 ,23.76 ,23.81 ,23.85 ,23.83 ,23.69 ,23.77 ,23.71 ,23.74 ,23.83 ,23.78 ,23.77 ,23.76 ,23.73 ,23.75 ,23.79 ,23.87 ,23.87 ,23.89 ,23.82 ,23.82 ,23.89 ,23.84 ,23.79 ,23.85 ,23.76 ,23.8 ,23.76 ,23.72 ,23.75 ,23.79 ,23.67 ,23.69 ,23.69 ,23.65 ,23.8 ,23.78 ,23.71 ,23.72 ,23.79 ,23.8 ,23.78 ,23.8 ,23.87 ,23.87 ,23.76 ,23.74 ,23.88 ,23.88 ,23.79 ,23.74 ,23.75 ,23.76 ,23.75 ,23.72 ,23.71 ,23.73 ,23.61 ,23.62 ,23.8 ,23.81 ,23.8 ,23.82 ,23.79 ,23.8 ,23.73 ,23.75 ,23.83 ,23.85 ,23.8 ,23.71 ,23.68 ,23.7 ,23.65 ,23.56 ,23.54 ,23.57 ,23.54 ,23.51 ,23.6 ,23.6 ,23.54 ,23.48 ,23.54 ,23.53 ,23.47 ,23.41 ,23.41 ,23.4 ,23.45 ,23.45 ,23.48 ,23.52 ,23.46 ,23.45 ,23.5 ,23.62 ,23.62 ,23.55 ,23.61 ,23.56 ,23.61 ,23.6 ,23.52 ,23.37 ,23.42 ,23.43 ,23.39 ,23.47 ,23.52 ,23.45 ,23.4 ,23.48 ,23.4 ,23.47 ,23.54 ,23.47 ,23.52 ,23.49 ,23.51 ,23.55 ,23.62 ,23.6 ,23.65 ,23.64 ,23.57 ,23.67 ,23.56 ,23.43 ,23.46 ,23.51 ,23.45 ,23.49 ,23.59 ,23.59 ,23.54 ,23.52 ,23.51 ,23.48 ,23.64 ,23.74 ,23.7 ,23.67 ,23.75 ,23.68 ,23.7 ,23.69 ,23.73 ,23.73 ,23.68 ,23.6 ,23.45 ,23.47 ,23.52 ,23.57 ,23.5 ,23.51 ,23.45 ,23.47 ,23.56 ,23.58 ,23.52 ,23.54 ,23.62 ,23.54 ,23.54 ,23.52 ,23.44 ,23.52 ,23.5 ,23.57 ,23.57 ,23.48 ,23.42 ,23.45 ,23.57 ,23.64 ,23.58 ,23.63 ,23.62 ,23.66 ,23.61 ,23.71 ,23.63 ,23.58 ,23.62 ,23.75 ,23.74 ,23.8 ,23.74 ,23.63 ,23.58 ,23.58 ,23.67 ,23.71 ,23.68 ,23.6 ,23.64 ,23.75 ,23.72 ,23.65 ,23.58 ,23.67 ,23.66 ,23.59 ,23.67 ,23.66 ,23.79 ,23.66 ,23.6 ,23.69 ,23.71 ,23.64 ,23.65 ,23.64 ,23.59 ,23.57 ,23.68 ,23.67 ,23.67 ,23.7 ,23.74 ,23.74 ,23.66 ,23.68 ,23.66 ,23.67 ,23.66 ,23.63 ,23.61 ,23.63 ,23.62 ,23.58 ,23.66 ,23.76 ,23.62 ,23.6 ,23.63 ,23.54 ,23.64 ,23.62 ,23.62 ,23.68 ,23.67 ,23.6 ,23.64 ,23.65 ,23.6 ,23.56 ,23.61 ,23.66 ,23.61 ,23.62 ,23.75 ,23.68 ,23.68 ,23.58 ,23.6 ,23.59 ,23.55 ,23.52 ,23.53 ,23.57 ,23.6 ,23.6 ,23.6 ,23.55 ,23.61 ,23.66 ,23.58 ,23.56 ,23.56 ,23.51 ,23.51 ,23.56 ,23.53 ,23.44 ,23.42 ,23.46 ,23.48 ,23.45 ,23.42 ,23.42 ,23.43 ,23.39 ,23.54 ,23.54 ,23.45 ,23.49 ,23.5 ,23.48 ,23.43 ,23.4 ,23.45 ,23.58 ,23.52 ,23.4 ,23.49 ,23.63 ,23.61 ,23.55 ,23.53 ,23.52 ,23.48 ,23.5 ,23.52 ,23.53 ,23.41 ,23.38 ,23.5 ,23.46 ,23.49 ,23.4 ,23.42 ,23.44 ,23.31 ,23.33 ,23.37 ,23.36 ,23.31 ,23.28 ,23.38 ,23.36 ,23.28 ,23.19 ,23.28 ,23.28 ,23.12 ,23.11 ,23.09 ,23.14 ,23.2 ,23.23 ,23.25 ,23.35 ,23.27 ,23.29 ,23.25 ,23.23 ,23.35 ,23.31 ,23.16 ,23.03 ,23.19 ,23.16 ,23.12 ,23.11 ,23.18 ,23.24 ,23.18 ,23.11 ,23.14 ,23.2 ,23.18 ,23.16 ,23.21 ,23.12 ,23.09 ,23.15 ,23.2 ,23.19 ,23.21 ,23.21 ,23.15 ,23.08 ,23.11 ,23.11 ,23 ,22.92 ,22.8 ,22.71 ,22.7 ,22.9 ,22.84 ,22.66 ,22.61 ,22.76 ,22.82 ,22.82 ,22.82 ,22.7 ,22.66 ,22.68 ,22.73 ,22.63 ,22.64 ,22.61 ,22.65 ,22.67 ,22.76 ,22.73 ,22.72 ,22.79 ,22.75 ,22.7 ,22.66 ,22.57 ,22.52 ,22.62 ,22.65 ,22.66 ,22.57 ,
22,22.84 ,22.8 ,22.9 ,22.9 ,22.87 ,22.92 ,22.9 ,22.87 ,22.98 ,22.94 ,22.92 ,23.01 ,23.21 ,23.25 ,23.23 ,23.42 ,23.39 ,23.37 ,23.39 ,23.39 ,23.36 ,23.29 ,23.34 ,23.33 ,23.39 ,23.39 ,23.45 ,23.24 ,23.34 ,23.49 ,23.41 ,23.27 ,23.17 ,23.13 ,23.07 ,22.9 ,22.82 ,22.95 ,23.06 ,23.01 ,23 ,23.08 ,23.21 ,23.33 ,23.45 ,23.47 ,23.5 ,23.45 ,23.41 ,23.51 ,23.46 ,23.42 ,23.5 ,23.42 ,23.44 ,23.41 ,23.4 ,23.39 ,23.44 ,23.37 ,23.41 ,23.5 ,23.48 ,23.41 ,23.36 ,23.4 ,23.47 ,23.5 ,23.48 ,23.45 ,23.43 ,23.5 ,23.54 ,23.49 ,23.43 ,23.4 ,23.38 ,23.32 ,23.36 ,23.41 ,23.48 ,23.4 ,23.36 ,23.4 ,23.58 ,23.42 ,23.52 ,23.46 ,23.5 ,23.47 ,23.51 ,23.51 ,23.49 ,23.58 ,23.53 ,23.64 ,23.59 ,23.47 ,23.57 ,23.53 ,23.52 ,23.59 ,23.55 ,23.56 ,23.64 ,23.66 ,23.56 ,23.55 ,23.56 ,23.59 ,23.57 ,23.48 ,23.52 ,23.57 ,23.63 ,23.63 ,23.62 ,23.69 ,23.71 ,23.76 ,23.69 ,23.68 ,23.63 ,23.65 ,23.64 ,23.63 ,23.67 ,23.61 ,23.57 ,23.56 ,23.58 ,23.62 ,23.64 ,23.61 ,23.56 ,23.5 ,23.52 ,23.6 ,23.64 ,23.67 ,23.67 ,23.7 ,23.61 ,23.62 ,23.45 ,23.59 ,23.64 ,23.66 ,23.73 ,23.75 ,23.67 ,23.63 ,23.58 ,23.62 ,23.71 ,23.62 ,23.53 ,23.58 ,23.59 ,23.62 ,23.64 ,23.71 ,23.6 ,23.55 ,23.63 ,23.6 ,23.54 ,23.66 ,23.56 ,23.59 ,23.59 ,23.47 ,23.51 ,23.65 ,23.61 ,23.48 ,23.45 ,23.51 ,23.63 ,23.55 ,23.47 ,23.61 ,23.61 ,23.51 ,23.58 ,23.57 ,23.57 ,23.61 ,23.64 ,23.67 ,23.76 ,23.71 ,23.69 ,23.65 ,23.68 ,23.59 ,23.55 ,23.75 ,23.78 ,23.81 ,23.8 ,23.79 ,23.79 ,23.71 ,23.71 ,23.75 ,23.65 ,23.66 ,23.74 ,23.66 ,23.68 ,23.76 ,23.72 ,23.68 ,23.69 ,23.69 ,23.72 ,23.71 ,23.76 ,23.77 ,23.83 ,23.83 ,23.79 ,23.73 ,23.79 ,23.78 ,23.72 ,23.76 ,23.72 ,23.67 ,23.64 ,23.72 ,23.72 ,23.69 ,23.81 ,23.81 ,23.76 ,23.79 ,23.72 ,23.76 ,23.76 ,23.83 ,23.85 ,23.68 ,23.74 ,23.8 ,23.75 ,23.76 ,23.78 ,23.74 ,23.81 ,23.69 ,23.7 ,23.87 ,23.91 ,23.92 ,23.86 ,23.86 ,23.86 ,23.81 ,23.83 ,23.84 ,23.82 ,23.75 ,23.78 ,23.7 ,23.68 ,23.72 ,23.78 ,23.68 ,23.72 ,23.71 ,23.7 ,23.8 ,23.77 ,23.75 ,23.7 ,23.8 ,23.84 ,23.82 ,23.85 ,23.86 ,23.81 ,23.81 ,23.7 ,23.79 ,23.8 ,23.79 ,23.8 ,23.82 ,23.82 ,23.79 ,23.76 ,23.82 ,23.77 ,23.59 ,23.53 ,23.7 ,23.8 ,23.83 ,23.88 ,23.74 ,23.72 ,23.77 ,23.73 ,23.78 ,23.88 ,23.77 ,23.67 ,23.64 ,23.75 ,23.68 ,23.6 ,23.59 ,23.53 ,23.51 ,23.48 ,23.56 ,23.55 ,23.52 ,23.39 ,23.45 ,23.53 ,23.4 ,23.36 ,23.37 ,23.37 ,23.44 ,23.45 ,23.47 ,23.55 ,23.57 ,23.5 ,23.51 ,23.58 ,23.59 ,23.67 ,23.64 ,23.64 ,23.62 ,23.57 ,23.47 ,23.46 ,23.5 ,23.56 ,23.45 ,23.46 ,23.53 ,23.55 ,23.5 ,23.49 ,23.49 ,23.49 ,23.49 ,23.45 ,23.51 ,23.55 ,23.58 ,23.62 ,23.63 ,23.69 ,23.7 ,23.66 ,23.59 ,23.61 ,23.54 ,23.53 ,23.45 ,23.45 ,23.45 ,23.51 ,23.52 ,23.54 ,23.51 ,23.46 ,23.57 ,23.57 ,23.63 ,23.83 ,23.77 ,23.71 ,23.7 ,23.62 ,23.66 ,23.77 ,23.79 ,23.7 ,23.7 ,23.74 ,23.55 ,23.5 ,23.5 ,23.5 ,23.52 ,23.56 ,23.51 ,23.49 ,23.52 ,23.75 ,23.54 ,23.61 ,23.71 ,23.55 ,23.5 ,23.59 ,23.5 ,23.48 ,23.47 ,23.48 ,23.59 ,23.58 ,23.52 ,23.42 ,23.44 ,23.52 ,23.56 ,23.61 ,23.62 ,23.63 ,23.63 ,23.69 ,23.76 ,23.58 ,23.56 ,23.67 ,23.75 ,23.71 ,23.73 ,23.64 ,23.67 ,23.66 ,23.66 ,23.66 ,23.68 ,23.67 ,23.65 ,23.73 ,23.67 ,23.68 ,23.62 ,23.72 ,23.71 ,23.62 ,23.58 ,23.57 ,23.73 ,23.76 ,23.65 ,23.67 ,23.62 ,23.65 ,23.63 ,23.59 ,23.73 ,23.7 ,23.66 ,23.63 ,23.64 ,23.68 ,23.7 ,23.69 ,23.64 ,23.61 ,23.7 ,23.76 ,23.62 ,23.67 ,23.68 ,23.68 ,23.57 ,23.61 ,23.75 ,23.68 ,23.67 ,23.68 ,23.69 ,23.63 ,23.61 ,23.64 ,23.62 ,23.7 ,23.7 ,23.69 ,23.64 ,23.73 ,23.66 ,23.56 ,23.67 ,23.65 ,23.68 ,23.63 ,23.68 ,23.71 ,23.7 ,23.62 ,23.55 ,23.52 ,23.53 ,23.49 ,23.61 ,23.64 ,23.58 ,23.55 ,23.59 ,23.56 ,23.52 ,23.64 ,23.66 ,23.59 ,23.59 ,23.54 ,23.45 ,23.46 ,23.59 ,23.5 ,23.44 ,23.44 ,23.42 ,23.47 ,23.51 ,23.45 ,23.43 ,23.48 ,23.57 ,23.56 ,23.4 ,23.45 ,23.43 ,23.51 ,23.44 ,23.38 ,23.53 ,23.57 ,23.55 ,23.46 ,23.53 ,23.61 ,23.56 ,23.52 ,23.55 ,23.57 ,23.49 ,23.5 ,23.52 ,23.48 ,23.46 ,23.46 ,23.57 ,23.42 ,23.45 ,23.4 ,23.31 ,23.33 ,23.35 ,23.39 ,23.41 ,23.36 ,23.3 ,23.3 ,23.33 ,23.38 ,23.3 ,23.1 ,23.13 ,23.27 ,23.11 ,23.03 ,23.15 ,23.24 ,23.24 ,23.21 ,23.2 ,23.29 ,23.24 ,23.19 ,23.23 ,23.13 ,23.22 ,23.34 ,23.21 ,23.21 ,23.19 ,23.27 ,23.2 ,23.07 ,23.13 ,23.13 ,23.06 ,23.14 ,23.12 ,23.07 ,23.17 ,23.19 ,23.22 ,23.17 ,23.17 ,23.21 ,23.28 ,23.18 ,23.15 ,23.09 ,23.06 ,23.08 ,23.07 ,23.18 ,23.01 ,22.84 ,22.83 ,22.83 ,22.83 ,22.91 ,22.88 ,22.79 ,22.79 ,22.71 ,22.84 ,22.87 ,22.88 ,22.8 ,22.68 ,22.58 ,22.74 ,22.76 ,22.72 ,22.72 ,22.74 ,22.67 ,22.83 ,22.83 ,22.71 ,22.69 ,22.64 ,22.7 ,22.65 ,22.64 ,22.57 ,22.63 ,22.67 ,22.56 ,22.53 ,
23,22.85 ,22.78 ,22.93 ,22.85 ,22.82 ,22.81 ,22.89 ,22.87 ,22.84 ,22.99 ,22.92 ,23.05 ,23.27 ,23.26 ,23.2 ,23.28 ,23.35 ,23.36 ,23.38 ,23.4 ,23.43 ,23.36 ,23.4 ,23.32 ,23.4 ,23.5 ,23.55 ,23.45 ,23.36 ,23.41 ,23.47 ,23.34 ,23.19 ,23.17 ,23.02 ,22.95 ,22.89 ,22.96 ,23.03 ,23.02 ,22.98 ,23.13 ,23.25 ,23.33 ,23.45 ,23.49 ,23.52 ,23.62 ,23.42 ,23.48 ,23.42 ,23.39 ,23.41 ,23.41 ,23.42 ,23.46 ,23.43 ,23.41 ,23.43 ,23.46 ,23.42 ,23.43 ,23.44 ,23.35 ,23.35 ,23.36 ,23.42 ,23.45 ,23.48 ,23.47 ,23.43 ,23.52 ,23.63 ,23.52 ,23.46 ,23.42 ,23.45 ,23.39 ,23.34 ,23.34 ,23.44 ,23.37 ,23.35 ,23.29 ,23.47 ,23.46 ,23.54 ,23.55 ,23.5 ,23.53 ,23.46 ,23.53 ,23.52 ,23.51 ,23.49 ,23.51 ,23.55 ,23.49 ,23.61 ,23.6 ,23.5 ,23.57 ,23.51 ,23.47 ,23.6 ,23.65 ,23.61 ,23.47 ,23.53 ,23.51 ,23.52 ,23.5 ,23.56 ,23.62 ,23.67 ,23.72 ,23.62 ,23.69 ,23.78 ,23.74 ,23.71 ,23.65 ,23.69 ,23.7 ,23.63 ,23.59 ,23.61 ,23.57 ,23.58 ,23.49 ,23.51 ,23.64 ,23.66 ,23.59 ,23.64 ,23.56 ,23.56 ,23.58 ,23.56 ,23.65 ,23.62 ,23.58 ,23.67 ,23.64 ,23.59 ,23.58 ,23.69 ,23.67 ,23.67 ,23.68 ,23.66 ,23.62 ,23.64 ,23.67 ,23.71 ,23.61 ,23.58 ,23.53 ,23.5 ,23.52 ,23.6 ,23.7 ,23.65 ,23.57 ,23.58 ,23.59 ,23.57 ,23.56 ,23.42 ,23.51 ,23.61 ,23.48 ,23.45 ,23.56 ,23.52 ,23.52 ,23.45 ,23.49 ,23.54 ,23.47 ,23.49 ,23.53 ,23.54 ,23.46 ,23.56 ,23.7 ,23.75 ,23.68 ,23.71 ,23.65 ,23.7 ,23.73 ,23.67 ,23.64 ,23.7 ,23.61 ,23.58 ,23.73 ,23.73 ,23.72 ,23.71 ,23.74 ,23.78 ,23.74 ,23.74 ,23.67 ,23.7 ,23.77 ,23.8 ,23.74 ,23.69 ,23.72 ,23.67 ,23.61 ,23.57 ,23.68 ,23.75 ,23.68 ,23.75 ,23.75 ,23.74 ,23.77 ,23.74 ,23.68 ,23.74 ,23.73 ,23.79 ,23.77 ,23.75 ,23.73 ,23.64 ,23.68 ,23.82 ,23.69 ,23.81 ,23.77 ,23.81 ,23.74 ,23.68 ,23.71 ,23.78 ,23.82 ,23.83 ,23.69 ,23.68 ,23.85 ,23.83 ,23.78 ,23.84 ,23.81 ,23.82 ,23.73 ,23.74 ,23.84 ,23.93 ,23.89 ,23.89 ,23.88 ,23.79 ,23.79 ,23.75 ,23.78 ,23.74 ,23.7 ,23.72 ,23.73 ,23.68 ,23.75 ,23.82 ,23.77 ,23.75 ,23.74 ,23.8 ,23.9 ,23.78 ,23.75 ,23.67 ,23.64 ,23.69 ,23.74 ,23.84 ,23.83 ,23.81 ,23.78 ,23.72 ,23.77 ,23.79 ,23.75 ,23.72 ,23.79 ,23.81 ,23.77 ,23.75 ,23.86 ,23.77 ,23.58 ,23.49 ,23.75 ,23.77 ,23.76 ,23.8 ,23.74 ,23.65 ,23.72 ,23.75 ,23.76 ,23.75 ,23.73 ,23.67 ,23.59 ,23.67 ,23.79 ,23.61 ,23.53 ,23.58 ,23.49 ,23.51 ,23.54 ,23.56 ,23.51 ,23.31 ,23.37 ,23.52 ,23.48 ,23.45 ,23.41 ,23.33 ,23.4 ,23.48 ,23.4 ,23.46 ,23.55 ,23.51 ,23.48 ,23.54 ,23.56 ,23.64 ,23.68 ,23.63 ,23.64 ,23.57 ,23.47 ,23.46 ,23.47 ,23.45 ,23.46 ,23.49 ,23.59 ,23.55 ,23.56 ,23.54 ,23.52 ,23.46 ,23.42 ,23.46 ,23.45 ,23.52 ,23.55 ,23.61 ,23.63 ,23.6 ,23.7 ,23.74 ,23.61 ,23.57 ,23.44 ,23.51 ,23.45 ,23.41 ,23.46 ,23.57 ,23.52 ,23.5 ,23.58 ,23.53 ,23.57 ,23.63 ,23.66 ,23.76 ,23.7 ,23.65 ,23.65 ,23.62 ,23.76 ,23.84 ,23.87 ,23.73 ,23.73 ,23.75 ,23.58 ,23.55 ,23.5 ,23.47 ,23.5 ,23.57 ,23.58 ,23.56 ,23.53 ,23.54 ,23.5 ,23.47 ,23.56 ,23.46 ,23.42 ,23.43 ,23.42 ,23.44 ,23.47 ,23.49 ,23.57 ,23.6 ,23.47 ,23.4 ,23.43 ,23.51 ,23.49 ,23.6 ,23.62 ,23.63 ,23.61 ,23.56 ,23.58 ,23.55 ,23.51 ,23.58 ,23.7 ,23.66 ,23.65 ,23.64 ,23.74 ,23.76 ,23.7 ,23.65 ,23.61 ,23.72 ,23.7 ,23.69 ,23.67 ,23.67 ,23.65 ,23.69 ,23.75 ,23.71 ,23.6 ,23.64 ,23.73 ,23.69 ,23.63 ,23.65 ,23.64 ,23.64 ,23.71 ,23.73 ,23.78 ,23.73 ,23.67 ,23.62 ,23.59 ,23.62 ,23.61 ,23.68 ,23.68 ,23.6 ,23.66 ,23.74 ,23.67 ,23.72 ,23.69 ,23.64 ,23.64 ,23.65 ,23.76 ,23.74 ,23.61 ,23.57 ,23.59 ,23.6 ,23.64 ,23.62 ,23.58 ,23.61 ,23.68 ,23.66 ,23.63 ,23.65 ,23.56 ,23.58 ,23.67 ,23.61 ,23.59 ,23.52 ,23.61 ,23.6 ,23.62 ,23.61 ,23.56 ,23.53 ,23.56 ,23.55 ,23.6 ,23.64 ,23.65 ,23.5 ,23.49 ,23.54 ,23.5 ,23.52 ,23.68 ,23.65 ,23.54 ,23.54 ,23.47 ,23.46 ,23.43 ,23.47 ,23.49 ,23.38 ,23.42 ,23.48 ,23.42 ,23.5 ,23.44 ,23.43 ,23.52 ,23.52 ,23.4 ,23.44 ,23.46 ,23.51 ,23.49 ,23.44 ,23.54 ,23.76 ,23.52 ,23.47 ,23.48 ,23.59 ,23.63 ,23.53 ,23.45 ,23.49 ,23.43 ,23.48 ,23.58 ,23.47 ,23.45 ,23.52 ,23.58 ,23.39 ,23.42 ,23.47 ,23.43 ,23.31 ,23.27 ,23.37 ,23.37 ,23.32 ,23.35 ,23.3 ,23.28 ,23.33 ,23.34 ,23.25 ,23.17 ,23.23 ,23.2 ,23.16 ,23.26 ,23.31 ,23.18 ,23.19 ,23.21 ,23.27 ,23.23 ,23.16 ,23.18 ,23.14 ,23.17 ,23.15 ,23.17 ,23.11 ,23.13 ,23.16 ,23.18 ,23.18 ,23.19 ,23.13 ,22.97 ,23.12 ,23.17 ,23.14 ,23.18 ,23.2 ,23.23 ,23.18 ,23.21 ,23.25 ,23.23 ,23.13 ,23.15 ,23.09 ,23.11 ,23.03 ,23.06 ,23.13 ,23.07 ,23.02 ,22.9 ,22.96 ,23.03 ,22.96 ,22.92 ,22.87 ,22.93 ,22.72 ,22.74 ,22.9 ,22.9 ,22.77 ,22.65 ,22.58 ,22.67 ,22.71 ,22.75 ,22.79 ,22.74 ,22.65 ,22.79 ,22.74 ,22.63 ,22.55 ,22.67 ,22.7 ,22.7 ,22.61 ,22.63 ,22.68 ,22.63 ,22.6 ,22.59 ,
24,22.94 ,22.81 ,22.92 ,22.89 ,22.89 ,22.83 ,22.79 ,22.87 ,22.91 ,22.95 ,22.88 ,23.01 ,23.29 ,23.21 ,23.15 ,23.23 ,23.39 ,23.45 ,23.4 ,23.36 ,23.41 ,23.46 ,23.5 ,23.41 ,23.36 ,23.44 ,23.48 ,23.45 ,23.42 ,23.36 ,23.39 ,23.24 ,23.11 ,23.09 ,23.04 ,22.91 ,22.88 ,22.96 ,23.02 ,22.99 ,23.08 ,23.16 ,23.28 ,23.35 ,23.41 ,23.5 ,23.47 ,23.55 ,23.49 ,23.36 ,23.4 ,23.3 ,23.32 ,23.33 ,23.38 ,23.36 ,23.39 ,23.37 ,23.41 ,23.41 ,23.45 ,23.45 ,23.44 ,23.41 ,23.38 ,23.47 ,23.49 ,23.5 ,23.49 ,23.43 ,23.49 ,23.45 ,23.55 ,23.5 ,23.47 ,23.49 ,23.49 ,23.44 ,23.43 ,23.35 ,23.38 ,23.39 ,23.37 ,23.3 ,23.39 ,23.44 ,23.43 ,23.6 ,23.5 ,23.5 ,23.55 ,23.51 ,23.57 ,23.52 ,23.43 ,23.41 ,23.51 ,23.44 ,23.5 ,23.59 ,23.52 ,23.51 ,23.47 ,23.46 ,23.62 ,23.56 ,23.61 ,23.48 ,23.53 ,23.55 ,23.64 ,23.61 ,23.63 ,23.73 ,23.77 ,23.69 ,23.65 ,23.65 ,23.72 ,23.75 ,23.69 ,23.67 ,23.67 ,23.71 ,23.61 ,23.56 ,23.58 ,23.66 ,23.65 ,23.55 ,23.48 ,23.64 ,23.62 ,23.59 ,23.6 ,23.65 ,23.65 ,23.64 ,23.62 ,23.65 ,23.61 ,23.61 ,23.69 ,23.67 ,23.68 ,23.71 ,23.68 ,23.66 ,23.66 ,23.71 ,23.71 ,23.71 ,23.62 ,23.68 ,23.68 ,23.65 ,23.54 ,23.49 ,23.47 ,23.5 ,23.52 ,23.61 ,23.58 ,23.62 ,23.54 ,23.41 ,23.47 ,23.52 ,23.5 ,23.47 ,23.58 ,23.57 ,23.57 ,23.59 ,23.55 ,23.46 ,23.5 ,23.5 ,23.47 ,23.43 ,23.44 ,23.49 ,23.54 ,23.6 ,23.69 ,23.69 ,23.72 ,23.67 ,23.7 ,23.74 ,23.78 ,23.72 ,23.71 ,23.65 ,23.67 ,23.67 ,23.65 ,23.8 ,23.68 ,23.7 ,23.7 ,23.76 ,23.76 ,23.7 ,23.74 ,23.73 ,23.73 ,23.75 ,23.77 ,23.72 ,23.73 ,23.78 ,23.68 ,23.63 ,23.7 ,23.76 ,23.8 ,23.74 ,23.77 ,23.77 ,23.77 ,23.71 ,23.71 ,23.71 ,23.85 ,23.83 ,23.84 ,23.81 ,23.74 ,23.71 ,23.66 ,23.64 ,23.76 ,23.79 ,23.7 ,23.75 ,23.78 ,23.78 ,23.77 ,23.77 ,23.81 ,23.84 ,23.8 ,23.71 ,23.75 ,23.84 ,23.84 ,23.77 ,23.81 ,23.87 ,23.9 ,23.75 ,23.73 ,23.83 ,23.79 ,23.83 ,23.86 ,23.85 ,23.8 ,23.89 ,23.86 ,23.76 ,23.76 ,23.7 ,23.76 ,23.77 ,23.74 ,23.73 ,23.83 ,23.82 ,23.8 ,23.79 ,23.75 ,23.88 ,23.79 ,23.72 ,23.77 ,23.71 ,23.68 ,23.76 ,23.81 ,23.84 ,23.81 ,23.78 ,23.68 ,23.8 ,23.84 ,23.82 ,23.77 ,23.76 ,23.8 ,23.8 ,23.68 ,23.8 ,23.82 ,23.67 ,23.51 ,23.71 ,23.81 ,23.79 ,23.82 ,23.76 ,23.72 ,23.76 ,23.74 ,23.77 ,23.77 ,23.72 ,23.8 ,23.68 ,23.69 ,23.71 ,23.56 ,23.5 ,23.53 ,23.56 ,23.48 ,23.55 ,23.52 ,23.46 ,23.39 ,23.38 ,23.46 ,23.35 ,23.38 ,23.5 ,23.43 ,23.51 ,23.49 ,23.5 ,23.48 ,23.55 ,23.52 ,23.5 ,23.6 ,23.52 ,23.6 ,23.65 ,23.63 ,23.63 ,23.56 ,23.47 ,23.48 ,23.46 ,23.41 ,23.43 ,23.5 ,23.59 ,23.6 ,23.52 ,23.54 ,23.51 ,23.49 ,23.45 ,23.49 ,23.58 ,23.57 ,23.63 ,23.58 ,23.58 ,23.55 ,23.58 ,23.65 ,23.59 ,23.56 ,23.42 ,23.43 ,23.49 ,23.45 ,23.41 ,23.53 ,23.55 ,23.58 ,23.61 ,23.58 ,23.59 ,23.62 ,23.72 ,23.72 ,23.73 ,23.68 ,23.65 ,23.66 ,23.75 ,23.81 ,23.81 ,23.71 ,23.75 ,23.8 ,23.61 ,23.57 ,23.51 ,23.48 ,23.48 ,23.49 ,23.58 ,23.59 ,23.57 ,23.52 ,23.46 ,23.47 ,23.49 ,23.52 ,23.58 ,23.42 ,23.42 ,23.45 ,23.49 ,23.53 ,23.42 ,23.54 ,23.48 ,23.5 ,23.57 ,23.59 ,23.56 ,23.59 ,23.56 ,23.58 ,23.65 ,23.63 ,23.52 ,23.48 ,23.58 ,23.58 ,23.63 ,23.65 ,23.56 ,23.67 ,23.72 ,23.69 ,23.64 ,23.64 ,23.55 ,23.69 ,23.77 ,23.69 ,23.67 ,23.62 ,23.68 ,23.7 ,23.7 ,23.69 ,23.65 ,23.64 ,23.72 ,23.63 ,23.5 ,23.6 ,23.72 ,23.61 ,23.68 ,23.69 ,23.69 ,23.62 ,23.67 ,23.68 ,23.66 ,23.62 ,23.61 ,23.65 ,23.7 ,23.57 ,23.55 ,23.62 ,23.62 ,23.79 ,23.69 ,23.55 ,23.58 ,23.69 ,23.64 ,23.65 ,23.7 ,23.64 ,23.71 ,23.55 ,23.58 ,23.62 ,23.58 ,23.62 ,23.7 ,23.62 ,23.58 ,23.54 ,23.53 ,23.55 ,23.6 ,23.63 ,23.63 ,23.56 ,23.57 ,23.67 ,23.63 ,23.55 ,23.58 ,23.59 ,23.53 ,23.57 ,23.6 ,23.62 ,23.58 ,23.69 ,23.6 ,23.57 ,23.59 ,23.65 ,23.68 ,23.58 ,23.48 ,23.54 ,23.51 ,23.47 ,23.45 ,23.42 ,23.48 ,23.38 ,23.37 ,23.45 ,23.43 ,23.46 ,23.5 ,23.48 ,23.57 ,23.5 ,23.5 ,23.45 ,23.43 ,23.48 ,23.49 ,23.5 ,23.51 ,23.57 ,23.47 ,23.53 ,23.51 ,23.49 ,23.59 ,23.58 ,23.45 ,23.47 ,23.57 ,23.55 ,23.61 ,23.52 ,23.51 ,23.44 ,23.52 ,23.46 ,23.44 ,23.5 ,23.57 ,23.37 ,23.28 ,23.4 ,23.39 ,23.34 ,23.35 ,23.4 ,23.32 ,23.27 ,23.31 ,23.32 ,23.28 ,23.24 ,23.16 ,23.23 ,23.24 ,23.28 ,23.28 ,23.31 ,23.37 ,23.3 ,23.24 ,23.25 ,23.27 ,23.14 ,23.15 ,23.23 ,23.22 ,23.09 ,23.06 ,23.13 ,23.22 ,23.19 ,23.19 ,23.16 ,23.06 ,23.06 ,23.2 ,23.29 ,23.26 ,23.23 ,23.27 ,23.17 ,23.18 ,23.19 ,23.27 ,23.23 ,23.13 ,23.08 ,23.04 ,23.11 ,23.11 ,23.19 ,23.1 ,23.08 ,22.96 ,22.91 ,22.95 ,22.89 ,22.9 ,22.91 ,22.83 ,22.81 ,22.75 ,22.86 ,22.9 ,22.75 ,22.67 ,22.63 ,22.77 ,22.68 ,22.67 ,22.81 ,22.83 ,22.68 ,22.75 ,22.71 ,22.62 ,22.79 ,22.82 ,22.7 ,22.68 ,22.65 ,22.55 ,22.71 ,22.86 ,22.69 ,22.63 ,
25,22.87 ,22.85 ,22.98 ,23.01 ,22.94 ,22.91 ,22.88 ,22.88 ,22.87 ,22.85 ,22.8 ,22.97 ,23.25 ,23.21 ,23.22 ,23.2 ,23.31 ,23.43 ,23.46 ,23.34 ,23.42 ,23.49 ,23.46 ,23.45 ,23.43 ,23.4 ,23.36 ,23.39 ,23.4 ,23.38 ,23.36 ,23.25 ,23.04 ,23.02 ,23.03 ,22.97 ,22.98 ,22.98 ,23.01 ,22.96 ,23.05 ,23.1 ,23.25 ,23.36 ,23.38 ,23.46 ,23.46 ,23.44 ,23.44 ,23.38 ,23.38 ,23.45 ,23.49 ,23.43 ,23.43 ,23.45 ,23.38 ,23.42 ,23.43 ,23.45 ,23.43 ,23.32 ,23.38 ,23.49 ,23.47 ,23.3 ,23.45 ,23.47 ,23.33 ,23.43 ,23.47 ,23.42 ,23.44 ,23.38 ,23.46 ,23.6 ,23.59 ,23.52 ,23.48 ,23.45 ,23.42 ,23.45 ,23.43 ,23.35 ,23.42 ,23.51 ,23.48 ,23.48 ,23.54 ,23.47 ,23.45 ,23.45 ,23.54 ,23.65 ,23.53 ,23.49 ,23.46 ,23.44 ,23.43 ,23.56 ,23.62 ,23.53 ,23.52 ,23.48 ,23.55 ,23.56 ,23.57 ,23.57 ,23.6 ,23.58 ,23.6 ,23.63 ,23.62 ,23.8 ,23.86 ,23.63 ,23.62 ,23.64 ,23.72 ,23.67 ,23.67 ,23.7 ,23.64 ,23.66 ,23.69 ,23.66 ,23.56 ,23.63 ,23.71 ,23.57 ,23.55 ,23.64 ,23.62 ,23.59 ,23.54 ,23.66 ,23.67 ,23.64 ,23.69 ,23.69 ,23.65 ,23.55 ,23.62 ,23.6 ,23.69 ,23.69 ,23.63 ,23.63 ,23.67 ,23.68 ,23.67 ,23.61 ,23.56 ,23.57 ,23.59 ,23.64 ,23.68 ,23.59 ,23.59 ,23.61 ,23.64 ,23.58 ,23.54 ,23.51 ,23.57 ,23.46 ,23.47 ,23.55 ,23.56 ,23.53 ,23.5 ,23.45 ,23.48 ,23.55 ,23.52 ,23.49 ,23.51 ,23.52 ,23.54 ,23.54 ,23.59 ,23.59 ,23.6 ,23.57 ,23.68 ,23.72 ,23.73 ,23.66 ,23.66 ,23.78 ,23.84 ,23.69 ,23.68 ,23.71 ,23.61 ,23.6 ,23.74 ,23.84 ,23.7 ,23.65 ,23.75 ,23.75 ,23.71 ,23.62 ,23.7 ,23.75 ,23.67 ,23.64 ,23.69 ,23.75 ,23.69 ,23.8 ,23.76 ,23.7 ,23.75 ,23.79 ,23.75 ,23.74 ,23.79 ,23.77 ,23.8 ,23.78 ,23.8 ,23.84 ,23.92 ,23.86 ,23.82 ,23.74 ,23.75 ,23.69 ,23.69 ,23.69 ,23.69 ,23.74 ,23.67 ,23.75 ,23.76 ,23.69 ,23.75 ,23.83 ,23.91 ,23.85 ,23.76 ,23.77 ,23.78 ,23.78 ,23.74 ,23.72 ,23.69 ,23.71 ,23.8 ,23.71 ,23.74 ,23.84 ,23.81 ,23.83 ,23.91 ,23.86 ,23.83 ,23.8 ,23.93 ,23.88 ,23.85 ,23.8 ,23.84 ,23.79 ,23.7 ,23.7 ,23.77 ,23.78 ,23.78 ,23.86 ,23.79 ,23.76 ,23.76 ,23.7 ,23.79 ,23.71 ,23.65 ,23.73 ,23.77 ,23.78 ,23.85 ,23.85 ,23.82 ,23.8 ,23.84 ,23.81 ,23.78 ,23.82 ,23.86 ,23.78 ,23.7 ,23.78 ,23.79 ,23.72 ,23.63 ,23.73 ,23.76 ,23.79 ,23.78 ,23.78 ,23.67 ,23.73 ,23.8 ,23.82 ,23.85 ,23.81 ,23.73 ,23.71 ,23.68 ,23.62 ,23.53 ,23.56 ,23.57 ,23.6 ,23.5 ,23.49 ,23.48 ,23.44 ,23.45 ,23.45 ,23.48 ,23.46 ,23.49 ,23.56 ,23.51 ,23.56 ,23.5 ,23.51 ,23.58 ,23.54 ,23.52 ,23.55 ,23.6 ,23.52 ,23.56 ,23.63 ,23.61 ,23.67 ,23.61 ,23.51 ,23.39 ,23.5 ,23.59 ,23.51 ,23.46 ,23.52 ,23.46 ,23.39 ,23.42 ,23.44 ,23.51 ,23.57 ,23.54 ,23.59 ,23.62 ,23.62 ,23.57 ,23.64 ,23.56 ,23.61 ,23.69 ,23.62 ,23.58 ,23.56 ,23.54 ,23.52 ,23.41 ,23.44 ,23.49 ,23.48 ,23.58 ,23.6 ,23.49 ,23.59 ,23.64 ,23.69 ,23.69 ,23.66 ,23.63 ,23.66 ,23.67 ,23.72 ,23.76 ,23.69 ,23.68 ,23.68 ,23.71 ,23.66 ,23.62 ,23.63 ,23.51 ,23.5 ,23.53 ,23.53 ,23.6 ,23.51 ,23.53 ,23.44 ,23.49 ,23.58 ,23.56 ,23.62 ,23.54 ,23.49 ,23.58 ,23.58 ,23.58 ,23.47 ,23.46 ,23.5 ,23.51 ,23.57 ,23.56 ,23.52 ,23.57 ,23.55 ,23.56 ,23.63 ,23.64 ,23.59 ,23.62 ,23.67 ,23.66 ,23.65 ,23.68 ,23.63 ,23.62 ,23.62 ,23.6 ,23.58 ,23.58 ,23.59 ,23.66 ,23.7 ,23.72 ,23.65 ,23.53 ,23.6 ,23.66 ,23.72 ,23.71 ,23.72 ,23.61 ,23.66 ,23.77 ,23.6 ,23.65 ,23.67 ,23.6 ,23.6 ,23.7 ,23.63 ,23.55 ,23.61 ,23.66 ,23.59 ,23.55 ,23.68 ,23.63 ,23.61 ,23.59 ,23.52 ,23.62 ,23.7 ,23.69 ,23.71 ,23.59 ,23.63 ,23.69 ,23.67 ,23.63 ,23.65 ,23.71 ,23.74 ,23.64 ,23.56 ,23.63 ,23.63 ,23.59 ,23.68 ,23.6 ,23.61 ,23.6 ,23.67 ,23.68 ,23.53 ,23.6 ,23.63 ,23.57 ,23.59 ,23.62 ,23.64 ,23.62 ,23.55 ,23.58 ,23.62 ,23.6 ,23.57 ,23.57 ,23.57 ,23.64 ,23.69 ,23.65 ,23.64 ,23.72 ,23.61 ,23.61 ,23.57 ,23.53 ,23.47 ,23.44 ,23.42 ,23.38 ,23.45 ,23.42 ,23.39 ,23.42 ,23.43 ,23.46 ,23.47 ,23.46 ,23.58 ,23.6 ,23.43 ,23.45 ,23.43 ,23.47 ,23.47 ,23.49 ,23.52 ,23.63 ,23.63 ,23.51 ,23.65 ,23.58 ,23.57 ,23.56 ,23.56 ,23.52 ,23.55 ,23.56 ,23.59 ,23.58 ,23.52 ,23.44 ,23.59 ,23.51 ,23.43 ,23.38 ,23.46 ,23.4 ,23.26 ,23.36 ,23.37 ,23.33 ,23.28 ,23.37 ,23.42 ,23.26 ,23.21 ,23.28 ,23.17 ,23.24 ,23.2 ,23.33 ,23.29 ,23.16 ,23.34 ,23.44 ,23.36 ,23.33 ,23.32 ,23.24 ,23.24 ,23.19 ,23.09 ,23.24 ,23.24 ,23.08 ,23.11 ,23.18 ,23.22 ,23.22 ,23.17 ,23.25 ,23.16 ,23.07 ,23.2 ,23.23 ,23.28 ,23.27 ,23.27 ,23.22 ,23.2 ,23.24 ,23.26 ,23.3 ,23.21 ,23.07 ,23.03 ,23.13 ,23.09 ,23.05 ,23.06 ,22.98 ,22.97 ,22.9 ,22.92 ,22.85 ,22.86 ,22.78 ,22.74 ,22.78 ,22.82 ,22.85 ,22.84 ,22.74 ,22.65 ,22.7 ,22.72 ,22.76 ,22.67 ,22.74 ,22.79 ,22.71 ,22.83 ,22.81 ,22.8 ,22.82 ,22.87 ,22.74 ,22.66 ,22.71 ,22.62 ,22.64 ,22.81 ,22.74 ,22.68 ,
26,22.9 ,22.89 ,23 ,23.07 ,22.94 ,22.87 ,22.95 ,22.88 ,22.93 ,22.94 ,22.86 ,23.01 ,23.29 ,23.28 ,23.31 ,23.33 ,23.36 ,23.42 ,23.37 ,23.41 ,23.42 ,23.54 ,23.53 ,23.43 ,23.34 ,23.45 ,23.44 ,23.47 ,23.39 ,23.32 ,23.35 ,23.22 ,23.21 ,22.98 ,22.97 ,22.94 ,23 ,23.05 ,23.04 ,22.99 ,23.01 ,23.15 ,23.31 ,23.39 ,23.44 ,23.49 ,23.54 ,23.53 ,23.46 ,23.45 ,23.35 ,23.42 ,23.5 ,23.43 ,23.43 ,23.44 ,23.32 ,23.4 ,23.39 ,23.3 ,23.36 ,23.38 ,23.3 ,23.44 ,23.47 ,23.49 ,23.56 ,23.59 ,23.44 ,23.46 ,23.46 ,23.39 ,23.37 ,23.38 ,23.41 ,23.49 ,23.51 ,23.4 ,23.37 ,23.4 ,23.47 ,23.4 ,23.37 ,23.42 ,23.47 ,23.42 ,23.43 ,23.52 ,23.51 ,23.54 ,23.48 ,23.45 ,23.54 ,23.57 ,23.54 ,23.57 ,23.59 ,23.46 ,23.4 ,23.5 ,23.64 ,23.64 ,23.53 ,23.56 ,23.57 ,23.56 ,23.54 ,23.58 ,23.62 ,23.52 ,23.6 ,23.57 ,23.59 ,23.64 ,23.72 ,23.7 ,23.66 ,23.68 ,23.73 ,23.76 ,23.73 ,23.7 ,23.63 ,23.55 ,23.66 ,23.65 ,23.52 ,23.63 ,23.64 ,23.56 ,23.59 ,23.67 ,23.51 ,23.53 ,23.58 ,23.62 ,23.65 ,23.63 ,23.63 ,23.64 ,23.62 ,23.59 ,23.61 ,23.59 ,23.67 ,23.73 ,23.6 ,23.57 ,23.62 ,23.62 ,23.67 ,23.6 ,23.58 ,23.58 ,23.59 ,23.61 ,23.64 ,23.58 ,23.55 ,23.62 ,23.62 ,23.63 ,23.55 ,23.46 ,23.52 ,23.46 ,23.5 ,23.57 ,23.52 ,23.52 ,23.59 ,23.54 ,23.5 ,23.56 ,23.55 ,23.45 ,23.5 ,23.5 ,23.52 ,23.58 ,23.63 ,23.64 ,23.73 ,23.67 ,23.65 ,23.69 ,23.73 ,23.61 ,23.65 ,23.78 ,23.82 ,23.75 ,23.76 ,23.72 ,23.71 ,23.64 ,23.66 ,23.81 ,23.74 ,23.7 ,23.68 ,23.75 ,23.71 ,23.61 ,23.69 ,23.73 ,23.74 ,23.71 ,23.76 ,23.79 ,23.76 ,23.82 ,23.78 ,23.7 ,23.7 ,23.7 ,23.75 ,23.72 ,23.7 ,23.78 ,23.79 ,23.69 ,23.77 ,23.86 ,23.92 ,23.8 ,23.79 ,23.81 ,23.73 ,23.74 ,23.73 ,23.69 ,23.78 ,23.74 ,23.7 ,23.7 ,23.78 ,23.74 ,23.72 ,23.8 ,23.86 ,23.87 ,23.76 ,23.75 ,23.79 ,23.75 ,23.75 ,23.73 ,23.75 ,23.72 ,23.76 ,23.78 ,23.82 ,23.85 ,23.84 ,23.83 ,23.81 ,23.81 ,23.74 ,23.77 ,23.85 ,23.87 ,23.84 ,23.79 ,23.85 ,23.81 ,23.77 ,23.68 ,23.73 ,23.75 ,23.76 ,23.77 ,23.71 ,23.69 ,23.74 ,23.75 ,23.8 ,23.75 ,23.7 ,23.71 ,23.82 ,23.83 ,23.85 ,23.87 ,23.73 ,23.75 ,23.77 ,23.76 ,23.84 ,23.91 ,23.89 ,23.78 ,23.76 ,23.76 ,23.73 ,23.77 ,23.69 ,23.66 ,23.72 ,23.78 ,23.79 ,23.7 ,23.67 ,23.68 ,23.85 ,23.92 ,23.87 ,23.76 ,23.76 ,23.67 ,23.66 ,23.68 ,23.6 ,23.55 ,23.65 ,23.63 ,23.47 ,23.49 ,23.57 ,23.56 ,23.55 ,23.6 ,23.56 ,23.58 ,23.54 ,23.51 ,23.52 ,23.56 ,23.52 ,23.53 ,23.53 ,23.49 ,23.51 ,23.54 ,23.55 ,23.48 ,23.5 ,23.58 ,23.59 ,23.6 ,23.63 ,23.56 ,23.45 ,23.51 ,23.52 ,23.48 ,23.48 ,23.49 ,23.5 ,23.41 ,23.43 ,23.52 ,23.49 ,23.57 ,23.54 ,23.55 ,23.58 ,23.66 ,23.57 ,23.61 ,23.62 ,23.65 ,23.7 ,23.61 ,23.6 ,23.57 ,23.53 ,23.47 ,23.47 ,23.45 ,23.49 ,23.52 ,23.62 ,23.54 ,23.44 ,23.56 ,23.7 ,23.75 ,23.75 ,23.69 ,23.71 ,23.7 ,23.63 ,23.75 ,23.7 ,23.7 ,23.65 ,23.64 ,23.65 ,23.72 ,23.74 ,23.69 ,23.56 ,23.54 ,23.57 ,23.62 ,23.62 ,23.51 ,23.49 ,23.53 ,23.5 ,23.52 ,23.57 ,23.59 ,23.56 ,23.45 ,23.51 ,23.52 ,23.49 ,23.49 ,23.48 ,23.47 ,23.45 ,23.47 ,23.51 ,23.49 ,23.49 ,23.51 ,23.54 ,23.55 ,23.58 ,23.59 ,23.69 ,23.68 ,23.67 ,23.65 ,23.73 ,23.65 ,23.67 ,23.62 ,23.58 ,23.65 ,23.52 ,23.52 ,23.62 ,23.65 ,23.66 ,23.77 ,23.59 ,23.61 ,23.58 ,23.66 ,23.69 ,23.65 ,23.66 ,23.65 ,23.7 ,23.68 ,23.68 ,23.67 ,23.64 ,23.66 ,23.66 ,23.63 ,23.56 ,23.64 ,23.74 ,23.71 ,23.59 ,23.65 ,23.67 ,23.58 ,23.67 ,23.6 ,23.59 ,23.67 ,23.68 ,23.62 ,23.68 ,23.68 ,23.63 ,23.69 ,23.57 ,23.69 ,23.68 ,23.68 ,23.65 ,23.68 ,23.56 ,23.6 ,23.58 ,23.66 ,23.7 ,23.66 ,23.59 ,23.72 ,23.6 ,23.56 ,23.57 ,23.65 ,23.58 ,23.6 ,23.62 ,23.63 ,23.64 ,23.62 ,23.62 ,23.7 ,23.62 ,23.6 ,23.62 ,23.62 ,23.69 ,23.66 ,23.67 ,23.67 ,23.74 ,23.67 ,23.65 ,23.68 ,23.53 ,23.45 ,23.41 ,23.47 ,23.49 ,23.42 ,23.45 ,23.43 ,23.43 ,23.42 ,23.49 ,23.56 ,23.52 ,23.62 ,23.55 ,23.43 ,23.43 ,23.45 ,23.48 ,23.42 ,23.44 ,23.52 ,23.65 ,23.66 ,23.56 ,23.57 ,23.59 ,23.59 ,23.57 ,23.53 ,23.5 ,23.52 ,23.55 ,23.65 ,23.5 ,23.49 ,23.47 ,23.57 ,23.51 ,23.46 ,23.39 ,23.4 ,23.43 ,23.35 ,23.39 ,23.43 ,23.35 ,23.41 ,23.37 ,23.53 ,23.33 ,23.26 ,23.28 ,23.28 ,23.32 ,23.27 ,23.26 ,23.27 ,23.24 ,23.29 ,23.29 ,23.27 ,23.25 ,23.24 ,23.17 ,23.19 ,23.21 ,23.09 ,23.15 ,23.28 ,23.16 ,23.19 ,23.2 ,23.19 ,23.17 ,23.19 ,23.27 ,23.33 ,23.17 ,23.28 ,23.26 ,23.29 ,23.15 ,23.19 ,23.25 ,23.2 ,23.18 ,23.21 ,23.19 ,23.19 ,23.08 ,23.08 ,23.14 ,23.03 ,22.96 ,23 ,22.98 ,22.87 ,22.83 ,22.91 ,22.89 ,22.79 ,22.76 ,22.74 ,22.81 ,22.88 ,22.87 ,22.87 ,22.79 ,22.77 ,22.73 ,22.81 ,22.83 ,22.71 ,22.62 ,22.67 ,22.72 ,22.85 ,22.8 ,22.78 ,22.83 ,22.78 ,22.72 ,22.69 ,22.54 ,22.6 ,22.72 ,22.68 ,22.59 ,22.58 ,
27,22.91 ,22.88 ,22.91 ,22.88 ,22.93 ,22.97 ,22.95 ,22.87 ,22.94 ,23.08 ,23.06 ,23.08 ,23.25 ,23.32 ,23.38 ,23.37 ,23.48 ,23.49 ,23.41 ,23.28 ,23.43 ,23.45 ,23.5 ,23.5 ,23.47 ,23.42 ,23.49 ,23.48 ,23.38 ,23.35 ,23.35 ,23.17 ,23.06 ,22.96 ,22.82 ,22.88 ,22.96 ,23.08 ,23.17 ,23.05 ,23.07 ,23.13 ,23.32 ,23.35 ,23.43 ,23.48 ,23.45 ,23.5 ,23.47 ,23.45 ,23.33 ,23.31 ,23.36 ,23.33 ,23.43 ,23.41 ,23.4 ,23.43 ,23.4 ,23.3 ,23.31 ,23.34 ,23.42 ,23.48 ,23.48 ,23.44 ,23.59 ,23.66 ,23.6 ,23.5 ,23.47 ,23.43 ,23.39 ,23.37 ,23.4 ,23.42 ,23.45 ,23.43 ,23.39 ,23.38 ,23.41 ,23.33 ,23.41 ,23.43 ,23.56 ,23.56 ,23.51 ,23.56 ,23.57 ,23.58 ,23.61 ,23.54 ,23.49 ,23.53 ,23.52 ,23.52 ,23.63 ,23.53 ,23.47 ,23.52 ,23.56 ,23.55 ,23.54 ,23.64 ,23.66 ,23.56 ,23.51 ,23.56 ,23.61 ,23.51 ,23.5 ,23.54 ,23.54 ,23.55 ,23.51 ,23.61 ,23.67 ,23.68 ,23.75 ,23.79 ,23.8 ,23.68 ,23.69 ,23.63 ,23.61 ,23.67 ,23.55 ,23.57 ,23.61 ,23.53 ,23.63 ,23.67 ,23.62 ,23.59 ,23.6 ,23.55 ,23.6 ,23.67 ,23.66 ,23.67 ,23.61 ,23.52 ,23.6 ,23.61 ,23.65 ,23.74 ,23.63 ,23.5 ,23.56 ,23.6 ,23.64 ,23.61 ,23.57 ,23.53 ,23.61 ,23.59 ,23.63 ,23.53 ,23.51 ,23.59 ,23.56 ,23.52 ,23.56 ,23.55 ,23.49 ,23.51 ,23.47 ,23.54 ,23.48 ,23.55 ,23.57 ,23.5 ,23.59 ,23.66 ,23.62 ,23.51 ,23.47 ,23.58 ,23.57 ,23.55 ,23.71 ,23.71 ,23.72 ,23.74 ,23.65 ,23.72 ,23.69 ,23.64 ,23.69 ,23.69 ,23.72 ,23.76 ,23.79 ,23.69 ,23.77 ,23.76 ,23.67 ,23.67 ,23.73 ,23.78 ,23.74 ,23.79 ,23.8 ,23.66 ,23.64 ,23.66 ,23.71 ,23.76 ,23.76 ,23.8 ,23.75 ,23.82 ,23.72 ,23.7 ,23.63 ,23.65 ,23.73 ,23.76 ,23.76 ,23.78 ,23.83 ,23.69 ,23.71 ,23.71 ,23.83 ,23.86 ,23.79 ,23.8 ,23.78 ,23.74 ,23.72 ,23.7 ,23.84 ,23.75 ,23.73 ,23.74 ,23.76 ,23.75 ,23.73 ,23.75 ,23.77 ,23.92 ,23.8 ,23.74 ,23.84 ,23.73 ,23.7 ,23.67 ,23.72 ,23.71 ,23.71 ,23.77 ,23.86 ,23.9 ,23.9 ,23.84 ,23.77 ,23.77 ,23.79 ,23.75 ,23.84 ,23.8 ,23.8 ,23.88 ,23.89 ,23.79 ,23.85 ,23.72 ,23.71 ,23.76 ,23.67 ,23.6 ,23.62 ,23.75 ,23.83 ,23.81 ,23.83 ,23.82 ,23.7 ,23.72 ,23.8 ,23.77 ,23.77 ,23.81 ,23.72 ,23.8 ,23.89 ,23.78 ,23.81 ,23.86 ,23.85 ,23.73 ,23.78 ,23.78 ,23.7 ,23.77 ,23.65 ,23.61 ,23.65 ,23.74 ,23.84 ,23.79 ,23.78 ,23.73 ,23.74 ,23.87 ,23.85 ,23.73 ,23.71 ,23.69 ,23.67 ,23.68 ,23.58 ,23.47 ,23.54 ,23.52 ,23.48 ,23.56 ,23.61 ,23.57 ,23.53 ,23.61 ,23.57 ,23.56 ,23.52 ,23.51 ,23.54 ,23.53 ,23.52 ,23.54 ,23.51 ,23.47 ,23.47 ,23.51 ,23.55 ,23.51 ,23.57 ,23.61 ,23.59 ,23.64 ,23.57 ,23.5 ,23.43 ,23.51 ,23.53 ,23.46 ,23.5 ,23.44 ,23.41 ,23.49 ,23.46 ,23.59 ,23.59 ,23.56 ,23.53 ,23.49 ,23.53 ,23.66 ,23.64 ,23.5 ,23.61 ,23.65 ,23.58 ,23.54 ,23.52 ,23.47 ,23.45 ,23.39 ,23.46 ,23.46 ,23.49 ,23.5 ,23.62 ,23.6 ,23.48 ,23.59 ,23.63 ,23.75 ,23.71 ,23.72 ,23.69 ,23.73 ,23.68 ,23.73 ,23.66 ,23.68 ,23.67 ,23.65 ,23.64 ,23.66 ,23.7 ,23.74 ,23.67 ,23.63 ,23.68 ,23.65 ,23.61 ,23.63 ,23.56 ,23.55 ,23.53 ,23.59 ,23.5 ,23.57 ,23.53 ,23.42 ,23.37 ,23.51 ,23.6 ,23.47 ,23.47 ,23.51 ,23.49 ,23.5 ,23.5 ,23.53 ,23.54 ,23.56 ,23.54 ,23.64 ,23.55 ,23.51 ,23.6 ,23.68 ,23.64 ,23.64 ,23.76 ,23.64 ,23.62 ,23.71 ,23.61 ,23.65 ,23.62 ,23.55 ,23.61 ,23.67 ,23.7 ,23.67 ,23.67 ,23.75 ,23.74 ,23.66 ,23.73 ,23.73 ,23.66 ,23.69 ,23.71 ,23.7 ,23.65 ,23.56 ,23.69 ,23.7 ,23.7 ,23.63 ,23.53 ,23.65 ,23.71 ,23.6 ,23.58 ,23.64 ,23.73 ,23.65 ,23.63 ,23.66 ,23.69 ,23.69 ,23.73 ,23.59 ,23.63 ,23.75 ,23.63 ,23.66 ,23.53 ,23.61 ,23.72 ,23.67 ,23.66 ,23.69 ,23.57 ,23.55 ,23.59 ,23.66 ,23.79 ,23.74 ,23.62 ,23.59 ,23.62 ,23.62 ,23.64 ,23.69 ,23.71 ,23.64 ,23.59 ,23.58 ,23.57 ,23.69 ,23.59 ,23.62 ,23.64 ,23.59 ,23.64 ,23.62 ,23.69 ,23.74 ,23.67 ,23.73 ,23.66 ,23.62 ,23.62 ,23.61 ,23.56 ,23.45 ,23.36 ,23.49 ,23.52 ,23.41 ,23.29 ,23.4 ,23.44 ,23.45 ,23.47 ,23.57 ,23.56 ,23.56 ,23.53 ,23.54 ,23.55 ,23.47 ,23.48 ,23.5 ,23.51 ,23.44 ,23.48 ,23.56 ,23.57 ,23.57 ,23.57 ,23.6 ,23.59 ,23.61 ,23.57 ,23.55 ,23.46 ,23.52 ,23.51 ,23.47 ,23.3 ,23.45 ,23.52 ,23.5 ,23.46 ,23.49 ,23.44 ,23.4 ,23.5 ,23.54 ,23.37 ,23.35 ,23.29 ,23.42 ,23.36 ,23.24 ,23.28 ,23.3 ,23.33 ,23.2 ,23.18 ,23.2 ,23.22 ,23.26 ,23.25 ,23.26 ,23.29 ,23.21 ,23.21 ,23.33 ,23.28 ,23.24 ,23.18 ,23.2 ,23.17 ,23.26 ,23.36 ,23.35 ,23.32 ,23.27 ,23.24 ,23.24 ,23.23 ,23.28 ,23.25 ,23.19 ,23.21 ,23.24 ,23.16 ,23.16 ,23.11 ,23.2 ,23.22 ,23.25 ,23.19 ,23.14 ,23.16 ,23.05 ,22.93 ,22.99 ,23.12 ,22.93 ,22.84 ,22.96 ,22.9 ,22.88 ,22.72 ,22.85 ,22.91 ,22.87 ,22.85 ,22.85 ,22.84 ,22.82 ,22.75 ,22.86 ,22.92 ,22.79 ,22.68 ,22.69 ,22.78 ,22.82 ,22.75 ,22.67 ,22.79 ,22.84 ,22.74 ,22.74 ,22.71 ,22.57 ,22.68 ,22.72 ,22.56 ,22.57 ,
28,23 ,22.89 ,22.99 ,22.87 ,22.86 ,22.98 ,23.03 ,22.93 ,22.98 ,23.09 ,23.15 ,23.2 ,23.26 ,23.34 ,23.43 ,23.38 ,23.39 ,23.48 ,23.51 ,23.31 ,23.38 ,23.55 ,23.46 ,23.41 ,23.44 ,23.47 ,23.39 ,23.38 ,23.3 ,23.34 ,23.29 ,23.12 ,23 ,23.01 ,22.96 ,22.96 ,22.92 ,23.05 ,23.17 ,23.15 ,23.15 ,23.23 ,23.37 ,23.44 ,23.47 ,23.44 ,23.38 ,23.47 ,23.48 ,23.49 ,23.42 ,23.34 ,23.46 ,23.42 ,23.41 ,23.4 ,23.52 ,23.55 ,23.49 ,23.42 ,23.39 ,23.35 ,23.48 ,23.55 ,23.47 ,23.45 ,23.44 ,23.51 ,23.52 ,23.51 ,23.45 ,23.5 ,23.49 ,23.39 ,23.42 ,23.44 ,23.53 ,23.48 ,23.41 ,23.34 ,23.42 ,23.3 ,23.35 ,23.45 ,23.52 ,23.58 ,23.55 ,23.58 ,23.63 ,23.52 ,23.53 ,23.57 ,23.48 ,23.54 ,23.57 ,23.58 ,23.57 ,23.45 ,23.47 ,23.53 ,23.59 ,23.6 ,23.57 ,23.64 ,23.71 ,23.63 ,23.59 ,23.55 ,23.6 ,23.59 ,23.56 ,23.55 ,23.56 ,23.64 ,23.59 ,23.59 ,23.63 ,23.62 ,23.64 ,23.77 ,23.68 ,23.68 ,23.66 ,23.66 ,23.67 ,23.62 ,23.68 ,23.65 ,23.65 ,23.53 ,23.56 ,23.64 ,23.56 ,23.7 ,23.63 ,23.54 ,23.56 ,23.7 ,23.68 ,23.73 ,23.68 ,23.63 ,23.65 ,23.7 ,23.65 ,23.73 ,23.62 ,23.53 ,23.64 ,23.69 ,23.68 ,23.66 ,23.6 ,23.47 ,23.56 ,23.67 ,23.63 ,23.57 ,23.54 ,23.55 ,23.48 ,23.46 ,23.49 ,23.56 ,23.54 ,23.53 ,23.51 ,23.51 ,23.49 ,23.55 ,23.56 ,23.44 ,23.59 ,23.61 ,23.59 ,23.54 ,23.47 ,23.6 ,23.61 ,23.58 ,23.77 ,23.77 ,23.69 ,23.66 ,23.71 ,23.73 ,23.71 ,23.72 ,23.7 ,23.65 ,23.73 ,23.72 ,23.65 ,23.64 ,23.73 ,23.72 ,23.63 ,23.73 ,23.71 ,23.74 ,23.76 ,23.7 ,23.75 ,23.79 ,23.76 ,23.7 ,23.65 ,23.69 ,23.71 ,23.73 ,23.71 ,23.79 ,23.74 ,23.68 ,23.69 ,23.68 ,23.72 ,23.71 ,23.73 ,23.81 ,23.81 ,23.75 ,23.66 ,23.74 ,23.81 ,23.86 ,23.79 ,23.78 ,23.78 ,23.79 ,23.64 ,23.66 ,23.77 ,23.8 ,23.69 ,23.76 ,23.79 ,23.8 ,23.71 ,23.69 ,23.79 ,23.92 ,23.87 ,23.79 ,23.83 ,23.84 ,23.79 ,23.68 ,23.71 ,23.7 ,23.79 ,23.66 ,23.81 ,23.91 ,23.85 ,23.8 ,23.86 ,23.78 ,23.75 ,23.77 ,23.78 ,23.8 ,23.85 ,23.82 ,23.79 ,23.75 ,23.83 ,23.72 ,23.72 ,23.76 ,23.72 ,23.64 ,23.65 ,23.76 ,23.77 ,23.72 ,23.78 ,23.82 ,23.67 ,23.72 ,23.85 ,23.77 ,23.84 ,23.77 ,23.67 ,23.79 ,23.89 ,23.86 ,23.74 ,23.72 ,23.78 ,23.72 ,23.73 ,23.78 ,23.74 ,23.79 ,23.65 ,23.51 ,23.6 ,23.62 ,23.78 ,23.89 ,23.77 ,23.73 ,23.75 ,23.83 ,23.85 ,23.82 ,23.74 ,23.71 ,23.69 ,23.72 ,23.67 ,23.57 ,23.59 ,23.49 ,23.51 ,23.59 ,23.53 ,23.52 ,23.54 ,23.61 ,23.5 ,23.48 ,23.45 ,23.5 ,23.51 ,23.48 ,23.5 ,23.53 ,23.58 ,23.52 ,23.51 ,23.44 ,23.49 ,23.47 ,23.48 ,23.58 ,23.63 ,23.66 ,23.62 ,23.57 ,23.49 ,23.52 ,23.55 ,23.49 ,23.49 ,23.44 ,23.45 ,23.46 ,23.48 ,23.6 ,23.6 ,23.62 ,23.63 ,23.56 ,23.55 ,23.61 ,23.69 ,23.62 ,23.62 ,23.65 ,23.66 ,23.54 ,23.51 ,23.51 ,23.54 ,23.43 ,23.38 ,23.46 ,23.53 ,23.48 ,23.6 ,23.66 ,23.58 ,23.63 ,23.69 ,23.73 ,23.71 ,23.7 ,23.66 ,23.7 ,23.73 ,23.82 ,23.69 ,23.68 ,23.73 ,23.66 ,23.71 ,23.67 ,23.69 ,23.72 ,23.67 ,23.64 ,23.7 ,23.65 ,23.6 ,23.67 ,23.67 ,23.62 ,23.62 ,23.59 ,23.57 ,23.58 ,23.55 ,23.54 ,23.46 ,23.5 ,23.66 ,23.61 ,23.48 ,23.41 ,23.49 ,23.52 ,23.53 ,23.52 ,23.5 ,23.56 ,23.62 ,23.67 ,23.56 ,23.58 ,23.6 ,23.63 ,23.65 ,23.64 ,23.72 ,23.71 ,23.72 ,23.73 ,23.6 ,23.54 ,23.66 ,23.66 ,23.65 ,23.59 ,23.61 ,23.61 ,23.6 ,23.76 ,23.77 ,23.73 ,23.66 ,23.65 ,23.68 ,23.7 ,23.67 ,23.61 ,23.66 ,23.61 ,23.64 ,23.69 ,23.72 ,23.76 ,23.58 ,23.68 ,23.67 ,23.62 ,23.58 ,23.64 ,23.73 ,23.73 ,23.6 ,23.58 ,23.75 ,23.74 ,23.71 ,23.63 ,23.65 ,23.76 ,23.72 ,23.71 ,23.66 ,23.66 ,23.7 ,23.78 ,23.66 ,23.65 ,23.64 ,23.65 ,23.71 ,23.71 ,23.79 ,23.75 ,23.64 ,23.63 ,23.66 ,23.69 ,23.66 ,23.66 ,23.62 ,23.61 ,23.68 ,23.57 ,23.5 ,23.58 ,23.68 ,23.66 ,23.64 ,23.65 ,23.6 ,23.55 ,23.71 ,23.8 ,23.72 ,23.64 ,23.61 ,23.68 ,23.75 ,23.57 ,23.5 ,23.5 ,23.44 ,23.51 ,23.53 ,23.52 ,23.43 ,23.45 ,23.45 ,23.49 ,23.45 ,23.52 ,23.41 ,23.45 ,23.52 ,23.56 ,23.5 ,23.48 ,23.49 ,23.55 ,23.52 ,23.52 ,23.46 ,23.54 ,23.65 ,23.65 ,23.54 ,23.61 ,23.6 ,23.56 ,23.63 ,23.54 ,23.47 ,23.45 ,23.43 ,23.45 ,23.36 ,23.43 ,23.46 ,23.41 ,23.42 ,23.44 ,23.44 ,23.36 ,23.44 ,23.55 ,23.43 ,23.33 ,23.34 ,23.33 ,23.25 ,23.16 ,23.23 ,23.29 ,23.24 ,23.19 ,23.22 ,23.31 ,23.31 ,23.29 ,23.34 ,23.29 ,23.29 ,23.33 ,23.26 ,23.25 ,23.19 ,23.28 ,23.17 ,23.21 ,23.16 ,23.18 ,23.23 ,23.24 ,23.26 ,23.29 ,23.18 ,23.16 ,23.15 ,23.3 ,23.26 ,23.19 ,23.18 ,23.2 ,23.2 ,23.26 ,23.13 ,23.14 ,23.23 ,23.22 ,23.15 ,23.11 ,23.21 ,23.15 ,23.09 ,22.92 ,23.02 ,22.96 ,22.82 ,22.94 ,22.88 ,22.9 ,22.81 ,22.8 ,22.82 ,22.88 ,22.87 ,22.79 ,22.76 ,22.82 ,22.7 ,22.7 ,22.85 ,22.78 ,22.8 ,22.79 ,22.74 ,22.79 ,22.75 ,22.76 ,22.76 ,22.81 ,22.76 ,22.71 ,22.74 ,22.57 ,22.56 ,22.64 ,22.61 ,22.6 ,
29,22.95 ,22.93 ,22.91 ,22.95 ,22.91 ,23.02 ,23.06 ,22.99 ,22.99 ,23.07 ,23.09 ,23.2 ,23.28 ,23.29 ,23.46 ,23.51 ,23.5 ,23.51 ,23.44 ,23.4 ,23.41 ,23.43 ,23.44 ,23.43 ,23.41 ,23.38 ,23.4 ,23.31 ,23.24 ,23.27 ,23.2 ,23.08 ,22.95 ,22.97 ,23 ,22.99 ,22.91 ,22.97 ,23.05 ,23.13 ,23.25 ,23.35 ,23.47 ,23.51 ,23.52 ,23.51 ,23.43 ,23.49 ,23.45 ,23.44 ,23.32 ,23.4 ,23.52 ,23.41 ,23.34 ,23.39 ,23.45 ,23.53 ,23.5 ,23.45 ,23.54 ,23.45 ,23.37 ,23.43 ,23.44 ,23.39 ,23.49 ,23.52 ,23.52 ,23.56 ,23.44 ,23.41 ,23.61 ,23.45 ,23.46 ,23.49 ,23.43 ,23.4 ,23.38 ,23.42 ,23.42 ,23.34 ,23.39 ,23.51 ,23.49 ,23.54 ,23.54 ,23.61 ,23.69 ,23.57 ,23.47 ,23.57 ,23.54 ,23.52 ,23.53 ,23.56 ,23.59 ,23.49 ,23.47 ,23.58 ,23.63 ,23.64 ,23.58 ,23.53 ,23.54 ,23.66 ,23.63 ,23.5 ,23.6 ,23.57 ,23.54 ,23.58 ,23.59 ,23.58 ,23.57 ,23.63 ,23.59 ,23.58 ,23.5 ,23.61 ,23.67 ,23.63 ,23.71 ,23.62 ,23.63 ,23.58 ,23.66 ,23.7 ,23.67 ,23.65 ,23.58 ,23.62 ,23.63 ,23.66 ,23.63 ,23.57 ,23.63 ,23.68 ,23.68 ,23.7 ,23.68 ,23.7 ,23.63 ,23.64 ,23.69 ,23.6 ,23.64 ,23.58 ,23.62 ,23.71 ,23.67 ,23.63 ,23.56 ,23.57 ,23.62 ,23.59 ,23.58 ,23.52 ,23.54 ,23.43 ,23.48 ,23.46 ,23.62 ,23.65 ,23.57 ,23.54 ,23.47 ,23.56 ,23.48 ,23.54 ,23.51 ,23.41 ,23.48 ,23.51 ,23.52 ,23.52 ,23.46 ,23.6 ,23.64 ,23.62 ,23.77 ,23.76 ,23.71 ,23.76 ,23.72 ,23.76 ,23.78 ,23.71 ,23.69 ,23.66 ,23.81 ,23.8 ,23.75 ,23.74 ,23.74 ,23.7 ,23.69 ,23.81 ,23.72 ,23.67 ,23.75 ,23.74 ,23.67 ,23.81 ,23.82 ,23.77 ,23.67 ,23.76 ,23.77 ,23.69 ,23.76 ,23.78 ,23.77 ,23.65 ,23.66 ,23.72 ,23.82 ,23.81 ,23.78 ,23.76 ,23.82 ,23.72 ,23.7 ,23.8 ,23.84 ,23.8 ,23.77 ,23.78 ,23.75 ,23.81 ,23.67 ,23.71 ,23.74 ,23.72 ,23.67 ,23.76 ,23.77 ,23.75 ,23.72 ,23.68 ,23.76 ,23.85 ,23.79 ,23.73 ,23.83 ,23.81 ,23.74 ,23.75 ,23.79 ,23.71 ,23.79 ,23.71 ,23.78 ,23.83 ,23.82 ,23.82 ,23.9 ,23.88 ,23.74 ,23.72 ,23.79 ,23.84 ,23.89 ,23.79 ,23.74 ,23.73 ,23.78 ,23.8 ,23.8 ,23.77 ,23.7 ,23.77 ,23.7 ,23.81 ,23.77 ,23.66 ,23.75 ,23.79 ,23.64 ,23.63 ,23.89 ,23.79 ,23.83 ,23.84 ,23.73 ,23.76 ,23.88 ,23.85 ,23.78 ,23.72 ,23.81 ,23.79 ,23.8 ,23.8 ,23.82 ,23.83 ,23.64 ,23.55 ,23.67 ,23.65 ,23.74 ,23.81 ,23.69 ,23.65 ,23.7 ,23.79 ,23.69 ,23.74 ,23.71 ,23.63 ,23.72 ,23.69 ,23.68 ,23.61 ,23.56 ,23.47 ,23.49 ,23.58 ,23.56 ,23.53 ,23.54 ,23.57 ,23.57 ,23.45 ,23.49 ,23.51 ,23.54 ,23.49 ,23.49 ,23.49 ,23.57 ,23.53 ,23.38 ,23.38 ,23.43 ,23.46 ,23.45 ,23.49 ,23.59 ,23.61 ,23.56 ,23.53 ,23.47 ,23.55 ,23.58 ,23.55 ,23.45 ,23.44 ,23.4 ,23.49 ,23.58 ,23.68 ,23.62 ,23.6 ,23.61 ,23.66 ,23.6 ,23.64 ,23.7 ,23.74 ,23.68 ,23.59 ,23.56 ,23.58 ,23.59 ,23.48 ,23.51 ,23.44 ,23.44 ,23.47 ,23.52 ,23.53 ,23.63 ,23.7 ,23.58 ,23.65 ,23.68 ,23.71 ,23.76 ,23.68 ,23.69 ,23.69 ,23.73 ,23.81 ,23.76 ,23.74 ,23.72 ,23.73 ,23.74 ,23.78 ,23.72 ,23.7 ,23.8 ,23.71 ,23.68 ,23.64 ,23.7 ,23.67 ,23.66 ,23.67 ,23.61 ,23.65 ,23.57 ,23.57 ,23.55 ,23.46 ,23.5 ,23.46 ,23.53 ,23.56 ,23.53 ,23.39 ,23.44 ,23.51 ,23.51 ,23.53 ,23.58 ,23.58 ,23.55 ,23.57 ,23.58 ,23.54 ,23.55 ,23.52 ,23.53 ,23.56 ,23.67 ,23.62 ,23.68 ,23.71 ,23.64 ,23.63 ,23.68 ,23.61 ,23.57 ,23.61 ,23.57 ,23.6 ,23.59 ,23.67 ,23.72 ,23.71 ,23.69 ,23.67 ,23.71 ,23.67 ,23.74 ,23.63 ,23.68 ,23.73 ,23.66 ,23.61 ,23.68 ,23.67 ,23.65 ,23.71 ,23.77 ,23.75 ,23.68 ,23.71 ,23.63 ,23.7 ,23.62 ,23.61 ,23.61 ,23.61 ,23.59 ,23.59 ,23.63 ,23.69 ,23.64 ,23.75 ,23.72 ,23.74 ,23.69 ,23.73 ,23.7 ,23.64 ,23.7 ,23.73 ,23.76 ,23.8 ,23.7 ,23.66 ,23.66 ,23.67 ,23.6 ,23.62 ,23.62 ,23.63 ,23.57 ,23.57 ,23.72 ,23.65 ,23.56 ,23.62 ,23.61 ,23.66 ,23.71 ,23.63 ,23.61 ,23.54 ,23.62 ,23.69 ,23.73 ,23.75 ,23.57 ,23.73 ,23.79 ,23.55 ,23.55 ,23.55 ,23.55 ,23.52 ,23.53 ,23.48 ,23.55 ,23.51 ,23.4 ,23.52 ,23.5 ,23.39 ,23.39 ,23.46 ,23.48 ,23.54 ,23.43 ,23.38 ,23.54 ,23.59 ,23.51 ,23.56 ,23.53 ,23.58 ,23.68 ,23.59 ,23.5 ,23.53 ,23.62 ,23.54 ,23.58 ,23.42 ,23.46 ,23.53 ,23.5 ,23.51 ,23.47 ,23.61 ,23.57 ,23.44 ,23.38 ,23.43 ,23.4 ,23.32 ,23.33 ,23.42 ,23.51 ,23.39 ,23.35 ,23.41 ,23.35 ,23.21 ,23.21 ,23.31 ,23.27 ,23.22 ,23.31 ,23.34 ,23.32 ,23.35 ,23.26 ,23.3 ,23.36 ,23.36 ,23.22 ,23.2 ,23.13 ,23.16 ,23.2 ,23.22 ,23.21 ,23.17 ,23.16 ,23.12 ,23.12 ,23.23 ,23.27 ,23.27 ,23.23 ,23.21 ,23.28 ,23.31 ,23.19 ,23.15 ,23.21 ,23.3 ,23.25 ,23.16 ,23.19 ,23.07 ,23.02 ,23.13 ,23.11 ,23.12 ,23.04 ,22.94 ,23 ,22.99 ,22.8 ,22.91 ,22.85 ,22.86 ,22.82 ,22.79 ,22.83 ,22.86 ,22.86 ,22.84 ,22.77 ,22.74 ,22.77 ,22.72 ,22.69 ,22.74 ,22.73 ,22.76 ,22.72 ,22.78 ,22.78 ,22.82 ,22.8 ,22.83 ,22.85 ,22.74 ,22.61 ,22.68 ,22.62 ,22.66 ,22.64 ,22.57 ,
30,23.02 ,22.91 ,22.92 ,22.96 ,22.95 ,23.04 ,23.08 ,23.02 ,22.96 ,23.07 ,23.04 ,23.18 ,23.24 ,23.3 ,23.39 ,23.46 ,23.47 ,23.46 ,23.39 ,23.39 ,23.4 ,23.34 ,23.4 ,23.42 ,23.39 ,23.44 ,23.38 ,23.34 ,23.29 ,23.26 ,23.21 ,23.18 ,22.89 ,22.88 ,22.99 ,22.99 ,23.03 ,23.07 ,23.09 ,23.15 ,23.31 ,23.34 ,23.38 ,23.4 ,23.44 ,23.49 ,23.43 ,23.45 ,23.49 ,23.4 ,23.31 ,23.37 ,23.52 ,23.34 ,23.33 ,23.48 ,23.48 ,23.47 ,23.44 ,23.39 ,23.52 ,23.43 ,23.31 ,23.4 ,23.4 ,23.33 ,23.52 ,23.56 ,23.54 ,23.52 ,23.51 ,23.45 ,23.56 ,23.49 ,23.47 ,23.48 ,23.56 ,23.48 ,23.41 ,23.44 ,23.47 ,23.37 ,23.36 ,23.44 ,23.44 ,23.54 ,23.57 ,23.64 ,23.61 ,23.57 ,23.48 ,23.54 ,23.69 ,23.58 ,23.49 ,23.6 ,23.58 ,23.5 ,23.54 ,23.57 ,23.58 ,23.58 ,23.52 ,23.49 ,23.51 ,23.56 ,23.58 ,23.58 ,23.57 ,23.58 ,23.6 ,23.53 ,23.61 ,23.5 ,23.59 ,23.65 ,23.71 ,23.68 ,23.6 ,23.62 ,23.59 ,23.68 ,23.69 ,23.65 ,23.61 ,23.56 ,23.62 ,23.63 ,23.62 ,23.61 ,23.55 ,23.62 ,23.63 ,23.64 ,23.63 ,23.58 ,23.62 ,23.64 ,23.66 ,23.76 ,23.67 ,23.64 ,23.56 ,23.57 ,23.72 ,23.65 ,23.57 ,23.62 ,23.68 ,23.67 ,23.58 ,23.6 ,23.64 ,23.53 ,23.53 ,23.55 ,23.52 ,23.51 ,23.57 ,23.49 ,23.5 ,23.49 ,23.58 ,23.61 ,23.61 ,23.52 ,23.49 ,23.59 ,23.54 ,23.54 ,23.54 ,23.47 ,23.49 ,23.54 ,23.56 ,23.62 ,23.59 ,23.66 ,23.65 ,23.59 ,23.73 ,23.71 ,23.67 ,23.73 ,23.75 ,23.68 ,23.73 ,23.69 ,23.72 ,23.74 ,23.82 ,23.78 ,23.75 ,23.78 ,23.71 ,23.67 ,23.7 ,23.76 ,23.81 ,23.73 ,23.78 ,23.81 ,23.76 ,23.76 ,23.75 ,23.72 ,23.71 ,23.75 ,23.78 ,23.73 ,23.74 ,23.78 ,23.87 ,23.8 ,23.71 ,23.7 ,23.79 ,23.82 ,23.78 ,23.76 ,23.81 ,23.75 ,23.71 ,23.71 ,23.72 ,23.69 ,23.77 ,23.78 ,23.76 ,23.76 ,23.71 ,23.68 ,23.77 ,23.68 ,23.66 ,23.79 ,23.81 ,23.7 ,23.67 ,23.67 ,23.71 ,23.83 ,23.84 ,23.69 ,23.83 ,23.75 ,23.68 ,23.67 ,23.75 ,23.76 ,23.78 ,23.7 ,23.74 ,23.84 ,23.87 ,23.88 ,23.85 ,23.9 ,23.78 ,23.73 ,23.79 ,23.86 ,23.89 ,23.87 ,23.87 ,23.89 ,23.82 ,23.85 ,23.82 ,23.85 ,23.72 ,23.67 ,23.68 ,23.75 ,23.75 ,23.76 ,23.75 ,23.82 ,23.73 ,23.67 ,23.82 ,23.84 ,23.8 ,23.88 ,23.83 ,23.83 ,23.83 ,23.83 ,23.85 ,23.87 ,23.78 ,23.77 ,23.82 ,23.82 ,23.8 ,23.83 ,23.7 ,23.6 ,23.67 ,23.61 ,23.66 ,23.78 ,23.75 ,23.71 ,23.71 ,23.77 ,23.75 ,23.69 ,23.68 ,23.63 ,23.69 ,23.8 ,23.66 ,23.58 ,23.49 ,23.49 ,23.48 ,23.58 ,23.56 ,23.47 ,23.48 ,23.44 ,23.43 ,23.48 ,23.59 ,23.56 ,23.49 ,23.43 ,23.5 ,23.46 ,23.46 ,23.4 ,23.35 ,23.39 ,23.47 ,23.4 ,23.47 ,23.5 ,23.63 ,23.63 ,23.6 ,23.59 ,23.47 ,23.45 ,23.52 ,23.46 ,23.5 ,23.49 ,23.46 ,23.43 ,23.56 ,23.57 ,23.58 ,23.57 ,23.6 ,23.61 ,23.55 ,23.61 ,23.74 ,23.73 ,23.62 ,23.6 ,23.5 ,23.47 ,23.56 ,23.5 ,23.41 ,23.36 ,23.41 ,23.46 ,23.44 ,23.5 ,23.65 ,23.71 ,23.64 ,23.67 ,23.63 ,23.73 ,23.78 ,23.69 ,23.62 ,23.71 ,23.74 ,23.79 ,23.75 ,23.8 ,23.71 ,23.73 ,23.7 ,23.69 ,23.7 ,23.65 ,23.74 ,23.77 ,23.65 ,23.65 ,23.69 ,23.79 ,23.74 ,23.69 ,23.68 ,23.68 ,23.59 ,23.51 ,23.59 ,23.46 ,23.42 ,23.54 ,23.5 ,23.49 ,23.5 ,23.39 ,23.38 ,23.48 ,23.49 ,23.53 ,23.58 ,23.55 ,23.51 ,23.54 ,23.59 ,23.52 ,23.47 ,23.5 ,23.51 ,23.53 ,23.65 ,23.64 ,23.62 ,23.73 ,23.68 ,23.64 ,23.65 ,23.63 ,23.55 ,23.72 ,23.71 ,23.66 ,23.68 ,23.71 ,23.73 ,23.75 ,23.75 ,23.73 ,23.74 ,23.75 ,23.69 ,23.65 ,23.63 ,23.71 ,23.64 ,23.61 ,23.64 ,23.63 ,23.64 ,23.74 ,23.7 ,23.76 ,23.66 ,23.63 ,23.62 ,23.69 ,23.63 ,23.66 ,23.61 ,23.58 ,23.62 ,23.57 ,23.56 ,23.7 ,23.72 ,23.79 ,23.74 ,23.73 ,23.69 ,23.7 ,23.69 ,23.66 ,23.68 ,23.77 ,23.72 ,23.78 ,23.66 ,23.69 ,23.72 ,23.68 ,23.57 ,23.6 ,23.58 ,23.63 ,23.59 ,23.67 ,23.68 ,23.7 ,23.56 ,23.59 ,23.62 ,23.64 ,23.73 ,23.67 ,23.58 ,23.6 ,23.65 ,23.62 ,23.66 ,23.64 ,23.69 ,23.69 ,23.62 ,23.52 ,23.57 ,23.53 ,23.46 ,23.44 ,23.48 ,23.51 ,23.49 ,23.57 ,23.41 ,23.45 ,23.52 ,23.47 ,23.46 ,23.49 ,23.41 ,23.43 ,23.42 ,23.48 ,23.56 ,23.61 ,23.48 ,23.55 ,23.61 ,23.6 ,23.56 ,23.49 ,23.56 ,23.49 ,23.49 ,23.6 ,23.55 ,23.53 ,23.56 ,23.61 ,23.56 ,23.57 ,23.53 ,23.58 ,23.5 ,23.38 ,23.33 ,23.44 ,23.42 ,23.28 ,23.4 ,23.46 ,23.44 ,23.39 ,23.23 ,23.3 ,23.46 ,23.3 ,23.24 ,23.28 ,23.24 ,23.21 ,23.3 ,23.27 ,23.24 ,23.36 ,23.28 ,23.25 ,23.33 ,23.21 ,23.21 ,23.22 ,23.24 ,23.19 ,23.19 ,23.26 ,23.24 ,23.17 ,23.23 ,23.32 ,23.25 ,23.22 ,23.23 ,23.21 ,23.23 ,23.19 ,23.2 ,23.35 ,23.26 ,23.22 ,23.28 ,23.29 ,23.33 ,23.2 ,23.13 ,23.07 ,23.03 ,23.03 ,23.07 ,23.07 ,22.95 ,22.97 ,23.08 ,23.03 ,22.88 ,22.94 ,22.99 ,22.88 ,22.82 ,22.88 ,22.94 ,22.93 ,22.84 ,22.83 ,22.81 ,22.68 ,22.74 ,22.76 ,22.82 ,22.78 ,22.8 ,22.73 ,22.75 ,22.86 ,22.82 ,22.91 ,22.82 ,22.89 ,22.85 ,22.67 ,22.58 ,22.66 ,22.66 ,22.65 ,22.7 ,22.63 ,
31,22.95 ,22.84 ,22.92 ,22.94 ,22.83 ,22.92 ,23.01 ,23 ,22.92 ,23.01 ,23.14 ,23.23 ,23.29 ,23.31 ,23.38 ,23.36 ,23.43 ,23.42 ,23.48 ,23.5 ,23.32 ,23.33 ,23.48 ,23.45 ,23.47 ,23.4 ,23.44 ,23.33 ,23.21 ,23.23 ,23.17 ,23.15 ,23.02 ,22.96 ,23.1 ,23.07 ,23.03 ,23.18 ,23.28 ,23.32 ,23.37 ,23.33 ,23.37 ,23.39 ,23.44 ,23.46 ,23.49 ,23.48 ,23.51 ,23.45 ,23.38 ,23.44 ,23.49 ,23.43 ,23.38 ,23.42 ,23.44 ,23.5 ,23.36 ,23.36 ,23.44 ,23.36 ,23.3 ,23.39 ,23.47 ,23.38 ,23.53 ,23.56 ,23.52 ,23.48 ,23.41 ,23.46 ,23.43 ,23.46 ,23.48 ,23.49 ,23.51 ,23.44 ,23.35 ,23.36 ,23.45 ,23.42 ,23.43 ,23.38 ,23.44 ,23.57 ,23.56 ,23.59 ,23.62 ,23.54 ,23.57 ,23.5 ,23.59 ,23.5 ,23.52 ,23.55 ,23.63 ,23.47 ,23.47 ,23.64 ,23.61 ,23.54 ,23.57 ,23.47 ,23.62 ,23.64 ,23.65 ,23.64 ,23.66 ,23.63 ,23.58 ,23.53 ,23.5 ,23.51 ,23.58 ,23.64 ,23.69 ,23.76 ,23.68 ,23.65 ,23.55 ,23.59 ,23.63 ,23.65 ,23.6 ,23.6 ,23.62 ,23.69 ,23.67 ,23.56 ,23.54 ,23.62 ,23.6 ,23.56 ,23.51 ,23.55 ,23.57 ,23.54 ,23.59 ,23.69 ,23.71 ,23.63 ,23.53 ,23.54 ,23.68 ,23.71 ,23.67 ,23.61 ,23.59 ,23.66 ,23.56 ,23.6 ,23.63 ,23.55 ,23.49 ,23.54 ,23.54 ,23.5 ,23.57 ,23.54 ,23.51 ,23.51 ,23.46 ,23.54 ,23.59 ,23.49 ,23.49 ,23.62 ,23.53 ,23.56 ,23.55 ,23.49 ,23.54 ,23.64 ,23.67 ,23.68 ,23.74 ,23.75 ,23.73 ,23.66 ,23.67 ,23.73 ,23.71 ,23.66 ,23.72 ,23.68 ,23.78 ,23.68 ,23.65 ,23.75 ,23.81 ,23.67 ,23.71 ,23.73 ,23.71 ,23.66 ,23.71 ,23.71 ,23.72 ,23.79 ,23.75 ,23.81 ,23.81 ,23.8 ,23.68 ,23.72 ,23.7 ,23.74 ,23.8 ,23.83 ,23.73 ,23.67 ,23.75 ,23.78 ,23.72 ,23.74 ,23.7 ,23.68 ,23.69 ,23.75 ,23.74 ,23.74 ,23.68 ,23.73 ,23.83 ,23.72 ,23.71 ,23.74 ,23.77 ,23.76 ,23.68 ,23.71 ,23.74 ,23.74 ,23.66 ,23.74 ,23.83 ,23.78 ,23.76 ,23.76 ,23.75 ,23.83 ,23.89 ,23.75 ,23.69 ,23.73 ,23.74 ,23.66 ,23.77 ,23.88 ,23.84 ,23.7 ,23.72 ,23.79 ,23.86 ,23.86 ,23.81 ,23.84 ,23.8 ,23.82 ,23.74 ,23.8 ,23.83 ,23.78 ,23.88 ,23.88 ,23.83 ,23.74 ,23.77 ,23.84 ,23.78 ,23.61 ,23.56 ,23.73 ,23.78 ,23.76 ,23.77 ,23.84 ,23.75 ,23.68 ,23.79 ,23.75 ,23.85 ,23.85 ,23.76 ,23.7 ,23.79 ,23.77 ,23.82 ,23.85 ,23.77 ,23.79 ,23.76 ,23.76 ,23.82 ,23.84 ,23.65 ,23.64 ,23.58 ,23.5 ,23.62 ,23.8 ,23.77 ,23.76 ,23.73 ,23.74 ,23.78 ,23.72 ,23.67 ,23.69 ,23.77 ,23.82 ,23.71 ,23.58 ,23.52 ,23.54 ,23.58 ,23.6 ,23.54 ,23.43 ,23.42 ,23.53 ,23.48 ,23.46 ,23.54 ,23.56 ,23.48 ,23.42 ,23.42 ,23.43 ,23.37 ,23.4 ,23.45 ,23.39 ,23.46 ,23.44 ,23.48 ,23.58 ,23.69 ,23.66 ,23.66 ,23.68 ,23.57 ,23.45 ,23.45 ,23.45 ,23.48 ,23.51 ,23.58 ,23.57 ,23.56 ,23.55 ,23.55 ,23.53 ,23.54 ,23.62 ,23.59 ,23.57 ,23.62 ,23.65 ,23.6 ,23.6 ,23.52 ,23.46 ,23.57 ,23.52 ,23.44 ,23.45 ,23.45 ,23.46 ,23.45 ,23.52 ,23.63 ,23.62 ,23.67 ,23.69 ,23.68 ,23.72 ,23.77 ,23.72 ,23.74 ,23.76 ,23.72 ,23.68 ,23.68 ,23.73 ,23.71 ,23.7 ,23.67 ,23.61 ,23.66 ,23.66 ,23.69 ,23.7 ,23.64 ,23.62 ,23.72 ,23.7 ,23.71 ,23.69 ,23.74 ,23.68 ,23.62 ,23.55 ,23.53 ,23.61 ,23.47 ,23.5 ,23.52 ,23.52 ,23.49 ,23.41 ,23.36 ,23.45 ,23.45 ,23.52 ,23.51 ,23.47 ,23.52 ,23.6 ,23.53 ,23.5 ,23.55 ,23.54 ,23.5 ,23.55 ,23.68 ,23.6 ,23.56 ,23.71 ,23.67 ,23.57 ,23.67 ,23.58 ,23.58 ,23.72 ,23.77 ,23.72 ,23.65 ,23.57 ,23.62 ,23.74 ,23.69 ,23.71 ,23.69 ,23.68 ,23.6 ,23.58 ,23.65 ,23.68 ,23.71 ,23.7 ,23.66 ,23.62 ,23.63 ,23.71 ,23.63 ,23.61 ,23.62 ,23.58 ,23.57 ,23.67 ,23.66 ,23.68 ,23.65 ,23.68 ,23.69 ,23.64 ,23.61 ,23.6 ,23.69 ,23.84 ,23.78 ,23.71 ,23.65 ,23.68 ,23.64 ,23.62 ,23.63 ,23.68 ,23.69 ,23.64 ,23.65 ,23.72 ,23.66 ,23.66 ,23.6 ,23.59 ,23.6 ,23.69 ,23.7 ,23.67 ,23.66 ,23.66 ,23.67 ,23.59 ,23.64 ,23.59 ,23.6 ,23.62 ,23.62 ,23.59 ,23.67 ,23.59 ,23.54 ,23.67 ,23.6 ,23.56 ,23.52 ,23.57 ,23.6 ,23.48 ,23.47 ,23.46 ,23.43 ,23.57 ,23.52 ,23.43 ,23.41 ,23.47 ,23.56 ,23.51 ,23.47 ,23.58 ,23.42 ,23.35 ,23.31 ,23.45 ,23.61 ,23.57 ,23.47 ,23.48 ,23.56 ,23.57 ,23.52 ,23.47 ,23.51 ,23.49 ,23.48 ,23.5 ,23.53 ,23.52 ,23.57 ,23.59 ,23.58 ,23.48 ,23.49 ,23.56 ,23.47 ,23.46 ,23.33 ,23.33 ,23.41 ,23.38 ,23.41 ,23.42 ,23.41 ,23.4 ,23.32 ,23.31 ,23.37 ,23.39 ,23.23 ,23.19 ,23.2 ,23.26 ,23.33 ,23.25 ,23.28 ,23.36 ,23.21 ,23.19 ,23.23 ,23.15 ,23.24 ,23.27 ,23.19 ,23.2 ,23.18 ,23.18 ,23.2 ,23.2 ,23.3 ,23.35 ,23.29 ,23.22 ,23.1 ,23.11 ,23.24 ,23.26 ,23.21 ,23.32 ,23.27 ,23.27 ,23.2 ,23.19 ,23.26 ,23.21 ,23.1 ,23.11 ,23.07 ,23.15 ,23.2 ,23.13 ,23.09 ,22.93 ,23.03 ,23 ,22.94 ,22.9 ,22.9 ,22.82 ,22.75 ,22.94 ,22.89 ,22.83 ,22.86 ,22.81 ,22.79 ,22.76 ,22.68 ,22.87 ,22.84 ,22.73 ,22.72 ,22.78 ,22.81 ,22.82 ,22.82 ,22.84 ,22.85 ,22.96 ,22.92 ,22.73 ,22.7 ,22.8 ,22.76 ,22.65 ,22.65 ,22.61 ,
32,22.92 ,22.84 ,22.86 ,22.93 ,22.85 ,22.87 ,23.03 ,23.01 ,22.97 ,23.01 ,23.09 ,23.22 ,23.33 ,23.29 ,23.33 ,23.44 ,23.41 ,23.35 ,23.39 ,23.4 ,23.43 ,23.48 ,23.51 ,23.5 ,23.47 ,23.39 ,23.42 ,23.32 ,23.24 ,23.15 ,23.18 ,23.08 ,23.01 ,23.09 ,23.07 ,23.12 ,23.06 ,23.22 ,23.32 ,23.35 ,23.34 ,23.39 ,23.41 ,23.38 ,23.49 ,23.5 ,23.45 ,23.5 ,23.48 ,23.53 ,23.36 ,23.47 ,23.54 ,23.51 ,23.48 ,23.42 ,23.43 ,23.49 ,23.46 ,23.46 ,23.45 ,23.41 ,23.32 ,23.31 ,23.51 ,23.5 ,23.51 ,23.49 ,23.5 ,23.53 ,23.48 ,23.49 ,23.46 ,23.37 ,23.41 ,23.45 ,23.44 ,23.41 ,23.45 ,23.45 ,23.38 ,23.38 ,23.51 ,23.5 ,23.52 ,23.51 ,23.51 ,23.51 ,23.55 ,23.6 ,23.67 ,23.52 ,23.45 ,23.51 ,23.48 ,23.56 ,23.57 ,23.47 ,23.49 ,23.53 ,23.56 ,23.55 ,23.58 ,23.53 ,23.6 ,23.63 ,23.62 ,23.6 ,23.55 ,23.65 ,23.61 ,23.59 ,23.5 ,23.49 ,23.55 ,23.6 ,23.67 ,23.7 ,23.73 ,23.66 ,23.63 ,23.6 ,23.66 ,23.67 ,23.62 ,23.62 ,23.59 ,23.66 ,23.66 ,23.59 ,23.52 ,23.64 ,23.64 ,23.59 ,23.68 ,23.66 ,23.5 ,23.58 ,23.62 ,23.66 ,23.63 ,23.61 ,23.66 ,23.64 ,23.63 ,23.67 ,23.58 ,23.57 ,23.52 ,23.57 ,23.59 ,23.54 ,23.62 ,23.57 ,23.47 ,23.47 ,23.46 ,23.41 ,23.47 ,23.47 ,23.5 ,23.55 ,23.51 ,23.5 ,23.55 ,23.58 ,23.51 ,23.59 ,23.54 ,23.51 ,23.55 ,23.47 ,23.53 ,23.73 ,23.84 ,23.8 ,23.73 ,23.73 ,23.75 ,23.78 ,23.75 ,23.75 ,23.74 ,23.74 ,23.67 ,23.74 ,23.79 ,23.67 ,23.65 ,23.75 ,23.75 ,23.65 ,23.69 ,23.72 ,23.71 ,23.72 ,23.68 ,23.7 ,23.65 ,23.71 ,23.75 ,23.73 ,23.77 ,23.78 ,23.76 ,23.77 ,23.77 ,23.77 ,23.8 ,23.77 ,23.75 ,23.73 ,23.67 ,23.68 ,23.66 ,23.74 ,23.82 ,23.73 ,23.67 ,23.71 ,23.81 ,23.79 ,23.75 ,23.82 ,23.89 ,23.8 ,23.75 ,23.8 ,23.75 ,23.78 ,23.74 ,23.74 ,23.79 ,23.75 ,23.73 ,23.64 ,23.71 ,23.75 ,23.74 ,23.75 ,23.77 ,23.83 ,23.92 ,23.85 ,23.68 ,23.73 ,23.8 ,23.78 ,23.77 ,23.97 ,23.96 ,23.83 ,23.83 ,23.78 ,23.83 ,23.82 ,23.81 ,23.84 ,23.86 ,23.84 ,23.81 ,23.76 ,23.72 ,23.78 ,23.8 ,23.79 ,23.73 ,23.76 ,23.7 ,23.75 ,23.75 ,23.65 ,23.58 ,23.7 ,23.74 ,23.81 ,23.72 ,23.76 ,23.76 ,23.64 ,23.75 ,23.74 ,23.79 ,23.86 ,23.73 ,23.75 ,23.86 ,23.85 ,23.85 ,23.8 ,23.73 ,23.77 ,23.79 ,23.81 ,23.84 ,23.91 ,23.68 ,23.57 ,23.54 ,23.5 ,23.59 ,23.68 ,23.7 ,23.68 ,23.63 ,23.7 ,23.76 ,23.73 ,23.6 ,23.72 ,23.8 ,23.8 ,23.74 ,23.65 ,23.66 ,23.59 ,23.62 ,23.65 ,23.6 ,23.5 ,23.43 ,23.54 ,23.55 ,23.51 ,23.51 ,23.47 ,23.44 ,23.44 ,23.45 ,23.44 ,23.37 ,23.3 ,23.34 ,23.44 ,23.49 ,23.48 ,23.54 ,23.55 ,23.66 ,23.62 ,23.58 ,23.68 ,23.63 ,23.52 ,23.44 ,23.44 ,23.51 ,23.58 ,23.63 ,23.62 ,23.54 ,23.57 ,23.59 ,23.51 ,23.56 ,23.58 ,23.58 ,23.59 ,23.56 ,23.61 ,23.6 ,23.55 ,23.51 ,23.41 ,23.47 ,23.55 ,23.48 ,23.49 ,23.58 ,23.53 ,23.56 ,23.57 ,23.68 ,23.67 ,23.59 ,23.66 ,23.69 ,23.72 ,23.73 ,23.79 ,23.7 ,23.74 ,23.72 ,23.7 ,23.66 ,23.69 ,23.74 ,23.76 ,23.72 ,23.63 ,23.69 ,23.8 ,23.7 ,23.65 ,23.67 ,23.62 ,23.67 ,23.68 ,23.67 ,23.68 ,23.7 ,23.74 ,23.67 ,23.63 ,23.62 ,23.66 ,23.6 ,23.55 ,23.48 ,23.54 ,23.58 ,23.42 ,23.34 ,23.47 ,23.42 ,23.44 ,23.48 ,23.46 ,23.47 ,23.55 ,23.56 ,23.46 ,23.51 ,23.51 ,23.44 ,23.5 ,23.6 ,23.61 ,23.54 ,23.67 ,23.65 ,23.63 ,23.68 ,23.67 ,23.62 ,23.7 ,23.68 ,23.66 ,23.56 ,23.62 ,23.63 ,23.69 ,23.67 ,23.63 ,23.64 ,23.68 ,23.63 ,23.62 ,23.66 ,23.62 ,23.59 ,23.6 ,23.64 ,23.68 ,23.7 ,23.72 ,23.69 ,23.63 ,23.61 ,23.67 ,23.63 ,23.64 ,23.62 ,23.66 ,23.72 ,23.69 ,23.72 ,23.75 ,23.66 ,23.65 ,23.67 ,23.75 ,23.7 ,23.72 ,23.71 ,23.7 ,23.7 ,23.7 ,23.61 ,23.6 ,23.68 ,23.71 ,23.62 ,23.62 ,23.57 ,23.61 ,23.62 ,23.68 ,23.64 ,23.67 ,23.74 ,23.73 ,23.67 ,23.75 ,23.63 ,23.66 ,23.6 ,23.62 ,23.62 ,23.63 ,23.65 ,23.61 ,23.68 ,23.59 ,23.58 ,23.72 ,23.65 ,23.55 ,23.62 ,23.53 ,23.54 ,23.43 ,23.46 ,23.54 ,23.55 ,23.56 ,23.61 ,23.55 ,23.47 ,23.49 ,23.55 ,23.54 ,23.48 ,23.58 ,23.48 ,23.34 ,23.31 ,23.4 ,23.55 ,23.55 ,23.52 ,23.56 ,23.55 ,23.54 ,23.58 ,23.62 ,23.52 ,23.57 ,23.53 ,23.51 ,23.44 ,23.51 ,23.61 ,23.58 ,23.5 ,23.38 ,23.43 ,23.64 ,23.62 ,23.46 ,23.48 ,23.4 ,23.33 ,23.46 ,23.49 ,23.41 ,23.44 ,23.52 ,23.32 ,23.34 ,23.43 ,23.35 ,23.2 ,23.19 ,23.36 ,23.27 ,23.29 ,23.24 ,23.23 ,23.3 ,23.18 ,23.22 ,23.3 ,23.27 ,23.29 ,23.34 ,23.19 ,23.3 ,23.27 ,23.2 ,23.13 ,23.18 ,23.31 ,23.3 ,23.19 ,23.25 ,23.19 ,23.12 ,23.22 ,23.24 ,23.14 ,23.31 ,23.37 ,23.23 ,23.21 ,23.22 ,23.22 ,23.2 ,23.12 ,23.04 ,23.09 ,23.24 ,23.21 ,23.17 ,23.04 ,22.99 ,22.95 ,22.89 ,22.88 ,22.96 ,22.95 ,22.86 ,22.73 ,22.85 ,22.88 ,22.82 ,22.81 ,22.86 ,22.78 ,22.8 ,22.71 ,22.8 ,22.83 ,22.69 ,22.68 ,22.85 ,22.83 ,22.81 ,22.75 ,22.81 ,22.87 ,22.91 ,22.85 ,22.72 ,22.7 ,22.78 ,22.69 ,22.64 ,22.63 ,22.63 ,
33,22.86 ,22.84 ,22.9 ,22.95 ,22.91 ,22.85 ,23.11 ,23.03 ,22.98 ,23.03 ,23.14 ,23.24 ,23.37 ,23.28 ,23.4 ,23.48 ,23.43 ,23.36 ,23.41 ,23.47 ,23.4 ,23.46 ,23.47 ,23.44 ,23.37 ,23.44 ,23.38 ,23.27 ,23.18 ,23.15 ,23.12 ,23.02 ,23.02 ,23.12 ,23.05 ,23.07 ,23.13 ,23.3 ,23.34 ,23.33 ,23.3 ,23.38 ,23.4 ,23.37 ,23.42 ,23.42 ,23.36 ,23.42 ,23.45 ,23.46 ,23.41 ,23.36 ,23.49 ,23.47 ,23.51 ,23.46 ,23.47 ,23.55 ,23.5 ,23.48 ,23.39 ,23.47 ,23.42 ,23.35 ,23.46 ,23.49 ,23.56 ,23.53 ,23.51 ,23.52 ,23.54 ,23.46 ,23.47 ,23.41 ,23.49 ,23.53 ,23.5 ,23.5 ,23.53 ,23.48 ,23.44 ,23.36 ,23.42 ,23.49 ,23.51 ,23.54 ,23.55 ,23.58 ,23.52 ,23.62 ,23.65 ,23.58 ,23.53 ,23.59 ,23.56 ,23.49 ,23.56 ,23.46 ,23.53 ,23.52 ,23.52 ,23.57 ,23.51 ,23.54 ,23.56 ,23.58 ,23.56 ,23.59 ,23.6 ,23.56 ,23.63 ,23.59 ,23.49 ,23.49 ,23.52 ,23.62 ,23.59 ,23.65 ,23.7 ,23.76 ,23.71 ,23.65 ,23.56 ,23.63 ,23.61 ,23.55 ,23.63 ,23.68 ,23.63 ,23.56 ,23.58 ,23.59 ,23.61 ,23.6 ,23.61 ,23.64 ,23.58 ,23.59 ,23.66 ,23.72 ,23.69 ,23.64 ,23.7 ,23.63 ,23.61 ,23.68 ,23.57 ,23.54 ,23.66 ,23.66 ,23.61 ,23.5 ,23.49 ,23.51 ,23.44 ,23.44 ,23.51 ,23.42 ,23.45 ,23.47 ,23.42 ,23.43 ,23.51 ,23.53 ,23.5 ,23.54 ,23.57 ,23.56 ,23.57 ,23.58 ,23.56 ,23.51 ,23.6 ,23.71 ,23.86 ,23.75 ,23.71 ,23.7 ,23.74 ,23.73 ,23.79 ,23.74 ,23.75 ,23.76 ,23.72 ,23.72 ,23.82 ,23.74 ,23.68 ,23.73 ,23.78 ,23.76 ,23.72 ,23.73 ,23.75 ,23.77 ,23.69 ,23.69 ,23.63 ,23.69 ,23.74 ,23.69 ,23.63 ,23.67 ,23.64 ,23.68 ,23.65 ,23.66 ,23.69 ,23.71 ,23.69 ,23.7 ,23.69 ,23.69 ,23.7 ,23.74 ,23.86 ,23.81 ,23.75 ,23.75 ,23.74 ,23.81 ,23.83 ,23.78 ,23.85 ,23.81 ,23.76 ,23.79 ,23.73 ,23.76 ,23.72 ,23.72 ,23.84 ,23.8 ,23.74 ,23.72 ,23.75 ,23.71 ,23.7 ,23.75 ,23.68 ,23.8 ,23.82 ,23.85 ,23.8 ,23.74 ,23.77 ,23.74 ,23.76 ,23.84 ,23.88 ,23.86 ,23.77 ,23.75 ,23.8 ,23.81 ,23.8 ,23.86 ,23.85 ,23.86 ,23.81 ,23.76 ,23.77 ,23.86 ,23.86 ,23.82 ,23.78 ,23.77 ,23.72 ,23.68 ,23.67 ,23.59 ,23.56 ,23.74 ,23.81 ,23.84 ,23.8 ,23.75 ,23.71 ,23.63 ,23.65 ,23.71 ,23.81 ,23.79 ,23.74 ,23.74 ,23.84 ,23.85 ,23.85 ,23.8 ,23.72 ,23.78 ,23.76 ,23.77 ,23.81 ,23.92 ,23.74 ,23.58 ,23.59 ,23.54 ,23.55 ,23.66 ,23.7 ,23.75 ,23.65 ,23.64 ,23.67 ,23.67 ,23.66 ,23.6 ,23.76 ,23.81 ,23.77 ,23.76 ,23.68 ,23.59 ,23.53 ,23.55 ,23.59 ,23.61 ,23.48 ,23.44 ,23.55 ,23.53 ,23.51 ,23.48 ,23.42 ,23.39 ,23.45 ,23.48 ,23.39 ,23.31 ,23.37 ,23.47 ,23.59 ,23.5 ,23.49 ,23.53 ,23.53 ,23.57 ,23.55 ,23.61 ,23.62 ,23.58 ,23.54 ,23.53 ,23.61 ,23.66 ,23.66 ,23.62 ,23.59 ,23.56 ,23.62 ,23.62 ,23.53 ,23.52 ,23.59 ,23.61 ,23.59 ,23.54 ,23.51 ,23.51 ,23.47 ,23.39 ,23.43 ,23.51 ,23.59 ,23.53 ,23.51 ,23.6 ,23.57 ,23.56 ,23.63 ,23.72 ,23.61 ,23.64 ,23.7 ,23.77 ,23.73 ,23.74 ,23.72 ,23.69 ,23.73 ,23.76 ,23.66 ,23.69 ,23.75 ,23.71 ,23.74 ,23.72 ,23.74 ,23.83 ,23.76 ,23.76 ,23.75 ,23.67 ,23.68 ,23.68 ,23.69 ,23.71 ,23.73 ,23.71 ,23.67 ,23.65 ,23.7 ,23.59 ,23.58 ,23.62 ,23.59 ,23.51 ,23.56 ,23.44 ,23.39 ,23.46 ,23.46 ,23.53 ,23.54 ,23.52 ,23.44 ,23.44 ,23.53 ,23.56 ,23.51 ,23.46 ,23.45 ,23.44 ,23.53 ,23.56 ,23.54 ,23.53 ,23.58 ,23.66 ,23.74 ,23.68 ,23.66 ,23.63 ,23.68 ,23.65 ,23.62 ,23.67 ,23.67 ,23.65 ,23.63 ,23.63 ,23.7 ,23.73 ,23.7 ,23.6 ,23.65 ,23.65 ,23.55 ,23.59 ,23.66 ,23.72 ,23.69 ,23.67 ,23.63 ,23.63 ,23.65 ,23.69 ,23.65 ,23.69 ,23.71 ,23.69 ,23.66 ,23.65 ,23.61 ,23.69 ,23.68 ,23.68 ,23.69 ,23.68 ,23.61 ,23.72 ,23.66 ,23.69 ,23.72 ,23.74 ,23.69 ,23.61 ,23.66 ,23.77 ,23.63 ,23.64 ,23.62 ,23.71 ,23.68 ,23.57 ,23.62 ,23.63 ,23.7 ,23.71 ,23.72 ,23.73 ,23.58 ,23.66 ,23.71 ,23.62 ,23.66 ,23.66 ,23.67 ,23.63 ,23.67 ,23.54 ,23.55 ,23.64 ,23.63 ,23.67 ,23.66 ,23.66 ,23.49 ,23.45 ,23.48 ,23.55 ,23.52 ,23.52 ,23.57 ,23.54 ,23.54 ,23.53 ,23.48 ,23.44 ,23.52 ,23.5 ,23.45 ,23.37 ,23.43 ,23.4 ,23.51 ,23.46 ,23.55 ,23.67 ,23.6 ,23.53 ,23.57 ,23.53 ,23.51 ,23.5 ,23.57 ,23.59 ,23.5 ,23.46 ,23.54 ,23.59 ,23.53 ,23.42 ,23.36 ,23.5 ,23.52 ,23.49 ,23.48 ,23.46 ,23.4 ,23.4 ,23.5 ,23.42 ,23.38 ,23.37 ,23.27 ,23.36 ,23.35 ,23.39 ,23.24 ,23.17 ,23.32 ,23.24 ,23.19 ,23.21 ,23.25 ,23.18 ,23.29 ,23.27 ,23.27 ,23.3 ,23.28 ,23.2 ,23.17 ,23.23 ,23.26 ,23.25 ,23.08 ,23.04 ,23.3 ,23.22 ,23.16 ,23.2 ,23.18 ,23.18 ,23.15 ,23.15 ,23.16 ,23.27 ,23.36 ,23.28 ,23.29 ,23.3 ,23.28 ,23.14 ,23.12 ,23.09 ,23.16 ,23.18 ,23.14 ,23.15 ,23.11 ,23.16 ,23.09 ,22.96 ,22.79 ,22.86 ,22.89 ,22.87 ,22.84 ,22.85 ,22.88 ,22.96 ,22.75 ,22.72 ,22.78 ,22.76 ,22.77 ,22.76 ,22.82 ,22.82 ,22.73 ,22.86 ,22.9 ,22.85 ,22.76 ,22.72 ,22.78 ,22.85 ,22.77 ,22.66 ,22.66 ,22.61 ,22.54 ,22.7 ,22.7 ,22.71 ,
34,22.88 ,22.9 ,22.9 ,23.01 ,22.95 ,22.8 ,23.01 ,22.91 ,22.92 ,23.05 ,23.12 ,23.27 ,23.41 ,23.33 ,23.41 ,23.45 ,23.35 ,23.4 ,23.44 ,23.4 ,23.35 ,23.41 ,23.46 ,23.4 ,23.36 ,23.34 ,23.25 ,23.22 ,23.11 ,23.04 ,23.06 ,22.98 ,23.01 ,23.11 ,23.06 ,23.14 ,23.13 ,23.3 ,23.43 ,23.35 ,23.33 ,23.35 ,23.42 ,23.48 ,23.45 ,23.4 ,23.43 ,23.48 ,23.47 ,23.43 ,23.43 ,23.47 ,23.46 ,23.45 ,23.48 ,23.38 ,23.39 ,23.47 ,23.46 ,23.44 ,23.43 ,23.43 ,23.43 ,23.39 ,23.47 ,23.45 ,23.5 ,23.57 ,23.48 ,23.48 ,23.56 ,23.48 ,23.47 ,23.51 ,23.59 ,23.56 ,23.49 ,23.41 ,23.47 ,23.43 ,23.39 ,23.43 ,23.43 ,23.5 ,23.53 ,23.55 ,23.57 ,23.57 ,23.57 ,23.53 ,23.61 ,23.54 ,23.55 ,23.63 ,23.55 ,23.51 ,23.49 ,23.42 ,23.46 ,23.55 ,23.54 ,23.61 ,23.56 ,23.51 ,23.56 ,23.59 ,23.63 ,23.58 ,23.63 ,23.58 ,23.57 ,23.58 ,23.52 ,23.54 ,23.55 ,23.63 ,23.59 ,23.6 ,23.67 ,23.7 ,23.73 ,23.73 ,23.63 ,23.61 ,23.56 ,23.57 ,23.68 ,23.63 ,23.67 ,23.59 ,23.52 ,23.57 ,23.59 ,23.57 ,23.59 ,23.54 ,23.65 ,23.68 ,23.65 ,23.71 ,23.65 ,23.6 ,23.6 ,23.6 ,23.62 ,23.59 ,23.57 ,23.59 ,23.68 ,23.7 ,23.65 ,23.55 ,23.51 ,23.47 ,23.49 ,23.45 ,23.49 ,23.43 ,23.53 ,23.52 ,23.46 ,23.39 ,23.4 ,23.45 ,23.51 ,23.44 ,23.45 ,23.54 ,23.57 ,23.65 ,23.64 ,23.55 ,23.66 ,23.8 ,23.82 ,23.71 ,23.67 ,23.73 ,23.71 ,23.65 ,23.7 ,23.71 ,23.75 ,23.73 ,23.74 ,23.73 ,23.72 ,23.72 ,23.64 ,23.68 ,23.75 ,23.77 ,23.75 ,23.81 ,23.72 ,23.79 ,23.77 ,23.71 ,23.69 ,23.79 ,23.74 ,23.74 ,23.66 ,23.66 ,23.67 ,23.68 ,23.7 ,23.7 ,23.66 ,23.72 ,23.74 ,23.74 ,23.72 ,23.74 ,23.76 ,23.75 ,23.83 ,23.77 ,23.75 ,23.7 ,23.78 ,23.77 ,23.83 ,23.75 ,23.82 ,23.78 ,23.73 ,23.76 ,23.78 ,23.8 ,23.74 ,23.72 ,23.8 ,23.77 ,23.73 ,23.73 ,23.79 ,23.77 ,23.76 ,23.82 ,23.74 ,23.82 ,23.88 ,23.78 ,23.76 ,23.72 ,23.7 ,23.72 ,23.76 ,23.78 ,23.83 ,23.81 ,23.81 ,23.76 ,23.84 ,23.86 ,23.86 ,23.87 ,23.83 ,23.84 ,23.77 ,23.73 ,23.82 ,23.86 ,23.84 ,23.87 ,23.82 ,23.72 ,23.77 ,23.65 ,23.61 ,23.58 ,23.58 ,23.72 ,23.82 ,23.8 ,23.77 ,23.82 ,23.7 ,23.68 ,23.66 ,23.69 ,23.79 ,23.84 ,23.69 ,23.7 ,23.73 ,23.84 ,23.78 ,23.79 ,23.77 ,23.75 ,23.75 ,23.75 ,23.69 ,23.8 ,23.74 ,23.59 ,23.63 ,23.55 ,23.54 ,23.64 ,23.73 ,23.8 ,23.69 ,23.64 ,23.65 ,23.67 ,23.75 ,23.67 ,23.68 ,23.79 ,23.77 ,23.76 ,23.75 ,23.61 ,23.58 ,23.54 ,23.52 ,23.63 ,23.51 ,23.43 ,23.52 ,23.51 ,23.37 ,23.38 ,23.42 ,23.44 ,23.4 ,23.42 ,23.38 ,23.45 ,23.47 ,23.47 ,23.51 ,23.46 ,23.38 ,23.5 ,23.51 ,23.58 ,23.65 ,23.61 ,23.56 ,23.53 ,23.58 ,23.61 ,23.61 ,23.59 ,23.61 ,23.62 ,23.58 ,23.59 ,23.56 ,23.66 ,23.55 ,23.56 ,23.55 ,23.58 ,23.6 ,23.58 ,23.49 ,23.52 ,23.47 ,23.43 ,23.46 ,23.51 ,23.54 ,23.56 ,23.5 ,23.54 ,23.6 ,23.6 ,23.59 ,23.62 ,23.65 ,23.68 ,23.71 ,23.79 ,23.78 ,23.74 ,23.73 ,23.73 ,23.75 ,23.8 ,23.81 ,23.78 ,23.76 ,23.75 ,23.78 ,23.77 ,23.69 ,23.71 ,23.73 ,23.72 ,23.78 ,23.74 ,23.78 ,23.73 ,23.67 ,23.66 ,23.74 ,23.69 ,23.63 ,23.63 ,23.73 ,23.57 ,23.59 ,23.62 ,23.55 ,23.45 ,23.49 ,23.55 ,23.52 ,23.52 ,23.51 ,23.54 ,23.54 ,23.52 ,23.46 ,23.43 ,23.46 ,23.52 ,23.51 ,23.49 ,23.47 ,23.48 ,23.45 ,23.47 ,23.55 ,23.58 ,23.58 ,23.59 ,23.69 ,23.69 ,23.67 ,23.71 ,23.68 ,23.72 ,23.75 ,23.64 ,23.62 ,23.66 ,23.69 ,23.69 ,23.64 ,23.7 ,23.68 ,23.64 ,23.6 ,23.75 ,23.65 ,23.59 ,23.68 ,23.63 ,23.67 ,23.69 ,23.66 ,23.6 ,23.68 ,23.68 ,23.67 ,23.75 ,23.72 ,23.72 ,23.68 ,23.63 ,23.71 ,23.7 ,23.63 ,23.57 ,23.63 ,23.61 ,23.62 ,23.72 ,23.65 ,23.69 ,23.57 ,23.58 ,23.69 ,23.67 ,23.7 ,23.71 ,23.61 ,23.62 ,23.67 ,23.67 ,23.71 ,23.65 ,23.61 ,23.61 ,23.72 ,23.69 ,23.65 ,23.65 ,23.6 ,23.71 ,23.71 ,23.65 ,23.67 ,23.66 ,23.67 ,23.67 ,23.72 ,23.59 ,23.62 ,23.65 ,23.67 ,23.61 ,23.63 ,23.58 ,23.52 ,23.48 ,23.55 ,23.56 ,23.53 ,23.58 ,23.64 ,23.58 ,23.51 ,23.51 ,23.51 ,23.46 ,23.47 ,23.52 ,23.46 ,23.5 ,23.57 ,23.57 ,23.47 ,23.49 ,23.5 ,23.57 ,23.51 ,23.52 ,23.58 ,23.51 ,23.48 ,23.52 ,23.51 ,23.57 ,23.48 ,23.43 ,23.39 ,23.53 ,23.49 ,23.48 ,23.42 ,23.48 ,23.5 ,23.49 ,23.43 ,23.41 ,23.37 ,23.42 ,23.47 ,23.45 ,23.37 ,23.27 ,23.26 ,23.35 ,23.35 ,23.35 ,23.35 ,23.26 ,23.25 ,23.21 ,23.19 ,23.23 ,23.31 ,23.15 ,23.27 ,23.3 ,23.31 ,23.22 ,23.25 ,23.33 ,23.17 ,23.21 ,23.26 ,23.21 ,23.06 ,23.01 ,23.11 ,23.14 ,23.12 ,23.25 ,23.16 ,23.15 ,23.17 ,23.12 ,23.25 ,23.3 ,23.23 ,23.27 ,23.22 ,23.27 ,23.24 ,23.11 ,23.08 ,23.16 ,23.23 ,23.05 ,23.04 ,23.04 ,23.05 ,23.07 ,23.11 ,22.96 ,22.87 ,22.86 ,22.76 ,22.79 ,22.78 ,22.81 ,22.77 ,22.9 ,22.81 ,22.74 ,22.76 ,22.71 ,22.71 ,22.76 ,22.82 ,22.81 ,22.75 ,22.68 ,22.86 ,22.96 ,22.79 ,22.7 ,22.72 ,22.76 ,22.77 ,22.7 ,22.67 ,22.53 ,22.52 ,22.69 ,22.64 ,22.63 ,
35,22.88 ,22.79 ,22.9 ,22.99 ,23.02 ,22.91 ,22.95 ,22.93 ,22.91 ,23.03 ,23.04 ,23.25 ,23.41 ,23.37 ,23.38 ,23.36 ,23.37 ,23.44 ,23.46 ,23.47 ,23.33 ,23.39 ,23.41 ,23.43 ,23.37 ,23.27 ,23.28 ,23.26 ,23.21 ,23 ,22.97 ,23.01 ,23.03 ,23.05 ,23.09 ,23.19 ,23.27 ,23.44 ,23.51 ,23.39 ,23.44 ,23.46 ,23.34 ,23.39 ,23.43 ,23.51 ,23.56 ,23.55 ,23.51 ,23.41 ,23.39 ,23.49 ,23.5 ,23.46 ,23.49 ,23.41 ,23.43 ,23.42 ,23.39 ,23.36 ,23.39 ,23.47 ,23.45 ,23.38 ,23.45 ,23.44 ,23.44 ,23.48 ,23.41 ,23.35 ,23.47 ,23.47 ,23.51 ,23.49 ,23.46 ,23.44 ,23.45 ,23.39 ,23.41 ,23.48 ,23.39 ,23.45 ,23.47 ,23.49 ,23.55 ,23.57 ,23.62 ,23.63 ,23.62 ,23.53 ,23.52 ,23.54 ,23.53 ,23.56 ,23.6 ,23.57 ,23.58 ,23.48 ,23.45 ,23.52 ,23.53 ,23.59 ,23.59 ,23.49 ,23.52 ,23.56 ,23.58 ,23.53 ,23.56 ,23.55 ,23.58 ,23.6 ,23.5 ,23.53 ,23.6 ,23.62 ,23.57 ,23.6 ,23.61 ,23.63 ,23.71 ,23.71 ,23.59 ,23.66 ,23.59 ,23.52 ,23.66 ,23.61 ,23.65 ,23.63 ,23.54 ,23.54 ,23.57 ,23.66 ,23.62 ,23.57 ,23.62 ,23.68 ,23.61 ,23.57 ,23.5 ,23.56 ,23.6 ,23.53 ,23.61 ,23.63 ,23.58 ,23.63 ,23.59 ,23.56 ,23.57 ,23.59 ,23.49 ,23.45 ,23.49 ,23.46 ,23.47 ,23.53 ,23.55 ,23.5 ,23.52 ,23.55 ,23.46 ,23.44 ,23.45 ,23.44 ,23.49 ,23.54 ,23.61 ,23.66 ,23.72 ,23.64 ,23.61 ,23.69 ,23.75 ,23.74 ,23.75 ,23.73 ,23.68 ,23.69 ,23.72 ,23.73 ,23.82 ,23.71 ,23.65 ,23.68 ,23.67 ,23.73 ,23.65 ,23.66 ,23.75 ,23.72 ,23.77 ,23.74 ,23.73 ,23.7 ,23.75 ,23.7 ,23.67 ,23.74 ,23.68 ,23.7 ,23.71 ,23.67 ,23.73 ,23.74 ,23.67 ,23.69 ,23.73 ,23.68 ,23.7 ,23.79 ,23.76 ,23.78 ,23.73 ,23.71 ,23.87 ,23.85 ,23.73 ,23.72 ,23.75 ,23.85 ,23.79 ,23.75 ,23.82 ,23.74 ,23.78 ,23.76 ,23.85 ,23.84 ,23.76 ,23.75 ,23.77 ,23.77 ,23.68 ,23.75 ,23.79 ,23.72 ,23.68 ,23.74 ,23.72 ,23.8 ,23.8 ,23.81 ,23.77 ,23.69 ,23.67 ,23.73 ,23.71 ,23.71 ,23.83 ,23.83 ,23.82 ,23.74 ,23.79 ,23.81 ,23.84 ,23.89 ,23.8 ,23.83 ,23.84 ,23.77 ,23.82 ,23.84 ,23.87 ,23.86 ,23.84 ,23.78 ,23.8 ,23.75 ,23.65 ,23.67 ,23.64 ,23.64 ,23.68 ,23.71 ,23.77 ,23.8 ,23.75 ,23.64 ,23.72 ,23.68 ,23.73 ,23.74 ,23.69 ,23.71 ,23.72 ,23.71 ,23.71 ,23.78 ,23.76 ,23.75 ,23.71 ,23.79 ,23.69 ,23.78 ,23.78 ,23.73 ,23.69 ,23.59 ,23.53 ,23.61 ,23.7 ,23.82 ,23.74 ,23.73 ,23.73 ,23.7 ,23.73 ,23.73 ,23.73 ,23.79 ,23.76 ,23.75 ,23.72 ,23.71 ,23.59 ,23.67 ,23.61 ,23.63 ,23.47 ,23.42 ,23.5 ,23.42 ,23.41 ,23.36 ,23.45 ,23.46 ,23.4 ,23.41 ,23.44 ,23.49 ,23.45 ,23.42 ,23.48 ,23.48 ,23.43 ,23.51 ,23.65 ,23.64 ,23.65 ,23.58 ,23.57 ,23.59 ,23.57 ,23.49 ,23.62 ,23.66 ,23.62 ,23.58 ,23.53 ,23.6 ,23.58 ,23.62 ,23.53 ,23.62 ,23.57 ,23.55 ,23.65 ,23.55 ,23.44 ,23.48 ,23.48 ,23.42 ,23.46 ,23.48 ,23.51 ,23.5 ,23.54 ,23.57 ,23.58 ,23.52 ,23.67 ,23.7 ,23.65 ,23.74 ,23.74 ,23.78 ,23.79 ,23.75 ,23.77 ,23.73 ,23.71 ,23.77 ,23.75 ,23.83 ,23.81 ,23.78 ,23.77 ,23.73 ,23.7 ,23.66 ,23.69 ,23.75 ,23.68 ,23.72 ,23.77 ,23.77 ,23.7 ,23.65 ,23.67 ,23.74 ,23.68 ,23.7 ,23.71 ,23.69 ,23.63 ,23.63 ,23.6 ,23.47 ,23.47 ,23.48 ,23.49 ,23.53 ,23.5 ,23.55 ,23.52 ,23.5 ,23.47 ,23.49 ,23.45 ,23.55 ,23.48 ,23.51 ,23.53 ,23.47 ,23.43 ,23.53 ,23.58 ,23.62 ,23.61 ,23.55 ,23.61 ,23.67 ,23.66 ,23.75 ,23.68 ,23.65 ,23.64 ,23.62 ,23.58 ,23.68 ,23.67 ,23.74 ,23.73 ,23.68 ,23.62 ,23.54 ,23.55 ,23.64 ,23.64 ,23.67 ,23.71 ,23.59 ,23.59 ,23.66 ,23.68 ,23.69 ,23.55 ,23.69 ,23.72 ,23.66 ,23.69 ,23.72 ,23.69 ,23.66 ,23.74 ,23.62 ,23.57 ,23.59 ,23.66 ,23.63 ,23.6 ,23.67 ,23.71 ,23.63 ,23.62 ,23.65 ,23.65 ,23.65 ,23.76 ,23.69 ,23.61 ,23.66 ,23.69 ,23.67 ,23.65 ,23.71 ,23.71 ,23.64 ,23.73 ,23.78 ,23.68 ,23.71 ,23.64 ,23.66 ,23.72 ,23.59 ,23.6 ,23.6 ,23.62 ,23.58 ,23.66 ,23.67 ,23.63 ,23.62 ,23.64 ,23.67 ,23.55 ,23.59 ,23.49 ,23.51 ,23.64 ,23.64 ,23.57 ,23.61 ,23.69 ,23.56 ,23.47 ,23.51 ,23.53 ,23.47 ,23.41 ,23.47 ,23.47 ,23.49 ,23.59 ,23.59 ,23.6 ,23.58 ,23.5 ,23.51 ,23.43 ,23.48 ,23.63 ,23.54 ,23.53 ,23.58 ,23.51 ,23.53 ,23.53 ,23.56 ,23.44 ,23.51 ,23.53 ,23.52 ,23.44 ,23.49 ,23.53 ,23.4 ,23.4 ,23.47 ,23.51 ,23.51 ,23.42 ,23.33 ,23.35 ,23.33 ,23.37 ,23.32 ,23.29 ,23.28 ,23.29 ,23.31 ,23.25 ,23.16 ,23.18 ,23.22 ,23.26 ,23.2 ,23.26 ,23.25 ,23.35 ,23.27 ,23.2 ,23.31 ,23.22 ,23.18 ,23.28 ,23.22 ,23.08 ,23.15 ,23.2 ,23.19 ,23.2 ,23.2 ,23.2 ,23.18 ,23.26 ,23.21 ,23.19 ,23.27 ,23.17 ,23.23 ,23.24 ,23.19 ,23.24 ,23.12 ,23.04 ,23.1 ,23.2 ,23.15 ,23.18 ,23.05 ,22.94 ,22.95 ,23.04 ,22.98 ,22.96 ,23.04 ,22.85 ,22.83 ,22.77 ,22.86 ,22.81 ,22.78 ,22.75 ,22.68 ,22.74 ,22.78 ,22.69 ,22.8 ,22.86 ,22.82 ,22.71 ,22.73 ,22.7 ,22.86 ,22.78 ,22.78 ,22.81 ,22.8 ,22.72 ,22.78 ,22.65 ,22.64 ,22.63 ,22.71 ,22.64 ,22.58 ,
36,22.98 ,22.81 ,22.79 ,22.89 ,23 ,22.84 ,22.8 ,22.93 ,23.04 ,23.12 ,23.15 ,23.22 ,23.29 ,23.33 ,23.36 ,23.37 ,23.38 ,23.41 ,23.47 ,23.53 ,23.46 ,23.39 ,23.37 ,23.4 ,23.3 ,23.28 ,23.29 ,23.28 ,23.17 ,23.02 ,22.98 ,23.01 ,22.99 ,23.13 ,23.14 ,23.25 ,23.35 ,23.46 ,23.48 ,23.41 ,23.37 ,23.48 ,23.37 ,23.33 ,23.41 ,23.55 ,23.55 ,23.49 ,23.55 ,23.4 ,23.39 ,23.46 ,23.45 ,23.48 ,23.46 ,23.52 ,23.5 ,23.47 ,23.39 ,23.37 ,23.39 ,23.44 ,23.47 ,23.44 ,23.46 ,23.47 ,23.45 ,23.45 ,23.41 ,23.4 ,23.5 ,23.51 ,23.47 ,23.44 ,23.4 ,23.4 ,23.47 ,23.44 ,23.4 ,23.46 ,23.48 ,23.41 ,23.39 ,23.48 ,23.53 ,23.52 ,23.64 ,23.65 ,23.64 ,23.52 ,23.44 ,23.51 ,23.55 ,23.51 ,23.5 ,23.59 ,23.57 ,23.56 ,23.55 ,23.59 ,23.56 ,23.52 ,23.55 ,23.48 ,23.55 ,23.57 ,23.52 ,23.47 ,23.54 ,23.65 ,23.62 ,23.61 ,23.54 ,23.58 ,23.65 ,23.65 ,23.64 ,23.65 ,23.65 ,23.68 ,23.71 ,23.66 ,23.56 ,23.65 ,23.62 ,23.62 ,23.62 ,23.62 ,23.64 ,23.6 ,23.65 ,23.59 ,23.6 ,23.59 ,23.64 ,23.57 ,23.57 ,23.7 ,23.63 ,23.59 ,23.49 ,23.46 ,23.52 ,23.48 ,23.57 ,23.62 ,23.62 ,23.56 ,23.53 ,23.55 ,23.55 ,23.42 ,23.43 ,23.43 ,23.4 ,23.48 ,23.49 ,23.54 ,23.53 ,23.5 ,23.58 ,23.56 ,23.58 ,23.53 ,23.51 ,23.47 ,23.51 ,23.65 ,23.62 ,23.7 ,23.71 ,23.74 ,23.7 ,23.73 ,23.81 ,23.74 ,23.74 ,23.7 ,23.68 ,23.68 ,23.75 ,23.74 ,23.79 ,23.71 ,23.63 ,23.66 ,23.68 ,23.72 ,23.67 ,23.65 ,23.73 ,23.7 ,23.71 ,23.68 ,23.69 ,23.66 ,23.69 ,23.77 ,23.72 ,23.73 ,23.79 ,23.76 ,23.74 ,23.7 ,23.72 ,23.76 ,23.68 ,23.62 ,23.69 ,23.68 ,23.68 ,23.74 ,23.77 ,23.74 ,23.74 ,23.68 ,23.78 ,23.79 ,23.77 ,23.71 ,23.73 ,23.82 ,23.77 ,23.68 ,23.82 ,23.79 ,23.78 ,23.76 ,23.74 ,23.8 ,23.75 ,23.77 ,23.82 ,23.73 ,23.67 ,23.79 ,23.92 ,23.78 ,23.7 ,23.76 ,23.78 ,23.85 ,23.83 ,23.75 ,23.81 ,23.81 ,23.72 ,23.67 ,23.72 ,23.71 ,23.7 ,23.74 ,23.76 ,23.74 ,23.79 ,23.8 ,23.83 ,23.84 ,23.75 ,23.81 ,23.84 ,23.84 ,23.79 ,23.79 ,23.87 ,23.81 ,23.82 ,23.71 ,23.76 ,23.81 ,23.76 ,23.8 ,23.71 ,23.64 ,23.57 ,23.6 ,23.74 ,23.84 ,23.77 ,23.73 ,23.69 ,23.68 ,23.69 ,23.66 ,23.74 ,23.71 ,23.72 ,23.69 ,23.75 ,23.77 ,23.82 ,23.8 ,23.76 ,23.75 ,23.72 ,23.75 ,23.77 ,23.82 ,23.73 ,23.67 ,23.61 ,23.46 ,23.57 ,23.75 ,23.75 ,23.66 ,23.74 ,23.75 ,23.72 ,23.66 ,23.72 ,23.76 ,23.7 ,23.7 ,23.7 ,23.74 ,23.58 ,23.61 ,23.61 ,23.59 ,23.49 ,23.47 ,23.5 ,23.44 ,23.41 ,23.41 ,23.44 ,23.46 ,23.39 ,23.41 ,23.44 ,23.47 ,23.45 ,23.46 ,23.55 ,23.47 ,23.47 ,23.6 ,23.71 ,23.74 ,23.76 ,23.68 ,23.61 ,23.72 ,23.67 ,23.59 ,23.62 ,23.67 ,23.6 ,23.59 ,23.62 ,23.58 ,23.54 ,23.61 ,23.58 ,23.66 ,23.59 ,23.57 ,23.57 ,23.59 ,23.52 ,23.52 ,23.49 ,23.43 ,23.48 ,23.41 ,23.5 ,23.43 ,23.53 ,23.65 ,23.68 ,23.57 ,23.68 ,23.76 ,23.65 ,23.64 ,23.72 ,23.8 ,23.73 ,23.73 ,23.71 ,23.71 ,23.73 ,23.79 ,23.69 ,23.75 ,23.73 ,23.61 ,23.71 ,23.67 ,23.71 ,23.73 ,23.74 ,23.66 ,23.67 ,23.68 ,23.79 ,23.73 ,23.67 ,23.67 ,23.7 ,23.72 ,23.71 ,23.7 ,23.7 ,23.7 ,23.72 ,23.67 ,23.69 ,23.59 ,23.54 ,23.45 ,23.47 ,23.57 ,23.47 ,23.44 ,23.5 ,23.57 ,23.48 ,23.5 ,23.48 ,23.55 ,23.57 ,23.52 ,23.51 ,23.47 ,23.44 ,23.48 ,23.57 ,23.48 ,23.55 ,23.59 ,23.56 ,23.56 ,23.65 ,23.68 ,23.7 ,23.66 ,23.65 ,23.58 ,23.62 ,23.67 ,23.62 ,23.67 ,23.7 ,23.72 ,23.59 ,23.51 ,23.57 ,23.67 ,23.6 ,23.69 ,23.77 ,23.76 ,23.6 ,23.65 ,23.63 ,23.62 ,23.63 ,23.68 ,23.64 ,23.62 ,23.61 ,23.64 ,23.67 ,23.64 ,23.64 ,23.6 ,23.53 ,23.59 ,23.66 ,23.63 ,23.58 ,23.66 ,23.71 ,23.77 ,23.66 ,23.65 ,23.64 ,23.63 ,23.7 ,23.72 ,23.61 ,23.64 ,23.66 ,23.67 ,23.78 ,23.78 ,23.71 ,23.68 ,23.69 ,23.78 ,23.76 ,23.76 ,23.63 ,23.57 ,23.7 ,23.63 ,23.59 ,23.7 ,23.66 ,23.57 ,23.53 ,23.54 ,23.59 ,23.67 ,23.67 ,23.73 ,23.69 ,23.64 ,23.53 ,23.51 ,23.6 ,23.59 ,23.63 ,23.62 ,23.53 ,23.52 ,23.47 ,23.51 ,23.49 ,23.48 ,23.46 ,23.49 ,23.44 ,23.42 ,23.57 ,23.63 ,23.65 ,23.63 ,23.51 ,23.45 ,23.48 ,23.51 ,23.69 ,23.58 ,23.44 ,23.49 ,23.62 ,23.61 ,23.56 ,23.5 ,23.5 ,23.49 ,23.5 ,23.49 ,23.42 ,23.49 ,23.62 ,23.56 ,23.48 ,23.43 ,23.49 ,23.54 ,23.5 ,23.34 ,23.28 ,23.34 ,23.38 ,23.32 ,23.29 ,23.27 ,23.22 ,23.31 ,23.33 ,23.23 ,23.21 ,23.13 ,23.29 ,23.26 ,23.14 ,23.14 ,23.27 ,23.23 ,23.22 ,23.25 ,23.18 ,23.16 ,23.2 ,23.23 ,23.13 ,23.2 ,23.36 ,23.27 ,23.18 ,23.15 ,23.14 ,23.18 ,23.19 ,23.28 ,23.22 ,23.3 ,23.22 ,23.2 ,23.26 ,23.22 ,23.21 ,23.06 ,23.08 ,23.13 ,23.19 ,23.22 ,23.21 ,23.14 ,23.07 ,23.01 ,22.97 ,22.92 ,22.94 ,22.92 ,22.86 ,22.85 ,22.82 ,22.84 ,22.8 ,22.82 ,22.73 ,22.72 ,22.73 ,22.78 ,22.7 ,22.79 ,22.82 ,22.8 ,22.76 ,22.71 ,22.69 ,22.74 ,22.78 ,22.79 ,22.89 ,22.79 ,22.83 ,22.88 ,22.75 ,22.62 ,22.69 ,22.77 ,22.67 ,22.58 ,
37,22.92 ,22.85 ,22.81 ,22.84 ,22.88 ,22.79 ,22.79 ,22.9 ,23.14 ,23.11 ,23.15 ,23.26 ,23.26 ,23.27 ,23.27 ,23.31 ,23.35 ,23.39 ,23.44 ,23.51 ,23.45 ,23.37 ,23.37 ,23.28 ,23.29 ,23.29 ,23.18 ,23.17 ,23.12 ,23.03 ,23 ,23.04 ,23.07 ,23.16 ,23.31 ,23.35 ,23.37 ,23.42 ,23.45 ,23.46 ,23.44 ,23.33 ,23.31 ,23.42 ,23.44 ,23.47 ,23.41 ,23.43 ,23.44 ,23.49 ,23.38 ,23.46 ,23.5 ,23.47 ,23.41 ,23.45 ,23.52 ,23.45 ,23.44 ,23.48 ,23.43 ,23.41 ,23.41 ,23.48 ,23.46 ,23.48 ,23.48 ,23.45 ,23.45 ,23.37 ,23.48 ,23.44 ,23.43 ,23.4 ,23.37 ,23.36 ,23.4 ,23.36 ,23.37 ,23.43 ,23.42 ,23.39 ,23.38 ,23.49 ,23.55 ,23.61 ,23.64 ,23.66 ,23.67 ,23.49 ,23.46 ,23.44 ,23.46 ,23.57 ,23.53 ,23.57 ,23.57 ,23.51 ,23.57 ,23.63 ,23.6 ,23.5 ,23.55 ,23.56 ,23.52 ,23.54 ,23.55 ,23.49 ,23.59 ,23.56 ,23.56 ,23.6 ,23.6 ,23.67 ,23.69 ,23.7 ,23.69 ,23.71 ,23.68 ,23.77 ,23.68 ,23.63 ,23.61 ,23.66 ,23.7 ,23.61 ,23.65 ,23.63 ,23.66 ,23.58 ,23.67 ,23.63 ,23.55 ,23.51 ,23.46 ,23.63 ,23.6 ,23.59 ,23.61 ,23.58 ,23.56 ,23.49 ,23.42 ,23.5 ,23.5 ,23.64 ,23.62 ,23.53 ,23.45 ,23.5 ,23.46 ,23.34 ,23.36 ,23.43 ,23.4 ,23.44 ,23.48 ,23.46 ,23.53 ,23.6 ,23.61 ,23.54 ,23.46 ,23.54 ,23.52 ,23.6 ,23.61 ,23.67 ,23.7 ,23.68 ,23.69 ,23.69 ,23.69 ,23.75 ,23.81 ,23.73 ,23.79 ,23.68 ,23.64 ,23.73 ,23.73 ,23.68 ,23.74 ,23.7 ,23.7 ,23.68 ,23.73 ,23.63 ,23.67 ,23.64 ,23.78 ,23.67 ,23.68 ,23.71 ,23.76 ,23.67 ,23.7 ,23.83 ,23.72 ,23.72 ,23.76 ,23.77 ,23.8 ,23.67 ,23.71 ,23.79 ,23.66 ,23.62 ,23.72 ,23.73 ,23.72 ,23.76 ,23.75 ,23.67 ,23.74 ,23.73 ,23.68 ,23.75 ,23.81 ,23.79 ,23.8 ,23.79 ,23.78 ,23.73 ,23.75 ,23.79 ,23.83 ,23.76 ,23.71 ,23.7 ,23.77 ,23.75 ,23.84 ,23.76 ,23.68 ,23.74 ,23.89 ,23.81 ,23.78 ,23.75 ,23.82 ,23.78 ,23.83 ,23.8 ,23.77 ,23.81 ,23.73 ,23.64 ,23.7 ,23.75 ,23.81 ,23.73 ,23.76 ,23.79 ,23.85 ,23.78 ,23.75 ,23.79 ,23.79 ,23.83 ,23.84 ,23.85 ,23.81 ,23.81 ,23.92 ,23.83 ,23.8 ,23.75 ,23.73 ,23.77 ,23.75 ,23.81 ,23.78 ,23.65 ,23.63 ,23.6 ,23.7 ,23.8 ,23.8 ,23.75 ,23.65 ,23.65 ,23.7 ,23.76 ,23.76 ,23.79 ,23.76 ,23.76 ,23.75 ,23.84 ,23.88 ,23.78 ,23.75 ,23.73 ,23.76 ,23.81 ,23.75 ,23.7 ,23.65 ,23.6 ,23.59 ,23.47 ,23.54 ,23.71 ,23.77 ,23.72 ,23.67 ,23.74 ,23.73 ,23.7 ,23.69 ,23.74 ,23.71 ,23.75 ,23.73 ,23.77 ,23.68 ,23.65 ,23.62 ,23.57 ,23.51 ,23.53 ,23.5 ,23.5 ,23.49 ,23.43 ,23.42 ,23.46 ,23.45 ,23.47 ,23.45 ,23.47 ,23.45 ,23.44 ,23.58 ,23.5 ,23.54 ,23.62 ,23.72 ,23.73 ,23.7 ,23.71 ,23.61 ,23.64 ,23.66 ,23.59 ,23.61 ,23.58 ,23.56 ,23.54 ,23.61 ,23.6 ,23.58 ,23.56 ,23.6 ,23.66 ,23.59 ,23.53 ,23.56 ,23.55 ,23.59 ,23.57 ,23.45 ,23.42 ,23.56 ,23.45 ,23.4 ,23.42 ,23.54 ,23.6 ,23.66 ,23.69 ,23.74 ,23.73 ,23.7 ,23.65 ,23.78 ,23.86 ,23.8 ,23.75 ,23.69 ,23.69 ,23.74 ,23.74 ,23.71 ,23.73 ,23.7 ,23.64 ,23.72 ,23.75 ,23.76 ,23.79 ,23.76 ,23.69 ,23.71 ,23.75 ,23.75 ,23.72 ,23.62 ,23.67 ,23.67 ,23.7 ,23.61 ,23.68 ,23.7 ,23.64 ,23.67 ,23.7 ,23.69 ,23.63 ,23.61 ,23.5 ,23.5 ,23.5 ,23.54 ,23.43 ,23.41 ,23.42 ,23.4 ,23.49 ,23.49 ,23.46 ,23.5 ,23.44 ,23.47 ,23.48 ,23.49 ,23.45 ,23.54 ,23.49 ,23.41 ,23.54 ,23.54 ,23.52 ,23.55 ,23.6 ,23.62 ,23.63 ,23.67 ,23.67 ,23.59 ,23.67 ,23.72 ,23.67 ,23.66 ,23.64 ,23.59 ,23.63 ,23.65 ,23.75 ,23.7 ,23.74 ,23.73 ,23.73 ,23.57 ,23.57 ,23.66 ,23.67 ,23.62 ,23.68 ,23.63 ,23.61 ,23.59 ,23.63 ,23.63 ,23.63 ,23.64 ,23.66 ,23.64 ,23.56 ,23.6 ,23.59 ,23.62 ,23.76 ,23.71 ,23.75 ,23.68 ,23.66 ,23.6 ,23.62 ,23.62 ,23.61 ,23.64 ,23.6 ,23.61 ,23.68 ,23.68 ,23.71 ,23.72 ,23.67 ,23.6 ,23.61 ,23.69 ,23.68 ,23.61 ,23.62 ,23.73 ,23.66 ,23.63 ,23.69 ,23.68 ,23.67 ,23.54 ,23.48 ,23.58 ,23.62 ,23.68 ,23.74 ,23.68 ,23.65 ,23.57 ,23.49 ,23.54 ,23.6 ,23.6 ,23.62 ,23.51 ,23.39 ,23.47 ,23.51 ,23.39 ,23.41 ,23.45 ,23.44 ,23.45 ,23.5 ,23.56 ,23.59 ,23.63 ,23.61 ,23.54 ,23.52 ,23.51 ,23.62 ,23.61 ,23.6 ,23.44 ,23.49 ,23.57 ,23.62 ,23.56 ,23.49 ,23.48 ,23.52 ,23.51 ,23.46 ,23.38 ,23.41 ,23.49 ,23.45 ,23.41 ,23.39 ,23.42 ,23.49 ,23.51 ,23.47 ,23.33 ,23.37 ,23.42 ,23.37 ,23.33 ,23.28 ,23.32 ,23.29 ,23.35 ,23.34 ,23.28 ,23.23 ,23.25 ,23.34 ,23.29 ,23.21 ,23.3 ,23.18 ,23.2 ,23.29 ,23.21 ,23.21 ,23.17 ,23.21 ,23.07 ,23.15 ,23.24 ,23.23 ,23.17 ,23.21 ,23.12 ,23.12 ,23.12 ,23.17 ,23.12 ,23.31 ,23.25 ,23.2 ,23.21 ,23.17 ,23.07 ,23.06 ,23.05 ,23.08 ,23.09 ,23.14 ,23.13 ,23.02 ,23.04 ,23.12 ,23.02 ,22.94 ,22.95 ,22.98 ,22.86 ,22.81 ,22.77 ,22.77 ,22.81 ,22.85 ,22.84 ,22.81 ,22.76 ,22.66 ,22.63 ,22.74 ,22.66 ,22.69 ,22.73 ,22.8 ,22.71 ,22.72 ,22.68 ,22.66 ,22.8 ,22.78 ,22.7 ,22.81 ,22.77 ,22.76 ,22.71 ,22.71 ,22.61 ,22.52 ,
38,22.86 ,22.84 ,22.88 ,22.86 ,22.86 ,22.79 ,22.85 ,22.99 ,23.03 ,23.12 ,23.2 ,23.35 ,23.33 ,23.3 ,23.35 ,23.33 ,23.42 ,23.51 ,23.51 ,23.55 ,23.4 ,23.3 ,23.4 ,23.3 ,23.29 ,23.35 ,23.22 ,23.12 ,23.11 ,23.09 ,23.15 ,23.11 ,23.26 ,23.31 ,23.4 ,23.54 ,23.44 ,23.43 ,23.44 ,23.49 ,23.44 ,23.45 ,23.31 ,23.4 ,23.44 ,23.39 ,23.4 ,23.53 ,23.56 ,23.5 ,23.42 ,23.4 ,23.53 ,23.47 ,23.4 ,23.43 ,23.49 ,23.46 ,23.44 ,23.44 ,23.45 ,23.49 ,23.4 ,23.49 ,23.49 ,23.45 ,23.5 ,23.46 ,23.44 ,23.41 ,23.48 ,23.46 ,23.51 ,23.49 ,23.42 ,23.39 ,23.43 ,23.43 ,23.36 ,23.46 ,23.48 ,23.42 ,23.39 ,23.43 ,23.55 ,23.61 ,23.63 ,23.66 ,23.65 ,23.47 ,23.48 ,23.56 ,23.47 ,23.58 ,23.64 ,23.62 ,23.57 ,23.48 ,23.52 ,23.62 ,23.64 ,23.55 ,23.52 ,23.52 ,23.51 ,23.54 ,23.62 ,23.49 ,23.56 ,23.52 ,23.46 ,23.57 ,23.66 ,23.8 ,23.75 ,23.72 ,23.66 ,23.71 ,23.74 ,23.72 ,23.63 ,23.64 ,23.64 ,23.69 ,23.7 ,23.63 ,23.63 ,23.69 ,23.67 ,23.54 ,23.56 ,23.7 ,23.62 ,23.64 ,23.58 ,23.58 ,23.6 ,23.53 ,23.53 ,23.6 ,23.61 ,23.55 ,23.45 ,23.52 ,23.55 ,23.66 ,23.67 ,23.58 ,23.46 ,23.47 ,23.37 ,23.37 ,23.41 ,23.44 ,23.47 ,23.53 ,23.46 ,23.45 ,23.51 ,23.61 ,23.65 ,23.54 ,23.43 ,23.5 ,23.52 ,23.53 ,23.64 ,23.72 ,23.68 ,23.73 ,23.75 ,23.66 ,23.7 ,23.67 ,23.68 ,23.68 ,23.76 ,23.79 ,23.74 ,23.75 ,23.8 ,23.74 ,23.71 ,23.75 ,23.71 ,23.72 ,23.73 ,23.64 ,23.64 ,23.7 ,23.7 ,23.7 ,23.7 ,23.78 ,23.76 ,23.79 ,23.74 ,23.79 ,23.74 ,23.76 ,23.77 ,23.71 ,23.78 ,23.66 ,23.64 ,23.69 ,23.66 ,23.62 ,23.72 ,23.79 ,23.73 ,23.74 ,23.69 ,23.68 ,23.73 ,23.71 ,23.69 ,23.77 ,23.83 ,23.82 ,23.78 ,23.71 ,23.77 ,23.82 ,23.75 ,23.78 ,23.82 ,23.77 ,23.76 ,23.77 ,23.81 ,23.8 ,23.84 ,23.82 ,23.7 ,23.74 ,23.78 ,23.77 ,23.79 ,23.79 ,23.78 ,23.78 ,23.79 ,23.77 ,23.73 ,23.8 ,23.73 ,23.61 ,23.72 ,23.72 ,23.79 ,23.83 ,23.79 ,23.83 ,23.83 ,23.82 ,23.73 ,23.82 ,23.8 ,23.77 ,23.74 ,23.8 ,23.78 ,23.8 ,23.92 ,23.83 ,23.8 ,23.75 ,23.78 ,23.71 ,23.68 ,23.69 ,23.7 ,23.62 ,23.61 ,23.61 ,23.74 ,23.8 ,23.81 ,23.79 ,23.66 ,23.62 ,23.76 ,23.84 ,23.8 ,23.78 ,23.77 ,23.74 ,23.75 ,23.77 ,23.83 ,23.83 ,23.75 ,23.76 ,23.73 ,23.76 ,23.79 ,23.74 ,23.65 ,23.63 ,23.6 ,23.51 ,23.56 ,23.72 ,23.79 ,23.74 ,23.69 ,23.69 ,23.72 ,23.67 ,23.7 ,23.74 ,23.75 ,23.75 ,23.81 ,23.8 ,23.7 ,23.72 ,23.67 ,23.67 ,23.64 ,23.54 ,23.58 ,23.53 ,23.53 ,23.48 ,23.5 ,23.51 ,23.46 ,23.43 ,23.44 ,23.44 ,23.45 ,23.52 ,23.59 ,23.48 ,23.61 ,23.75 ,23.75 ,23.78 ,23.69 ,23.67 ,23.62 ,23.6 ,23.58 ,23.5 ,23.5 ,23.52 ,23.59 ,23.57 ,23.48 ,23.54 ,23.58 ,23.58 ,23.67 ,23.62 ,23.51 ,23.5 ,23.57 ,23.49 ,23.5 ,23.56 ,23.51 ,23.46 ,23.51 ,23.51 ,23.45 ,23.46 ,23.54 ,23.49 ,23.54 ,23.57 ,23.73 ,23.75 ,23.71 ,23.7 ,23.83 ,23.84 ,23.73 ,23.77 ,23.7 ,23.7 ,23.7 ,23.69 ,23.71 ,23.81 ,23.77 ,23.75 ,23.71 ,23.68 ,23.74 ,23.78 ,23.71 ,23.72 ,23.7 ,23.74 ,23.78 ,23.76 ,23.69 ,23.68 ,23.65 ,23.7 ,23.71 ,23.69 ,23.69 ,23.67 ,23.65 ,23.77 ,23.76 ,23.75 ,23.76 ,23.59 ,23.53 ,23.52 ,23.51 ,23.42 ,23.37 ,23.37 ,23.45 ,23.5 ,23.48 ,23.42 ,23.5 ,23.46 ,23.39 ,23.46 ,23.52 ,23.49 ,23.55 ,23.49 ,23.43 ,23.45 ,23.53 ,23.56 ,23.52 ,23.56 ,23.66 ,23.61 ,23.66 ,23.76 ,23.69 ,23.71 ,23.66 ,23.61 ,23.65 ,23.7 ,23.61 ,23.63 ,23.66 ,23.72 ,23.65 ,23.71 ,23.7 ,23.63 ,23.58 ,23.57 ,23.6 ,23.6 ,23.56 ,23.56 ,23.66 ,23.63 ,23.65 ,23.65 ,23.62 ,23.65 ,23.7 ,23.69 ,23.7 ,23.62 ,23.61 ,23.73 ,23.75 ,23.74 ,23.69 ,23.65 ,23.65 ,23.61 ,23.69 ,23.62 ,23.71 ,23.67 ,23.61 ,23.69 ,23.66 ,23.72 ,23.74 ,23.58 ,23.61 ,23.69 ,23.72 ,23.69 ,23.73 ,23.74 ,23.63 ,23.66 ,23.83 ,23.7 ,23.7 ,23.71 ,23.57 ,23.56 ,23.61 ,23.59 ,23.6 ,23.58 ,23.6 ,23.69 ,23.65 ,23.58 ,23.54 ,23.44 ,23.52 ,23.58 ,23.6 ,23.58 ,23.53 ,23.43 ,23.44 ,23.62 ,23.49 ,23.42 ,23.45 ,23.46 ,23.48 ,23.53 ,23.56 ,23.56 ,23.67 ,23.59 ,23.53 ,23.57 ,23.62 ,23.61 ,23.62 ,23.62 ,23.61 ,23.54 ,23.53 ,23.51 ,23.52 ,23.61 ,23.62 ,23.61 ,23.6 ,23.57 ,23.49 ,23.54 ,23.48 ,23.46 ,23.38 ,23.36 ,23.43 ,23.4 ,23.56 ,23.43 ,23.32 ,23.41 ,23.4 ,23.45 ,23.41 ,23.37 ,23.3 ,23.33 ,23.29 ,23.35 ,23.28 ,23.29 ,23.25 ,23.19 ,23.2 ,23.26 ,23.2 ,23.2 ,23.19 ,23.27 ,23.19 ,23.13 ,23.17 ,23.23 ,23.15 ,23.18 ,23.23 ,23.21 ,23.11 ,23.26 ,23.27 ,23.14 ,23.15 ,23.25 ,23.26 ,23.32 ,23.3 ,23.26 ,23.18 ,23.21 ,23.16 ,23.07 ,23.19 ,23.12 ,23.15 ,23.14 ,23.15 ,23.15 ,23.01 ,23.04 ,23.02 ,22.95 ,22.94 ,23.03 ,22.86 ,22.84 ,22.8 ,22.75 ,22.84 ,22.85 ,22.78 ,22.86 ,22.85 ,22.78 ,22.66 ,22.7 ,22.65 ,22.63 ,22.7 ,22.79 ,22.8 ,22.89 ,22.74 ,22.68 ,22.7 ,22.79 ,22.8 ,22.71 ,22.64 ,22.88 ,22.76 ,22.74 ,22.51 ,22.46 ,
39,22.91 ,22.8 ,22.94 ,22.91 ,22.92 ,22.9 ,22.94 ,23.02 ,23.02 ,23.15 ,23.26 ,23.36 ,23.38 ,23.28 ,23.31 ,23.4 ,23.39 ,23.45 ,23.5 ,23.51 ,23.39 ,23.34 ,23.42 ,23.33 ,23.25 ,23.3 ,23.25 ,23.14 ,23.04 ,23.07 ,23.14 ,23.14 ,23.28 ,23.45 ,23.42 ,23.42 ,23.42 ,23.4 ,23.4 ,23.44 ,23.45 ,23.44 ,23.39 ,23.31 ,23.34 ,23.38 ,23.48 ,23.51 ,23.54 ,23.58 ,23.46 ,23.37 ,23.44 ,23.45 ,23.37 ,23.46 ,23.44 ,23.39 ,23.44 ,23.46 ,23.44 ,23.51 ,23.48 ,23.46 ,23.47 ,23.4 ,23.44 ,23.47 ,23.47 ,23.47 ,23.47 ,23.45 ,23.51 ,23.45 ,23.39 ,23.42 ,23.49 ,23.49 ,23.45 ,23.46 ,23.48 ,23.45 ,23.5 ,23.45 ,23.49 ,23.57 ,23.58 ,23.67 ,23.63 ,23.54 ,23.52 ,23.6 ,23.58 ,23.5 ,23.56 ,23.56 ,23.52 ,23.49 ,23.57 ,23.64 ,23.62 ,23.52 ,23.53 ,23.48 ,23.59 ,23.61 ,23.57 ,23.57 ,23.54 ,23.46 ,23.49 ,23.53 ,23.58 ,23.7 ,23.8 ,23.68 ,23.64 ,23.66 ,23.7 ,23.66 ,23.66 ,23.62 ,23.66 ,23.72 ,23.65 ,23.62 ,23.59 ,23.59 ,23.63 ,23.56 ,23.61 ,23.65 ,23.74 ,23.73 ,23.65 ,23.58 ,23.61 ,23.56 ,23.54 ,23.64 ,23.62 ,23.47 ,23.49 ,23.5 ,23.62 ,23.64 ,23.64 ,23.51 ,23.42 ,23.38 ,23.37 ,23.41 ,23.49 ,23.46 ,23.46 ,23.49 ,23.39 ,23.43 ,23.43 ,23.54 ,23.6 ,23.55 ,23.47 ,23.46 ,23.55 ,23.62 ,23.62 ,23.71 ,23.69 ,23.78 ,23.71 ,23.62 ,23.7 ,23.74 ,23.75 ,23.72 ,23.73 ,23.76 ,23.79 ,23.75 ,23.7 ,23.75 ,23.7 ,23.71 ,23.75 ,23.77 ,23.74 ,23.64 ,23.66 ,23.65 ,23.64 ,23.66 ,23.79 ,23.75 ,23.74 ,23.74 ,23.72 ,23.69 ,23.76 ,23.8 ,23.77 ,23.68 ,23.76 ,23.67 ,23.62 ,23.75 ,23.76 ,23.78 ,23.73 ,23.72 ,23.75 ,23.71 ,23.76 ,23.67 ,23.69 ,23.77 ,23.81 ,23.76 ,23.84 ,23.86 ,23.8 ,23.7 ,23.79 ,23.81 ,23.77 ,23.74 ,23.83 ,23.82 ,23.8 ,23.75 ,23.7 ,23.76 ,23.84 ,23.83 ,23.74 ,23.78 ,23.79 ,23.74 ,23.8 ,23.78 ,23.76 ,23.8 ,23.82 ,23.77 ,23.75 ,23.79 ,23.73 ,23.64 ,23.73 ,23.72 ,23.79 ,23.82 ,23.76 ,23.78 ,23.81 ,23.8 ,23.75 ,23.8 ,23.8 ,23.79 ,23.76 ,23.8 ,23.83 ,23.78 ,23.82 ,23.86 ,23.84 ,23.82 ,23.81 ,23.74 ,23.67 ,23.72 ,23.68 ,23.59 ,23.54 ,23.6 ,23.76 ,23.8 ,23.76 ,23.85 ,23.76 ,23.63 ,23.71 ,23.82 ,23.76 ,23.79 ,23.82 ,23.77 ,23.76 ,23.76 ,23.79 ,23.82 ,23.78 ,23.73 ,23.74 ,23.77 ,23.78 ,23.81 ,23.67 ,23.67 ,23.74 ,23.69 ,23.55 ,23.65 ,23.78 ,23.75 ,23.79 ,23.73 ,23.79 ,23.72 ,23.71 ,23.72 ,23.77 ,23.79 ,23.78 ,23.82 ,23.66 ,23.63 ,23.65 ,23.66 ,23.63 ,23.56 ,23.52 ,23.56 ,23.46 ,23.39 ,23.47 ,23.45 ,23.5 ,23.46 ,23.44 ,23.53 ,23.49 ,23.58 ,23.72 ,23.65 ,23.71 ,23.85 ,23.84 ,23.74 ,23.66 ,23.73 ,23.64 ,23.61 ,23.59 ,23.51 ,23.48 ,23.5 ,23.53 ,23.48 ,23.45 ,23.46 ,23.56 ,23.61 ,23.6 ,23.62 ,23.44 ,23.43 ,23.47 ,23.38 ,23.42 ,23.5 ,23.57 ,23.47 ,23.46 ,23.4 ,23.42 ,23.53 ,23.59 ,23.59 ,23.59 ,23.62 ,23.7 ,23.83 ,23.78 ,23.65 ,23.72 ,23.73 ,23.63 ,23.66 ,23.71 ,23.74 ,23.64 ,23.7 ,23.78 ,23.85 ,23.76 ,23.71 ,23.7 ,23.7 ,23.75 ,23.86 ,23.75 ,23.69 ,23.66 ,23.67 ,23.78 ,23.74 ,23.71 ,23.67 ,23.66 ,23.75 ,23.78 ,23.74 ,23.68 ,23.64 ,23.64 ,23.72 ,23.77 ,23.74 ,23.79 ,23.59 ,23.57 ,23.57 ,23.51 ,23.45 ,23.36 ,23.33 ,23.46 ,23.49 ,23.42 ,23.43 ,23.51 ,23.5 ,23.43 ,23.44 ,23.5 ,23.49 ,23.44 ,23.49 ,23.44 ,23.52 ,23.55 ,23.52 ,23.6 ,23.61 ,23.61 ,23.62 ,23.62 ,23.7 ,23.7 ,23.7 ,23.66 ,23.63 ,23.67 ,23.68 ,23.66 ,23.58 ,23.61 ,23.61 ,23.58 ,23.68 ,23.72 ,23.67 ,23.61 ,23.68 ,23.68 ,23.52 ,23.5 ,23.51 ,23.58 ,23.61 ,23.64 ,23.61 ,23.59 ,23.71 ,23.64 ,23.63 ,23.63 ,23.58 ,23.65 ,23.71 ,23.75 ,23.73 ,23.63 ,23.6 ,23.58 ,23.69 ,23.63 ,23.77 ,23.73 ,23.75 ,23.7 ,23.72 ,23.7 ,23.68 ,23.71 ,23.66 ,23.55 ,23.75 ,23.78 ,23.73 ,23.73 ,23.77 ,23.68 ,23.68 ,23.8 ,23.73 ,23.72 ,23.66 ,23.61 ,23.59 ,23.65 ,23.6 ,23.62 ,23.67 ,23.63 ,23.65 ,23.54 ,23.57 ,23.5 ,23.44 ,23.59 ,23.58 ,23.54 ,23.5 ,23.49 ,23.53 ,23.51 ,23.59 ,23.62 ,23.45 ,23.46 ,23.5 ,23.5 ,23.53 ,23.59 ,23.62 ,23.63 ,23.67 ,23.58 ,23.52 ,23.49 ,23.57 ,23.64 ,23.62 ,23.62 ,23.55 ,23.56 ,23.49 ,23.45 ,23.51 ,23.6 ,23.5 ,23.46 ,23.49 ,23.49 ,23.58 ,23.5 ,23.47 ,23.36 ,23.4 ,23.46 ,23.4 ,23.44 ,23.41 ,23.35 ,23.39 ,23.41 ,23.43 ,23.43 ,23.42 ,23.35 ,23.26 ,23.33 ,23.21 ,23.22 ,23.2 ,23.27 ,23.18 ,23.25 ,23.18 ,23.16 ,23.14 ,23.2 ,23.21 ,23.21 ,23.16 ,23.1 ,23.24 ,23.2 ,23.1 ,23.24 ,23.18 ,23.23 ,23.25 ,23.32 ,23.21 ,23.15 ,23.24 ,23.28 ,23.41 ,23.38 ,23.27 ,23.24 ,23.14 ,23.13 ,23.21 ,23.18 ,23.15 ,23.1 ,23.09 ,23.11 ,23.21 ,23.11 ,23.08 ,23.05 ,22.97 ,23.01 ,23.02 ,22.89 ,22.84 ,22.87 ,22.83 ,22.79 ,22.79 ,22.79 ,22.87 ,22.89 ,22.82 ,22.7 ,22.68 ,22.75 ,22.72 ,22.69 ,22.83 ,22.77 ,22.81 ,22.76 ,22.71 ,22.81 ,22.84 ,22.87 ,22.74 ,22.63 ,22.71 ,22.79 ,22.71 ,22.63 ,22.58 ,
40,22.86 ,22.81 ,22.87 ,22.82 ,22.87 ,22.9 ,22.97 ,23.05 ,23.04 ,23.15 ,23.29 ,23.4 ,23.53 ,23.34 ,23.36 ,23.42 ,23.36 ,23.41 ,23.5 ,23.45 ,23.42 ,23.47 ,23.5 ,23.37 ,23.23 ,23.28 ,23.19 ,23.06 ,22.97 ,23.05 ,23.15 ,23.17 ,23.33 ,23.43 ,23.38 ,23.39 ,23.31 ,23.36 ,23.43 ,23.31 ,23.39 ,23.37 ,23.34 ,23.29 ,23.3 ,23.45 ,23.45 ,23.49 ,23.45 ,23.46 ,23.34 ,23.32 ,23.39 ,23.47 ,23.36 ,23.39 ,23.48 ,23.47 ,23.43 ,23.44 ,23.49 ,23.47 ,23.4 ,23.45 ,23.51 ,23.46 ,23.47 ,23.49 ,23.46 ,23.49 ,23.5 ,23.43 ,23.53 ,23.48 ,23.42 ,23.45 ,23.51 ,23.43 ,23.48 ,23.5 ,23.44 ,23.52 ,23.48 ,23.45 ,23.51 ,23.6 ,23.6 ,23.63 ,23.64 ,23.52 ,23.59 ,23.57 ,23.5 ,23.46 ,23.47 ,23.57 ,23.52 ,23.53 ,23.58 ,23.64 ,23.57 ,23.42 ,23.52 ,23.53 ,23.55 ,23.61 ,23.62 ,23.53 ,23.53 ,23.54 ,23.55 ,23.58 ,23.59 ,23.58 ,23.66 ,23.58 ,23.66 ,23.7 ,23.64 ,23.66 ,23.59 ,23.55 ,23.61 ,23.66 ,23.56 ,23.55 ,23.58 ,23.58 ,23.59 ,23.6 ,23.6 ,23.64 ,23.71 ,23.76 ,23.76 ,23.62 ,23.6 ,23.62 ,23.59 ,23.61 ,23.59 ,23.51 ,23.49 ,23.5 ,23.61 ,23.63 ,23.45 ,23.39 ,23.34 ,23.41 ,23.41 ,23.44 ,23.42 ,23.45 ,23.49 ,23.47 ,23.4 ,23.42 ,23.45 ,23.51 ,23.61 ,23.56 ,23.53 ,23.6 ,23.66 ,23.75 ,23.69 ,23.78 ,23.73 ,23.75 ,23.64 ,23.59 ,23.62 ,23.75 ,23.78 ,23.76 ,23.77 ,23.71 ,23.74 ,23.71 ,23.7 ,23.74 ,23.71 ,23.67 ,23.7 ,23.7 ,23.76 ,23.65 ,23.65 ,23.7 ,23.75 ,23.69 ,23.71 ,23.7 ,23.74 ,23.64 ,23.7 ,23.7 ,23.75 ,23.7 ,23.72 ,23.69 ,23.79 ,23.79 ,23.71 ,23.73 ,23.79 ,23.75 ,23.76 ,23.76 ,23.86 ,23.81 ,23.8 ,23.78 ,23.65 ,23.72 ,23.85 ,23.79 ,23.77 ,23.84 ,23.79 ,23.75 ,23.74 ,23.79 ,23.81 ,23.76 ,23.77 ,23.78 ,23.74 ,23.74 ,23.74 ,23.68 ,23.74 ,23.79 ,23.78 ,23.8 ,23.77 ,23.73 ,23.75 ,23.81 ,23.71 ,23.74 ,23.83 ,23.74 ,23.74 ,23.76 ,23.75 ,23.65 ,23.73 ,23.73 ,23.8 ,23.79 ,23.74 ,23.78 ,23.8 ,23.82 ,23.8 ,23.86 ,23.87 ,23.88 ,23.88 ,23.76 ,23.83 ,23.85 ,23.82 ,23.82 ,23.77 ,23.78 ,23.82 ,23.8 ,23.7 ,23.72 ,23.73 ,23.7 ,23.55 ,23.56 ,23.79 ,23.83 ,23.76 ,23.8 ,23.76 ,23.67 ,23.64 ,23.7 ,23.74 ,23.76 ,23.85 ,23.79 ,23.74 ,23.71 ,23.72 ,23.81 ,23.74 ,23.76 ,23.82 ,23.87 ,23.8 ,23.78 ,23.66 ,23.63 ,23.77 ,23.73 ,23.55 ,23.58 ,23.68 ,23.76 ,23.7 ,23.76 ,23.73 ,23.68 ,23.74 ,23.76 ,23.76 ,23.77 ,23.7 ,23.69 ,23.64 ,23.66 ,23.65 ,23.64 ,23.56 ,23.63 ,23.55 ,23.47 ,23.45 ,23.45 ,23.44 ,23.39 ,23.48 ,23.49 ,23.44 ,23.5 ,23.56 ,23.63 ,23.72 ,23.65 ,23.68 ,23.74 ,23.78 ,23.66 ,23.59 ,23.7 ,23.72 ,23.68 ,23.67 ,23.5 ,23.5 ,23.51 ,23.49 ,23.5 ,23.46 ,23.49 ,23.56 ,23.6 ,23.54 ,23.48 ,23.46 ,23.44 ,23.49 ,23.44 ,23.37 ,23.47 ,23.52 ,23.46 ,23.49 ,23.42 ,23.43 ,23.48 ,23.57 ,23.68 ,23.8 ,23.7 ,23.72 ,23.77 ,23.7 ,23.67 ,23.69 ,23.71 ,23.66 ,23.66 ,23.63 ,23.55 ,23.62 ,23.8 ,23.82 ,23.81 ,23.76 ,23.77 ,23.75 ,23.73 ,23.79 ,23.8 ,23.76 ,23.69 ,23.73 ,23.78 ,23.8 ,23.7 ,23.66 ,23.67 ,23.67 ,23.68 ,23.71 ,23.66 ,23.68 ,23.68 ,23.59 ,23.62 ,23.71 ,23.73 ,23.72 ,23.67 ,23.58 ,23.68 ,23.61 ,23.52 ,23.48 ,23.26 ,23.36 ,23.46 ,23.38 ,23.49 ,23.58 ,23.59 ,23.55 ,23.56 ,23.57 ,23.53 ,23.43 ,23.48 ,23.46 ,23.53 ,23.58 ,23.48 ,23.51 ,23.63 ,23.63 ,23.54 ,23.64 ,23.64 ,23.66 ,23.67 ,23.59 ,23.66 ,23.66 ,23.62 ,23.73 ,23.69 ,23.53 ,23.59 ,23.58 ,23.69 ,23.66 ,23.66 ,23.58 ,23.65 ,23.64 ,23.61 ,23.54 ,23.59 ,23.65 ,23.63 ,23.55 ,23.62 ,23.64 ,23.63 ,23.65 ,23.64 ,23.62 ,23.63 ,23.66 ,23.65 ,23.76 ,23.79 ,23.74 ,23.62 ,23.59 ,23.69 ,23.66 ,23.64 ,23.69 ,23.65 ,23.7 ,23.77 ,23.73 ,23.78 ,23.77 ,23.71 ,23.67 ,23.69 ,23.7 ,23.63 ,23.66 ,23.65 ,23.64 ,23.67 ,23.76 ,23.78 ,23.72 ,23.63 ,23.62 ,23.68 ,23.64 ,23.56 ,23.52 ,23.62 ,23.59 ,23.61 ,23.54 ,23.49 ,23.46 ,23.51 ,23.54 ,23.48 ,23.49 ,23.43 ,23.45 ,23.48 ,23.51 ,23.52 ,23.58 ,23.48 ,23.47 ,23.54 ,23.47 ,23.49 ,23.52 ,23.62 ,23.58 ,23.65 ,23.64 ,23.51 ,23.48 ,23.54 ,23.56 ,23.52 ,23.52 ,23.57 ,23.59 ,23.59 ,23.51 ,23.49 ,23.57 ,23.59 ,23.52 ,23.45 ,23.48 ,23.66 ,23.52 ,23.47 ,23.43 ,23.36 ,23.44 ,23.32 ,23.42 ,23.49 ,23.41 ,23.36 ,23.47 ,23.45 ,23.43 ,23.46 ,23.37 ,23.28 ,23.33 ,23.19 ,23.23 ,23.35 ,23.25 ,23.23 ,23.29 ,23.3 ,23.2 ,23.22 ,23.18 ,23.17 ,23.18 ,23.13 ,23.15 ,23.17 ,23.14 ,23.06 ,23.26 ,23.29 ,23.22 ,23.2 ,23.23 ,23.14 ,23.05 ,23.12 ,23.26 ,23.34 ,23.3 ,23.25 ,23.31 ,23.18 ,23.07 ,23.19 ,23.13 ,23.18 ,23.16 ,23.06 ,23.13 ,23.09 ,22.99 ,23.04 ,23.14 ,23.02 ,22.98 ,23.03 ,22.94 ,22.85 ,22.91 ,22.86 ,22.8 ,22.84 ,22.8 ,22.84 ,22.85 ,22.75 ,22.66 ,22.8 ,22.81 ,22.74 ,22.68 ,22.78 ,22.87 ,22.88 ,22.71 ,22.83 ,22.92 ,22.85 ,22.89 ,22.83 ,22.7 ,22.69 ,22.79 ,22.77 ,22.68 ,22.69 ,
41,22.87 ,22.88 ,22.93 ,22.81 ,22.85 ,22.86 ,22.94 ,23.01 ,23.17 ,23.24 ,23.32 ,23.43 ,23.49 ,23.5 ,23.48 ,23.46 ,23.38 ,23.44 ,23.54 ,23.49 ,23.46 ,23.49 ,23.49 ,23.39 ,23.24 ,23.26 ,23.21 ,23.09 ,23.05 ,23.07 ,23.21 ,23.26 ,23.49 ,23.52 ,23.43 ,23.48 ,23.46 ,23.44 ,23.54 ,23.41 ,23.35 ,23.34 ,23.36 ,23.48 ,23.38 ,23.47 ,23.5 ,23.5 ,23.44 ,23.37 ,23.38 ,23.38 ,23.4 ,23.45 ,23.46 ,23.41 ,23.45 ,23.46 ,23.44 ,23.45 ,23.5 ,23.48 ,23.36 ,23.41 ,23.49 ,23.52 ,23.44 ,23.43 ,23.45 ,23.45 ,23.55 ,23.53 ,23.52 ,23.54 ,23.48 ,23.49 ,23.61 ,23.52 ,23.53 ,23.6 ,23.53 ,23.43 ,23.39 ,23.41 ,23.48 ,23.63 ,23.67 ,23.55 ,23.54 ,23.48 ,23.55 ,23.71 ,23.57 ,23.47 ,23.5 ,23.55 ,23.54 ,23.58 ,23.58 ,23.55 ,23.56 ,23.5 ,23.55 ,23.57 ,23.57 ,23.61 ,23.58 ,23.51 ,23.54 ,23.59 ,23.64 ,23.6 ,23.57 ,23.64 ,23.6 ,23.55 ,23.62 ,23.68 ,23.63 ,23.57 ,23.6 ,23.55 ,23.61 ,23.65 ,23.67 ,23.59 ,23.56 ,23.66 ,23.67 ,23.57 ,23.59 ,23.61 ,23.6 ,23.7 ,23.73 ,23.73 ,23.62 ,23.59 ,23.59 ,23.58 ,23.57 ,23.58 ,23.58 ,23.52 ,23.56 ,23.59 ,23.42 ,23.32 ,23.38 ,23.44 ,23.49 ,23.41 ,23.4 ,23.39 ,23.5 ,23.55 ,23.48 ,23.48 ,23.5 ,23.47 ,23.58 ,23.68 ,23.73 ,23.73 ,23.74 ,23.8 ,23.75 ,23.75 ,23.68 ,23.63 ,23.68 ,23.62 ,23.65 ,23.72 ,23.76 ,23.7 ,23.73 ,23.71 ,23.74 ,23.76 ,23.69 ,23.77 ,23.74 ,23.71 ,23.72 ,23.75 ,23.73 ,23.63 ,23.67 ,23.68 ,23.78 ,23.72 ,23.72 ,23.71 ,23.73 ,23.74 ,23.77 ,23.81 ,23.76 ,23.71 ,23.7 ,23.72 ,23.78 ,23.81 ,23.73 ,23.75 ,23.74 ,23.7 ,23.68 ,23.79 ,23.85 ,23.88 ,23.73 ,23.75 ,23.71 ,23.67 ,23.79 ,23.74 ,23.66 ,23.8 ,23.79 ,23.81 ,23.79 ,23.71 ,23.82 ,23.77 ,23.81 ,23.87 ,23.79 ,23.72 ,23.73 ,23.7 ,23.84 ,23.9 ,23.87 ,23.82 ,23.73 ,23.7 ,23.74 ,23.85 ,23.76 ,23.76 ,23.91 ,23.78 ,23.79 ,23.84 ,23.75 ,23.7 ,23.73 ,23.74 ,23.79 ,23.75 ,23.81 ,23.79 ,23.75 ,23.84 ,23.86 ,23.88 ,23.83 ,23.87 ,23.83 ,23.78 ,23.84 ,23.87 ,23.87 ,23.88 ,23.86 ,23.81 ,23.75 ,23.79 ,23.76 ,23.65 ,23.71 ,23.76 ,23.67 ,23.51 ,23.69 ,23.91 ,23.8 ,23.82 ,23.74 ,23.72 ,23.67 ,23.71 ,23.77 ,23.76 ,23.77 ,23.85 ,23.76 ,23.79 ,23.75 ,23.81 ,23.79 ,23.81 ,23.81 ,23.93 ,23.79 ,23.74 ,23.78 ,23.66 ,23.71 ,23.74 ,23.58 ,23.58 ,23.59 ,23.72 ,23.73 ,23.7 ,23.71 ,23.71 ,23.74 ,23.77 ,23.77 ,23.78 ,23.74 ,23.77 ,23.67 ,23.67 ,23.71 ,23.69 ,23.64 ,23.64 ,23.54 ,23.46 ,23.42 ,23.49 ,23.5 ,23.41 ,23.49 ,23.47 ,23.45 ,23.52 ,23.65 ,23.76 ,23.77 ,23.66 ,23.59 ,23.65 ,23.67 ,23.58 ,23.49 ,23.54 ,23.63 ,23.69 ,23.7 ,23.61 ,23.52 ,23.54 ,23.54 ,23.57 ,23.55 ,23.47 ,23.53 ,23.65 ,23.6 ,23.52 ,23.51 ,23.55 ,23.54 ,23.52 ,23.5 ,23.5 ,23.5 ,23.45 ,23.46 ,23.47 ,23.47 ,23.58 ,23.64 ,23.67 ,23.76 ,23.8 ,23.74 ,23.76 ,23.69 ,23.69 ,23.75 ,23.74 ,23.75 ,23.75 ,23.66 ,23.67 ,23.69 ,23.88 ,23.81 ,23.77 ,23.76 ,23.74 ,23.75 ,23.68 ,23.69 ,23.68 ,23.71 ,23.67 ,23.73 ,23.69 ,23.72 ,23.71 ,23.69 ,23.65 ,23.66 ,23.7 ,23.72 ,23.72 ,23.71 ,23.72 ,23.66 ,23.63 ,23.7 ,23.77 ,23.75 ,23.66 ,23.64 ,23.71 ,23.72 ,23.6 ,23.55 ,23.43 ,23.46 ,23.48 ,23.46 ,23.5 ,23.56 ,23.55 ,23.59 ,23.57 ,23.61 ,23.58 ,23.52 ,23.49 ,23.5 ,23.57 ,23.65 ,23.56 ,23.52 ,23.52 ,23.66 ,23.61 ,23.59 ,23.68 ,23.66 ,23.72 ,23.69 ,23.68 ,23.69 ,23.6 ,23.7 ,23.62 ,23.51 ,23.59 ,23.66 ,23.75 ,23.71 ,23.63 ,23.55 ,23.67 ,23.61 ,23.69 ,23.65 ,23.68 ,23.72 ,23.71 ,23.59 ,23.66 ,23.67 ,23.58 ,23.6 ,23.66 ,23.63 ,23.61 ,23.66 ,23.65 ,23.63 ,23.76 ,23.73 ,23.73 ,23.66 ,23.63 ,23.71 ,23.6 ,23.61 ,23.66 ,23.67 ,23.77 ,23.71 ,23.77 ,23.73 ,23.64 ,23.64 ,23.67 ,23.66 ,23.6 ,23.59 ,23.65 ,23.64 ,23.77 ,23.73 ,23.64 ,23.65 ,23.65 ,23.62 ,23.63 ,23.67 ,23.61 ,23.56 ,23.52 ,23.58 ,23.7 ,23.66 ,23.55 ,23.52 ,23.46 ,23.49 ,23.52 ,23.56 ,23.56 ,23.49 ,23.44 ,23.49 ,23.54 ,23.59 ,23.54 ,23.45 ,23.5 ,23.54 ,23.53 ,23.54 ,23.56 ,23.62 ,23.61 ,23.6 ,23.59 ,23.54 ,23.61 ,23.47 ,23.53 ,23.57 ,23.65 ,23.63 ,23.58 ,23.59 ,23.58 ,23.57 ,23.57 ,23.54 ,23.44 ,23.41 ,23.6 ,23.54 ,23.51 ,23.53 ,23.5 ,23.37 ,23.41 ,23.46 ,23.52 ,23.49 ,23.47 ,23.46 ,23.49 ,23.4 ,23.37 ,23.38 ,23.3 ,23.38 ,23.24 ,23.24 ,23.35 ,23.25 ,23.2 ,23.23 ,23.22 ,23.21 ,23.24 ,23.29 ,23.22 ,23.17 ,23.2 ,23.2 ,23.22 ,23.16 ,23.14 ,23.27 ,23.32 ,23.28 ,23.21 ,23.17 ,23.21 ,23.08 ,23.15 ,23.29 ,23.35 ,23.36 ,23.35 ,23.25 ,23.22 ,23.11 ,23.15 ,23.08 ,23.12 ,23.2 ,23.17 ,23.16 ,23.11 ,22.89 ,22.91 ,23.12 ,23.07 ,23.09 ,22.98 ,22.96 ,22.89 ,22.85 ,22.88 ,22.9 ,22.95 ,22.85 ,22.86 ,22.77 ,22.7 ,22.68 ,22.76 ,22.83 ,22.81 ,22.84 ,22.93 ,22.93 ,22.84 ,22.7 ,22.72 ,22.82 ,22.85 ,22.85 ,22.79 ,22.73 ,22.68 ,22.75 ,22.79 ,22.63 ,22.6 ,
42,22.9 ,22.8 ,22.88 ,22.92 ,22.94 ,22.81 ,22.92 ,23.14 ,23.29 ,23.42 ,23.46 ,23.45 ,23.5 ,23.45 ,23.41 ,23.41 ,23.36 ,23.45 ,23.46 ,23.55 ,23.44 ,23.43 ,23.46 ,23.34 ,23.29 ,23.28 ,23.2 ,23.13 ,23.07 ,23.15 ,23.23 ,23.35 ,23.44 ,23.54 ,23.39 ,23.44 ,23.44 ,23.48 ,23.61 ,23.53 ,23.42 ,23.37 ,23.46 ,23.54 ,23.52 ,23.49 ,23.47 ,23.52 ,23.52 ,23.42 ,23.45 ,23.49 ,23.49 ,23.55 ,23.41 ,23.43 ,23.53 ,23.47 ,23.36 ,23.44 ,23.52 ,23.47 ,23.41 ,23.51 ,23.51 ,23.52 ,23.47 ,23.39 ,23.44 ,23.43 ,23.45 ,23.52 ,23.54 ,23.52 ,23.47 ,23.5 ,23.57 ,23.55 ,23.5 ,23.54 ,23.58 ,23.5 ,23.47 ,23.47 ,23.49 ,23.62 ,23.66 ,23.6 ,23.51 ,23.5 ,23.5 ,23.58 ,23.6 ,23.57 ,23.57 ,23.62 ,23.51 ,23.55 ,23.59 ,23.51 ,23.5 ,23.51 ,23.49 ,23.54 ,23.64 ,23.61 ,23.6 ,23.53 ,23.64 ,23.6 ,23.59 ,23.63 ,23.58 ,23.58 ,23.57 ,23.54 ,23.54 ,23.58 ,23.59 ,23.55 ,23.57 ,23.6 ,23.64 ,23.68 ,23.73 ,23.69 ,23.62 ,23.62 ,23.63 ,23.58 ,23.62 ,23.68 ,23.64 ,23.67 ,23.67 ,23.62 ,23.6 ,23.6 ,23.5 ,23.61 ,23.55 ,23.54 ,23.53 ,23.55 ,23.6 ,23.54 ,23.5 ,23.41 ,23.35 ,23.4 ,23.47 ,23.39 ,23.4 ,23.46 ,23.41 ,23.52 ,23.48 ,23.53 ,23.57 ,23.58 ,23.58 ,23.69 ,23.81 ,23.86 ,23.74 ,23.7 ,23.7 ,23.76 ,23.69 ,23.64 ,23.63 ,23.56 ,23.66 ,23.75 ,23.84 ,23.78 ,23.81 ,23.75 ,23.72 ,23.77 ,23.78 ,23.83 ,23.76 ,23.76 ,23.75 ,23.74 ,23.71 ,23.67 ,23.75 ,23.74 ,23.72 ,23.73 ,23.72 ,23.75 ,23.75 ,23.75 ,23.78 ,23.87 ,23.83 ,23.78 ,23.77 ,23.69 ,23.72 ,23.81 ,23.66 ,23.65 ,23.68 ,23.69 ,23.76 ,23.79 ,23.75 ,23.81 ,23.71 ,23.71 ,23.77 ,23.76 ,23.78 ,23.78 ,23.71 ,23.83 ,23.84 ,23.81 ,23.78 ,23.74 ,23.73 ,23.88 ,23.83 ,23.85 ,23.82 ,23.8 ,23.72 ,23.76 ,23.79 ,23.82 ,23.79 ,23.82 ,23.77 ,23.68 ,23.71 ,23.8 ,23.82 ,23.85 ,23.91 ,23.78 ,23.8 ,23.81 ,23.76 ,23.73 ,23.73 ,23.75 ,23.82 ,23.73 ,23.84 ,23.82 ,23.8 ,23.86 ,23.92 ,23.95 ,23.81 ,23.78 ,23.79 ,23.78 ,23.85 ,23.8 ,23.82 ,23.82 ,23.89 ,23.86 ,23.81 ,23.76 ,23.72 ,23.73 ,23.84 ,23.82 ,23.7 ,23.59 ,23.59 ,23.78 ,23.78 ,23.82 ,23.8 ,23.75 ,23.74 ,23.75 ,23.8 ,23.82 ,23.87 ,23.88 ,23.79 ,23.81 ,23.84 ,23.78 ,23.79 ,23.72 ,23.79 ,23.82 ,23.81 ,23.76 ,23.73 ,23.68 ,23.75 ,23.76 ,23.64 ,23.53 ,23.66 ,23.71 ,23.7 ,23.72 ,23.71 ,23.75 ,23.81 ,23.85 ,23.79 ,23.79 ,23.77 ,23.73 ,23.67 ,23.66 ,23.68 ,23.75 ,23.63 ,23.63 ,23.55 ,23.53 ,23.48 ,23.49 ,23.5 ,23.47 ,23.5 ,23.51 ,23.42 ,23.43 ,23.58 ,23.71 ,23.8 ,23.65 ,23.67 ,23.72 ,23.69 ,23.58 ,23.52 ,23.5 ,23.56 ,23.72 ,23.73 ,23.67 ,23.63 ,23.66 ,23.56 ,23.57 ,23.59 ,23.55 ,23.56 ,23.64 ,23.59 ,23.54 ,23.46 ,23.47 ,23.51 ,23.51 ,23.6 ,23.6 ,23.5 ,23.39 ,23.46 ,23.47 ,23.48 ,23.64 ,23.68 ,23.64 ,23.8 ,23.82 ,23.82 ,23.79 ,23.72 ,23.71 ,23.79 ,23.83 ,23.89 ,23.78 ,23.75 ,23.72 ,23.7 ,23.86 ,23.82 ,23.71 ,23.65 ,23.75 ,23.78 ,23.73 ,23.69 ,23.71 ,23.66 ,23.69 ,23.68 ,23.66 ,23.7 ,23.79 ,23.78 ,23.66 ,23.6 ,23.7 ,23.76 ,23.82 ,23.72 ,23.68 ,23.7 ,23.72 ,23.7 ,23.77 ,23.8 ,23.66 ,23.63 ,23.67 ,23.64 ,23.71 ,23.65 ,23.6 ,23.59 ,23.53 ,23.52 ,23.49 ,23.42 ,23.48 ,23.52 ,23.53 ,23.59 ,23.54 ,23.54 ,23.59 ,23.57 ,23.55 ,23.59 ,23.52 ,23.53 ,23.56 ,23.58 ,23.6 ,23.56 ,23.64 ,23.66 ,23.68 ,23.73 ,23.71 ,23.69 ,23.66 ,23.62 ,23.59 ,23.53 ,23.62 ,23.67 ,23.71 ,23.71 ,23.72 ,23.6 ,23.56 ,23.56 ,23.69 ,23.71 ,23.66 ,23.73 ,23.65 ,23.64 ,23.71 ,23.71 ,23.56 ,23.64 ,23.66 ,23.6 ,23.61 ,23.61 ,23.68 ,23.72 ,23.73 ,23.74 ,23.76 ,23.69 ,23.69 ,23.71 ,23.67 ,23.66 ,23.71 ,23.65 ,23.74 ,23.72 ,23.65 ,23.73 ,23.64 ,23.64 ,23.74 ,23.66 ,23.65 ,23.6 ,23.67 ,23.65 ,23.75 ,23.78 ,23.64 ,23.51 ,23.6 ,23.65 ,23.58 ,23.67 ,23.68 ,23.63 ,23.61 ,23.66 ,23.74 ,23.72 ,23.62 ,23.54 ,23.48 ,23.42 ,23.59 ,23.62 ,23.57 ,23.48 ,23.46 ,23.54 ,23.63 ,23.64 ,23.52 ,23.44 ,23.49 ,23.55 ,23.49 ,23.61 ,23.63 ,23.64 ,23.63 ,23.59 ,23.63 ,23.62 ,23.57 ,23.53 ,23.5 ,23.55 ,23.58 ,23.65 ,23.56 ,23.58 ,23.69 ,23.68 ,23.61 ,23.46 ,23.5 ,23.5 ,23.55 ,23.51 ,23.51 ,23.59 ,23.56 ,23.51 ,23.44 ,23.5 ,23.48 ,23.46 ,23.55 ,23.48 ,23.49 ,23.3 ,23.33 ,23.32 ,23.25 ,23.28 ,23.21 ,23.22 ,23.27 ,23.33 ,23.28 ,23.22 ,23.17 ,23.25 ,23.2 ,23.28 ,23.26 ,23.28 ,23.25 ,23.27 ,23.22 ,23.19 ,23.19 ,23.28 ,23.26 ,23.21 ,23.29 ,23.34 ,23.22 ,23.11 ,23.22 ,23.28 ,23.29 ,23.45 ,23.28 ,23.2 ,23.2 ,23.2 ,23.16 ,23.09 ,23.11 ,23.22 ,23.18 ,23.11 ,23.01 ,23.01 ,23.09 ,23.13 ,23.06 ,22.99 ,23.02 ,23 ,22.89 ,22.93 ,22.97 ,22.96 ,23.02 ,22.95 ,22.86 ,22.77 ,22.74 ,22.75 ,22.78 ,22.8 ,22.89 ,22.76 ,22.86 ,22.81 ,22.72 ,22.69 ,22.78 ,22.78 ,22.91 ,22.83 ,22.75 ,22.82 ,22.7 ,22.71 ,22.65 ,22.69 ,22.69 ,
43,22.95 ,22.81 ,22.84 ,22.85 ,22.86 ,22.91 ,23.05 ,23.21 ,23.32 ,23.41 ,23.52 ,23.49 ,23.48 ,23.36 ,23.37 ,23.38 ,23.39 ,23.52 ,23.55 ,23.53 ,23.47 ,23.44 ,23.42 ,23.3 ,23.29 ,23.26 ,23.21 ,23.14 ,23.15 ,23.31 ,23.28 ,23.33 ,23.4 ,23.47 ,23.38 ,23.39 ,23.46 ,23.55 ,23.49 ,23.51 ,23.4 ,23.36 ,23.41 ,23.48 ,23.37 ,23.51 ,23.52 ,23.48 ,23.42 ,23.45 ,23.43 ,23.44 ,23.43 ,23.51 ,23.45 ,23.48 ,23.53 ,23.49 ,23.39 ,23.48 ,23.5 ,23.42 ,23.41 ,23.51 ,23.55 ,23.5 ,23.52 ,23.49 ,23.48 ,23.51 ,23.43 ,23.42 ,23.52 ,23.51 ,23.47 ,23.47 ,23.52 ,23.49 ,23.44 ,23.47 ,23.58 ,23.56 ,23.6 ,23.56 ,23.49 ,23.57 ,23.62 ,23.66 ,23.58 ,23.46 ,23.55 ,23.54 ,23.57 ,23.6 ,23.6 ,23.6 ,23.55 ,23.49 ,23.56 ,23.55 ,23.53 ,23.46 ,23.49 ,23.55 ,23.6 ,23.68 ,23.6 ,23.53 ,23.6 ,23.56 ,23.48 ,23.54 ,23.71 ,23.65 ,23.53 ,23.56 ,23.56 ,23.61 ,23.63 ,23.67 ,23.58 ,23.56 ,23.71 ,23.71 ,23.67 ,23.71 ,23.74 ,23.7 ,23.59 ,23.56 ,23.63 ,23.7 ,23.77 ,23.61 ,23.59 ,23.62 ,23.58 ,23.6 ,23.52 ,23.52 ,23.56 ,23.5 ,23.44 ,23.4 ,23.53 ,23.59 ,23.52 ,23.44 ,23.4 ,23.42 ,23.35 ,23.37 ,23.44 ,23.49 ,23.44 ,23.45 ,23.5 ,23.49 ,23.53 ,23.67 ,23.66 ,23.68 ,23.72 ,23.74 ,23.77 ,23.69 ,23.71 ,23.69 ,23.76 ,23.69 ,23.71 ,23.67 ,23.69 ,23.73 ,23.82 ,23.83 ,23.78 ,23.77 ,23.71 ,23.7 ,23.7 ,23.75 ,23.78 ,23.75 ,23.8 ,23.71 ,23.77 ,23.69 ,23.74 ,23.81 ,23.85 ,23.83 ,23.8 ,23.82 ,23.8 ,23.72 ,23.76 ,23.8 ,23.78 ,23.75 ,23.71 ,23.73 ,23.76 ,23.76 ,23.73 ,23.73 ,23.71 ,23.76 ,23.75 ,23.77 ,23.69 ,23.77 ,23.77 ,23.7 ,23.73 ,23.74 ,23.85 ,23.84 ,23.77 ,23.76 ,23.8 ,23.76 ,23.81 ,23.78 ,23.76 ,23.81 ,23.83 ,23.79 ,23.76 ,23.8 ,23.71 ,23.78 ,23.83 ,23.78 ,23.78 ,23.81 ,23.83 ,23.72 ,23.68 ,23.73 ,23.79 ,23.9 ,23.86 ,23.77 ,23.76 ,23.82 ,23.84 ,23.74 ,23.72 ,23.77 ,23.82 ,23.82 ,23.86 ,23.83 ,23.9 ,23.82 ,23.83 ,23.91 ,23.8 ,23.72 ,23.79 ,23.75 ,23.85 ,23.82 ,23.85 ,23.87 ,23.8 ,23.82 ,23.83 ,23.78 ,23.71 ,23.81 ,23.81 ,23.75 ,23.67 ,23.65 ,23.62 ,23.69 ,23.79 ,23.76 ,23.83 ,23.81 ,23.69 ,23.72 ,23.86 ,23.89 ,23.93 ,23.85 ,23.76 ,23.77 ,23.79 ,23.84 ,23.78 ,23.77 ,23.76 ,23.84 ,23.83 ,23.8 ,23.69 ,23.58 ,23.75 ,23.79 ,23.75 ,23.57 ,23.57 ,23.65 ,23.63 ,23.72 ,23.78 ,23.74 ,23.72 ,23.83 ,23.78 ,23.79 ,23.75 ,23.74 ,23.69 ,23.63 ,23.58 ,23.64 ,23.62 ,23.66 ,23.64 ,23.5 ,23.48 ,23.58 ,23.53 ,23.45 ,23.44 ,23.47 ,23.51 ,23.44 ,23.53 ,23.64 ,23.79 ,23.71 ,23.6 ,23.72 ,23.68 ,23.65 ,23.56 ,23.51 ,23.54 ,23.76 ,23.81 ,23.68 ,23.56 ,23.58 ,23.54 ,23.56 ,23.6 ,23.63 ,23.6 ,23.54 ,23.56 ,23.54 ,23.49 ,23.46 ,23.52 ,23.52 ,23.54 ,23.53 ,23.48 ,23.42 ,23.47 ,23.47 ,23.48 ,23.64 ,23.63 ,23.64 ,23.74 ,23.82 ,23.78 ,23.84 ,23.73 ,23.65 ,23.74 ,23.81 ,23.81 ,23.83 ,23.8 ,23.75 ,23.73 ,23.81 ,23.86 ,23.74 ,23.66 ,23.69 ,23.81 ,23.72 ,23.67 ,23.74 ,23.72 ,23.76 ,23.74 ,23.73 ,23.78 ,23.8 ,23.9 ,23.77 ,23.64 ,23.62 ,23.68 ,23.77 ,23.72 ,23.69 ,23.74 ,23.81 ,23.78 ,23.8 ,23.79 ,23.67 ,23.64 ,23.68 ,23.62 ,23.64 ,23.7 ,23.68 ,23.57 ,23.48 ,23.59 ,23.49 ,23.4 ,23.49 ,23.47 ,23.54 ,23.6 ,23.52 ,23.48 ,23.48 ,23.49 ,23.56 ,23.54 ,23.42 ,23.51 ,23.5 ,23.47 ,23.54 ,23.59 ,23.63 ,23.63 ,23.62 ,23.62 ,23.64 ,23.73 ,23.77 ,23.68 ,23.64 ,23.67 ,23.64 ,23.73 ,23.69 ,23.72 ,23.7 ,23.67 ,23.71 ,23.6 ,23.6 ,23.64 ,23.64 ,23.72 ,23.68 ,23.67 ,23.66 ,23.65 ,23.65 ,23.65 ,23.65 ,23.64 ,23.7 ,23.67 ,23.74 ,23.77 ,23.82 ,23.81 ,23.72 ,23.59 ,23.63 ,23.69 ,23.67 ,23.66 ,23.75 ,23.73 ,23.76 ,23.67 ,23.66 ,23.59 ,23.66 ,23.68 ,23.66 ,23.5 ,23.65 ,23.63 ,23.56 ,23.53 ,23.61 ,23.67 ,23.63 ,23.57 ,23.58 ,23.71 ,23.63 ,23.66 ,23.66 ,23.72 ,23.64 ,23.73 ,23.7 ,23.64 ,23.61 ,23.6 ,23.56 ,23.52 ,23.62 ,23.56 ,23.39 ,23.51 ,23.45 ,23.53 ,23.58 ,23.59 ,23.63 ,23.51 ,23.49 ,23.54 ,23.5 ,23.62 ,23.74 ,23.67 ,23.55 ,23.49 ,23.58 ,23.63 ,23.65 ,23.55 ,23.56 ,23.55 ,23.53 ,23.56 ,23.47 ,23.5 ,23.65 ,23.66 ,23.63 ,23.58 ,23.46 ,23.45 ,23.58 ,23.59 ,23.52 ,23.53 ,23.5 ,23.46 ,23.38 ,23.48 ,23.46 ,23.39 ,23.5 ,23.45 ,23.38 ,23.4 ,23.32 ,23.34 ,23.29 ,23.26 ,23.21 ,23.22 ,23.17 ,23.26 ,23.36 ,23.27 ,23.21 ,23.27 ,23.23 ,23.28 ,23.34 ,23.25 ,23.3 ,23.23 ,23.28 ,23.25 ,23.22 ,23.32 ,23.32 ,23.16 ,23.24 ,23.32 ,23.24 ,23.16 ,23.18 ,23.24 ,23.3 ,23.37 ,23.24 ,23.17 ,23.31 ,23.17 ,23.21 ,23.24 ,23.13 ,23.19 ,23.18 ,23.15 ,23.03 ,23.04 ,23.19 ,23.2 ,23.04 ,22.9 ,22.9 ,22.93 ,22.96 ,22.86 ,22.86 ,22.94 ,22.93 ,22.99 ,23 ,22.75 ,22.79 ,22.8 ,22.83 ,22.87 ,22.8 ,22.79 ,22.8 ,22.84 ,22.79 ,22.82 ,22.83 ,22.86 ,22.97 ,22.93 ,22.86 ,22.8 ,22.7 ,22.74 ,22.74 ,22.64 ,22.7 ,
44,22.82 ,22.83 ,22.9 ,22.88 ,22.87 ,22.88 ,22.98 ,23.19 ,23.26 ,23.34 ,23.3 ,23.36 ,23.4 ,23.31 ,23.39 ,23.44 ,23.44 ,23.49 ,23.53 ,23.5 ,23.41 ,23.45 ,23.41 ,23.29 ,23.31 ,23.27 ,23.22 ,23.14 ,23.19 ,23.35 ,23.46 ,23.39 ,23.35 ,23.43 ,23.45 ,23.38 ,23.4 ,23.55 ,23.54 ,23.36 ,23.4 ,23.41 ,23.38 ,23.35 ,23.37 ,23.52 ,23.58 ,23.52 ,23.4 ,23.49 ,23.42 ,23.44 ,23.44 ,23.41 ,23.43 ,23.45 ,23.48 ,23.45 ,23.41 ,23.48 ,23.5 ,23.52 ,23.47 ,23.52 ,23.47 ,23.42 ,23.57 ,23.56 ,23.46 ,23.44 ,23.43 ,23.43 ,23.43 ,23.43 ,23.43 ,23.5 ,23.56 ,23.51 ,23.44 ,23.46 ,23.55 ,23.58 ,23.54 ,23.47 ,23.44 ,23.6 ,23.57 ,23.65 ,23.58 ,23.43 ,23.54 ,23.63 ,23.65 ,23.58 ,23.56 ,23.58 ,23.59 ,23.46 ,23.54 ,23.59 ,23.6 ,23.52 ,23.53 ,23.54 ,23.51 ,23.48 ,23.51 ,23.44 ,23.55 ,23.53 ,23.47 ,23.6 ,23.73 ,23.72 ,23.59 ,23.61 ,23.57 ,23.56 ,23.6 ,23.59 ,23.55 ,23.47 ,23.57 ,23.62 ,23.65 ,23.62 ,23.62 ,23.68 ,23.58 ,23.52 ,23.61 ,23.64 ,23.69 ,23.66 ,23.6 ,23.59 ,23.59 ,23.55 ,23.55 ,23.55 ,23.5 ,23.47 ,23.42 ,23.36 ,23.45 ,23.6 ,23.5 ,23.38 ,23.35 ,23.4 ,23.44 ,23.4 ,23.48 ,23.44 ,23.42 ,23.49 ,23.51 ,23.55 ,23.58 ,23.65 ,23.66 ,23.68 ,23.79 ,23.72 ,23.77 ,23.77 ,23.75 ,23.78 ,23.72 ,23.7 ,23.76 ,23.76 ,23.72 ,23.77 ,23.71 ,23.69 ,23.78 ,23.71 ,23.68 ,23.71 ,23.68 ,23.73 ,23.75 ,23.71 ,23.75 ,23.74 ,23.77 ,23.73 ,23.71 ,23.77 ,23.84 ,23.77 ,23.85 ,23.81 ,23.83 ,23.8 ,23.74 ,23.76 ,23.71 ,23.66 ,23.64 ,23.75 ,23.8 ,23.78 ,23.67 ,23.73 ,23.77 ,23.74 ,23.81 ,23.78 ,23.75 ,23.79 ,23.81 ,23.67 ,23.66 ,23.69 ,23.73 ,23.68 ,23.73 ,23.75 ,23.74 ,23.74 ,23.85 ,23.8 ,23.82 ,23.75 ,23.75 ,23.85 ,23.77 ,23.75 ,23.67 ,23.68 ,23.77 ,23.8 ,23.8 ,23.87 ,23.86 ,23.75 ,23.66 ,23.69 ,23.68 ,23.8 ,23.8 ,23.78 ,23.78 ,23.8 ,23.78 ,23.72 ,23.77 ,23.83 ,23.81 ,23.82 ,23.87 ,23.85 ,23.89 ,23.85 ,23.81 ,23.85 ,23.7 ,23.71 ,23.88 ,23.91 ,23.75 ,23.77 ,23.79 ,23.91 ,23.83 ,23.83 ,23.79 ,23.73 ,23.75 ,23.81 ,23.83 ,23.68 ,23.68 ,23.62 ,23.61 ,23.66 ,23.77 ,23.84 ,23.86 ,23.81 ,23.64 ,23.64 ,23.72 ,23.82 ,23.84 ,23.77 ,23.75 ,23.81 ,23.78 ,23.79 ,23.77 ,23.77 ,23.84 ,23.89 ,23.83 ,23.78 ,23.7 ,23.55 ,23.69 ,23.83 ,23.76 ,23.7 ,23.6 ,23.57 ,23.61 ,23.68 ,23.66 ,23.71 ,23.75 ,23.83 ,23.81 ,23.76 ,23.68 ,23.7 ,23.68 ,23.68 ,23.59 ,23.61 ,23.56 ,23.65 ,23.58 ,23.47 ,23.44 ,23.58 ,23.46 ,23.45 ,23.49 ,23.5 ,23.52 ,23.47 ,23.52 ,23.65 ,23.76 ,23.72 ,23.7 ,23.71 ,23.67 ,23.67 ,23.57 ,23.48 ,23.45 ,23.62 ,23.73 ,23.7 ,23.63 ,23.54 ,23.5 ,23.55 ,23.52 ,23.54 ,23.57 ,23.61 ,23.57 ,23.54 ,23.53 ,23.43 ,23.45 ,23.48 ,23.48 ,23.51 ,23.42 ,23.32 ,23.42 ,23.5 ,23.49 ,23.63 ,23.74 ,23.79 ,23.78 ,23.78 ,23.78 ,23.84 ,23.75 ,23.71 ,23.79 ,23.81 ,23.74 ,23.77 ,23.81 ,23.79 ,23.77 ,23.81 ,23.8 ,23.8 ,23.75 ,23.72 ,23.79 ,23.77 ,23.69 ,23.74 ,23.76 ,23.79 ,23.74 ,23.69 ,23.74 ,23.79 ,23.82 ,23.75 ,23.71 ,23.74 ,23.68 ,23.73 ,23.74 ,23.71 ,23.72 ,23.74 ,23.75 ,23.76 ,23.78 ,23.7 ,23.67 ,23.67 ,23.68 ,23.65 ,23.67 ,23.67 ,23.7 ,23.57 ,23.55 ,23.51 ,23.44 ,23.53 ,23.54 ,23.48 ,23.56 ,23.51 ,23.5 ,23.53 ,23.41 ,23.49 ,23.56 ,23.48 ,23.51 ,23.52 ,23.48 ,23.56 ,23.57 ,23.58 ,23.6 ,23.62 ,23.56 ,23.61 ,23.64 ,23.7 ,23.65 ,23.71 ,23.66 ,23.63 ,23.67 ,23.72 ,23.73 ,23.65 ,23.6 ,23.71 ,23.73 ,23.68 ,23.62 ,23.67 ,23.65 ,23.62 ,23.65 ,23.65 ,23.56 ,23.55 ,23.65 ,23.68 ,23.68 ,23.75 ,23.73 ,23.81 ,23.77 ,23.79 ,23.76 ,23.74 ,23.67 ,23.67 ,23.72 ,23.7 ,23.8 ,23.72 ,23.68 ,23.71 ,23.61 ,23.59 ,23.6 ,23.57 ,23.66 ,23.64 ,23.52 ,23.62 ,23.64 ,23.62 ,23.6 ,23.65 ,23.62 ,23.61 ,23.57 ,23.6 ,23.61 ,23.68 ,23.64 ,23.63 ,23.71 ,23.66 ,23.66 ,23.73 ,23.63 ,23.6 ,23.61 ,23.56 ,23.48 ,23.57 ,23.5 ,23.39 ,23.46 ,23.47 ,23.4 ,23.43 ,23.49 ,23.51 ,23.49 ,23.42 ,23.51 ,23.59 ,23.6 ,23.66 ,23.69 ,23.54 ,23.47 ,23.59 ,23.58 ,23.69 ,23.63 ,23.62 ,23.64 ,23.61 ,23.58 ,23.47 ,23.57 ,23.56 ,23.62 ,23.64 ,23.49 ,23.49 ,23.43 ,23.51 ,23.53 ,23.48 ,23.48 ,23.49 ,23.51 ,23.38 ,23.38 ,23.41 ,23.41 ,23.38 ,23.4 ,23.33 ,23.4 ,23.4 ,23.29 ,23.27 ,23.25 ,23.22 ,23.26 ,23.16 ,23.19 ,23.25 ,23.23 ,23.24 ,23.26 ,23.32 ,23.34 ,23.36 ,23.28 ,23.24 ,23.26 ,23.28 ,23.21 ,23.28 ,23.32 ,23.29 ,23.2 ,23.35 ,23.28 ,23.18 ,23.28 ,23.23 ,23.23 ,23.26 ,23.22 ,23.15 ,23.13 ,23.25 ,23.2 ,23.16 ,23.22 ,23.14 ,23.18 ,23.22 ,23.16 ,23.16 ,23.13 ,23.05 ,23.09 ,23.02 ,22.93 ,22.98 ,22.92 ,23.04 ,22.98 ,22.89 ,22.85 ,22.96 ,22.93 ,22.89 ,22.8 ,22.84 ,22.8 ,22.84 ,22.91 ,22.63 ,22.61 ,22.85 ,22.88 ,22.75 ,22.83 ,22.84 ,22.82 ,22.77 ,22.81 ,22.83 ,22.85 ,22.63 ,22.72 ,22.83 ,22.73 ,22.7 ,
45,22.79 ,22.68 ,22.82 ,22.91 ,23 ,22.98 ,23.02 ,23.13 ,23.32 ,23.36 ,23.31 ,23.34 ,23.43 ,23.36 ,23.3 ,23.38 ,23.36 ,23.48 ,23.38 ,23.4 ,23.38 ,23.39 ,23.49 ,23.39 ,23.31 ,23.26 ,23.13 ,23.08 ,23.16 ,23.32 ,23.47 ,23.44 ,23.44 ,23.47 ,23.47 ,23.36 ,23.44 ,23.52 ,23.49 ,23.36 ,23.39 ,23.35 ,23.3 ,23.34 ,23.36 ,23.5 ,23.53 ,23.48 ,23.5 ,23.53 ,23.48 ,23.43 ,23.42 ,23.46 ,23.43 ,23.41 ,23.42 ,23.48 ,23.47 ,23.46 ,23.51 ,23.44 ,23.48 ,23.48 ,23.47 ,23.45 ,23.56 ,23.46 ,23.42 ,23.41 ,23.38 ,23.51 ,23.45 ,23.45 ,23.41 ,23.46 ,23.5 ,23.48 ,23.44 ,23.46 ,23.42 ,23.41 ,23.52 ,23.47 ,23.46 ,23.49 ,23.59 ,23.57 ,23.6 ,23.44 ,23.53 ,23.61 ,23.62 ,23.55 ,23.48 ,23.6 ,23.57 ,23.5 ,23.51 ,23.59 ,23.61 ,23.53 ,23.48 ,23.51 ,23.5 ,23.53 ,23.52 ,23.48 ,23.48 ,23.57 ,23.55 ,23.6 ,23.67 ,23.61 ,23.63 ,23.66 ,23.56 ,23.59 ,23.56 ,23.58 ,23.52 ,23.51 ,23.57 ,23.66 ,23.6 ,23.53 ,23.56 ,23.65 ,23.6 ,23.51 ,23.52 ,23.56 ,23.55 ,23.56 ,23.6 ,23.54 ,23.56 ,23.5 ,23.49 ,23.52 ,23.45 ,23.42 ,23.42 ,23.45 ,23.48 ,23.51 ,23.46 ,23.38 ,23.47 ,23.4 ,23.45 ,23.38 ,23.41 ,23.47 ,23.4 ,23.49 ,23.55 ,23.61 ,23.61 ,23.74 ,23.74 ,23.71 ,23.71 ,23.63 ,23.7 ,23.73 ,23.71 ,23.79 ,23.64 ,23.66 ,23.66 ,23.67 ,23.72 ,23.8 ,23.77 ,23.65 ,23.7 ,23.8 ,23.78 ,23.72 ,23.77 ,23.75 ,23.66 ,23.64 ,23.63 ,23.69 ,23.72 ,23.71 ,23.67 ,23.75 ,23.84 ,23.68 ,23.7 ,23.72 ,23.73 ,23.78 ,23.73 ,23.78 ,23.71 ,23.59 ,23.62 ,23.69 ,23.78 ,23.76 ,23.73 ,23.77 ,23.75 ,23.8 ,23.81 ,23.81 ,23.76 ,23.79 ,23.78 ,23.66 ,23.67 ,23.7 ,23.72 ,23.64 ,23.71 ,23.74 ,23.74 ,23.78 ,23.75 ,23.74 ,23.78 ,23.79 ,23.8 ,23.82 ,23.8 ,23.75 ,23.7 ,23.62 ,23.77 ,23.77 ,23.79 ,23.79 ,23.83 ,23.76 ,23.74 ,23.68 ,23.73 ,23.76 ,23.86 ,23.82 ,23.87 ,23.79 ,23.69 ,23.7 ,23.77 ,23.76 ,23.75 ,23.79 ,23.82 ,23.83 ,23.83 ,23.83 ,23.83 ,23.89 ,23.74 ,23.71 ,23.78 ,23.86 ,23.79 ,23.7 ,23.74 ,23.85 ,23.9 ,23.85 ,23.77 ,23.67 ,23.77 ,23.77 ,23.78 ,23.8 ,23.75 ,23.64 ,23.58 ,23.64 ,23.78 ,23.79 ,23.83 ,23.77 ,23.65 ,23.67 ,23.79 ,23.79 ,23.79 ,23.78 ,23.77 ,23.79 ,23.77 ,23.76 ,23.71 ,23.75 ,23.83 ,23.84 ,23.72 ,23.67 ,23.69 ,23.64 ,23.56 ,23.74 ,23.72 ,23.61 ,23.52 ,23.53 ,23.59 ,23.7 ,23.68 ,23.63 ,23.76 ,23.82 ,23.8 ,23.7 ,23.63 ,23.65 ,23.64 ,23.55 ,23.61 ,23.58 ,23.6 ,23.59 ,23.59 ,23.53 ,23.47 ,23.46 ,23.49 ,23.49 ,23.51 ,23.52 ,23.51 ,23.49 ,23.5 ,23.6 ,23.58 ,23.54 ,23.67 ,23.73 ,23.7 ,23.67 ,23.54 ,23.49 ,23.46 ,23.5 ,23.63 ,23.56 ,23.61 ,23.55 ,23.48 ,23.54 ,23.53 ,23.53 ,23.55 ,23.53 ,23.58 ,23.56 ,23.47 ,23.45 ,23.47 ,23.5 ,23.49 ,23.47 ,23.48 ,23.45 ,23.43 ,23.5 ,23.56 ,23.62 ,23.69 ,23.81 ,23.85 ,23.79 ,23.75 ,23.82 ,23.76 ,23.72 ,23.84 ,23.79 ,23.74 ,23.74 ,23.76 ,23.76 ,23.7 ,23.78 ,23.76 ,23.78 ,23.8 ,23.67 ,23.76 ,23.78 ,23.72 ,23.66 ,23.69 ,23.7 ,23.69 ,23.6 ,23.62 ,23.75 ,23.72 ,23.67 ,23.67 ,23.69 ,23.74 ,23.71 ,23.68 ,23.77 ,23.74 ,23.65 ,23.76 ,23.7 ,23.78 ,23.79 ,23.68 ,23.67 ,23.65 ,23.65 ,23.68 ,23.65 ,23.69 ,23.72 ,23.63 ,23.52 ,23.44 ,23.5 ,23.51 ,23.58 ,23.55 ,23.5 ,23.45 ,23.48 ,23.47 ,23.46 ,23.48 ,23.44 ,23.49 ,23.52 ,23.52 ,23.58 ,23.58 ,23.59 ,23.6 ,23.61 ,23.73 ,23.66 ,23.67 ,23.69 ,23.67 ,23.64 ,23.64 ,23.6 ,23.7 ,23.7 ,23.68 ,23.71 ,23.5 ,23.58 ,23.61 ,23.61 ,23.57 ,23.65 ,23.65 ,23.65 ,23.72 ,23.74 ,23.64 ,23.55 ,23.57 ,23.57 ,23.67 ,23.66 ,23.61 ,23.65 ,23.79 ,23.82 ,23.75 ,23.76 ,23.73 ,23.7 ,23.68 ,23.78 ,23.78 ,23.7 ,23.66 ,23.67 ,23.61 ,23.68 ,23.66 ,23.58 ,23.61 ,23.69 ,23.55 ,23.59 ,23.63 ,23.65 ,23.64 ,23.7 ,23.65 ,23.56 ,23.55 ,23.54 ,23.54 ,23.59 ,23.59 ,23.54 ,23.57 ,23.6 ,23.56 ,23.68 ,23.72 ,23.6 ,23.64 ,23.51 ,23.4 ,23.53 ,23.56 ,23.5 ,23.52 ,23.48 ,23.45 ,23.52 ,23.46 ,23.37 ,23.46 ,23.46 ,23.51 ,23.59 ,23.69 ,23.58 ,23.57 ,23.56 ,23.46 ,23.44 ,23.52 ,23.57 ,23.69 ,23.72 ,23.67 ,23.65 ,23.58 ,23.53 ,23.57 ,23.59 ,23.61 ,23.6 ,23.51 ,23.46 ,23.48 ,23.47 ,23.43 ,23.4 ,23.37 ,23.56 ,23.6 ,23.5 ,23.49 ,23.42 ,23.46 ,23.46 ,23.37 ,23.35 ,23.46 ,23.5 ,23.36 ,23.2 ,23.22 ,23.25 ,23.25 ,23.32 ,23.33 ,23.25 ,23.24 ,23.24 ,23.3 ,23.37 ,23.37 ,23.33 ,23.19 ,23.14 ,23.13 ,23.19 ,23.21 ,23.24 ,23.24 ,23.2 ,23.16 ,23.24 ,23.3 ,23.18 ,23.2 ,23.2 ,23.27 ,23.24 ,23.3 ,23.19 ,23.14 ,23.27 ,23.22 ,23.24 ,23.24 ,23.13 ,23.11 ,23.2 ,23.17 ,23.15 ,23.17 ,23.12 ,23.02 ,22.97 ,23.02 ,23.1 ,22.93 ,22.9 ,22.97 ,22.97 ,22.89 ,22.93 ,22.95 ,22.88 ,22.84 ,22.72 ,22.77 ,22.77 ,22.83 ,22.68 ,22.69 ,22.82 ,22.89 ,22.77 ,22.76 ,22.88 ,22.86 ,22.78 ,22.71 ,22.78 ,22.83 ,22.67 ,22.75 ,22.88 ,22.83 ,22.75 ,
46,22.88 ,22.77 ,22.81 ,22.9 ,22.94 ,23.03 ,23.15 ,23.18 ,23.35 ,23.4 ,23.32 ,23.36 ,23.44 ,23.36 ,23.32 ,23.4 ,23.4 ,23.46 ,23.36 ,23.34 ,23.39 ,23.36 ,23.43 ,23.31 ,23.31 ,23.26 ,23.15 ,23.09 ,23.15 ,23.32 ,23.44 ,23.4 ,23.4 ,23.37 ,23.38 ,23.35 ,23.49 ,23.54 ,23.42 ,23.4 ,23.48 ,23.38 ,23.27 ,23.33 ,23.37 ,23.43 ,23.49 ,23.46 ,23.53 ,23.45 ,23.42 ,23.41 ,23.45 ,23.43 ,23.46 ,23.43 ,23.35 ,23.44 ,23.51 ,23.46 ,23.51 ,23.54 ,23.52 ,23.5 ,23.44 ,23.41 ,23.51 ,23.44 ,23.41 ,23.47 ,23.42 ,23.51 ,23.56 ,23.46 ,23.44 ,23.44 ,23.52 ,23.47 ,23.52 ,23.54 ,23.52 ,23.43 ,23.54 ,23.51 ,23.52 ,23.52 ,23.52 ,23.58 ,23.51 ,23.45 ,23.56 ,23.55 ,23.55 ,23.58 ,23.53 ,23.62 ,23.56 ,23.48 ,23.53 ,23.57 ,23.6 ,23.57 ,23.5 ,23.6 ,23.63 ,23.53 ,23.55 ,23.5 ,23.53 ,23.56 ,23.6 ,23.6 ,23.63 ,23.6 ,23.56 ,23.59 ,23.54 ,23.63 ,23.69 ,23.71 ,23.69 ,23.63 ,23.57 ,23.68 ,23.62 ,23.53 ,23.56 ,23.6 ,23.58 ,23.55 ,23.5 ,23.57 ,23.5 ,23.52 ,23.59 ,23.61 ,23.59 ,23.61 ,23.51 ,23.51 ,23.53 ,23.52 ,23.47 ,23.53 ,23.53 ,23.54 ,23.53 ,23.46 ,23.58 ,23.52 ,23.48 ,23.38 ,23.36 ,23.41 ,23.41 ,23.51 ,23.66 ,23.67 ,23.67 ,23.73 ,23.79 ,23.71 ,23.71 ,23.63 ,23.7 ,23.75 ,23.74 ,23.82 ,23.74 ,23.74 ,23.73 ,23.68 ,23.74 ,23.83 ,23.83 ,23.77 ,23.69 ,23.69 ,23.76 ,23.75 ,23.78 ,23.74 ,23.63 ,23.65 ,23.68 ,23.75 ,23.68 ,23.66 ,23.71 ,23.74 ,23.84 ,23.81 ,23.75 ,23.74 ,23.74 ,23.78 ,23.71 ,23.75 ,23.72 ,23.71 ,23.71 ,23.67 ,23.74 ,23.77 ,23.74 ,23.71 ,23.76 ,23.75 ,23.8 ,23.81 ,23.85 ,23.78 ,23.75 ,23.67 ,23.73 ,23.79 ,23.81 ,23.8 ,23.78 ,23.78 ,23.76 ,23.74 ,23.73 ,23.79 ,23.81 ,23.79 ,23.82 ,23.81 ,23.8 ,23.81 ,23.73 ,23.68 ,23.74 ,23.82 ,23.77 ,23.78 ,23.79 ,23.71 ,23.76 ,23.76 ,23.81 ,23.85 ,23.89 ,23.85 ,23.85 ,23.88 ,23.8 ,23.74 ,23.76 ,23.74 ,23.78 ,23.74 ,23.8 ,23.81 ,23.8 ,23.77 ,23.76 ,23.82 ,23.8 ,23.79 ,23.74 ,23.77 ,23.84 ,23.75 ,23.74 ,23.83 ,23.95 ,23.82 ,23.75 ,23.65 ,23.62 ,23.75 ,23.76 ,23.74 ,23.8 ,23.68 ,23.57 ,23.59 ,23.67 ,23.78 ,23.8 ,23.81 ,23.66 ,23.61 ,23.79 ,23.86 ,23.81 ,23.9 ,23.76 ,23.71 ,23.76 ,23.77 ,23.7 ,23.72 ,23.71 ,23.79 ,23.69 ,23.58 ,23.58 ,23.62 ,23.58 ,23.67 ,23.7 ,23.65 ,23.58 ,23.54 ,23.57 ,23.72 ,23.73 ,23.69 ,23.69 ,23.74 ,23.77 ,23.78 ,23.7 ,23.62 ,23.59 ,23.57 ,23.59 ,23.65 ,23.61 ,23.57 ,23.51 ,23.46 ,23.48 ,23.44 ,23.42 ,23.54 ,23.47 ,23.48 ,23.49 ,23.53 ,23.52 ,23.53 ,23.47 ,23.48 ,23.57 ,23.62 ,23.68 ,23.7 ,23.58 ,23.53 ,23.48 ,23.53 ,23.63 ,23.61 ,23.55 ,23.58 ,23.51 ,23.53 ,23.55 ,23.62 ,23.6 ,23.51 ,23.5 ,23.6 ,23.57 ,23.48 ,23.52 ,23.51 ,23.46 ,23.44 ,23.56 ,23.49 ,23.53 ,23.49 ,23.6 ,23.65 ,23.65 ,23.73 ,23.81 ,23.78 ,23.77 ,23.87 ,23.78 ,23.74 ,23.74 ,23.76 ,23.74 ,23.75 ,23.72 ,23.67 ,23.75 ,23.77 ,23.77 ,23.73 ,23.81 ,23.72 ,23.74 ,23.77 ,23.73 ,23.8 ,23.74 ,23.7 ,23.7 ,23.62 ,23.65 ,23.77 ,23.72 ,23.7 ,23.66 ,23.67 ,23.74 ,23.74 ,23.7 ,23.7 ,23.78 ,23.62 ,23.75 ,23.72 ,23.68 ,23.72 ,23.77 ,23.7 ,23.67 ,23.61 ,23.66 ,23.69 ,23.67 ,23.71 ,23.68 ,23.49 ,23.43 ,23.56 ,23.53 ,23.49 ,23.55 ,23.52 ,23.52 ,23.51 ,23.5 ,23.53 ,23.48 ,23.39 ,23.41 ,23.5 ,23.52 ,23.49 ,23.47 ,23.47 ,23.55 ,23.59 ,23.67 ,23.64 ,23.7 ,23.73 ,23.69 ,23.63 ,23.56 ,23.58 ,23.64 ,23.71 ,23.64 ,23.72 ,23.66 ,23.68 ,23.71 ,23.71 ,23.66 ,23.62 ,23.62 ,23.69 ,23.65 ,23.69 ,23.76 ,23.66 ,23.67 ,23.64 ,23.61 ,23.66 ,23.69 ,23.58 ,23.65 ,23.8 ,23.74 ,23.7 ,23.62 ,23.68 ,23.66 ,23.75 ,23.74 ,23.71 ,23.66 ,23.72 ,23.71 ,23.75 ,23.67 ,23.64 ,23.6 ,23.68 ,23.65 ,23.62 ,23.66 ,23.64 ,23.58 ,23.64 ,23.68 ,23.64 ,23.62 ,23.56 ,23.62 ,23.56 ,23.58 ,23.54 ,23.55 ,23.65 ,23.67 ,23.6 ,23.65 ,23.67 ,23.64 ,23.49 ,23.46 ,23.53 ,23.55 ,23.56 ,23.55 ,23.45 ,23.53 ,23.52 ,23.54 ,23.5 ,23.53 ,23.5 ,23.46 ,23.48 ,23.61 ,23.62 ,23.56 ,23.6 ,23.56 ,23.53 ,23.56 ,23.64 ,23.69 ,23.69 ,23.59 ,23.62 ,23.55 ,23.51 ,23.62 ,23.61 ,23.58 ,23.54 ,23.57 ,23.5 ,23.45 ,23.59 ,23.56 ,23.53 ,23.51 ,23.5 ,23.51 ,23.41 ,23.48 ,23.42 ,23.43 ,23.41 ,23.44 ,23.43 ,23.47 ,23.51 ,23.38 ,23.29 ,23.32 ,23.29 ,23.33 ,23.35 ,23.42 ,23.34 ,23.3 ,23.33 ,23.28 ,23.34 ,23.32 ,23.27 ,23.15 ,23.22 ,23.17 ,23.1 ,23.07 ,23.2 ,23.26 ,23.25 ,23.14 ,23.25 ,23.31 ,23.22 ,23.18 ,23.17 ,23.24 ,23.23 ,23.3 ,23.28 ,23.28 ,23.24 ,23.2 ,23.19 ,23.25 ,23.12 ,23.12 ,23.21 ,23.14 ,23.02 ,23.04 ,23.08 ,23.03 ,22.95 ,23.03 ,23.06 ,22.98 ,22.94 ,22.9 ,22.86 ,22.89 ,22.87 ,22.84 ,22.85 ,22.77 ,22.73 ,22.69 ,22.85 ,22.83 ,22.79 ,23 ,22.84 ,22.86 ,22.91 ,22.76 ,22.77 ,22.86 ,22.89 ,22.72 ,22.76 ,22.79 ,22.72 ,22.71 ,22.82 ,22.86 ,22.85 ,
47,22.83 ,22.92 ,22.97 ,22.92 ,22.95 ,23.01 ,23.17 ,23.21 ,23.29 ,23.28 ,23.28 ,23.4 ,23.47 ,23.35 ,23.37 ,23.49 ,23.46 ,23.51 ,23.38 ,23.39 ,23.47 ,23.32 ,23.38 ,23.37 ,23.34 ,23.18 ,23.11 ,23.09 ,23.19 ,23.3 ,23.52 ,23.39 ,23.3 ,23.39 ,23.39 ,23.36 ,23.38 ,23.55 ,23.47 ,23.37 ,23.45 ,23.4 ,23.33 ,23.3 ,23.47 ,23.52 ,23.49 ,23.47 ,23.5 ,23.51 ,23.38 ,23.4 ,23.43 ,23.45 ,23.43 ,23.5 ,23.41 ,23.42 ,23.46 ,23.51 ,23.51 ,23.55 ,23.53 ,23.49 ,23.41 ,23.46 ,23.51 ,23.45 ,23.42 ,23.42 ,23.46 ,23.46 ,23.5 ,23.52 ,23.5 ,23.51 ,23.59 ,23.5 ,23.51 ,23.59 ,23.59 ,23.56 ,23.53 ,23.51 ,23.58 ,23.63 ,23.51 ,23.57 ,23.56 ,23.46 ,23.53 ,23.55 ,23.56 ,23.6 ,23.54 ,23.56 ,23.56 ,23.51 ,23.52 ,23.6 ,23.6 ,23.51 ,23.56 ,23.61 ,23.66 ,23.57 ,23.56 ,23.56 ,23.6 ,23.57 ,23.59 ,23.57 ,23.57 ,23.62 ,23.56 ,23.6 ,23.58 ,23.63 ,23.78 ,23.78 ,23.69 ,23.66 ,23.63 ,23.64 ,23.67 ,23.58 ,23.57 ,23.6 ,23.55 ,23.52 ,23.5 ,23.57 ,23.58 ,23.56 ,23.52 ,23.58 ,23.6 ,23.52 ,23.54 ,23.55 ,23.55 ,23.52 ,23.51 ,23.56 ,23.58 ,23.52 ,23.48 ,23.41 ,23.46 ,23.51 ,23.44 ,23.37 ,23.33 ,23.34 ,23.32 ,23.42 ,23.61 ,23.71 ,23.74 ,23.75 ,23.73 ,23.67 ,23.69 ,23.72 ,23.71 ,23.77 ,23.72 ,23.86 ,23.77 ,23.72 ,23.73 ,23.64 ,23.64 ,23.76 ,23.77 ,23.71 ,23.68 ,23.71 ,23.79 ,23.75 ,23.77 ,23.88 ,23.8 ,23.68 ,23.75 ,23.79 ,23.66 ,23.66 ,23.72 ,23.7 ,23.77 ,23.77 ,23.76 ,23.79 ,23.8 ,23.76 ,23.71 ,23.73 ,23.73 ,23.69 ,23.72 ,23.74 ,23.7 ,23.73 ,23.74 ,23.71 ,23.64 ,23.66 ,23.79 ,23.77 ,23.82 ,23.79 ,23.69 ,23.75 ,23.83 ,23.86 ,23.88 ,23.83 ,23.79 ,23.75 ,23.79 ,23.77 ,23.76 ,23.83 ,23.8 ,23.81 ,23.83 ,23.83 ,23.76 ,23.7 ,23.68 ,23.68 ,23.77 ,23.75 ,23.75 ,23.78 ,23.82 ,23.77 ,23.73 ,23.68 ,23.83 ,23.89 ,23.85 ,23.74 ,23.77 ,23.79 ,23.82 ,23.74 ,23.77 ,23.76 ,23.77 ,23.71 ,23.77 ,23.9 ,23.84 ,23.71 ,23.78 ,23.83 ,23.79 ,23.77 ,23.78 ,23.85 ,23.94 ,23.83 ,23.76 ,23.81 ,23.85 ,23.75 ,23.68 ,23.62 ,23.53 ,23.66 ,23.82 ,23.69 ,23.69 ,23.7 ,23.6 ,23.59 ,23.61 ,23.75 ,23.76 ,23.81 ,23.76 ,23.64 ,23.74 ,23.77 ,23.82 ,23.87 ,23.72 ,23.63 ,23.78 ,23.76 ,23.69 ,23.76 ,23.73 ,23.69 ,23.67 ,23.62 ,23.72 ,23.71 ,23.62 ,23.65 ,23.71 ,23.75 ,23.58 ,23.56 ,23.56 ,23.69 ,23.73 ,23.74 ,23.77 ,23.74 ,23.77 ,23.78 ,23.68 ,23.68 ,23.63 ,23.62 ,23.62 ,23.64 ,23.62 ,23.55 ,23.5 ,23.5 ,23.48 ,23.53 ,23.43 ,23.55 ,23.5 ,23.45 ,23.54 ,23.55 ,23.48 ,23.41 ,23.47 ,23.5 ,23.59 ,23.58 ,23.58 ,23.58 ,23.52 ,23.57 ,23.55 ,23.53 ,23.61 ,23.58 ,23.56 ,23.61 ,23.62 ,23.56 ,23.5 ,23.57 ,23.57 ,23.53 ,23.47 ,23.49 ,23.49 ,23.54 ,23.5 ,23.53 ,23.49 ,23.51 ,23.6 ,23.49 ,23.47 ,23.61 ,23.58 ,23.7 ,23.76 ,23.76 ,23.74 ,23.8 ,23.79 ,23.82 ,23.74 ,23.67 ,23.68 ,23.71 ,23.77 ,23.79 ,23.72 ,23.71 ,23.72 ,23.82 ,23.77 ,23.72 ,23.7 ,23.7 ,23.72 ,23.79 ,23.75 ,23.74 ,23.77 ,23.77 ,23.68 ,23.63 ,23.62 ,23.72 ,23.77 ,23.61 ,23.67 ,23.69 ,23.71 ,23.69 ,23.68 ,23.73 ,23.67 ,23.64 ,23.71 ,23.69 ,23.73 ,23.72 ,23.77 ,23.77 ,23.72 ,23.67 ,23.74 ,23.67 ,23.66 ,23.65 ,23.67 ,23.64 ,23.65 ,23.66 ,23.51 ,23.49 ,23.47 ,23.52 ,23.47 ,23.56 ,23.6 ,23.61 ,23.5 ,23.42 ,23.39 ,23.57 ,23.49 ,23.46 ,23.43 ,23.45 ,23.56 ,23.59 ,23.59 ,23.57 ,23.57 ,23.66 ,23.62 ,23.57 ,23.58 ,23.59 ,23.62 ,23.66 ,23.62 ,23.72 ,23.64 ,23.68 ,23.73 ,23.72 ,23.62 ,23.64 ,23.61 ,23.63 ,23.58 ,23.66 ,23.79 ,23.77 ,23.64 ,23.69 ,23.67 ,23.64 ,23.68 ,23.7 ,23.62 ,23.64 ,23.79 ,23.66 ,23.63 ,23.62 ,23.63 ,23.71 ,23.67 ,23.68 ,23.53 ,23.59 ,23.64 ,23.68 ,23.69 ,23.64 ,23.67 ,23.66 ,23.71 ,23.75 ,23.68 ,23.6 ,23.6 ,23.62 ,23.69 ,23.66 ,23.62 ,23.53 ,23.67 ,23.64 ,23.62 ,23.62 ,23.66 ,23.73 ,23.73 ,23.73 ,23.63 ,23.61 ,23.57 ,23.51 ,23.41 ,23.51 ,23.5 ,23.41 ,23.51 ,23.45 ,23.54 ,23.55 ,23.43 ,23.52 ,23.54 ,23.44 ,23.48 ,23.49 ,23.59 ,23.57 ,23.51 ,23.59 ,23.67 ,23.66 ,23.63 ,23.66 ,23.64 ,23.63 ,23.58 ,23.61 ,23.56 ,23.54 ,23.57 ,23.55 ,23.55 ,23.49 ,23.52 ,23.51 ,23.5 ,23.66 ,23.6 ,23.49 ,23.49 ,23.52 ,23.45 ,23.34 ,23.42 ,23.44 ,23.42 ,23.4 ,23.35 ,23.4 ,23.42 ,23.39 ,23.34 ,23.31 ,23.28 ,23.17 ,23.29 ,23.35 ,23.38 ,23.31 ,23.25 ,23.27 ,23.28 ,23.25 ,23.39 ,23.37 ,23.19 ,23.27 ,23.3 ,23.18 ,23.07 ,23.18 ,23.26 ,23.28 ,23.22 ,23.22 ,23.3 ,23.29 ,23.18 ,23.21 ,23.27 ,23.22 ,23.23 ,23.2 ,23.2 ,23.22 ,23.27 ,23.24 ,23.18 ,23.15 ,23.12 ,23.25 ,23.19 ,23 ,22.99 ,23.05 ,23.09 ,22.98 ,23.05 ,23.11 ,23.06 ,23.02 ,22.89 ,22.84 ,22.83 ,22.88 ,22.84 ,22.84 ,22.76 ,22.76 ,22.76 ,22.89 ,22.92 ,22.84 ,22.83 ,22.82 ,22.78 ,22.81 ,22.81 ,22.85 ,22.87 ,22.9 ,22.76 ,22.71 ,22.79 ,22.73 ,22.73 ,22.77 ,22.86 ,22.85 ,
48,22.87 ,22.89 ,22.86 ,22.81 ,22.94 ,23.07 ,23.22 ,23.27 ,23.28 ,23.3 ,23.26 ,23.33 ,23.39 ,23.32 ,23.38 ,23.53 ,23.48 ,23.48 ,23.45 ,23.4 ,23.38 ,23.39 ,23.4 ,23.25 ,23.2 ,23.16 ,23.13 ,23.17 ,23.25 ,23.37 ,23.47 ,23.46 ,23.36 ,23.46 ,23.48 ,23.49 ,23.45 ,23.49 ,23.52 ,23.38 ,23.42 ,23.32 ,23.3 ,23.35 ,23.48 ,23.4 ,23.44 ,23.49 ,23.46 ,23.47 ,23.39 ,23.48 ,23.57 ,23.47 ,23.39 ,23.44 ,23.45 ,23.46 ,23.38 ,23.47 ,23.45 ,23.47 ,23.45 ,23.44 ,23.46 ,23.49 ,23.57 ,23.51 ,23.45 ,23.38 ,23.38 ,23.42 ,23.47 ,23.49 ,23.57 ,23.59 ,23.57 ,23.55 ,23.55 ,23.52 ,23.56 ,23.57 ,23.55 ,23.49 ,23.62 ,23.63 ,23.55 ,23.61 ,23.58 ,23.43 ,23.54 ,23.57 ,23.54 ,23.55 ,23.51 ,23.54 ,23.58 ,23.62 ,23.55 ,23.58 ,23.59 ,23.6 ,23.58 ,23.54 ,23.57 ,23.61 ,23.55 ,23.53 ,23.59 ,23.62 ,23.62 ,23.61 ,23.6 ,23.59 ,23.56 ,23.55 ,23.61 ,23.61 ,23.74 ,23.75 ,23.71 ,23.6 ,23.66 ,23.68 ,23.62 ,23.59 ,23.6 ,23.58 ,23.55 ,23.49 ,23.52 ,23.6 ,23.57 ,23.59 ,23.57 ,23.52 ,23.5 ,23.48 ,23.5 ,23.55 ,23.5 ,23.46 ,23.48 ,23.54 ,23.57 ,23.52 ,23.45 ,23.41 ,23.47 ,23.49 ,23.45 ,23.36 ,23.35 ,23.44 ,23.46 ,23.53 ,23.54 ,23.67 ,23.75 ,23.74 ,23.72 ,23.62 ,23.61 ,23.7 ,23.75 ,23.74 ,23.76 ,23.77 ,23.71 ,23.71 ,23.66 ,23.66 ,23.59 ,23.72 ,23.78 ,23.73 ,23.69 ,23.72 ,23.81 ,23.81 ,23.81 ,23.83 ,23.77 ,23.69 ,23.76 ,23.77 ,23.73 ,23.64 ,23.67 ,23.73 ,23.76 ,23.7 ,23.72 ,23.74 ,23.75 ,23.75 ,23.73 ,23.76 ,23.84 ,23.76 ,23.73 ,23.8 ,23.8 ,23.74 ,23.71 ,23.72 ,23.63 ,23.67 ,23.78 ,23.78 ,23.79 ,23.8 ,23.73 ,23.74 ,23.74 ,23.83 ,23.82 ,23.72 ,23.69 ,23.66 ,23.75 ,23.81 ,23.81 ,23.82 ,23.82 ,23.76 ,23.84 ,23.84 ,23.8 ,23.72 ,23.68 ,23.66 ,23.83 ,23.71 ,23.73 ,23.75 ,23.84 ,23.84 ,23.7 ,23.62 ,23.7 ,23.87 ,23.82 ,23.72 ,23.78 ,23.83 ,23.76 ,23.66 ,23.77 ,23.76 ,23.78 ,23.76 ,23.73 ,23.81 ,23.9 ,23.82 ,23.82 ,23.88 ,23.73 ,23.74 ,23.76 ,23.83 ,23.93 ,23.84 ,23.75 ,23.81 ,23.75 ,23.76 ,23.74 ,23.66 ,23.64 ,23.71 ,23.74 ,23.73 ,23.71 ,23.67 ,23.64 ,23.67 ,23.7 ,23.73 ,23.78 ,23.84 ,23.73 ,23.65 ,23.71 ,23.74 ,23.79 ,23.8 ,23.76 ,23.68 ,23.76 ,23.82 ,23.77 ,23.73 ,23.73 ,23.72 ,23.7 ,23.68 ,23.79 ,23.77 ,23.72 ,23.64 ,23.73 ,23.73 ,23.56 ,23.56 ,23.64 ,23.65 ,23.74 ,23.7 ,23.75 ,23.74 ,23.71 ,23.76 ,23.65 ,23.57 ,23.56 ,23.61 ,23.66 ,23.64 ,23.66 ,23.58 ,23.52 ,23.51 ,23.51 ,23.54 ,23.46 ,23.58 ,23.54 ,23.45 ,23.48 ,23.53 ,23.5 ,23.38 ,23.49 ,23.51 ,23.53 ,23.57 ,23.61 ,23.55 ,23.49 ,23.55 ,23.6 ,23.6 ,23.56 ,23.52 ,23.59 ,23.69 ,23.71 ,23.65 ,23.54 ,23.53 ,23.49 ,23.51 ,23.48 ,23.49 ,23.45 ,23.43 ,23.47 ,23.49 ,23.56 ,23.56 ,23.58 ,23.57 ,23.65 ,23.65 ,23.64 ,23.74 ,23.76 ,23.71 ,23.74 ,23.77 ,23.81 ,23.78 ,23.65 ,23.69 ,23.68 ,23.74 ,23.79 ,23.77 ,23.73 ,23.75 ,23.75 ,23.79 ,23.78 ,23.76 ,23.74 ,23.77 ,23.73 ,23.75 ,23.75 ,23.71 ,23.75 ,23.78 ,23.66 ,23.62 ,23.68 ,23.77 ,23.79 ,23.67 ,23.64 ,23.69 ,23.7 ,23.76 ,23.71 ,23.74 ,23.72 ,23.6 ,23.66 ,23.78 ,23.76 ,23.73 ,23.72 ,23.8 ,23.75 ,23.69 ,23.72 ,23.64 ,23.65 ,23.69 ,23.67 ,23.66 ,23.7 ,23.67 ,23.56 ,23.49 ,23.53 ,23.51 ,23.46 ,23.5 ,23.57 ,23.63 ,23.51 ,23.48 ,23.52 ,23.51 ,23.45 ,23.43 ,23.47 ,23.45 ,23.57 ,23.61 ,23.52 ,23.48 ,23.48 ,23.6 ,23.6 ,23.55 ,23.56 ,23.6 ,23.65 ,23.65 ,23.69 ,23.74 ,23.75 ,23.67 ,23.67 ,23.69 ,23.66 ,23.61 ,23.76 ,23.7 ,23.58 ,23.64 ,23.71 ,23.68 ,23.66 ,23.59 ,23.62 ,23.64 ,23.58 ,23.68 ,23.69 ,23.69 ,23.62 ,23.69 ,23.65 ,23.65 ,23.59 ,23.61 ,23.65 ,23.62 ,23.61 ,23.57 ,23.53 ,23.61 ,23.73 ,23.68 ,23.59 ,23.65 ,23.59 ,23.7 ,23.67 ,23.53 ,23.57 ,23.58 ,23.66 ,23.63 ,23.55 ,23.58 ,23.7 ,23.67 ,23.65 ,23.62 ,23.73 ,23.71 ,23.71 ,23.79 ,23.82 ,23.67 ,23.62 ,23.48 ,23.39 ,23.51 ,23.57 ,23.55 ,23.49 ,23.42 ,23.48 ,23.5 ,23.39 ,23.41 ,23.54 ,23.45 ,23.46 ,23.51 ,23.58 ,23.51 ,23.52 ,23.62 ,23.69 ,23.66 ,23.66 ,23.62 ,23.61 ,23.59 ,23.59 ,23.6 ,23.61 ,23.54 ,23.49 ,23.44 ,23.53 ,23.49 ,23.5 ,23.54 ,23.58 ,23.6 ,23.55 ,23.49 ,23.41 ,23.55 ,23.57 ,23.39 ,23.53 ,23.49 ,23.46 ,23.44 ,23.39 ,23.38 ,23.42 ,23.44 ,23.35 ,23.29 ,23.2 ,23.25 ,23.29 ,23.25 ,23.37 ,23.33 ,23.17 ,23.29 ,23.26 ,23.2 ,23.21 ,23.37 ,23.23 ,23.2 ,23.17 ,23.16 ,23.16 ,23.21 ,23.28 ,23.31 ,23.19 ,23.27 ,23.24 ,23.22 ,23.23 ,23.16 ,23.27 ,23.26 ,23.25 ,23.21 ,23.13 ,23.21 ,23.28 ,23.33 ,23.18 ,23.09 ,23.18 ,23.29 ,23.27 ,23.17 ,23.04 ,23.05 ,23.01 ,22.93 ,22.94 ,23.14 ,23.1 ,22.99 ,22.88 ,22.92 ,22.87 ,22.97 ,22.94 ,22.83 ,22.78 ,22.67 ,22.72 ,22.99 ,22.96 ,22.83 ,22.79 ,22.74 ,22.82 ,22.77 ,22.71 ,22.9 ,22.84 ,22.8 ,22.78 ,22.72 ,22.75 ,22.73 ,22.74 ,22.84 ,22.82 ,22.81 ,
49,22.85 ,22.79 ,22.89 ,22.92 ,22.9 ,23.03 ,23.14 ,23.31 ,23.37 ,23.42 ,23.36 ,23.33 ,23.43 ,23.29 ,23.36 ,23.49 ,23.42 ,23.43 ,23.44 ,23.44 ,23.27 ,23.26 ,23.3 ,23.1 ,23.09 ,23.16 ,23.17 ,23.22 ,23.33 ,23.33 ,23.46 ,23.42 ,23.39 ,23.48 ,23.52 ,23.43 ,23.34 ,23.45 ,23.48 ,23.42 ,23.48 ,23.42 ,23.29 ,23.34 ,23.41 ,23.17 ,23.29 ,23.46 ,23.39 ,23.47 ,23.39 ,23.44 ,23.57 ,23.52 ,23.46 ,23.42 ,23.39 ,23.46 ,23.41 ,23.44 ,23.46 ,23.46 ,23.4 ,23.38 ,23.48 ,23.4 ,23.55 ,23.52 ,23.45 ,23.45 ,23.39 ,23.44 ,23.44 ,23.43 ,23.43 ,23.51 ,23.49 ,23.5 ,23.46 ,23.4 ,23.49 ,23.56 ,23.66 ,23.58 ,23.59 ,23.57 ,23.43 ,23.5 ,23.55 ,23.42 ,23.45 ,23.46 ,23.44 ,23.56 ,23.56 ,23.64 ,23.6 ,23.59 ,23.59 ,23.61 ,23.59 ,23.6 ,23.49 ,23.49 ,23.57 ,23.55 ,23.56 ,23.56 ,23.6 ,23.6 ,23.62 ,23.65 ,23.6 ,23.55 ,23.62 ,23.53 ,23.58 ,23.61 ,23.66 ,23.61 ,23.62 ,23.67 ,23.59 ,23.7 ,23.65 ,23.51 ,23.59 ,23.58 ,23.55 ,23.49 ,23.6 ,23.66 ,23.57 ,23.6 ,23.61 ,23.5 ,23.49 ,23.45 ,23.5 ,23.52 ,23.44 ,23.42 ,23.42 ,23.42 ,23.5 ,23.48 ,23.46 ,23.41 ,23.5 ,23.51 ,23.42 ,23.32 ,23.39 ,23.55 ,23.64 ,23.65 ,23.67 ,23.64 ,23.64 ,23.66 ,23.71 ,23.69 ,23.66 ,23.59 ,23.72 ,23.71 ,23.7 ,23.76 ,23.64 ,23.66 ,23.62 ,23.7 ,23.74 ,23.69 ,23.69 ,23.64 ,23.69 ,23.74 ,23.68 ,23.76 ,23.83 ,23.7 ,23.65 ,23.65 ,23.84 ,23.8 ,23.76 ,23.66 ,23.66 ,23.77 ,23.81 ,23.7 ,23.68 ,23.71 ,23.72 ,23.73 ,23.69 ,23.76 ,23.77 ,23.77 ,23.72 ,23.82 ,23.75 ,23.71 ,23.66 ,23.69 ,23.69 ,23.67 ,23.74 ,23.8 ,23.8 ,23.85 ,23.79 ,23.75 ,23.71 ,23.74 ,23.81 ,23.79 ,23.73 ,23.75 ,23.7 ,23.79 ,23.77 ,23.73 ,23.78 ,23.77 ,23.83 ,23.76 ,23.69 ,23.78 ,23.76 ,23.7 ,23.8 ,23.76 ,23.74 ,23.73 ,23.81 ,23.82 ,23.75 ,23.71 ,23.64 ,23.73 ,23.77 ,23.74 ,23.72 ,23.74 ,23.75 ,23.7 ,23.8 ,23.75 ,23.69 ,23.74 ,23.72 ,23.69 ,23.74 ,23.75 ,23.81 ,23.86 ,23.78 ,23.79 ,23.8 ,23.78 ,23.88 ,23.77 ,23.74 ,23.81 ,23.74 ,23.78 ,23.75 ,23.66 ,23.65 ,23.72 ,23.75 ,23.73 ,23.71 ,23.68 ,23.66 ,23.66 ,23.66 ,23.69 ,23.73 ,23.77 ,23.72 ,23.7 ,23.68 ,23.77 ,23.84 ,23.76 ,23.72 ,23.79 ,23.86 ,23.83 ,23.77 ,23.74 ,23.72 ,23.75 ,23.75 ,23.72 ,23.84 ,23.85 ,23.72 ,23.62 ,23.62 ,23.65 ,23.57 ,23.6 ,23.61 ,23.6 ,23.65 ,23.6 ,23.74 ,23.72 ,23.66 ,23.68 ,23.68 ,23.56 ,23.5 ,23.62 ,23.59 ,23.61 ,23.61 ,23.55 ,23.49 ,23.54 ,23.48 ,23.42 ,23.39 ,23.45 ,23.49 ,23.47 ,23.49 ,23.5 ,23.46 ,23.35 ,23.47 ,23.48 ,23.47 ,23.48 ,23.51 ,23.56 ,23.57 ,23.56 ,23.54 ,23.53 ,23.61 ,23.55 ,23.56 ,23.65 ,23.6 ,23.6 ,23.54 ,23.43 ,23.44 ,23.45 ,23.51 ,23.46 ,23.45 ,23.39 ,23.52 ,23.58 ,23.57 ,23.65 ,23.61 ,23.53 ,23.56 ,23.64 ,23.6 ,23.71 ,23.68 ,23.69 ,23.67 ,23.75 ,23.79 ,23.79 ,23.64 ,23.7 ,23.78 ,23.79 ,23.76 ,23.73 ,23.73 ,23.77 ,23.74 ,23.76 ,23.74 ,23.76 ,23.79 ,23.8 ,23.76 ,23.71 ,23.82 ,23.78 ,23.77 ,23.72 ,23.7 ,23.71 ,23.73 ,23.75 ,23.75 ,23.66 ,23.73 ,23.73 ,23.68 ,23.72 ,23.82 ,23.72 ,23.65 ,23.64 ,23.72 ,23.79 ,23.76 ,23.63 ,23.65 ,23.78 ,23.78 ,23.7 ,23.62 ,23.58 ,23.65 ,23.68 ,23.68 ,23.71 ,23.67 ,23.64 ,23.61 ,23.53 ,23.44 ,23.48 ,23.57 ,23.55 ,23.56 ,23.55 ,23.51 ,23.49 ,23.53 ,23.53 ,23.54 ,23.49 ,23.46 ,23.41 ,23.54 ,23.54 ,23.5 ,23.47 ,23.5 ,23.55 ,23.51 ,23.55 ,23.57 ,23.63 ,23.67 ,23.68 ,23.7 ,23.6 ,23.64 ,23.71 ,23.67 ,23.68 ,23.72 ,23.69 ,23.75 ,23.74 ,23.53 ,23.63 ,23.64 ,23.64 ,23.65 ,23.67 ,23.56 ,23.7 ,23.68 ,23.63 ,23.66 ,23.76 ,23.68 ,23.65 ,23.69 ,23.69 ,23.58 ,23.67 ,23.69 ,23.76 ,23.65 ,23.65 ,23.63 ,23.62 ,23.65 ,23.68 ,23.63 ,23.6 ,23.6 ,23.6 ,23.68 ,23.52 ,23.51 ,23.51 ,23.56 ,23.65 ,23.57 ,23.61 ,23.71 ,23.79 ,23.7 ,23.57 ,23.67 ,23.76 ,23.75 ,23.74 ,23.72 ,23.73 ,23.7 ,23.54 ,23.48 ,23.5 ,23.53 ,23.55 ,23.51 ,23.49 ,23.46 ,23.51 ,23.42 ,23.41 ,23.44 ,23.45 ,23.53 ,23.52 ,23.49 ,23.46 ,23.56 ,23.62 ,23.6 ,23.59 ,23.58 ,23.67 ,23.62 ,23.62 ,23.57 ,23.53 ,23.57 ,23.57 ,23.62 ,23.51 ,23.5 ,23.51 ,23.58 ,23.6 ,23.53 ,23.5 ,23.53 ,23.51 ,23.52 ,23.48 ,23.54 ,23.33 ,23.47 ,23.41 ,23.34 ,23.39 ,23.37 ,23.39 ,23.39 ,23.37 ,23.37 ,23.32 ,23.33 ,23.25 ,23.36 ,23.17 ,23.22 ,23.24 ,23.16 ,23.3 ,23.31 ,23.16 ,23.19 ,23.27 ,23.24 ,23.22 ,23.17 ,23.19 ,23.16 ,23.26 ,23.3 ,23.35 ,23.22 ,23.16 ,23.18 ,23.15 ,23.17 ,23.13 ,23.15 ,23.32 ,23.28 ,23.18 ,23.11 ,23.25 ,23.29 ,23.2 ,23.17 ,23.11 ,23.14 ,23.2 ,23.22 ,23.14 ,23.01 ,23.11 ,23.05 ,22.9 ,23 ,23.04 ,23.01 ,22.94 ,22.92 ,22.93 ,22.81 ,22.86 ,22.87 ,22.84 ,22.69 ,22.67 ,22.66 ,22.87 ,22.96 ,22.81 ,22.82 ,22.75 ,22.69 ,22.8 ,22.71 ,22.74 ,22.83 ,22.72 ,22.76 ,22.83 ,22.78 ,22.72 ,22.75 ,22.87 ,22.89 ,22.84 ,
50,22.83 ,22.73 ,22.9 ,23.03 ,22.98 ,23.06 ,23.2 ,23.28 ,23.36 ,23.41 ,23.41 ,23.44 ,23.44 ,23.39 ,23.5 ,23.49 ,23.48 ,23.44 ,23.42 ,23.39 ,23.29 ,23.24 ,23.23 ,23.17 ,23.08 ,23.19 ,23.29 ,23.29 ,23.39 ,23.41 ,23.52 ,23.48 ,23.39 ,23.46 ,23.41 ,23.36 ,23.3 ,23.44 ,23.46 ,23.43 ,23.47 ,23.5 ,23.37 ,23.31 ,23.33 ,23.4 ,23.43 ,23.5 ,23.43 ,23.42 ,23.4 ,23.38 ,23.42 ,23.41 ,23.45 ,23.48 ,23.36 ,23.33 ,23.43 ,23.5 ,23.51 ,23.48 ,23.42 ,23.46 ,23.46 ,23.35 ,23.44 ,23.5 ,23.41 ,23.51 ,23.46 ,23.38 ,23.48 ,23.38 ,23.39 ,23.42 ,23.52 ,23.5 ,23.51 ,23.53 ,23.56 ,23.53 ,23.6 ,23.58 ,23.59 ,23.61 ,23.5 ,23.41 ,23.45 ,23.41 ,23.44 ,23.51 ,23.48 ,23.52 ,23.54 ,23.57 ,23.54 ,23.55 ,23.63 ,23.63 ,23.61 ,23.54 ,23.55 ,23.49 ,23.63 ,23.55 ,23.58 ,23.65 ,23.64 ,23.53 ,23.56 ,23.55 ,23.58 ,23.58 ,23.69 ,23.53 ,23.62 ,23.72 ,23.66 ,23.61 ,23.6 ,23.68 ,23.63 ,23.68 ,23.66 ,23.61 ,23.6 ,23.69 ,23.57 ,23.47 ,23.53 ,23.55 ,23.5 ,23.52 ,23.53 ,23.56 ,23.54 ,23.57 ,23.6 ,23.55 ,23.47 ,23.47 ,23.47 ,23.39 ,23.48 ,23.5 ,23.49 ,23.51 ,23.52 ,23.53 ,23.5 ,23.48 ,23.47 ,23.58 ,23.66 ,23.74 ,23.71 ,23.63 ,23.66 ,23.68 ,23.73 ,23.7 ,23.66 ,23.64 ,23.64 ,23.71 ,23.64 ,23.71 ,23.64 ,23.62 ,23.68 ,23.68 ,23.69 ,23.7 ,23.66 ,23.7 ,23.67 ,23.7 ,23.7 ,23.69 ,23.77 ,23.74 ,23.69 ,23.69 ,23.79 ,23.77 ,23.73 ,23.68 ,23.68 ,23.79 ,23.78 ,23.74 ,23.74 ,23.71 ,23.73 ,23.71 ,23.66 ,23.75 ,23.72 ,23.72 ,23.74 ,23.8 ,23.74 ,23.71 ,23.69 ,23.7 ,23.71 ,23.78 ,23.79 ,23.81 ,23.8 ,23.77 ,23.73 ,23.72 ,23.75 ,23.77 ,23.78 ,23.84 ,23.77 ,23.76 ,23.72 ,23.74 ,23.79 ,23.72 ,23.73 ,23.8 ,23.84 ,23.8 ,23.78 ,23.75 ,23.75 ,23.7 ,23.75 ,23.67 ,23.73 ,23.82 ,23.86 ,23.78 ,23.75 ,23.72 ,23.72 ,23.7 ,23.81 ,23.79 ,23.7 ,23.65 ,23.69 ,23.62 ,23.75 ,23.77 ,23.7 ,23.73 ,23.79 ,23.75 ,23.78 ,23.79 ,23.77 ,23.8 ,23.8 ,23.82 ,23.83 ,23.76 ,23.87 ,23.81 ,23.75 ,23.91 ,23.8 ,23.8 ,23.79 ,23.67 ,23.61 ,23.74 ,23.71 ,23.79 ,23.76 ,23.69 ,23.63 ,23.64 ,23.59 ,23.64 ,23.82 ,23.81 ,23.85 ,23.74 ,23.74 ,23.83 ,23.82 ,23.74 ,23.75 ,23.8 ,23.94 ,23.79 ,23.76 ,23.8 ,23.69 ,23.73 ,23.69 ,23.78 ,23.84 ,23.85 ,23.7 ,23.66 ,23.63 ,23.62 ,23.59 ,23.54 ,23.49 ,23.59 ,23.69 ,23.64 ,23.7 ,23.78 ,23.76 ,23.74 ,23.67 ,23.55 ,23.58 ,23.64 ,23.64 ,23.61 ,23.64 ,23.57 ,23.51 ,23.54 ,23.53 ,23.44 ,23.45 ,23.54 ,23.51 ,23.42 ,23.43 ,23.51 ,23.5 ,23.49 ,23.52 ,23.51 ,23.58 ,23.53 ,23.48 ,23.54 ,23.6 ,23.61 ,23.57 ,23.47 ,23.54 ,23.61 ,23.6 ,23.67 ,23.65 ,23.58 ,23.54 ,23.48 ,23.49 ,23.56 ,23.47 ,23.53 ,23.53 ,23.5 ,23.5 ,23.58 ,23.56 ,23.64 ,23.61 ,23.51 ,23.58 ,23.62 ,23.68 ,23.73 ,23.72 ,23.8 ,23.75 ,23.69 ,23.78 ,23.83 ,23.7 ,23.67 ,23.74 ,23.74 ,23.75 ,23.77 ,23.77 ,23.78 ,23.7 ,23.77 ,23.83 ,23.74 ,23.77 ,23.9 ,23.8 ,23.76 ,23.82 ,23.83 ,23.72 ,23.69 ,23.66 ,23.69 ,23.77 ,23.76 ,23.76 ,23.71 ,23.72 ,23.84 ,23.77 ,23.7 ,23.72 ,23.7 ,23.66 ,23.65 ,23.68 ,23.74 ,23.73 ,23.67 ,23.65 ,23.68 ,23.7 ,23.72 ,23.71 ,23.62 ,23.56 ,23.57 ,23.65 ,23.63 ,23.72 ,23.72 ,23.62 ,23.55 ,23.47 ,23.41 ,23.56 ,23.57 ,23.5 ,23.49 ,23.46 ,23.49 ,23.5 ,23.52 ,23.58 ,23.52 ,23.56 ,23.43 ,23.42 ,23.51 ,23.53 ,23.49 ,23.57 ,23.67 ,23.59 ,23.55 ,23.57 ,23.63 ,23.68 ,23.66 ,23.65 ,23.66 ,23.58 ,23.63 ,23.66 ,23.67 ,23.64 ,23.78 ,23.75 ,23.63 ,23.58 ,23.66 ,23.7 ,23.64 ,23.72 ,23.64 ,23.65 ,23.69 ,23.71 ,23.7 ,23.74 ,23.74 ,23.7 ,23.64 ,23.59 ,23.67 ,23.55 ,23.67 ,23.63 ,23.67 ,23.67 ,23.66 ,23.67 ,23.64 ,23.6 ,23.63 ,23.64 ,23.62 ,23.54 ,23.54 ,23.64 ,23.68 ,23.55 ,23.52 ,23.56 ,23.63 ,23.67 ,23.63 ,23.65 ,23.72 ,23.68 ,23.58 ,23.63 ,23.69 ,23.76 ,23.79 ,23.69 ,23.68 ,23.64 ,23.62 ,23.57 ,23.65 ,23.59 ,23.56 ,23.51 ,23.57 ,23.55 ,23.51 ,23.42 ,23.38 ,23.39 ,23.48 ,23.48 ,23.52 ,23.5 ,23.42 ,23.55 ,23.56 ,23.48 ,23.46 ,23.44 ,23.59 ,23.67 ,23.63 ,23.59 ,23.6 ,23.51 ,23.59 ,23.64 ,23.58 ,23.55 ,23.56 ,23.58 ,23.54 ,23.5 ,23.49 ,23.52 ,23.44 ,23.46 ,23.45 ,23.55 ,23.38 ,23.4 ,23.43 ,23.36 ,23.46 ,23.4 ,23.4 ,23.36 ,23.34 ,23.38 ,23.28 ,23.32 ,23.25 ,23.22 ,23.29 ,23.2 ,23.19 ,23.14 ,23.21 ,23.35 ,23.25 ,23.21 ,23.29 ,23.22 ,23.28 ,23.25 ,23.2 ,23.17 ,23.24 ,23.33 ,23.28 ,23.06 ,23.06 ,23.19 ,23.18 ,23.12 ,23.07 ,23.11 ,23.3 ,23.28 ,23.25 ,23.14 ,23.18 ,23.25 ,23.29 ,23.19 ,23.12 ,23.09 ,23.16 ,23.11 ,22.99 ,22.96 ,23.07 ,23.11 ,22.95 ,23.01 ,23.06 ,22.94 ,22.9 ,22.96 ,22.94 ,22.85 ,22.81 ,22.83 ,22.92 ,22.87 ,22.74 ,22.66 ,22.86 ,22.94 ,22.95 ,22.92 ,22.89 ,22.81 ,22.79 ,22.76 ,22.81 ,22.83 ,22.8 ,22.76 ,22.76 ,22.74 ,22.72 ,22.76 ,22.77 ,22.73 ,22.67 ,
51,22.79 ,22.77 ,22.92 ,23.05 ,22.94 ,23.02 ,23.22 ,23.31 ,23.41 ,23.46 ,23.29 ,23.39 ,23.47 ,23.38 ,23.4 ,23.51 ,23.46 ,23.45 ,23.36 ,23.33 ,23.38 ,23.39 ,23.35 ,23.24 ,23.07 ,23.14 ,23.39 ,23.45 ,23.37 ,23.47 ,23.51 ,23.49 ,23.38 ,23.41 ,23.37 ,23.34 ,23.45 ,23.51 ,23.44 ,23.38 ,23.48 ,23.47 ,23.38 ,23.36 ,23.34 ,23.42 ,23.48 ,23.51 ,23.5 ,23.49 ,23.38 ,23.4 ,23.45 ,23.47 ,23.39 ,23.41 ,23.44 ,23.35 ,23.31 ,23.47 ,23.49 ,23.47 ,23.41 ,23.41 ,23.51 ,23.38 ,23.42 ,23.52 ,23.38 ,23.4 ,23.42 ,23.45 ,23.53 ,23.41 ,23.45 ,23.51 ,23.61 ,23.58 ,23.62 ,23.62 ,23.52 ,23.5 ,23.52 ,23.6 ,23.61 ,23.6 ,23.65 ,23.58 ,23.51 ,23.4 ,23.5 ,23.53 ,23.55 ,23.57 ,23.44 ,23.43 ,23.5 ,23.52 ,23.54 ,23.61 ,23.59 ,23.56 ,23.61 ,23.52 ,23.55 ,23.53 ,23.56 ,23.56 ,23.58 ,23.62 ,23.62 ,23.57 ,23.55 ,23.64 ,23.66 ,23.58 ,23.5 ,23.64 ,23.64 ,23.65 ,23.67 ,23.64 ,23.54 ,23.6 ,23.71 ,23.72 ,23.68 ,23.68 ,23.55 ,23.53 ,23.59 ,23.63 ,23.55 ,23.46 ,23.47 ,23.57 ,23.61 ,23.56 ,23.56 ,23.58 ,23.57 ,23.51 ,23.54 ,23.48 ,23.52 ,23.59 ,23.58 ,23.61 ,23.54 ,23.57 ,23.56 ,23.56 ,23.58 ,23.68 ,23.7 ,23.82 ,23.85 ,23.67 ,23.66 ,23.72 ,23.75 ,23.69 ,23.66 ,23.64 ,23.65 ,23.63 ,23.66 ,23.69 ,23.61 ,23.6 ,23.72 ,23.71 ,23.62 ,23.65 ,23.69 ,23.83 ,23.75 ,23.69 ,23.73 ,23.73 ,23.72 ,23.77 ,23.79 ,23.71 ,23.7 ,23.73 ,23.77 ,23.67 ,23.67 ,23.72 ,23.81 ,23.75 ,23.79 ,23.7 ,23.73 ,23.77 ,23.69 ,23.72 ,23.77 ,23.76 ,23.75 ,23.79 ,23.75 ,23.7 ,23.74 ,23.77 ,23.63 ,23.67 ,23.81 ,23.85 ,23.82 ,23.77 ,23.72 ,23.72 ,23.72 ,23.72 ,23.79 ,23.79 ,23.78 ,23.74 ,23.79 ,23.78 ,23.78 ,23.77 ,23.69 ,23.71 ,23.75 ,23.73 ,23.77 ,23.75 ,23.72 ,23.74 ,23.78 ,23.69 ,23.68 ,23.82 ,23.87 ,23.78 ,23.74 ,23.72 ,23.7 ,23.71 ,23.74 ,23.77 ,23.8 ,23.76 ,23.73 ,23.66 ,23.73 ,23.78 ,23.76 ,23.73 ,23.79 ,23.76 ,23.83 ,23.82 ,23.82 ,23.78 ,23.77 ,23.73 ,23.79 ,23.75 ,23.72 ,23.77 ,23.87 ,23.83 ,23.85 ,23.82 ,23.79 ,23.68 ,23.59 ,23.74 ,23.78 ,23.81 ,23.77 ,23.7 ,23.67 ,23.7 ,23.6 ,23.7 ,23.83 ,23.89 ,23.91 ,23.79 ,23.69 ,23.67 ,23.73 ,23.72 ,23.78 ,23.76 ,23.81 ,23.78 ,23.72 ,23.76 ,23.69 ,23.68 ,23.74 ,23.74 ,23.77 ,23.72 ,23.71 ,23.71 ,23.65 ,23.62 ,23.62 ,23.54 ,23.44 ,23.62 ,23.72 ,23.73 ,23.68 ,23.75 ,23.78 ,23.75 ,23.63 ,23.57 ,23.6 ,23.68 ,23.61 ,23.61 ,23.7 ,23.72 ,23.69 ,23.57 ,23.52 ,23.55 ,23.51 ,23.51 ,23.51 ,23.54 ,23.56 ,23.5 ,23.52 ,23.57 ,23.62 ,23.59 ,23.58 ,23.62 ,23.6 ,23.66 ,23.57 ,23.52 ,23.61 ,23.62 ,23.57 ,23.52 ,23.65 ,23.71 ,23.74 ,23.67 ,23.54 ,23.5 ,23.58 ,23.6 ,23.6 ,23.5 ,23.54 ,23.55 ,23.53 ,23.59 ,23.58 ,23.6 ,23.67 ,23.59 ,23.68 ,23.69 ,23.65 ,23.67 ,23.75 ,23.76 ,23.77 ,23.79 ,23.89 ,23.89 ,23.74 ,23.68 ,23.66 ,23.69 ,23.73 ,23.8 ,23.75 ,23.77 ,23.66 ,23.72 ,23.79 ,23.78 ,23.76 ,23.74 ,23.77 ,23.75 ,23.84 ,23.84 ,23.73 ,23.69 ,23.75 ,23.77 ,23.76 ,23.71 ,23.77 ,23.73 ,23.7 ,23.81 ,23.77 ,23.69 ,23.67 ,23.7 ,23.65 ,23.71 ,23.74 ,23.71 ,23.76 ,23.68 ,23.65 ,23.72 ,23.68 ,23.67 ,23.79 ,23.67 ,23.58 ,23.64 ,23.63 ,23.61 ,23.68 ,23.66 ,23.65 ,23.51 ,23.51 ,23.48 ,23.5 ,23.56 ,23.53 ,23.5 ,23.48 ,23.43 ,23.53 ,23.56 ,23.66 ,23.63 ,23.49 ,23.42 ,23.43 ,23.49 ,23.64 ,23.52 ,23.58 ,23.61 ,23.6 ,23.56 ,23.58 ,23.63 ,23.69 ,23.66 ,23.62 ,23.67 ,23.67 ,23.73 ,23.7 ,23.68 ,23.59 ,23.66 ,23.8 ,23.63 ,23.63 ,23.66 ,23.69 ,23.68 ,23.69 ,23.7 ,23.7 ,23.66 ,23.61 ,23.72 ,23.8 ,23.69 ,23.7 ,23.64 ,23.53 ,23.57 ,23.68 ,23.7 ,23.69 ,23.65 ,23.65 ,23.65 ,23.59 ,23.6 ,23.6 ,23.67 ,23.58 ,23.63 ,23.54 ,23.48 ,23.64 ,23.79 ,23.67 ,23.58 ,23.62 ,23.72 ,23.68 ,23.67 ,23.66 ,23.61 ,23.67 ,23.64 ,23.68 ,23.75 ,23.74 ,23.7 ,23.67 ,23.69 ,23.56 ,23.52 ,23.65 ,23.65 ,23.66 ,23.65 ,23.62 ,23.56 ,23.55 ,23.58 ,23.52 ,23.5 ,23.52 ,23.62 ,23.53 ,23.44 ,23.44 ,23.5 ,23.58 ,23.63 ,23.52 ,23.44 ,23.45 ,23.5 ,23.61 ,23.61 ,23.64 ,23.59 ,23.58 ,23.5 ,23.51 ,23.55 ,23.59 ,23.59 ,23.48 ,23.49 ,23.45 ,23.5 ,23.47 ,23.42 ,23.36 ,23.55 ,23.59 ,23.48 ,23.5 ,23.48 ,23.42 ,23.44 ,23.32 ,23.33 ,23.42 ,23.56 ,23.39 ,23.32 ,23.3 ,23.25 ,23.19 ,23.28 ,23.29 ,23.23 ,23.22 ,23.25 ,23.33 ,23.37 ,23.35 ,23.29 ,23.28 ,23.25 ,23.29 ,23.27 ,23.2 ,23.27 ,23.36 ,23.32 ,23.15 ,23.16 ,23.19 ,23.29 ,23.25 ,23.23 ,23.2 ,23.21 ,23.26 ,23.18 ,23.17 ,23.22 ,23.31 ,23.25 ,23.23 ,23.08 ,23.09 ,23.15 ,23.13 ,23.07 ,23.09 ,23.1 ,23.13 ,22.97 ,23.06 ,23.12 ,23.07 ,23.03 ,22.93 ,22.9 ,22.88 ,22.91 ,22.86 ,22.93 ,22.81 ,22.79 ,22.81 ,22.93 ,22.85 ,22.83 ,22.89 ,22.82 ,22.89 ,22.88 ,22.72 ,22.7 ,22.84 ,22.85 ,22.86 ,22.78 ,22.7 ,22.67 ,22.8 ,22.82 ,22.66 ,22.66 ,
52,22.83 ,22.79 ,22.93 ,23.04 ,22.98 ,23.03 ,23.3 ,23.29 ,23.33 ,23.39 ,23.35 ,23.34 ,23.47 ,23.44 ,23.4 ,23.41 ,23.39 ,23.43 ,23.38 ,23.32 ,23.36 ,23.4 ,23.38 ,23.22 ,23.09 ,23.19 ,23.45 ,23.46 ,23.36 ,23.47 ,23.52 ,23.42 ,23.44 ,23.52 ,23.45 ,23.4 ,23.46 ,23.58 ,23.51 ,23.43 ,23.43 ,23.42 ,23.32 ,23.34 ,23.47 ,23.49 ,23.53 ,23.5 ,23.46 ,23.37 ,23.4 ,23.5 ,23.48 ,23.46 ,23.47 ,23.38 ,23.39 ,23.44 ,23.42 ,23.48 ,23.47 ,23.4 ,23.49 ,23.51 ,23.54 ,23.47 ,23.52 ,23.51 ,23.45 ,23.38 ,23.42 ,23.46 ,23.56 ,23.49 ,23.56 ,23.52 ,23.55 ,23.61 ,23.61 ,23.6 ,23.61 ,23.59 ,23.5 ,23.53 ,23.57 ,23.6 ,23.59 ,23.59 ,23.57 ,23.42 ,23.46 ,23.46 ,23.52 ,23.49 ,23.48 ,23.48 ,23.44 ,23.45 ,23.5 ,23.53 ,23.55 ,23.59 ,23.58 ,23.54 ,23.61 ,23.58 ,23.54 ,23.49 ,23.51 ,23.57 ,23.62 ,23.56 ,23.54 ,23.62 ,23.67 ,23.63 ,23.59 ,23.58 ,23.62 ,23.65 ,23.58 ,23.62 ,23.65 ,23.64 ,23.6 ,23.65 ,23.7 ,23.66 ,23.59 ,23.55 ,23.54 ,23.63 ,23.58 ,23.5 ,23.45 ,23.5 ,23.53 ,23.53 ,23.54 ,23.56 ,23.58 ,23.55 ,23.56 ,23.52 ,23.61 ,23.63 ,23.64 ,23.56 ,23.56 ,23.55 ,23.58 ,23.59 ,23.58 ,23.69 ,23.66 ,23.71 ,23.81 ,23.74 ,23.68 ,23.69 ,23.71 ,23.72 ,23.6 ,23.65 ,23.7 ,23.7 ,23.72 ,23.75 ,23.64 ,23.67 ,23.66 ,23.64 ,23.64 ,23.68 ,23.73 ,23.77 ,23.73 ,23.77 ,23.71 ,23.72 ,23.78 ,23.77 ,23.71 ,23.68 ,23.69 ,23.74 ,23.84 ,23.81 ,23.71 ,23.73 ,23.71 ,23.76 ,23.74 ,23.71 ,23.75 ,23.86 ,23.75 ,23.72 ,23.77 ,23.72 ,23.74 ,23.78 ,23.73 ,23.68 ,23.69 ,23.81 ,23.72 ,23.62 ,23.78 ,23.84 ,23.8 ,23.82 ,23.75 ,23.74 ,23.78 ,23.76 ,23.81 ,23.79 ,23.77 ,23.7 ,23.74 ,23.78 ,23.75 ,23.75 ,23.73 ,23.75 ,23.69 ,23.72 ,23.77 ,23.77 ,23.71 ,23.81 ,23.78 ,23.75 ,23.75 ,23.79 ,23.81 ,23.82 ,23.8 ,23.8 ,23.77 ,23.72 ,23.73 ,23.69 ,23.77 ,23.81 ,23.72 ,23.73 ,23.79 ,23.75 ,23.75 ,23.64 ,23.75 ,23.78 ,23.78 ,23.84 ,23.82 ,23.84 ,23.84 ,23.79 ,23.82 ,23.8 ,23.74 ,23.78 ,23.85 ,23.76 ,23.75 ,23.77 ,23.73 ,23.71 ,23.65 ,23.66 ,23.74 ,23.89 ,23.86 ,23.77 ,23.73 ,23.71 ,23.67 ,23.69 ,23.77 ,23.84 ,23.85 ,23.77 ,23.62 ,23.63 ,23.62 ,23.71 ,23.74 ,23.79 ,23.76 ,23.79 ,23.81 ,23.75 ,23.67 ,23.81 ,23.82 ,23.78 ,23.74 ,23.72 ,23.69 ,23.71 ,23.68 ,23.66 ,23.62 ,23.61 ,23.59 ,23.62 ,23.74 ,23.73 ,23.64 ,23.76 ,23.79 ,23.72 ,23.68 ,23.64 ,23.68 ,23.66 ,23.59 ,23.56 ,23.69 ,23.7 ,23.74 ,23.64 ,23.62 ,23.63 ,23.58 ,23.54 ,23.53 ,23.54 ,23.6 ,23.6 ,23.57 ,23.65 ,23.62 ,23.6 ,23.59 ,23.6 ,23.61 ,23.63 ,23.64 ,23.57 ,23.59 ,23.61 ,23.57 ,23.56 ,23.7 ,23.66 ,23.65 ,23.64 ,23.57 ,23.48 ,23.53 ,23.56 ,23.65 ,23.62 ,23.55 ,23.62 ,23.53 ,23.64 ,23.62 ,23.51 ,23.62 ,23.65 ,23.6 ,23.63 ,23.7 ,23.65 ,23.74 ,23.76 ,23.78 ,23.85 ,23.91 ,23.89 ,23.76 ,23.69 ,23.68 ,23.73 ,23.83 ,23.84 ,23.83 ,23.83 ,23.76 ,23.74 ,23.72 ,23.8 ,23.76 ,23.73 ,23.73 ,23.7 ,23.76 ,23.78 ,23.79 ,23.76 ,23.74 ,23.74 ,23.71 ,23.72 ,23.71 ,23.65 ,23.72 ,23.82 ,23.75 ,23.74 ,23.74 ,23.72 ,23.73 ,23.69 ,23.78 ,23.78 ,23.69 ,23.68 ,23.62 ,23.8 ,23.77 ,23.71 ,23.75 ,23.68 ,23.65 ,23.7 ,23.76 ,23.65 ,23.61 ,23.63 ,23.65 ,23.55 ,23.52 ,23.58 ,23.66 ,23.66 ,23.6 ,23.61 ,23.62 ,23.51 ,23.51 ,23.51 ,23.54 ,23.66 ,23.56 ,23.46 ,23.48 ,23.56 ,23.57 ,23.57 ,23.63 ,23.58 ,23.54 ,23.49 ,23.51 ,23.65 ,23.64 ,23.65 ,23.66 ,23.66 ,23.69 ,23.76 ,23.74 ,23.77 ,23.66 ,23.73 ,23.82 ,23.72 ,23.72 ,23.77 ,23.76 ,23.65 ,23.62 ,23.68 ,23.67 ,23.68 ,23.6 ,23.68 ,23.69 ,23.68 ,23.65 ,23.63 ,23.54 ,23.59 ,23.69 ,23.73 ,23.74 ,23.71 ,23.63 ,23.6 ,23.56 ,23.63 ,23.66 ,23.66 ,23.63 ,23.66 ,23.58 ,23.52 ,23.59 ,23.72 ,23.67 ,23.63 ,23.71 ,23.69 ,23.76 ,23.77 ,23.66 ,23.62 ,23.75 ,23.69 ,23.66 ,23.75 ,23.77 ,23.72 ,23.67 ,23.67 ,23.64 ,23.58 ,23.59 ,23.74 ,23.71 ,23.64 ,23.69 ,23.62 ,23.57 ,23.65 ,23.65 ,23.64 ,23.63 ,23.68 ,23.61 ,23.54 ,23.54 ,23.51 ,23.51 ,23.58 ,23.51 ,23.51 ,23.49 ,23.56 ,23.54 ,23.6 ,23.59 ,23.6 ,23.54 ,23.52 ,23.44 ,23.49 ,23.58 ,23.58 ,23.57 ,23.52 ,23.4 ,23.34 ,23.39 ,23.4 ,23.34 ,23.46 ,23.48 ,23.44 ,23.46 ,23.46 ,23.44 ,23.43 ,23.34 ,23.23 ,23.36 ,23.51 ,23.46 ,23.35 ,23.38 ,23.28 ,23.28 ,23.18 ,23.26 ,23.25 ,23.25 ,23.23 ,23.25 ,23.25 ,23.34 ,23.34 ,23.28 ,23.33 ,23.24 ,23.26 ,23.16 ,23.15 ,23.32 ,23.32 ,23.28 ,23.26 ,23.22 ,23.29 ,23.28 ,23.24 ,23.36 ,23.22 ,23.29 ,23.3 ,23.25 ,23.29 ,23.29 ,23.3 ,23.21 ,23.14 ,23.1 ,23.12 ,23.13 ,23.14 ,23.01 ,23.1 ,23.11 ,23.01 ,22.97 ,23.07 ,22.98 ,23.02 ,22.97 ,22.83 ,22.84 ,22.94 ,22.85 ,22.96 ,22.84 ,22.75 ,22.83 ,22.97 ,22.91 ,22.82 ,22.83 ,22.78 ,22.74 ,22.81 ,22.76 ,22.8 ,22.86 ,22.76 ,22.89 ,22.92 ,22.76 ,22.69 ,22.67 ,22.84 ,22.75 ,22.65 ,
53,22.81 ,22.7 ,22.9 ,23.05 ,23.04 ,23.03 ,23.26 ,23.32 ,23.21 ,23.36 ,23.24 ,23.3 ,23.42 ,23.44 ,23.45 ,23.45 ,23.45 ,23.47 ,23.3 ,23.3 ,23.39 ,23.48 ,23.39 ,23.2 ,23.28 ,23.36 ,23.42 ,23.4 ,23.32 ,23.42 ,23.51 ,23.44 ,23.4 ,23.46 ,23.47 ,23.43 ,23.41 ,23.46 ,23.45 ,23.42 ,23.39 ,23.43 ,23.37 ,23.35 ,23.41 ,23.51 ,23.42 ,23.47 ,23.49 ,23.4 ,23.5 ,23.56 ,23.53 ,23.46 ,23.38 ,23.34 ,23.38 ,23.49 ,23.49 ,23.4 ,23.41 ,23.42 ,23.53 ,23.61 ,23.53 ,23.44 ,23.56 ,23.56 ,23.44 ,23.44 ,23.41 ,23.45 ,23.5 ,23.53 ,23.52 ,23.57 ,23.58 ,23.6 ,23.59 ,23.48 ,23.58 ,23.63 ,23.63 ,23.58 ,23.57 ,23.59 ,23.56 ,23.53 ,23.5 ,23.45 ,23.43 ,23.49 ,23.52 ,23.55 ,23.47 ,23.49 ,23.54 ,23.48 ,23.58 ,23.58 ,23.55 ,23.58 ,23.56 ,23.51 ,23.6 ,23.53 ,23.5 ,23.48 ,23.56 ,23.56 ,23.61 ,23.6 ,23.56 ,23.59 ,23.64 ,23.6 ,23.63 ,23.62 ,23.63 ,23.63 ,23.57 ,23.63 ,23.64 ,23.69 ,23.61 ,23.54 ,23.69 ,23.6 ,23.56 ,23.54 ,23.49 ,23.55 ,23.57 ,23.51 ,23.5 ,23.48 ,23.5 ,23.53 ,23.46 ,23.49 ,23.59 ,23.51 ,23.55 ,23.57 ,23.61 ,23.65 ,23.65 ,23.57 ,23.58 ,23.6 ,23.6 ,23.63 ,23.63 ,23.67 ,23.63 ,23.68 ,23.7 ,23.64 ,23.68 ,23.75 ,23.7 ,23.71 ,23.67 ,23.67 ,23.71 ,23.79 ,23.79 ,23.85 ,23.78 ,23.78 ,23.72 ,23.61 ,23.73 ,23.7 ,23.77 ,23.72 ,23.73 ,23.82 ,23.75 ,23.74 ,23.8 ,23.82 ,23.66 ,23.6 ,23.7 ,23.72 ,23.75 ,23.8 ,23.71 ,23.74 ,23.71 ,23.71 ,23.73 ,23.73 ,23.78 ,23.74 ,23.76 ,23.83 ,23.75 ,23.66 ,23.75 ,23.77 ,23.73 ,23.65 ,23.7 ,23.78 ,23.73 ,23.69 ,23.78 ,23.77 ,23.76 ,23.76 ,23.72 ,23.77 ,23.76 ,23.8 ,23.82 ,23.81 ,23.71 ,23.79 ,23.79 ,23.75 ,23.71 ,23.73 ,23.75 ,23.77 ,23.82 ,23.76 ,23.69 ,23.75 ,23.74 ,23.84 ,23.8 ,23.73 ,23.69 ,23.85 ,23.84 ,23.77 ,23.81 ,23.79 ,23.73 ,23.74 ,23.77 ,23.73 ,23.76 ,23.76 ,23.73 ,23.74 ,23.75 ,23.72 ,23.75 ,23.69 ,23.77 ,23.85 ,23.84 ,23.84 ,23.83 ,23.87 ,23.83 ,23.75 ,23.75 ,23.74 ,23.8 ,23.71 ,23.77 ,23.8 ,23.83 ,23.81 ,23.73 ,23.67 ,23.64 ,23.7 ,23.74 ,23.9 ,23.85 ,23.77 ,23.76 ,23.71 ,23.63 ,23.68 ,23.76 ,23.82 ,23.8 ,23.72 ,23.64 ,23.61 ,23.68 ,23.72 ,23.73 ,23.79 ,23.85 ,23.86 ,23.81 ,23.8 ,23.7 ,23.74 ,23.86 ,23.86 ,23.77 ,23.72 ,23.77 ,23.67 ,23.61 ,23.62 ,23.69 ,23.69 ,23.63 ,23.61 ,23.68 ,23.71 ,23.69 ,23.7 ,23.76 ,23.78 ,23.71 ,23.74 ,23.69 ,23.68 ,23.65 ,23.64 ,23.64 ,23.64 ,23.63 ,23.65 ,23.67 ,23.68 ,23.62 ,23.65 ,23.67 ,23.64 ,23.66 ,23.64 ,23.61 ,23.66 ,23.71 ,23.62 ,23.67 ,23.61 ,23.57 ,23.62 ,23.63 ,23.62 ,23.53 ,23.57 ,23.55 ,23.58 ,23.64 ,23.61 ,23.66 ,23.65 ,23.66 ,23.57 ,23.58 ,23.58 ,23.55 ,23.59 ,23.57 ,23.55 ,23.53 ,23.62 ,23.61 ,23.49 ,23.59 ,23.67 ,23.69 ,23.67 ,23.74 ,23.78 ,23.84 ,23.81 ,23.79 ,23.77 ,23.78 ,23.81 ,23.83 ,23.81 ,23.76 ,23.81 ,23.86 ,23.77 ,23.75 ,23.81 ,23.84 ,23.82 ,23.75 ,23.84 ,23.73 ,23.75 ,23.75 ,23.77 ,23.73 ,23.71 ,23.83 ,23.74 ,23.72 ,23.65 ,23.71 ,23.76 ,23.81 ,23.7 ,23.76 ,23.77 ,23.76 ,23.77 ,23.77 ,23.67 ,23.69 ,23.73 ,23.72 ,23.77 ,23.68 ,23.69 ,23.63 ,23.77 ,23.8 ,23.79 ,23.69 ,23.7 ,23.66 ,23.73 ,23.73 ,23.65 ,23.58 ,23.61 ,23.63 ,23.62 ,23.68 ,23.6 ,23.65 ,23.71 ,23.62 ,23.52 ,23.57 ,23.46 ,23.45 ,23.55 ,23.6 ,23.6 ,23.58 ,23.56 ,23.52 ,23.49 ,23.59 ,23.55 ,23.53 ,23.55 ,23.5 ,23.52 ,23.53 ,23.63 ,23.64 ,23.65 ,23.69 ,23.69 ,23.66 ,23.82 ,23.77 ,23.66 ,23.7 ,23.73 ,23.81 ,23.74 ,23.69 ,23.77 ,23.73 ,23.63 ,23.69 ,23.66 ,23.68 ,23.62 ,23.6 ,23.66 ,23.64 ,23.61 ,23.7 ,23.64 ,23.54 ,23.63 ,23.69 ,23.64 ,23.68 ,23.69 ,23.69 ,23.67 ,23.6 ,23.64 ,23.73 ,23.6 ,23.62 ,23.71 ,23.71 ,23.61 ,23.59 ,23.56 ,23.55 ,23.58 ,23.7 ,23.68 ,23.64 ,23.7 ,23.75 ,23.7 ,23.7 ,23.63 ,23.69 ,23.77 ,23.78 ,23.82 ,23.72 ,23.71 ,23.69 ,23.68 ,23.66 ,23.71 ,23.72 ,23.64 ,23.7 ,23.67 ,23.65 ,23.63 ,23.64 ,23.66 ,23.64 ,23.69 ,23.67 ,23.66 ,23.64 ,23.58 ,23.48 ,23.61 ,23.5 ,23.52 ,23.5 ,23.51 ,23.6 ,23.51 ,23.58 ,23.56 ,23.57 ,23.54 ,23.55 ,23.41 ,23.45 ,23.55 ,23.56 ,23.43 ,23.36 ,23.34 ,23.48 ,23.51 ,23.4 ,23.34 ,23.35 ,23.41 ,23.55 ,23.53 ,23.5 ,23.5 ,23.46 ,23.34 ,23.33 ,23.41 ,23.31 ,23.27 ,23.3 ,23.3 ,23.31 ,23.25 ,23.17 ,23.22 ,23.27 ,23.29 ,23.3 ,23.22 ,23.24 ,23.28 ,23.2 ,23.28 ,23.27 ,23.24 ,23.21 ,23.12 ,23.24 ,23.32 ,23.29 ,23.28 ,23.22 ,23.2 ,23.19 ,23.17 ,23.33 ,23.35 ,23.22 ,23.31 ,23.29 ,23.31 ,23.22 ,23.19 ,23.26 ,23.15 ,23.27 ,23.17 ,23.16 ,23.1 ,22.99 ,22.98 ,23.05 ,22.99 ,23.06 ,23.11 ,23.02 ,22.94 ,22.92 ,22.97 ,22.88 ,22.95 ,22.87 ,22.86 ,22.91 ,22.79 ,22.9 ,22.96 ,22.9 ,22.76 ,22.86 ,22.88 ,22.84 ,22.83 ,22.78 ,22.88 ,22.91 ,22.79 ,22.85 ,22.87 ,22.7 ,22.76 ,22.75 ,22.7 ,22.65 ,22.64 ,
54,22.76 ,22.7 ,22.86 ,23.07 ,23.06 ,23.09 ,23.22 ,23.31 ,23.18 ,23.28 ,23.27 ,23.37 ,23.52 ,23.41 ,23.48 ,23.49 ,23.44 ,23.5 ,23.39 ,23.37 ,23.37 ,23.47 ,23.45 ,23.27 ,23.31 ,23.43 ,23.46 ,23.37 ,23.33 ,23.35 ,23.46 ,23.48 ,23.47 ,23.42 ,23.45 ,23.4 ,23.44 ,23.5 ,23.48 ,23.38 ,23.35 ,23.37 ,23.33 ,23.35 ,23.36 ,23.41 ,23.4 ,23.48 ,23.48 ,23.46 ,23.45 ,23.53 ,23.47 ,23.43 ,23.37 ,23.31 ,23.44 ,23.48 ,23.43 ,23.44 ,23.32 ,23.45 ,23.5 ,23.57 ,23.58 ,23.37 ,23.48 ,23.59 ,23.44 ,23.5 ,23.54 ,23.55 ,23.59 ,23.56 ,23.5 ,23.63 ,23.64 ,23.65 ,23.6 ,23.48 ,23.49 ,23.55 ,23.62 ,23.65 ,23.62 ,23.63 ,23.59 ,23.51 ,23.53 ,23.54 ,23.42 ,23.5 ,23.58 ,23.55 ,23.52 ,23.57 ,23.55 ,23.45 ,23.49 ,23.57 ,23.53 ,23.52 ,23.51 ,23.52 ,23.62 ,23.56 ,23.45 ,23.46 ,23.59 ,23.58 ,23.55 ,23.53 ,23.49 ,23.5 ,23.59 ,23.52 ,23.58 ,23.52 ,23.61 ,23.66 ,23.61 ,23.63 ,23.63 ,23.65 ,23.57 ,23.5 ,23.6 ,23.66 ,23.52 ,23.42 ,23.49 ,23.55 ,23.53 ,23.51 ,23.45 ,23.43 ,23.43 ,23.52 ,23.45 ,23.42 ,23.52 ,23.51 ,23.46 ,23.54 ,23.52 ,23.51 ,23.62 ,23.5 ,23.62 ,23.68 ,23.64 ,23.68 ,23.66 ,23.63 ,23.59 ,23.7 ,23.7 ,23.66 ,23.68 ,23.73 ,23.76 ,23.7 ,23.67 ,23.66 ,23.64 ,23.71 ,23.72 ,23.83 ,23.7 ,23.66 ,23.71 ,23.74 ,23.69 ,23.77 ,23.77 ,23.64 ,23.67 ,23.82 ,23.82 ,23.8 ,23.83 ,23.93 ,23.79 ,23.69 ,23.68 ,23.76 ,23.74 ,23.79 ,23.73 ,23.71 ,23.77 ,23.76 ,23.69 ,23.77 ,23.78 ,23.73 ,23.7 ,23.77 ,23.73 ,23.67 ,23.76 ,23.72 ,23.68 ,23.75 ,23.73 ,23.8 ,23.68 ,23.69 ,23.74 ,23.67 ,23.76 ,23.82 ,23.71 ,23.71 ,23.75 ,23.78 ,23.79 ,23.86 ,23.8 ,23.73 ,23.86 ,23.81 ,23.65 ,23.69 ,23.75 ,23.77 ,23.81 ,23.74 ,23.71 ,23.71 ,23.71 ,23.84 ,23.92 ,23.79 ,23.75 ,23.85 ,23.87 ,23.74 ,23.76 ,23.81 ,23.71 ,23.72 ,23.73 ,23.77 ,23.8 ,23.79 ,23.76 ,23.77 ,23.79 ,23.73 ,23.73 ,23.75 ,23.75 ,23.78 ,23.9 ,23.87 ,23.79 ,23.88 ,23.83 ,23.78 ,23.69 ,23.77 ,23.8 ,23.75 ,23.82 ,23.87 ,23.86 ,23.78 ,23.76 ,23.74 ,23.63 ,23.63 ,23.67 ,23.84 ,23.81 ,23.74 ,23.77 ,23.7 ,23.64 ,23.58 ,23.63 ,23.71 ,23.76 ,23.76 ,23.7 ,23.68 ,23.65 ,23.64 ,23.65 ,23.71 ,23.83 ,23.89 ,23.78 ,23.73 ,23.71 ,23.75 ,23.74 ,23.83 ,23.77 ,23.79 ,23.75 ,23.65 ,23.62 ,23.57 ,23.62 ,23.74 ,23.61 ,23.54 ,23.67 ,23.66 ,23.7 ,23.74 ,23.77 ,23.7 ,23.69 ,23.7 ,23.7 ,23.64 ,23.63 ,23.68 ,23.63 ,23.63 ,23.65 ,23.61 ,23.67 ,23.69 ,23.67 ,23.68 ,23.74 ,23.71 ,23.68 ,23.68 ,23.56 ,23.57 ,23.64 ,23.62 ,23.62 ,23.64 ,23.58 ,23.58 ,23.58 ,23.61 ,23.55 ,23.56 ,23.59 ,23.52 ,23.6 ,23.6 ,23.66 ,23.62 ,23.6 ,23.68 ,23.61 ,23.57 ,23.54 ,23.56 ,23.56 ,23.54 ,23.55 ,23.62 ,23.57 ,23.58 ,23.66 ,23.65 ,23.78 ,23.7 ,23.76 ,23.83 ,23.85 ,23.75 ,23.7 ,23.71 ,23.77 ,23.77 ,23.79 ,23.74 ,23.75 ,23.79 ,23.79 ,23.69 ,23.66 ,23.72 ,23.78 ,23.91 ,23.89 ,23.85 ,23.75 ,23.73 ,23.82 ,23.86 ,23.8 ,23.76 ,23.76 ,23.7 ,23.71 ,23.71 ,23.73 ,23.76 ,23.76 ,23.78 ,23.76 ,23.74 ,23.74 ,23.76 ,23.74 ,23.66 ,23.69 ,23.72 ,23.74 ,23.74 ,23.68 ,23.64 ,23.67 ,23.76 ,23.74 ,23.72 ,23.71 ,23.72 ,23.64 ,23.66 ,23.63 ,23.58 ,23.61 ,23.63 ,23.58 ,23.58 ,23.74 ,23.68 ,23.66 ,23.64 ,23.59 ,23.5 ,23.5 ,23.54 ,23.41 ,23.46 ,23.58 ,23.56 ,23.55 ,23.59 ,23.65 ,23.61 ,23.56 ,23.54 ,23.45 ,23.51 ,23.51 ,23.52 ,23.54 ,23.64 ,23.66 ,23.65 ,23.62 ,23.7 ,23.57 ,23.71 ,23.8 ,23.64 ,23.57 ,23.66 ,23.71 ,23.71 ,23.68 ,23.68 ,23.67 ,23.57 ,23.63 ,23.66 ,23.63 ,23.65 ,23.54 ,23.65 ,23.59 ,23.54 ,23.64 ,23.68 ,23.59 ,23.64 ,23.63 ,23.65 ,23.69 ,23.67 ,23.7 ,23.71 ,23.64 ,23.61 ,23.68 ,23.73 ,23.64 ,23.65 ,23.66 ,23.62 ,23.55 ,23.62 ,23.58 ,23.61 ,23.57 ,23.64 ,23.73 ,23.72 ,23.74 ,23.76 ,23.7 ,23.66 ,23.68 ,23.78 ,23.73 ,23.85 ,23.78 ,23.69 ,23.66 ,23.63 ,23.64 ,23.7 ,23.75 ,23.61 ,23.66 ,23.69 ,23.66 ,23.62 ,23.61 ,23.63 ,23.59 ,23.68 ,23.77 ,23.75 ,23.64 ,23.6 ,23.63 ,23.69 ,23.67 ,23.58 ,23.54 ,23.57 ,23.68 ,23.57 ,23.44 ,23.52 ,23.59 ,23.64 ,23.58 ,23.49 ,23.38 ,23.51 ,23.48 ,23.43 ,23.37 ,23.42 ,23.52 ,23.45 ,23.27 ,23.29 ,23.24 ,23.27 ,23.43 ,23.48 ,23.48 ,23.48 ,23.44 ,23.43 ,23.44 ,23.43 ,23.4 ,23.21 ,23.23 ,23.33 ,23.31 ,23.29 ,23.25 ,23.22 ,23.26 ,23.25 ,23.25 ,23.3 ,23.19 ,23.23 ,23.25 ,23.27 ,23.29 ,23.27 ,23.16 ,23.18 ,23.29 ,23.36 ,23.27 ,23.24 ,23.21 ,23.29 ,23.18 ,23.17 ,23.23 ,23.34 ,23.23 ,23.15 ,23.12 ,23.19 ,23.22 ,23.14 ,23.21 ,23.17 ,23.13 ,23.19 ,23.21 ,23.12 ,23.02 ,23.06 ,23.02 ,23.04 ,23.12 ,23.16 ,23 ,22.91 ,22.96 ,23.01 ,22.97 ,22.99 ,22.9 ,22.84 ,22.77 ,22.8 ,22.87 ,22.92 ,22.87 ,22.78 ,22.84 ,22.96 ,22.9 ,22.88 ,22.78 ,22.81 ,22.89 ,22.87 ,22.92 ,22.8 ,22.69 ,22.76 ,22.81 ,22.72 ,22.72 ,22.72 ,
55,22.9 ,22.76 ,22.89 ,23 ,23.07 ,23.06 ,23.21 ,23.3 ,23.22 ,23.17 ,23.23 ,23.37 ,23.53 ,23.45 ,23.5 ,23.44 ,23.41 ,23.44 ,23.48 ,23.36 ,23.29 ,23.45 ,23.49 ,23.32 ,23.32 ,23.34 ,23.41 ,23.35 ,23.41 ,23.46 ,23.44 ,23.42 ,23.51 ,23.51 ,23.42 ,23.39 ,23.39 ,23.45 ,23.48 ,23.5 ,23.46 ,23.39 ,23.38 ,23.39 ,23.41 ,23.41 ,23.48 ,23.54 ,23.5 ,23.41 ,23.32 ,23.38 ,23.49 ,23.45 ,23.4 ,23.42 ,23.49 ,23.56 ,23.5 ,23.44 ,23.44 ,23.52 ,23.52 ,23.52 ,23.61 ,23.46 ,23.44 ,23.51 ,23.42 ,23.44 ,23.49 ,23.47 ,23.55 ,23.6 ,23.55 ,23.55 ,23.62 ,23.61 ,23.56 ,23.44 ,23.49 ,23.51 ,23.48 ,23.55 ,23.63 ,23.59 ,23.6 ,23.63 ,23.59 ,23.52 ,23.54 ,23.5 ,23.54 ,23.57 ,23.45 ,23.51 ,23.51 ,23.45 ,23.52 ,23.57 ,23.52 ,23.51 ,23.52 ,23.56 ,23.61 ,23.6 ,23.54 ,23.5 ,23.62 ,23.65 ,23.54 ,23.42 ,23.49 ,23.53 ,23.51 ,23.58 ,23.6 ,23.6 ,23.59 ,23.67 ,23.6 ,23.56 ,23.59 ,23.58 ,23.54 ,23.49 ,23.52 ,23.63 ,23.57 ,23.49 ,23.5 ,23.64 ,23.51 ,23.48 ,23.39 ,23.35 ,23.37 ,23.47 ,23.54 ,23.6 ,23.49 ,23.47 ,23.51 ,23.46 ,23.46 ,23.52 ,23.59 ,23.63 ,23.72 ,23.76 ,23.68 ,23.72 ,23.65 ,23.63 ,23.69 ,23.67 ,23.6 ,23.62 ,23.67 ,23.65 ,23.69 ,23.65 ,23.7 ,23.69 ,23.66 ,23.69 ,23.75 ,23.78 ,23.67 ,23.61 ,23.72 ,23.76 ,23.63 ,23.72 ,23.77 ,23.7 ,23.67 ,23.78 ,23.85 ,23.8 ,23.78 ,23.87 ,23.83 ,23.72 ,23.8 ,23.77 ,23.75 ,23.73 ,23.76 ,23.73 ,23.82 ,23.76 ,23.7 ,23.68 ,23.73 ,23.79 ,23.76 ,23.82 ,23.75 ,23.75 ,23.8 ,23.73 ,23.74 ,23.73 ,23.74 ,23.7 ,23.68 ,23.71 ,23.73 ,23.8 ,23.8 ,23.8 ,23.7 ,23.71 ,23.76 ,23.84 ,23.89 ,23.76 ,23.69 ,23.73 ,23.85 ,23.87 ,23.75 ,23.77 ,23.83 ,23.82 ,23.83 ,23.75 ,23.73 ,23.8 ,23.8 ,23.86 ,23.92 ,23.85 ,23.78 ,23.86 ,23.83 ,23.83 ,23.81 ,23.85 ,23.8 ,23.78 ,23.76 ,23.77 ,23.83 ,23.77 ,23.76 ,23.73 ,23.77 ,23.76 ,23.77 ,23.71 ,23.75 ,23.76 ,23.85 ,23.88 ,23.87 ,23.85 ,23.77 ,23.88 ,23.82 ,23.76 ,23.86 ,23.8 ,23.82 ,23.85 ,23.81 ,23.84 ,23.85 ,23.82 ,23.73 ,23.74 ,23.73 ,23.79 ,23.82 ,23.74 ,23.71 ,23.67 ,23.59 ,23.6 ,23.65 ,23.71 ,23.73 ,23.78 ,23.8 ,23.76 ,23.7 ,23.63 ,23.63 ,23.68 ,23.82 ,23.75 ,23.75 ,23.71 ,23.68 ,23.81 ,23.9 ,23.81 ,23.73 ,23.75 ,23.73 ,23.67 ,23.61 ,23.55 ,23.57 ,23.67 ,23.61 ,23.53 ,23.58 ,23.65 ,23.66 ,23.77 ,23.77 ,23.66 ,23.68 ,23.62 ,23.63 ,23.64 ,23.67 ,23.76 ,23.74 ,23.69 ,23.73 ,23.74 ,23.68 ,23.65 ,23.74 ,23.7 ,23.73 ,23.71 ,23.65 ,23.62 ,23.6 ,23.61 ,23.65 ,23.58 ,23.55 ,23.61 ,23.67 ,23.63 ,23.6 ,23.59 ,23.54 ,23.54 ,23.64 ,23.64 ,23.54 ,23.61 ,23.62 ,23.67 ,23.6 ,23.62 ,23.63 ,23.48 ,23.48 ,23.5 ,23.56 ,23.61 ,23.58 ,23.59 ,23.6 ,23.66 ,23.76 ,23.64 ,23.73 ,23.71 ,23.72 ,23.77 ,23.85 ,23.81 ,23.78 ,23.7 ,23.8 ,23.77 ,23.77 ,23.75 ,23.76 ,23.76 ,23.78 ,23.74 ,23.73 ,23.74 ,23.79 ,23.83 ,23.83 ,23.79 ,23.77 ,23.82 ,23.82 ,23.88 ,23.82 ,23.8 ,23.67 ,23.65 ,23.67 ,23.76 ,23.74 ,23.75 ,23.74 ,23.76 ,23.73 ,23.81 ,23.76 ,23.71 ,23.72 ,23.7 ,23.69 ,23.68 ,23.72 ,23.71 ,23.72 ,23.62 ,23.68 ,23.76 ,23.71 ,23.62 ,23.67 ,23.71 ,23.55 ,23.56 ,23.54 ,23.52 ,23.64 ,23.74 ,23.69 ,23.67 ,23.7 ,23.64 ,23.69 ,23.65 ,23.54 ,23.55 ,23.55 ,23.51 ,23.51 ,23.46 ,23.5 ,23.52 ,23.56 ,23.56 ,23.66 ,23.61 ,23.5 ,23.54 ,23.44 ,23.47 ,23.47 ,23.47 ,23.51 ,23.59 ,23.53 ,23.62 ,23.6 ,23.62 ,23.62 ,23.64 ,23.63 ,23.7 ,23.57 ,23.56 ,23.58 ,23.66 ,23.67 ,23.6 ,23.59 ,23.57 ,23.59 ,23.56 ,23.62 ,23.62 ,23.53 ,23.66 ,23.69 ,23.64 ,23.63 ,23.7 ,23.61 ,23.62 ,23.58 ,23.67 ,23.79 ,23.66 ,23.63 ,23.67 ,23.63 ,23.57 ,23.58 ,23.72 ,23.65 ,23.64 ,23.69 ,23.76 ,23.72 ,23.67 ,23.68 ,23.62 ,23.63 ,23.64 ,23.71 ,23.71 ,23.72 ,23.72 ,23.73 ,23.65 ,23.66 ,23.73 ,23.69 ,23.79 ,23.8 ,23.64 ,23.67 ,23.65 ,23.59 ,23.68 ,23.78 ,23.7 ,23.68 ,23.72 ,23.67 ,23.56 ,23.62 ,23.72 ,23.64 ,23.61 ,23.63 ,23.68 ,23.65 ,23.63 ,23.66 ,23.76 ,23.73 ,23.6 ,23.56 ,23.67 ,23.69 ,23.62 ,23.56 ,23.58 ,23.61 ,23.52 ,23.51 ,23.48 ,23.46 ,23.58 ,23.53 ,23.43 ,23.31 ,23.35 ,23.31 ,23.33 ,23.29 ,23.27 ,23.27 ,23.1 ,23.29 ,23.41 ,23.39 ,23.42 ,23.39 ,23.45 ,23.48 ,23.46 ,23.38 ,23.28 ,23.28 ,23.35 ,23.31 ,23.15 ,23.19 ,23.26 ,23.21 ,23.26 ,23.2 ,23.28 ,23.24 ,23.24 ,23.26 ,23.32 ,23.32 ,23.29 ,23.16 ,23.14 ,23.29 ,23.3 ,23.22 ,23.2 ,23.2 ,23.27 ,23.23 ,23.24 ,23.23 ,23.25 ,23.24 ,23.31 ,23.2 ,23.16 ,23.19 ,23.24 ,23.22 ,23.1 ,23.15 ,23.23 ,23.26 ,23.13 ,23.28 ,23.12 ,23.01 ,23.02 ,23.02 ,23.14 ,23.04 ,22.93 ,22.92 ,22.99 ,22.96 ,22.98 ,22.93 ,22.96 ,22.93 ,22.76 ,22.76 ,22.82 ,22.84 ,22.82 ,22.78 ,22.77 ,22.84 ,22.89 ,22.83 ,22.77 ,22.9 ,22.96 ,22.94 ,22.85 ,22.7 ,22.67 ,22.75 ,22.79 ,22.71 ,22.73 ,
56,22.97 ,22.83 ,22.9 ,23 ,22.99 ,23.03 ,23.19 ,23.23 ,23.22 ,23.19 ,23.23 ,23.39 ,23.49 ,23.5 ,23.55 ,23.53 ,23.45 ,23.41 ,23.47 ,23.38 ,23.33 ,23.41 ,23.47 ,23.3 ,23.4 ,23.41 ,23.4 ,23.43 ,23.4 ,23.42 ,23.45 ,23.45 ,23.45 ,23.54 ,23.49 ,23.42 ,23.41 ,23.47 ,23.45 ,23.45 ,23.45 ,23.41 ,23.46 ,23.42 ,23.46 ,23.46 ,23.5 ,23.57 ,23.52 ,23.47 ,23.42 ,23.39 ,23.5 ,23.49 ,23.39 ,23.45 ,23.5 ,23.49 ,23.52 ,23.44 ,23.43 ,23.49 ,23.46 ,23.48 ,23.53 ,23.5 ,23.45 ,23.46 ,23.42 ,23.45 ,23.44 ,23.44 ,23.54 ,23.58 ,23.56 ,23.57 ,23.63 ,23.61 ,23.53 ,23.5 ,23.51 ,23.45 ,23.41 ,23.49 ,23.63 ,23.62 ,23.59 ,23.57 ,23.56 ,23.36 ,23.48 ,23.49 ,23.49 ,23.58 ,23.51 ,23.58 ,23.55 ,23.5 ,23.53 ,23.58 ,23.63 ,23.57 ,23.58 ,23.56 ,23.6 ,23.55 ,23.5 ,23.48 ,23.59 ,23.64 ,23.57 ,23.5 ,23.53 ,23.58 ,23.55 ,23.52 ,23.52 ,23.6 ,23.69 ,23.64 ,23.64 ,23.54 ,23.57 ,23.65 ,23.62 ,23.57 ,23.6 ,23.65 ,23.59 ,23.5 ,23.5 ,23.59 ,23.51 ,23.44 ,23.41 ,23.38 ,23.42 ,23.51 ,23.55 ,23.62 ,23.56 ,23.52 ,23.51 ,23.52 ,23.51 ,23.58 ,23.62 ,23.62 ,23.67 ,23.69 ,23.7 ,23.64 ,23.63 ,23.73 ,23.62 ,23.69 ,23.61 ,23.65 ,23.64 ,23.66 ,23.7 ,23.6 ,23.58 ,23.69 ,23.69 ,23.74 ,23.76 ,23.76 ,23.63 ,23.64 ,23.72 ,23.71 ,23.62 ,23.62 ,23.76 ,23.78 ,23.71 ,23.77 ,23.79 ,23.7 ,23.75 ,23.81 ,23.85 ,23.79 ,23.79 ,23.73 ,23.79 ,23.7 ,23.75 ,23.78 ,23.8 ,23.72 ,23.68 ,23.69 ,23.68 ,23.76 ,23.71 ,23.84 ,23.84 ,23.79 ,23.78 ,23.79 ,23.77 ,23.79 ,23.7 ,23.71 ,23.68 ,23.72 ,23.79 ,23.79 ,23.77 ,23.73 ,23.72 ,23.74 ,23.77 ,23.78 ,23.83 ,23.75 ,23.7 ,23.73 ,23.82 ,23.8 ,23.79 ,23.77 ,23.81 ,23.81 ,23.79 ,23.74 ,23.74 ,23.75 ,23.76 ,23.8 ,23.84 ,23.74 ,23.72 ,23.86 ,23.88 ,23.8 ,23.79 ,23.81 ,23.78 ,23.79 ,23.83 ,23.79 ,23.74 ,23.79 ,23.78 ,23.73 ,23.78 ,23.81 ,23.84 ,23.76 ,23.78 ,23.83 ,23.85 ,23.83 ,23.81 ,23.84 ,23.79 ,23.84 ,23.85 ,23.79 ,23.88 ,23.83 ,23.78 ,23.82 ,23.79 ,23.81 ,23.85 ,23.78 ,23.74 ,23.74 ,23.79 ,23.86 ,23.85 ,23.78 ,23.78 ,23.72 ,23.67 ,23.65 ,23.67 ,23.67 ,23.71 ,23.83 ,23.82 ,23.77 ,23.71 ,23.63 ,23.63 ,23.68 ,23.83 ,23.79 ,23.71 ,23.65 ,23.66 ,23.78 ,23.88 ,23.82 ,23.71 ,23.72 ,23.73 ,23.74 ,23.64 ,23.57 ,23.61 ,23.68 ,23.64 ,23.6 ,23.59 ,23.61 ,23.69 ,23.78 ,23.73 ,23.64 ,23.7 ,23.6 ,23.55 ,23.62 ,23.65 ,23.74 ,23.76 ,23.7 ,23.74 ,23.82 ,23.72 ,23.62 ,23.71 ,23.69 ,23.64 ,23.65 ,23.67 ,23.63 ,23.61 ,23.61 ,23.66 ,23.6 ,23.61 ,23.65 ,23.7 ,23.66 ,23.64 ,23.6 ,23.6 ,23.6 ,23.63 ,23.65 ,23.62 ,23.66 ,23.66 ,23.63 ,23.63 ,23.65 ,23.66 ,23.64 ,23.55 ,23.54 ,23.59 ,23.62 ,23.57 ,23.6 ,23.62 ,23.69 ,23.77 ,23.66 ,23.69 ,23.8 ,23.75 ,23.8 ,23.86 ,23.79 ,23.81 ,23.71 ,23.73 ,23.76 ,23.73 ,23.74 ,23.8 ,23.74 ,23.8 ,23.81 ,23.82 ,23.79 ,23.69 ,23.81 ,23.82 ,23.8 ,23.74 ,23.76 ,23.8 ,23.84 ,23.79 ,23.78 ,23.73 ,23.63 ,23.64 ,23.62 ,23.7 ,23.72 ,23.72 ,23.7 ,23.75 ,23.83 ,23.81 ,23.71 ,23.69 ,23.66 ,23.68 ,23.7 ,23.74 ,23.71 ,23.73 ,23.68 ,23.66 ,23.72 ,23.67 ,23.65 ,23.62 ,23.58 ,23.6 ,23.55 ,23.54 ,23.59 ,23.68 ,23.74 ,23.66 ,23.65 ,23.68 ,23.67 ,23.68 ,23.64 ,23.62 ,23.7 ,23.57 ,23.58 ,23.54 ,23.46 ,23.47 ,23.54 ,23.49 ,23.52 ,23.6 ,23.56 ,23.55 ,23.51 ,23.49 ,23.52 ,23.53 ,23.5 ,23.47 ,23.54 ,23.54 ,23.63 ,23.64 ,23.61 ,23.58 ,23.64 ,23.57 ,23.59 ,23.53 ,23.61 ,23.63 ,23.64 ,23.6 ,23.53 ,23.63 ,23.59 ,23.49 ,23.56 ,23.59 ,23.63 ,23.54 ,23.58 ,23.7 ,23.72 ,23.76 ,23.7 ,23.63 ,23.67 ,23.63 ,23.7 ,23.77 ,23.66 ,23.59 ,23.61 ,23.6 ,23.62 ,23.58 ,23.54 ,23.59 ,23.65 ,23.68 ,23.8 ,23.77 ,23.75 ,23.7 ,23.66 ,23.7 ,23.71 ,23.64 ,23.75 ,23.76 ,23.69 ,23.73 ,23.67 ,23.67 ,23.73 ,23.67 ,23.68 ,23.73 ,23.65 ,23.57 ,23.59 ,23.67 ,23.69 ,23.77 ,23.76 ,23.66 ,23.64 ,23.64 ,23.54 ,23.53 ,23.61 ,23.66 ,23.66 ,23.56 ,23.6 ,23.56 ,23.56 ,23.63 ,23.67 ,23.71 ,23.66 ,23.58 ,23.57 ,23.6 ,23.55 ,23.56 ,23.63 ,23.55 ,23.5 ,23.38 ,23.4 ,23.44 ,23.55 ,23.55 ,23.41 ,23.26 ,23.3 ,23.32 ,23.31 ,23.34 ,23.28 ,23.25 ,23.2 ,23.3 ,23.37 ,23.26 ,23.44 ,23.47 ,23.49 ,23.4 ,23.36 ,23.28 ,23.21 ,23.21 ,23.27 ,23.28 ,23.16 ,23.18 ,23.33 ,23.25 ,23.31 ,23.27 ,23.18 ,23.17 ,23.19 ,23.19 ,23.26 ,23.37 ,23.35 ,23.14 ,23.23 ,23.32 ,23.3 ,23.28 ,23.25 ,23.2 ,23.24 ,23.22 ,23.16 ,23.22 ,23.18 ,23.3 ,23.37 ,23.29 ,23.25 ,23.26 ,23.33 ,23.32 ,23.11 ,23.13 ,23.19 ,23.28 ,23.17 ,23.22 ,23.21 ,23.11 ,23.19 ,23.1 ,23.11 ,23.07 ,22.96 ,22.89 ,23.02 ,23 ,22.95 ,22.86 ,22.9 ,22.9 ,22.81 ,22.87 ,22.83 ,22.8 ,22.84 ,22.78 ,22.77 ,22.8 ,22.85 ,22.79 ,22.79 ,22.83 ,22.86 ,22.84 ,22.88 ,22.68 ,22.7 ,22.77 ,22.83 ,22.7 ,22.59 ,
57,22.88 ,22.84 ,22.89 ,22.96 ,22.93 ,23.06 ,23.17 ,23.16 ,23.09 ,23.28 ,23.32 ,23.41 ,23.57 ,23.51 ,23.54 ,23.57 ,23.48 ,23.47 ,23.36 ,23.43 ,23.38 ,23.43 ,23.54 ,23.37 ,23.42 ,23.49 ,23.37 ,23.48 ,23.4 ,23.46 ,23.43 ,23.49 ,23.49 ,23.49 ,23.44 ,23.41 ,23.4 ,23.46 ,23.42 ,23.36 ,23.37 ,23.38 ,23.42 ,23.44 ,23.37 ,23.52 ,23.48 ,23.61 ,23.5 ,23.45 ,23.46 ,23.43 ,23.48 ,23.5 ,23.44 ,23.49 ,23.5 ,23.45 ,23.47 ,23.48 ,23.46 ,23.47 ,23.49 ,23.51 ,23.49 ,23.48 ,23.51 ,23.53 ,23.52 ,23.5 ,23.51 ,23.43 ,23.59 ,23.58 ,23.52 ,23.58 ,23.6 ,23.6 ,23.58 ,23.55 ,23.58 ,23.51 ,23.54 ,23.5 ,23.52 ,23.54 ,23.54 ,23.52 ,23.48 ,23.41 ,23.44 ,23.47 ,23.5 ,23.62 ,23.54 ,23.45 ,23.5 ,23.39 ,23.42 ,23.52 ,23.58 ,23.61 ,23.61 ,23.58 ,23.58 ,23.54 ,23.52 ,23.47 ,23.61 ,23.61 ,23.56 ,23.55 ,23.48 ,23.53 ,23.47 ,23.49 ,23.5 ,23.54 ,23.69 ,23.69 ,23.62 ,23.65 ,23.68 ,23.68 ,23.64 ,23.56 ,23.61 ,23.66 ,23.72 ,23.48 ,23.44 ,23.53 ,23.47 ,23.49 ,23.54 ,23.49 ,23.5 ,23.53 ,23.62 ,23.58 ,23.51 ,23.47 ,23.48 ,23.42 ,23.52 ,23.63 ,23.64 ,23.7 ,23.56 ,23.62 ,23.66 ,23.65 ,23.61 ,23.66 ,23.67 ,23.63 ,23.62 ,23.66 ,23.66 ,23.7 ,23.74 ,23.64 ,23.63 ,23.68 ,23.66 ,23.71 ,23.72 ,23.73 ,23.57 ,23.6 ,23.67 ,23.66 ,23.65 ,23.71 ,23.77 ,23.74 ,23.71 ,23.7 ,23.81 ,23.67 ,23.72 ,23.79 ,23.78 ,23.81 ,23.73 ,23.76 ,23.81 ,23.75 ,23.71 ,23.79 ,23.8 ,23.72 ,23.7 ,23.73 ,23.72 ,23.76 ,23.68 ,23.62 ,23.75 ,23.71 ,23.75 ,23.64 ,23.76 ,23.78 ,23.68 ,23.73 ,23.78 ,23.78 ,23.81 ,23.8 ,23.66 ,23.7 ,23.77 ,23.76 ,23.81 ,23.83 ,23.79 ,23.81 ,23.76 ,23.76 ,23.74 ,23.77 ,23.8 ,23.79 ,23.79 ,23.8 ,23.75 ,23.76 ,23.72 ,23.7 ,23.65 ,23.72 ,23.82 ,23.77 ,23.75 ,23.88 ,23.88 ,23.76 ,23.74 ,23.76 ,23.71 ,23.78 ,23.83 ,23.83 ,23.77 ,23.75 ,23.74 ,23.71 ,23.76 ,23.81 ,23.83 ,23.74 ,23.81 ,23.86 ,23.81 ,23.81 ,23.84 ,23.78 ,23.78 ,23.79 ,23.79 ,23.81 ,23.91 ,23.81 ,23.8 ,23.85 ,23.8 ,23.82 ,23.82 ,23.71 ,23.67 ,23.72 ,23.67 ,23.79 ,23.81 ,23.76 ,23.77 ,23.71 ,23.69 ,23.66 ,23.64 ,23.59 ,23.73 ,23.79 ,23.78 ,23.78 ,23.77 ,23.66 ,23.63 ,23.78 ,23.82 ,23.81 ,23.74 ,23.67 ,23.7 ,23.8 ,23.83 ,23.83 ,23.76 ,23.77 ,23.74 ,23.78 ,23.73 ,23.64 ,23.59 ,23.64 ,23.65 ,23.64 ,23.58 ,23.59 ,23.68 ,23.76 ,23.72 ,23.65 ,23.65 ,23.65 ,23.55 ,23.67 ,23.67 ,23.72 ,23.69 ,23.73 ,23.73 ,23.75 ,23.7 ,23.58 ,23.64 ,23.6 ,23.64 ,23.65 ,23.67 ,23.68 ,23.57 ,23.62 ,23.65 ,23.51 ,23.57 ,23.68 ,23.69 ,23.66 ,23.67 ,23.65 ,23.58 ,23.65 ,23.63 ,23.59 ,23.58 ,23.67 ,23.69 ,23.69 ,23.63 ,23.62 ,23.65 ,23.64 ,23.59 ,23.55 ,23.52 ,23.57 ,23.56 ,23.61 ,23.7 ,23.73 ,23.7 ,23.65 ,23.79 ,23.85 ,23.71 ,23.75 ,23.83 ,23.77 ,23.74 ,23.75 ,23.75 ,23.71 ,23.74 ,23.69 ,23.75 ,23.75 ,23.81 ,23.76 ,23.74 ,23.74 ,23.73 ,23.78 ,23.78 ,23.77 ,23.75 ,23.76 ,23.77 ,23.79 ,23.75 ,23.76 ,23.81 ,23.66 ,23.67 ,23.69 ,23.74 ,23.79 ,23.72 ,23.67 ,23.76 ,23.77 ,23.75 ,23.75 ,23.7 ,23.64 ,23.62 ,23.73 ,23.78 ,23.71 ,23.77 ,23.72 ,23.66 ,23.76 ,23.7 ,23.53 ,23.54 ,23.51 ,23.44 ,23.58 ,23.64 ,23.61 ,23.65 ,23.72 ,23.55 ,23.59 ,23.66 ,23.68 ,23.63 ,23.62 ,23.59 ,23.63 ,23.55 ,23.53 ,23.62 ,23.59 ,23.4 ,23.51 ,23.44 ,23.54 ,23.56 ,23.6 ,23.56 ,23.48 ,23.49 ,23.53 ,23.56 ,23.52 ,23.45 ,23.52 ,23.56 ,23.58 ,23.59 ,23.58 ,23.63 ,23.65 ,23.59 ,23.56 ,23.54 ,23.58 ,23.69 ,23.73 ,23.58 ,23.61 ,23.7 ,23.7 ,23.58 ,23.54 ,23.55 ,23.58 ,23.59 ,23.55 ,23.64 ,23.72 ,23.76 ,23.7 ,23.59 ,23.7 ,23.7 ,23.69 ,23.7 ,23.64 ,23.61 ,23.64 ,23.63 ,23.66 ,23.66 ,23.58 ,23.52 ,23.63 ,23.61 ,23.72 ,23.64 ,23.64 ,23.69 ,23.7 ,23.75 ,23.64 ,23.57 ,23.74 ,23.78 ,23.74 ,23.7 ,23.75 ,23.75 ,23.72 ,23.72 ,23.68 ,23.62 ,23.59 ,23.61 ,23.61 ,23.66 ,23.7 ,23.7 ,23.71 ,23.62 ,23.54 ,23.56 ,23.62 ,23.5 ,23.53 ,23.53 ,23.61 ,23.58 ,23.55 ,23.51 ,23.51 ,23.6 ,23.6 ,23.6 ,23.62 ,23.61 ,23.52 ,23.53 ,23.55 ,23.51 ,23.56 ,23.55 ,23.45 ,23.43 ,23.43 ,23.48 ,23.51 ,23.53 ,23.39 ,23.2 ,23.31 ,23.36 ,23.32 ,23.32 ,23.27 ,23.27 ,23.23 ,23.21 ,23.31 ,23.37 ,23.38 ,23.45 ,23.43 ,23.38 ,23.35 ,23.23 ,23.15 ,23.23 ,23.3 ,23.17 ,23.15 ,23.29 ,23.35 ,23.28 ,23.27 ,23.31 ,23.32 ,23.29 ,23.23 ,23.25 ,23.27 ,23.26 ,23.33 ,23.18 ,23.2 ,23.28 ,23.32 ,23.25 ,23.33 ,23.25 ,23.22 ,23.29 ,23.15 ,23.07 ,23.18 ,23.33 ,23.35 ,23.29 ,23.2 ,23.23 ,23.3 ,23.2 ,23.1 ,23.13 ,23.1 ,23.19 ,23.21 ,23.16 ,23.15 ,23.13 ,23.08 ,23.12 ,23.21 ,23.08 ,22.95 ,22.89 ,22.96 ,22.97 ,23.05 ,22.98 ,22.89 ,22.8 ,22.76 ,22.78 ,22.87 ,22.81 ,22.85 ,22.84 ,22.76 ,22.8 ,22.88 ,22.76 ,22.8 ,22.76 ,22.83 ,22.77 ,22.82 ,22.75 ,22.73 ,22.81 ,22.79 ,22.77 ,22.68 ,
58,22.81 ,22.82 ,22.97 ,22.99 ,22.97 ,23.03 ,23.15 ,23.15 ,23.17 ,23.32 ,23.35 ,23.36 ,23.54 ,23.53 ,23.52 ,23.51 ,23.4 ,23.44 ,23.39 ,23.42 ,23.38 ,23.46 ,23.52 ,23.43 ,23.41 ,23.51 ,23.45 ,23.35 ,23.34 ,23.39 ,23.44 ,23.44 ,23.43 ,23.5 ,23.37 ,23.41 ,23.37 ,23.41 ,23.46 ,23.4 ,23.35 ,23.41 ,23.43 ,23.42 ,23.39 ,23.42 ,23.42 ,23.43 ,23.41 ,23.41 ,23.42 ,23.45 ,23.44 ,23.55 ,23.49 ,23.5 ,23.48 ,23.46 ,23.48 ,23.43 ,23.45 ,23.44 ,23.51 ,23.57 ,23.54 ,23.48 ,23.46 ,23.4 ,23.46 ,23.49 ,23.56 ,23.49 ,23.61 ,23.61 ,23.57 ,23.53 ,23.57 ,23.55 ,23.54 ,23.55 ,23.58 ,23.54 ,23.53 ,23.55 ,23.5 ,23.57 ,23.58 ,23.61 ,23.47 ,23.46 ,23.53 ,23.41 ,23.5 ,23.58 ,23.49 ,23.44 ,23.45 ,23.44 ,23.42 ,23.48 ,23.51 ,23.47 ,23.56 ,23.56 ,23.52 ,23.49 ,23.56 ,23.51 ,23.53 ,23.54 ,23.51 ,23.59 ,23.52 ,23.51 ,23.56 ,23.48 ,23.54 ,23.58 ,23.59 ,23.65 ,23.58 ,23.56 ,23.64 ,23.66 ,23.56 ,23.55 ,23.54 ,23.54 ,23.59 ,23.52 ,23.46 ,23.61 ,23.55 ,23.54 ,23.62 ,23.56 ,23.45 ,23.46 ,23.52 ,23.48 ,23.44 ,23.43 ,23.4 ,23.49 ,23.57 ,23.63 ,23.7 ,23.66 ,23.65 ,23.7 ,23.67 ,23.68 ,23.74 ,23.78 ,23.72 ,23.6 ,23.62 ,23.64 ,23.65 ,23.66 ,23.73 ,23.69 ,23.64 ,23.68 ,23.7 ,23.71 ,23.73 ,23.78 ,23.62 ,23.65 ,23.68 ,23.58 ,23.58 ,23.69 ,23.81 ,23.8 ,23.74 ,23.76 ,23.73 ,23.69 ,23.65 ,23.66 ,23.68 ,23.74 ,23.71 ,23.7 ,23.73 ,23.62 ,23.65 ,23.64 ,23.74 ,23.75 ,23.72 ,23.83 ,23.82 ,23.76 ,23.74 ,23.61 ,23.64 ,23.61 ,23.65 ,23.65 ,23.7 ,23.75 ,23.73 ,23.7 ,23.75 ,23.79 ,23.83 ,23.83 ,23.72 ,23.69 ,23.71 ,23.76 ,23.74 ,23.76 ,23.73 ,23.77 ,23.79 ,23.71 ,23.71 ,23.68 ,23.77 ,23.8 ,23.79 ,23.75 ,23.72 ,23.74 ,23.76 ,23.75 ,23.67 ,23.64 ,23.77 ,23.8 ,23.72 ,23.82 ,23.78 ,23.76 ,23.72 ,23.76 ,23.76 ,23.78 ,23.74 ,23.76 ,23.8 ,23.83 ,23.76 ,23.8 ,23.77 ,23.81 ,23.8 ,23.7 ,23.78 ,23.8 ,23.79 ,23.81 ,23.85 ,23.87 ,23.86 ,23.78 ,23.78 ,23.8 ,23.83 ,23.77 ,23.7 ,23.83 ,23.74 ,23.85 ,23.82 ,23.77 ,23.65 ,23.67 ,23.68 ,23.75 ,23.77 ,23.77 ,23.71 ,23.76 ,23.64 ,23.59 ,23.68 ,23.55 ,23.59 ,23.73 ,23.73 ,23.73 ,23.75 ,23.69 ,23.59 ,23.76 ,23.8 ,23.78 ,23.78 ,23.72 ,23.68 ,23.82 ,23.84 ,23.85 ,23.9 ,23.81 ,23.77 ,23.71 ,23.72 ,23.72 ,23.62 ,23.59 ,23.64 ,23.59 ,23.51 ,23.56 ,23.61 ,23.67 ,23.72 ,23.66 ,23.63 ,23.63 ,23.64 ,23.69 ,23.68 ,23.77 ,23.71 ,23.69 ,23.69 ,23.66 ,23.7 ,23.62 ,23.61 ,23.65 ,23.66 ,23.62 ,23.62 ,23.65 ,23.61 ,23.65 ,23.68 ,23.62 ,23.62 ,23.68 ,23.72 ,23.68 ,23.67 ,23.67 ,23.66 ,23.65 ,23.69 ,23.55 ,23.57 ,23.66 ,23.65 ,23.67 ,23.61 ,23.53 ,23.58 ,23.65 ,23.61 ,23.55 ,23.55 ,23.54 ,23.58 ,23.67 ,23.7 ,23.7 ,23.63 ,23.58 ,23.77 ,23.84 ,23.72 ,23.69 ,23.73 ,23.76 ,23.73 ,23.74 ,23.86 ,23.79 ,23.76 ,23.72 ,23.76 ,23.76 ,23.83 ,23.76 ,23.69 ,23.71 ,23.78 ,23.79 ,23.64 ,23.72 ,23.73 ,23.76 ,23.75 ,23.73 ,23.72 ,23.8 ,23.81 ,23.71 ,23.72 ,23.7 ,23.69 ,23.73 ,23.78 ,23.69 ,23.71 ,23.75 ,23.71 ,23.75 ,23.73 ,23.68 ,23.63 ,23.75 ,23.83 ,23.79 ,23.83 ,23.72 ,23.69 ,23.74 ,23.6 ,23.48 ,23.5 ,23.58 ,23.53 ,23.59 ,23.75 ,23.68 ,23.63 ,23.71 ,23.65 ,23.62 ,23.7 ,23.71 ,23.67 ,23.65 ,23.63 ,23.59 ,23.53 ,23.47 ,23.54 ,23.55 ,23.51 ,23.43 ,23.44 ,23.47 ,23.48 ,23.52 ,23.58 ,23.55 ,23.56 ,23.48 ,23.5 ,23.52 ,23.49 ,23.52 ,23.47 ,23.52 ,23.59 ,23.64 ,23.69 ,23.67 ,23.58 ,23.56 ,23.6 ,23.68 ,23.72 ,23.76 ,23.68 ,23.66 ,23.68 ,23.65 ,23.64 ,23.59 ,23.56 ,23.68 ,23.65 ,23.74 ,23.72 ,23.72 ,23.68 ,23.71 ,23.67 ,23.61 ,23.67 ,23.66 ,23.69 ,23.67 ,23.64 ,23.66 ,23.64 ,23.61 ,23.64 ,23.68 ,23.61 ,23.65 ,23.69 ,23.66 ,23.61 ,23.64 ,23.61 ,23.65 ,23.67 ,23.68 ,23.62 ,23.68 ,23.79 ,23.74 ,23.71 ,23.66 ,23.65 ,23.65 ,23.69 ,23.75 ,23.73 ,23.66 ,23.65 ,23.62 ,23.65 ,23.68 ,23.72 ,23.65 ,23.58 ,23.51 ,23.59 ,23.6 ,23.61 ,23.57 ,23.54 ,23.52 ,23.53 ,23.56 ,23.5 ,23.57 ,23.6 ,23.53 ,23.55 ,23.56 ,23.54 ,23.56 ,23.55 ,23.63 ,23.59 ,23.48 ,23.55 ,23.47 ,23.49 ,23.48 ,23.49 ,23.56 ,23.48 ,23.45 ,23.34 ,23.37 ,23.41 ,23.45 ,23.29 ,23.25 ,23.27 ,23.32 ,23.31 ,23.24 ,23.31 ,23.42 ,23.32 ,23.39 ,23.44 ,23.45 ,23.36 ,23.23 ,23.22 ,23.26 ,23.22 ,23.32 ,23.32 ,23.24 ,23.21 ,23.28 ,23.3 ,23.35 ,23.36 ,23.24 ,23.23 ,23.28 ,23.31 ,23.35 ,23.24 ,23.21 ,23.23 ,23.32 ,23.24 ,23.22 ,23.16 ,23.06 ,23.15 ,23.13 ,23.11 ,23.18 ,23.32 ,23.32 ,23.25 ,23.19 ,23.22 ,23.21 ,23.13 ,23.15 ,23.17 ,23.18 ,23.2 ,23.16 ,23.2 ,23.18 ,23.16 ,23.07 ,23.08 ,23.13 ,23.09 ,23.01 ,22.89 ,22.98 ,22.97 ,23.01 ,23.01 ,22.86 ,22.7 ,22.7 ,22.68 ,22.82 ,22.88 ,22.77 ,22.84 ,22.81 ,22.78 ,22.88 ,22.75 ,22.79 ,22.85 ,22.78 ,22.74 ,22.79 ,22.73 ,22.75 ,22.83 ,22.85 ,22.73 ,22.71 ,
59,22.83 ,22.87 ,22.95 ,22.94 ,22.97 ,23.05 ,23.06 ,23.17 ,23.26 ,23.34 ,23.33 ,23.4 ,23.47 ,23.42 ,23.47 ,23.46 ,23.39 ,23.45 ,23.41 ,23.36 ,23.37 ,23.45 ,23.43 ,23.4 ,23.44 ,23.48 ,23.43 ,23.37 ,23.37 ,23.27 ,23.36 ,23.35 ,23.31 ,23.37 ,23.27 ,23.33 ,23.39 ,23.43 ,23.48 ,23.49 ,23.44 ,23.47 ,23.48 ,23.37 ,23.43 ,23.51 ,23.49 ,23.39 ,23.43 ,23.43 ,23.37 ,23.49 ,23.48 ,23.47 ,23.51 ,23.52 ,23.45 ,23.44 ,23.5 ,23.46 ,23.42 ,23.42 ,23.45 ,23.48 ,23.48 ,23.48 ,23.52 ,23.41 ,23.35 ,23.41 ,23.5 ,23.53 ,23.52 ,23.53 ,23.6 ,23.61 ,23.56 ,23.55 ,23.52 ,23.48 ,23.59 ,23.56 ,23.49 ,23.55 ,23.53 ,23.56 ,23.56 ,23.59 ,23.51 ,23.47 ,23.53 ,23.51 ,23.44 ,23.54 ,23.47 ,23.51 ,23.5 ,23.51 ,23.54 ,23.47 ,23.48 ,23.42 ,23.5 ,23.53 ,23.51 ,23.42 ,23.47 ,23.54 ,23.51 ,23.43 ,23.46 ,23.61 ,23.58 ,23.55 ,23.53 ,23.55 ,23.52 ,23.62 ,23.61 ,23.63 ,23.61 ,23.55 ,23.54 ,23.59 ,23.57 ,23.6 ,23.59 ,23.51 ,23.46 ,23.47 ,23.51 ,23.61 ,23.64 ,23.62 ,23.57 ,23.53 ,23.53 ,23.47 ,23.48 ,23.47 ,23.46 ,23.49 ,23.48 ,23.53 ,23.68 ,23.71 ,23.7 ,23.7 ,23.74 ,23.77 ,23.66 ,23.63 ,23.75 ,23.72 ,23.66 ,23.65 ,23.66 ,23.66 ,23.68 ,23.7 ,23.71 ,23.68 ,23.57 ,23.56 ,23.67 ,23.72 ,23.69 ,23.73 ,23.69 ,23.64 ,23.69 ,23.6 ,23.59 ,23.64 ,23.66 ,23.69 ,23.72 ,23.76 ,23.75 ,23.69 ,23.67 ,23.71 ,23.67 ,23.63 ,23.7 ,23.68 ,23.69 ,23.59 ,23.64 ,23.71 ,23.77 ,23.75 ,23.78 ,23.79 ,23.83 ,23.79 ,23.78 ,23.75 ,23.7 ,23.7 ,23.73 ,23.67 ,23.7 ,23.75 ,23.64 ,23.73 ,23.76 ,23.73 ,23.77 ,23.82 ,23.76 ,23.75 ,23.66 ,23.69 ,23.8 ,23.76 ,23.74 ,23.74 ,23.69 ,23.66 ,23.67 ,23.69 ,23.8 ,23.77 ,23.77 ,23.72 ,23.73 ,23.71 ,23.77 ,23.79 ,23.65 ,23.66 ,23.79 ,23.78 ,23.71 ,23.79 ,23.76 ,23.76 ,23.81 ,23.78 ,23.74 ,23.8 ,23.75 ,23.79 ,23.81 ,23.76 ,23.8 ,23.75 ,23.8 ,23.8 ,23.84 ,23.69 ,23.68 ,23.78 ,23.86 ,23.77 ,23.76 ,23.73 ,23.76 ,23.81 ,23.84 ,23.83 ,23.82 ,23.83 ,23.79 ,23.79 ,23.73 ,23.79 ,23.8 ,23.75 ,23.69 ,23.54 ,23.65 ,23.77 ,23.78 ,23.72 ,23.7 ,23.72 ,23.68 ,23.63 ,23.67 ,23.59 ,23.6 ,23.71 ,23.68 ,23.66 ,23.69 ,23.63 ,23.6 ,23.72 ,23.76 ,23.68 ,23.75 ,23.73 ,23.7 ,23.8 ,23.81 ,23.8 ,23.83 ,23.78 ,23.76 ,23.79 ,23.66 ,23.69 ,23.61 ,23.58 ,23.62 ,23.62 ,23.5 ,23.52 ,23.61 ,23.74 ,23.69 ,23.58 ,23.58 ,23.66 ,23.66 ,23.67 ,23.65 ,23.7 ,23.62 ,23.64 ,23.64 ,23.6 ,23.64 ,23.66 ,23.69 ,23.69 ,23.7 ,23.59 ,23.66 ,23.6 ,23.56 ,23.66 ,23.73 ,23.63 ,23.66 ,23.68 ,23.69 ,23.71 ,23.69 ,23.63 ,23.63 ,23.68 ,23.7 ,23.61 ,23.49 ,23.68 ,23.57 ,23.57 ,23.59 ,23.65 ,23.6 ,23.61 ,23.68 ,23.64 ,23.6 ,23.65 ,23.69 ,23.63 ,23.68 ,23.71 ,23.63 ,23.59 ,23.77 ,23.83 ,23.77 ,23.76 ,23.79 ,23.79 ,23.79 ,23.82 ,23.84 ,23.87 ,23.75 ,23.75 ,23.85 ,23.81 ,23.77 ,23.78 ,23.78 ,23.72 ,23.71 ,23.73 ,23.73 ,23.74 ,23.76 ,23.79 ,23.79 ,23.71 ,23.75 ,23.74 ,23.76 ,23.71 ,23.71 ,23.63 ,23.66 ,23.72 ,23.76 ,23.73 ,23.71 ,23.8 ,23.69 ,23.73 ,23.81 ,23.67 ,23.66 ,23.73 ,23.72 ,23.75 ,23.86 ,23.73 ,23.63 ,23.64 ,23.56 ,23.56 ,23.6 ,23.61 ,23.61 ,23.64 ,23.69 ,23.64 ,23.67 ,23.72 ,23.69 ,23.67 ,23.65 ,23.65 ,23.7 ,23.67 ,23.65 ,23.67 ,23.6 ,23.45 ,23.45 ,23.57 ,23.58 ,23.51 ,23.48 ,23.43 ,23.52 ,23.5 ,23.45 ,23.47 ,23.59 ,23.56 ,23.51 ,23.55 ,23.53 ,23.61 ,23.53 ,23.51 ,23.61 ,23.64 ,23.61 ,23.6 ,23.6 ,23.61 ,23.54 ,23.56 ,23.64 ,23.72 ,23.73 ,23.72 ,23.63 ,23.58 ,23.66 ,23.68 ,23.66 ,23.67 ,23.67 ,23.74 ,23.75 ,23.7 ,23.73 ,23.73 ,23.73 ,23.72 ,23.64 ,23.69 ,23.72 ,23.68 ,23.65 ,23.61 ,23.57 ,23.54 ,23.61 ,23.68 ,23.68 ,23.69 ,23.76 ,23.73 ,23.61 ,23.57 ,23.59 ,23.7 ,23.71 ,23.69 ,23.63 ,23.67 ,23.69 ,23.65 ,23.64 ,23.62 ,23.63 ,23.7 ,23.67 ,23.73 ,23.68 ,23.62 ,23.64 ,23.59 ,23.71 ,23.69 ,23.72 ,23.75 ,23.66 ,23.51 ,23.6 ,23.61 ,23.62 ,23.62 ,23.61 ,23.63 ,23.57 ,23.62 ,23.57 ,23.56 ,23.63 ,23.55 ,23.55 ,23.46 ,23.49 ,23.58 ,23.59 ,23.59 ,23.62 ,23.46 ,23.49 ,23.61 ,23.55 ,23.65 ,23.5 ,23.54 ,23.48 ,23.38 ,23.39 ,23.38 ,23.32 ,23.34 ,23.32 ,23.21 ,23.22 ,23.24 ,23.29 ,23.3 ,23.34 ,23.4 ,23.38 ,23.46 ,23.4 ,23.33 ,23.29 ,23.28 ,23.3 ,23.22 ,23.2 ,23.29 ,23.27 ,23.19 ,23.15 ,23.22 ,23.32 ,23.27 ,23.35 ,23.3 ,23.15 ,23.26 ,23.28 ,23.24 ,23.2 ,23.18 ,23.18 ,23.26 ,23.23 ,23.15 ,23.14 ,23.05 ,23.15 ,23.14 ,23.1 ,23.21 ,23.2 ,23.24 ,23.31 ,23.23 ,23.2 ,23.18 ,23.09 ,23.16 ,23.29 ,23.3 ,23.31 ,23.14 ,23.13 ,23.18 ,23.11 ,23.02 ,23.08 ,23.08 ,23.01 ,22.96 ,22.98 ,22.96 ,22.86 ,22.95 ,22.92 ,22.9 ,22.81 ,22.72 ,22.79 ,22.92 ,22.93 ,22.8 ,22.89 ,22.91 ,22.81 ,22.81 ,22.71 ,22.79 ,22.83 ,22.88 ,22.77 ,22.72 ,22.7 ,22.69 ,22.88 ,22.96 ,22.8 ,22.68 ,
60,22.86 ,22.83 ,22.88 ,22.89 ,22.92 ,23.08 ,23.11 ,23.12 ,23.19 ,23.33 ,23.37 ,23.36 ,23.4 ,23.39 ,23.45 ,23.4 ,23.43 ,23.52 ,23.55 ,23.47 ,23.39 ,23.45 ,23.44 ,23.42 ,23.43 ,23.47 ,23.44 ,23.35 ,23.36 ,23.37 ,23.36 ,23.3 ,23.24 ,23.28 ,23.3 ,23.35 ,23.36 ,23.38 ,23.52 ,23.49 ,23.42 ,23.52 ,23.48 ,23.46 ,23.5 ,23.47 ,23.53 ,23.47 ,23.4 ,23.46 ,23.41 ,23.5 ,23.56 ,23.5 ,23.44 ,23.45 ,23.51 ,23.43 ,23.45 ,23.47 ,23.52 ,23.46 ,23.46 ,23.5 ,23.5 ,23.42 ,23.49 ,23.52 ,23.41 ,23.39 ,23.47 ,23.51 ,23.56 ,23.48 ,23.54 ,23.55 ,23.62 ,23.59 ,23.44 ,23.42 ,23.55 ,23.56 ,23.43 ,23.52 ,23.54 ,23.49 ,23.53 ,23.56 ,23.55 ,23.48 ,23.56 ,23.53 ,23.45 ,23.52 ,23.51 ,23.48 ,23.46 ,23.43 ,23.5 ,23.52 ,23.56 ,23.48 ,23.5 ,23.5 ,23.52 ,23.5 ,23.49 ,23.43 ,23.52 ,23.5 ,23.5 ,23.52 ,23.54 ,23.48 ,23.51 ,23.44 ,23.56 ,23.56 ,23.56 ,23.64 ,23.63 ,23.61 ,23.61 ,23.61 ,23.64 ,23.56 ,23.58 ,23.61 ,23.58 ,23.49 ,23.41 ,23.53 ,23.57 ,23.61 ,23.51 ,23.46 ,23.52 ,23.54 ,23.53 ,23.53 ,23.54 ,23.52 ,23.6 ,23.57 ,23.65 ,23.7 ,23.71 ,23.69 ,23.85 ,23.76 ,23.69 ,23.54 ,23.66 ,23.69 ,23.67 ,23.69 ,23.69 ,23.64 ,23.69 ,23.71 ,23.7 ,23.7 ,23.63 ,23.58 ,23.58 ,23.67 ,23.62 ,23.67 ,23.63 ,23.62 ,23.62 ,23.58 ,23.68 ,23.72 ,23.73 ,23.67 ,23.63 ,23.64 ,23.71 ,23.64 ,23.65 ,23.69 ,23.64 ,23.6 ,23.73 ,23.76 ,23.68 ,23.63 ,23.67 ,23.75 ,23.8 ,23.77 ,23.78 ,23.8 ,23.81 ,23.71 ,23.67 ,23.78 ,23.8 ,23.72 ,23.74 ,23.69 ,23.72 ,23.67 ,23.62 ,23.72 ,23.71 ,23.77 ,23.79 ,23.81 ,23.75 ,23.73 ,23.76 ,23.68 ,23.71 ,23.77 ,23.8 ,23.73 ,23.69 ,23.7 ,23.69 ,23.7 ,23.8 ,23.8 ,23.78 ,23.71 ,23.7 ,23.71 ,23.72 ,23.76 ,23.71 ,23.66 ,23.78 ,23.79 ,23.76 ,23.88 ,23.85 ,23.75 ,23.78 ,23.82 ,23.79 ,23.78 ,23.8 ,23.8 ,23.86 ,23.76 ,23.74 ,23.75 ,23.79 ,23.8 ,23.77 ,23.71 ,23.62 ,23.78 ,23.82 ,23.75 ,23.76 ,23.76 ,23.72 ,23.81 ,23.88 ,23.91 ,23.85 ,23.73 ,23.74 ,23.71 ,23.72 ,23.75 ,23.72 ,23.72 ,23.66 ,23.64 ,23.67 ,23.73 ,23.72 ,23.66 ,23.62 ,23.68 ,23.62 ,23.58 ,23.61 ,23.54 ,23.61 ,23.68 ,23.68 ,23.65 ,23.71 ,23.67 ,23.61 ,23.63 ,23.62 ,23.63 ,23.63 ,23.76 ,23.72 ,23.78 ,23.77 ,23.7 ,23.69 ,23.71 ,23.76 ,23.79 ,23.66 ,23.56 ,23.59 ,23.63 ,23.69 ,23.63 ,23.55 ,23.49 ,23.53 ,23.65 ,23.71 ,23.63 ,23.61 ,23.69 ,23.7 ,23.63 ,23.65 ,23.68 ,23.6 ,23.6 ,23.69 ,23.63 ,23.59 ,23.59 ,23.71 ,23.69 ,23.65 ,23.69 ,23.65 ,23.67 ,23.64 ,23.6 ,23.65 ,23.61 ,23.7 ,23.72 ,23.63 ,23.67 ,23.79 ,23.71 ,23.6 ,23.7 ,23.76 ,23.66 ,23.59 ,23.63 ,23.67 ,23.58 ,23.66 ,23.67 ,23.72 ,23.65 ,23.64 ,23.68 ,23.62 ,23.68 ,23.7 ,23.64 ,23.67 ,23.73 ,23.7 ,23.69 ,23.78 ,23.84 ,23.75 ,23.78 ,23.85 ,23.73 ,23.78 ,23.86 ,23.88 ,23.85 ,23.8 ,23.77 ,23.81 ,23.78 ,23.76 ,23.71 ,23.76 ,23.8 ,23.73 ,23.74 ,23.82 ,23.83 ,23.76 ,23.77 ,23.78 ,23.78 ,23.78 ,23.74 ,23.67 ,23.73 ,23.76 ,23.68 ,23.69 ,23.81 ,23.75 ,23.7 ,23.73 ,23.77 ,23.75 ,23.79 ,23.75 ,23.69 ,23.71 ,23.64 ,23.66 ,23.7 ,23.68 ,23.67 ,23.57 ,23.59 ,23.58 ,23.59 ,23.71 ,23.67 ,23.68 ,23.67 ,23.65 ,23.66 ,23.67 ,23.68 ,23.62 ,23.58 ,23.63 ,23.67 ,23.72 ,23.67 ,23.59 ,23.7 ,23.68 ,23.55 ,23.54 ,23.6 ,23.57 ,23.56 ,23.54 ,23.48 ,23.57 ,23.59 ,23.53 ,23.54 ,23.6 ,23.56 ,23.58 ,23.58 ,23.58 ,23.57 ,23.57 ,23.61 ,23.58 ,23.58 ,23.57 ,23.62 ,23.62 ,23.66 ,23.65 ,23.61 ,23.63 ,23.65 ,23.75 ,23.77 ,23.72 ,23.67 ,23.65 ,23.71 ,23.72 ,23.73 ,23.65 ,23.68 ,23.75 ,23.74 ,23.73 ,23.69 ,23.59 ,23.72 ,23.71 ,23.68 ,23.77 ,23.67 ,23.63 ,23.66 ,23.58 ,23.52 ,23.65 ,23.71 ,23.68 ,23.76 ,23.84 ,23.79 ,23.69 ,23.58 ,23.55 ,23.7 ,23.74 ,23.69 ,23.61 ,23.67 ,23.71 ,23.65 ,23.66 ,23.7 ,23.71 ,23.73 ,23.67 ,23.75 ,23.79 ,23.62 ,23.67 ,23.64 ,23.64 ,23.72 ,23.76 ,23.71 ,23.63 ,23.55 ,23.64 ,23.7 ,23.62 ,23.56 ,23.53 ,23.61 ,23.64 ,23.59 ,23.6 ,23.57 ,23.64 ,23.64 ,23.56 ,23.55 ,23.49 ,23.57 ,23.56 ,23.62 ,23.6 ,23.51 ,23.54 ,23.58 ,23.52 ,23.6 ,23.56 ,23.5 ,23.45 ,23.43 ,23.33 ,23.3 ,23.3 ,23.25 ,23.27 ,23.29 ,23.31 ,23.25 ,23.36 ,23.38 ,23.4 ,23.44 ,23.44 ,23.47 ,23.39 ,23.2 ,23.26 ,23.37 ,23.3 ,23.18 ,23.22 ,23.22 ,23.21 ,23.25 ,23.26 ,23.25 ,23.25 ,23.32 ,23.35 ,23.33 ,23.2 ,23.22 ,23.21 ,23.19 ,23.17 ,23.26 ,23.3 ,23.3 ,23.22 ,23.24 ,23.19 ,23.22 ,23.17 ,23.18 ,23.15 ,23.16 ,23.18 ,23.18 ,23.27 ,23.21 ,23.11 ,23.21 ,23.19 ,23.08 ,23.14 ,23.25 ,23.27 ,23.29 ,23.23 ,23.07 ,23.08 ,22.94 ,23 ,23.1 ,23.03 ,22.94 ,22.92 ,22.98 ,22.94 ,22.94 ,23.01 ,22.95 ,22.86 ,22.8 ,22.84 ,22.78 ,22.77 ,22.75 ,22.84 ,22.97 ,22.76 ,22.8 ,22.77 ,22.84 ,22.83 ,22.83 ,22.9 ,22.84 ,22.77 ,22.74 ,22.86 ,22.8 ,22.88 ,22.79 ,
61,22.88 ,22.78 ,22.79 ,23.04 ,23.05 ,23.11 ,23.12 ,23.18 ,23.29 ,23.36 ,23.31 ,23.38 ,23.41 ,23.32 ,23.43 ,23.49 ,23.42 ,23.42 ,23.5 ,23.48 ,23.4 ,23.44 ,23.51 ,23.43 ,23.47 ,23.47 ,23.4 ,23.34 ,23.35 ,23.44 ,23.43 ,23.31 ,23.24 ,23.24 ,23.34 ,23.47 ,23.45 ,23.42 ,23.49 ,23.52 ,23.47 ,23.38 ,23.49 ,23.46 ,23.49 ,23.56 ,23.53 ,23.48 ,23.48 ,23.41 ,23.4 ,23.44 ,23.47 ,23.49 ,23.48 ,23.41 ,23.39 ,23.41 ,23.44 ,23.46 ,23.52 ,23.45 ,23.44 ,23.44 ,23.48 ,23.42 ,23.4 ,23.39 ,23.46 ,23.43 ,23.5 ,23.48 ,23.56 ,23.61 ,23.53 ,23.5 ,23.52 ,23.62 ,23.47 ,23.4 ,23.54 ,23.52 ,23.44 ,23.53 ,23.61 ,23.6 ,23.52 ,23.55 ,23.56 ,23.5 ,23.52 ,23.61 ,23.58 ,23.45 ,23.5 ,23.49 ,23.36 ,23.36 ,23.39 ,23.49 ,23.52 ,23.47 ,23.54 ,23.53 ,23.53 ,23.5 ,23.5 ,23.46 ,23.52 ,23.56 ,23.5 ,23.51 ,23.53 ,23.49 ,23.45 ,23.47 ,23.48 ,23.53 ,23.54 ,23.6 ,23.62 ,23.59 ,23.56 ,23.6 ,23.67 ,23.55 ,23.51 ,23.54 ,23.63 ,23.59 ,23.45 ,23.54 ,23.51 ,23.56 ,23.53 ,23.48 ,23.48 ,23.56 ,23.57 ,23.57 ,23.54 ,23.58 ,23.62 ,23.67 ,23.63 ,23.67 ,23.72 ,23.7 ,23.76 ,23.75 ,23.74 ,23.65 ,23.66 ,23.67 ,23.67 ,23.67 ,23.73 ,23.72 ,23.69 ,23.74 ,23.69 ,23.72 ,23.69 ,23.62 ,23.65 ,23.66 ,23.67 ,23.7 ,23.61 ,23.61 ,23.69 ,23.61 ,23.64 ,23.71 ,23.73 ,23.72 ,23.71 ,23.71 ,23.77 ,23.71 ,23.61 ,23.64 ,23.59 ,23.68 ,23.77 ,23.74 ,23.7 ,23.65 ,23.69 ,23.68 ,23.69 ,23.72 ,23.74 ,23.75 ,23.76 ,23.79 ,23.68 ,23.74 ,23.8 ,23.71 ,23.73 ,23.79 ,23.81 ,23.69 ,23.59 ,23.76 ,23.68 ,23.71 ,23.82 ,23.84 ,23.76 ,23.74 ,23.76 ,23.78 ,23.71 ,23.65 ,23.71 ,23.75 ,23.69 ,23.69 ,23.75 ,23.72 ,23.79 ,23.78 ,23.78 ,23.77 ,23.79 ,23.82 ,23.77 ,23.74 ,23.67 ,23.69 ,23.76 ,23.76 ,23.7 ,23.83 ,23.86 ,23.81 ,23.86 ,23.84 ,23.8 ,23.82 ,23.81 ,23.8 ,23.82 ,23.79 ,23.81 ,23.82 ,23.77 ,23.75 ,23.74 ,23.66 ,23.72 ,23.84 ,23.82 ,23.74 ,23.77 ,23.83 ,23.82 ,23.76 ,23.81 ,23.86 ,23.8 ,23.65 ,23.62 ,23.63 ,23.63 ,23.63 ,23.65 ,23.58 ,23.57 ,23.64 ,23.68 ,23.73 ,23.6 ,23.53 ,23.55 ,23.66 ,23.67 ,23.51 ,23.52 ,23.52 ,23.63 ,23.61 ,23.56 ,23.61 ,23.75 ,23.71 ,23.58 ,23.6 ,23.62 ,23.57 ,23.55 ,23.67 ,23.71 ,23.72 ,23.67 ,23.7 ,23.72 ,23.66 ,23.75 ,23.66 ,23.58 ,23.51 ,23.52 ,23.63 ,23.64 ,23.57 ,23.54 ,23.53 ,23.46 ,23.6 ,23.74 ,23.68 ,23.64 ,23.65 ,23.64 ,23.66 ,23.66 ,23.64 ,23.66 ,23.67 ,23.62 ,23.64 ,23.63 ,23.59 ,23.67 ,23.72 ,23.67 ,23.75 ,23.65 ,23.62 ,23.71 ,23.61 ,23.61 ,23.58 ,23.68 ,23.74 ,23.72 ,23.7 ,23.75 ,23.71 ,23.68 ,23.74 ,23.75 ,23.68 ,23.64 ,23.6 ,23.62 ,23.72 ,23.67 ,23.67 ,23.68 ,23.58 ,23.61 ,23.66 ,23.63 ,23.61 ,23.64 ,23.68 ,23.66 ,23.71 ,23.8 ,23.79 ,23.84 ,23.83 ,23.81 ,23.82 ,23.83 ,23.77 ,23.8 ,23.88 ,23.89 ,23.81 ,23.75 ,23.74 ,23.69 ,23.67 ,23.81 ,23.8 ,23.76 ,23.77 ,23.73 ,23.76 ,23.77 ,23.84 ,23.86 ,23.79 ,23.81 ,23.75 ,23.76 ,23.8 ,23.7 ,23.72 ,23.7 ,23.68 ,23.65 ,23.83 ,23.85 ,23.77 ,23.68 ,23.74 ,23.73 ,23.76 ,23.74 ,23.68 ,23.68 ,23.69 ,23.62 ,23.66 ,23.55 ,23.51 ,23.53 ,23.61 ,23.61 ,23.57 ,23.66 ,23.69 ,23.6 ,23.67 ,23.68 ,23.68 ,23.64 ,23.6 ,23.53 ,23.5 ,23.59 ,23.64 ,23.65 ,23.6 ,23.52 ,23.57 ,23.69 ,23.62 ,23.64 ,23.6 ,23.62 ,23.65 ,23.52 ,23.46 ,23.53 ,23.59 ,23.6 ,23.62 ,23.68 ,23.67 ,23.59 ,23.58 ,23.56 ,23.58 ,23.62 ,23.63 ,23.65 ,23.64 ,23.65 ,23.65 ,23.58 ,23.68 ,23.63 ,23.62 ,23.66 ,23.66 ,23.58 ,23.69 ,23.73 ,23.72 ,23.65 ,23.62 ,23.72 ,23.76 ,23.73 ,23.74 ,23.78 ,23.83 ,23.73 ,23.64 ,23.55 ,23.66 ,23.67 ,23.61 ,23.74 ,23.71 ,23.66 ,23.69 ,23.59 ,23.61 ,23.68 ,23.73 ,23.73 ,23.85 ,23.87 ,23.73 ,23.71 ,23.69 ,23.57 ,23.67 ,23.7 ,23.69 ,23.65 ,23.68 ,23.76 ,23.73 ,23.69 ,23.74 ,23.7 ,23.68 ,23.68 ,23.71 ,23.68 ,23.65 ,23.62 ,23.68 ,23.76 ,23.78 ,23.78 ,23.73 ,23.62 ,23.57 ,23.61 ,23.68 ,23.72 ,23.63 ,23.54 ,23.61 ,23.58 ,23.52 ,23.59 ,23.62 ,23.66 ,23.71 ,23.58 ,23.54 ,23.52 ,23.59 ,23.58 ,23.64 ,23.69 ,23.63 ,23.56 ,23.5 ,23.52 ,23.57 ,23.62 ,23.49 ,23.49 ,23.36 ,23.31 ,23.29 ,23.23 ,23.29 ,23.36 ,23.42 ,23.36 ,23.27 ,23.18 ,23.23 ,23.36 ,23.46 ,23.47 ,23.4 ,23.35 ,23.37 ,23.21 ,23.29 ,23.37 ,23.21 ,23.27 ,23.26 ,23.3 ,23.36 ,23.32 ,23.34 ,23.3 ,23.33 ,23.28 ,23.27 ,23.2 ,23.28 ,23.26 ,23.12 ,23.18 ,23.29 ,23.4 ,23.29 ,23.17 ,23.22 ,23.18 ,23.28 ,23.25 ,23.23 ,23.31 ,23.28 ,23.27 ,23.17 ,23.24 ,23.27 ,23.15 ,23.15 ,23.18 ,23.08 ,23.11 ,23.26 ,23.16 ,23.24 ,23.26 ,23.16 ,23.06 ,22.95 ,23.03 ,23.07 ,23.07 ,23.03 ,22.96 ,22.91 ,23.02 ,23.02 ,22.98 ,23 ,22.85 ,22.81 ,22.82 ,22.86 ,22.87 ,22.76 ,22.81 ,22.88 ,22.9 ,22.79 ,22.73 ,22.74 ,22.76 ,22.9 ,22.89 ,22.91 ,22.83 ,22.8 ,22.78 ,22.81 ,22.8 ,22.77 ,
62,22.75 ,22.77 ,22.89 ,23.09 ,23.09 ,23.1 ,23.2 ,23.33 ,23.44 ,23.43 ,23.29 ,23.32 ,23.47 ,23.41 ,23.39 ,23.47 ,23.45 ,23.32 ,23.34 ,23.41 ,23.28 ,23.42 ,23.47 ,23.4 ,23.47 ,23.47 ,23.46 ,23.32 ,23.32 ,23.31 ,23.28 ,23.14 ,23.13 ,23.2 ,23.34 ,23.47 ,23.54 ,23.53 ,23.45 ,23.48 ,23.5 ,23.46 ,23.45 ,23.47 ,23.41 ,23.46 ,23.51 ,23.5 ,23.54 ,23.45 ,23.35 ,23.44 ,23.5 ,23.46 ,23.39 ,23.42 ,23.35 ,23.32 ,23.42 ,23.46 ,23.45 ,23.41 ,23.47 ,23.43 ,23.44 ,23.4 ,23.47 ,23.43 ,23.4 ,23.45 ,23.53 ,23.49 ,23.49 ,23.56 ,23.5 ,23.48 ,23.46 ,23.5 ,23.41 ,23.37 ,23.47 ,23.5 ,23.47 ,23.51 ,23.57 ,23.55 ,23.56 ,23.52 ,23.46 ,23.45 ,23.52 ,23.52 ,23.57 ,23.53 ,23.49 ,23.5 ,23.44 ,23.34 ,23.43 ,23.53 ,23.54 ,23.47 ,23.48 ,23.56 ,23.57 ,23.57 ,23.5 ,23.46 ,23.56 ,23.55 ,23.51 ,23.52 ,23.62 ,23.6 ,23.47 ,23.51 ,23.52 ,23.48 ,23.61 ,23.64 ,23.61 ,23.6 ,23.57 ,23.54 ,23.57 ,23.61 ,23.54 ,23.41 ,23.46 ,23.54 ,23.46 ,23.54 ,23.53 ,23.55 ,23.52 ,23.51 ,23.49 ,23.56 ,23.59 ,23.61 ,23.55 ,23.61 ,23.62 ,23.57 ,23.67 ,23.74 ,23.71 ,23.67 ,23.68 ,23.71 ,23.68 ,23.69 ,23.75 ,23.76 ,23.73 ,23.68 ,23.69 ,23.74 ,23.71 ,23.8 ,23.77 ,23.79 ,23.77 ,23.74 ,23.79 ,23.73 ,23.65 ,23.74 ,23.73 ,23.7 ,23.67 ,23.63 ,23.66 ,23.69 ,23.67 ,23.65 ,23.69 ,23.72 ,23.72 ,23.73 ,23.64 ,23.65 ,23.72 ,23.75 ,23.75 ,23.73 ,23.74 ,23.69 ,23.65 ,23.68 ,23.78 ,23.77 ,23.72 ,23.72 ,23.71 ,23.72 ,23.76 ,23.73 ,23.77 ,23.69 ,23.77 ,23.73 ,23.77 ,23.74 ,23.69 ,23.76 ,23.69 ,23.65 ,23.78 ,23.83 ,23.83 ,23.75 ,23.73 ,23.78 ,23.74 ,23.74 ,23.69 ,23.73 ,23.7 ,23.64 ,23.76 ,23.85 ,23.84 ,23.77 ,23.81 ,23.77 ,23.81 ,23.78 ,23.78 ,23.76 ,23.68 ,23.7 ,23.8 ,23.71 ,23.66 ,23.77 ,23.81 ,23.75 ,23.82 ,23.86 ,23.82 ,23.91 ,23.87 ,23.81 ,23.83 ,23.8 ,23.78 ,23.8 ,23.74 ,23.79 ,23.74 ,23.62 ,23.66 ,23.74 ,23.77 ,23.74 ,23.71 ,23.81 ,23.79 ,23.72 ,23.77 ,23.73 ,23.72 ,23.69 ,23.56 ,23.56 ,23.59 ,23.61 ,23.66 ,23.54 ,23.47 ,23.54 ,23.67 ,23.75 ,23.66 ,23.61 ,23.58 ,23.67 ,23.65 ,23.56 ,23.51 ,23.5 ,23.57 ,23.62 ,23.52 ,23.59 ,23.75 ,23.69 ,23.55 ,23.58 ,23.57 ,23.6 ,23.54 ,23.58 ,23.68 ,23.73 ,23.73 ,23.68 ,23.68 ,23.62 ,23.61 ,23.6 ,23.54 ,23.56 ,23.57 ,23.6 ,23.6 ,23.61 ,23.56 ,23.5 ,23.49 ,23.6 ,23.69 ,23.65 ,23.59 ,23.62 ,23.61 ,23.67 ,23.71 ,23.75 ,23.69 ,23.73 ,23.65 ,23.61 ,23.71 ,23.64 ,23.68 ,23.75 ,23.71 ,23.69 ,23.65 ,23.62 ,23.65 ,23.68 ,23.72 ,23.64 ,23.7 ,23.7 ,23.7 ,23.72 ,23.68 ,23.68 ,23.76 ,23.74 ,23.71 ,23.68 ,23.67 ,23.64 ,23.61 ,23.65 ,23.68 ,23.75 ,23.72 ,23.63 ,23.59 ,23.59 ,23.6 ,23.66 ,23.69 ,23.68 ,23.64 ,23.72 ,23.75 ,23.79 ,23.83 ,23.76 ,23.71 ,23.81 ,23.85 ,23.79 ,23.79 ,23.85 ,23.84 ,23.76 ,23.71 ,23.76 ,23.68 ,23.67 ,23.77 ,23.77 ,23.72 ,23.73 ,23.7 ,23.73 ,23.82 ,23.8 ,23.75 ,23.71 ,23.73 ,23.72 ,23.74 ,23.77 ,23.76 ,23.64 ,23.75 ,23.79 ,23.79 ,23.83 ,23.81 ,23.85 ,23.86 ,23.73 ,23.68 ,23.77 ,23.77 ,23.77 ,23.67 ,23.71 ,23.67 ,23.61 ,23.53 ,23.42 ,23.53 ,23.63 ,23.55 ,23.51 ,23.53 ,23.63 ,23.56 ,23.62 ,23.6 ,23.64 ,23.6 ,23.5 ,23.56 ,23.57 ,23.53 ,23.54 ,23.54 ,23.62 ,23.5 ,23.53 ,23.59 ,23.62 ,23.67 ,23.58 ,23.59 ,23.69 ,23.59 ,23.47 ,23.51 ,23.61 ,23.6 ,23.6 ,23.67 ,23.75 ,23.63 ,23.54 ,23.55 ,23.62 ,23.65 ,23.73 ,23.77 ,23.71 ,23.58 ,23.7 ,23.65 ,23.61 ,23.58 ,23.62 ,23.62 ,23.69 ,23.68 ,23.62 ,23.7 ,23.64 ,23.63 ,23.62 ,23.65 ,23.68 ,23.62 ,23.67 ,23.74 ,23.85 ,23.72 ,23.69 ,23.54 ,23.66 ,23.63 ,23.63 ,23.67 ,23.74 ,23.67 ,23.66 ,23.55 ,23.69 ,23.79 ,23.72 ,23.68 ,23.73 ,23.74 ,23.72 ,23.66 ,23.7 ,23.59 ,23.61 ,23.68 ,23.6 ,23.64 ,23.74 ,23.73 ,23.67 ,23.74 ,23.66 ,23.58 ,23.65 ,23.6 ,23.67 ,23.63 ,23.54 ,23.59 ,23.57 ,23.77 ,23.85 ,23.83 ,23.81 ,23.72 ,23.58 ,23.56 ,23.55 ,23.66 ,23.65 ,23.56 ,23.61 ,23.51 ,23.49 ,23.6 ,23.61 ,23.59 ,23.67 ,23.62 ,23.5 ,23.55 ,23.62 ,23.61 ,23.62 ,23.68 ,23.64 ,23.56 ,23.5 ,23.53 ,23.5 ,23.6 ,23.56 ,23.49 ,23.45 ,23.34 ,23.34 ,23.28 ,23.36 ,23.39 ,23.42 ,23.31 ,23.25 ,23.21 ,23.19 ,23.28 ,23.4 ,23.37 ,23.45 ,23.46 ,23.43 ,23.38 ,23.27 ,23.31 ,23.33 ,23.21 ,23.23 ,23.24 ,23.28 ,23.29 ,23.3 ,23.32 ,23.27 ,23.22 ,23.18 ,23.22 ,23.25 ,23.27 ,23.26 ,23.22 ,23.35 ,23.33 ,23.3 ,23.21 ,23.29 ,23.23 ,23.26 ,23.34 ,23.32 ,23.25 ,23.41 ,23.34 ,23.2 ,23.27 ,23.24 ,23.19 ,23.13 ,23.24 ,23.14 ,23.17 ,23.31 ,23.23 ,23.09 ,23.13 ,23.23 ,23.26 ,23.08 ,23.03 ,22.98 ,23.06 ,23.05 ,23.01 ,22.99 ,22.94 ,22.95 ,22.95 ,22.84 ,22.83 ,22.75 ,22.83 ,22.83 ,22.84 ,22.84 ,22.93 ,22.84 ,22.88 ,22.88 ,22.8 ,22.85 ,22.79 ,22.82 ,22.85 ,22.88 ,22.83 ,22.71 ,22.83 ,22.85 ,22.75 ,22.71 ,
63,22.85 ,22.85 ,22.95 ,23.13 ,23.09 ,23.08 ,23.22 ,23.29 ,23.42 ,23.34 ,23.3 ,23.35 ,23.38 ,23.44 ,23.47 ,23.39 ,23.44 ,23.46 ,23.43 ,23.43 ,23.33 ,23.43 ,23.36 ,23.35 ,23.43 ,23.44 ,23.48 ,23.34 ,23.28 ,23.22 ,23.18 ,23.13 ,23.12 ,23.18 ,23.31 ,23.45 ,23.47 ,23.52 ,23.52 ,23.47 ,23.4 ,23.44 ,23.49 ,23.49 ,23.47 ,23.45 ,23.49 ,23.48 ,23.54 ,23.5 ,23.4 ,23.44 ,23.45 ,23.47 ,23.47 ,23.42 ,23.55 ,23.4 ,23.37 ,23.47 ,23.55 ,23.39 ,23.46 ,23.42 ,23.38 ,23.37 ,23.46 ,23.42 ,23.38 ,23.44 ,23.51 ,23.55 ,23.55 ,23.54 ,23.57 ,23.52 ,23.58 ,23.57 ,23.46 ,23.4 ,23.5 ,23.49 ,23.43 ,23.46 ,23.51 ,23.55 ,23.54 ,23.55 ,23.54 ,23.41 ,23.51 ,23.57 ,23.55 ,23.49 ,23.47 ,23.51 ,23.57 ,23.38 ,23.42 ,23.54 ,23.51 ,23.54 ,23.49 ,23.55 ,23.6 ,23.58 ,23.61 ,23.46 ,23.5 ,23.45 ,23.54 ,23.6 ,23.65 ,23.65 ,23.54 ,23.56 ,23.58 ,23.52 ,23.61 ,23.64 ,23.64 ,23.62 ,23.62 ,23.63 ,23.6 ,23.6 ,23.62 ,23.57 ,23.47 ,23.43 ,23.42 ,23.56 ,23.54 ,23.46 ,23.47 ,23.36 ,23.49 ,23.53 ,23.59 ,23.64 ,23.62 ,23.69 ,23.64 ,23.59 ,23.68 ,23.73 ,23.7 ,23.61 ,23.6 ,23.66 ,23.67 ,23.62 ,23.65 ,23.75 ,23.71 ,23.7 ,23.64 ,23.67 ,23.67 ,23.7 ,23.65 ,23.69 ,23.78 ,23.8 ,23.75 ,23.71 ,23.65 ,23.74 ,23.75 ,23.7 ,23.7 ,23.62 ,23.66 ,23.7 ,23.7 ,23.7 ,23.68 ,23.72 ,23.71 ,23.68 ,23.68 ,23.76 ,23.7 ,23.64 ,23.64 ,23.68 ,23.71 ,23.72 ,23.75 ,23.69 ,23.77 ,23.78 ,23.74 ,23.72 ,23.76 ,23.73 ,23.67 ,23.67 ,23.74 ,23.74 ,23.76 ,23.72 ,23.76 ,23.72 ,23.69 ,23.79 ,23.74 ,23.68 ,23.78 ,23.84 ,23.86 ,23.8 ,23.79 ,23.75 ,23.77 ,23.73 ,23.79 ,23.79 ,23.73 ,23.73 ,23.81 ,23.8 ,23.8 ,23.84 ,23.84 ,23.81 ,23.8 ,23.8 ,23.77 ,23.74 ,23.77 ,23.77 ,23.74 ,23.68 ,23.67 ,23.84 ,23.85 ,23.81 ,23.72 ,23.81 ,23.83 ,23.88 ,23.89 ,23.79 ,23.8 ,23.79 ,23.73 ,23.71 ,23.69 ,23.74 ,23.8 ,23.75 ,23.65 ,23.67 ,23.65 ,23.66 ,23.66 ,23.79 ,23.78 ,23.72 ,23.7 ,23.66 ,23.63 ,23.68 ,23.63 ,23.57 ,23.57 ,23.67 ,23.62 ,23.59 ,23.5 ,23.54 ,23.54 ,23.63 ,23.63 ,23.66 ,23.68 ,23.62 ,23.64 ,23.61 ,23.53 ,23.5 ,23.52 ,23.57 ,23.58 ,23.58 ,23.66 ,23.61 ,23.48 ,23.47 ,23.49 ,23.54 ,23.63 ,23.57 ,23.64 ,23.77 ,23.67 ,23.6 ,23.6 ,23.61 ,23.61 ,23.6 ,23.58 ,23.61 ,23.6 ,23.56 ,23.55 ,23.58 ,23.55 ,23.48 ,23.53 ,23.59 ,23.58 ,23.6 ,23.61 ,23.56 ,23.58 ,23.51 ,23.64 ,23.7 ,23.67 ,23.71 ,23.66 ,23.63 ,23.7 ,23.64 ,23.61 ,23.73 ,23.75 ,23.73 ,23.78 ,23.76 ,23.68 ,23.62 ,23.73 ,23.65 ,23.69 ,23.74 ,23.71 ,23.7 ,23.7 ,23.64 ,23.73 ,23.74 ,23.67 ,23.65 ,23.7 ,23.69 ,23.72 ,23.68 ,23.63 ,23.66 ,23.77 ,23.71 ,23.66 ,23.69 ,23.61 ,23.62 ,23.68 ,23.67 ,23.65 ,23.66 ,23.71 ,23.75 ,23.74 ,23.77 ,23.72 ,23.71 ,23.77 ,23.85 ,23.8 ,23.81 ,23.82 ,23.77 ,23.75 ,23.81 ,23.75 ,23.79 ,23.76 ,23.73 ,23.76 ,23.72 ,23.74 ,23.8 ,23.85 ,23.92 ,23.79 ,23.76 ,23.72 ,23.68 ,23.71 ,23.77 ,23.78 ,23.72 ,23.75 ,23.86 ,23.83 ,23.87 ,23.81 ,23.81 ,23.86 ,23.77 ,23.68 ,23.75 ,23.73 ,23.69 ,23.6 ,23.57 ,23.65 ,23.58 ,23.59 ,23.47 ,23.57 ,23.65 ,23.58 ,23.55 ,23.57 ,23.58 ,23.61 ,23.64 ,23.62 ,23.69 ,23.67 ,23.59 ,23.61 ,23.63 ,23.66 ,23.59 ,23.6 ,23.65 ,23.57 ,23.56 ,23.63 ,23.58 ,23.66 ,23.62 ,23.63 ,23.63 ,23.58 ,23.5 ,23.57 ,23.69 ,23.64 ,23.72 ,23.67 ,23.66 ,23.55 ,23.54 ,23.5 ,23.55 ,23.64 ,23.74 ,23.7 ,23.72 ,23.68 ,23.69 ,23.69 ,23.69 ,23.65 ,23.69 ,23.64 ,23.6 ,23.67 ,23.74 ,23.8 ,23.7 ,23.56 ,23.64 ,23.62 ,23.61 ,23.59 ,23.7 ,23.65 ,23.72 ,23.73 ,23.61 ,23.58 ,23.62 ,23.64 ,23.68 ,23.74 ,23.71 ,23.69 ,23.67 ,23.59 ,23.7 ,23.8 ,23.68 ,23.68 ,23.72 ,23.69 ,23.72 ,23.68 ,23.68 ,23.63 ,23.64 ,23.65 ,23.58 ,23.56 ,23.66 ,23.75 ,23.72 ,23.69 ,23.66 ,23.54 ,23.62 ,23.63 ,23.73 ,23.76 ,23.65 ,23.6 ,23.58 ,23.61 ,23.79 ,23.74 ,23.75 ,23.65 ,23.6 ,23.62 ,23.67 ,23.65 ,23.69 ,23.59 ,23.64 ,23.52 ,23.54 ,23.63 ,23.65 ,23.62 ,23.66 ,23.56 ,23.56 ,23.51 ,23.62 ,23.64 ,23.55 ,23.56 ,23.59 ,23.53 ,23.48 ,23.57 ,23.45 ,23.45 ,23.47 ,23.6 ,23.47 ,23.3 ,23.38 ,23.26 ,23.37 ,23.37 ,23.3 ,23.24 ,23.2 ,23.24 ,23.32 ,23.3 ,23.34 ,23.39 ,23.43 ,23.46 ,23.45 ,23.44 ,23.39 ,23.3 ,23.27 ,23.33 ,23.29 ,23.31 ,23.21 ,23.26 ,23.29 ,23.3 ,23.23 ,23.2 ,23.22 ,23.19 ,23.25 ,23.27 ,23.25 ,23.23 ,23.3 ,23.29 ,23.26 ,23.26 ,23.31 ,23.29 ,23.23 ,23.34 ,23.32 ,23.31 ,23.35 ,23.26 ,23.21 ,23.19 ,23.21 ,23.09 ,23.09 ,23.24 ,23.13 ,23.16 ,23.33 ,23.27 ,23.14 ,23.12 ,23.13 ,23.19 ,23.09 ,23.07 ,23.08 ,23.07 ,23.1 ,23.02 ,23 ,22.91 ,22.93 ,22.94 ,22.82 ,22.8 ,22.8 ,22.8 ,22.87 ,22.93 ,22.82 ,22.85 ,22.82 ,22.87 ,22.86 ,22.84 ,22.82 ,22.8 ,22.85 ,22.82 ,22.91 ,22.84 ,22.67 ,22.76 ,22.87 ,22.84 ,22.78 ,
64,22.77 ,22.89 ,22.97 ,23.09 ,23.15 ,23.11 ,23.21 ,23.28 ,23.45 ,23.37 ,23.38 ,23.42 ,23.44 ,23.44 ,23.56 ,23.46 ,23.35 ,23.38 ,23.36 ,23.31 ,23.39 ,23.45 ,23.37 ,23.27 ,23.49 ,23.42 ,23.37 ,23.38 ,23.31 ,23.27 ,23.15 ,23.06 ,23.15 ,23.34 ,23.41 ,23.46 ,23.42 ,23.42 ,23.57 ,23.45 ,23.39 ,23.42 ,23.47 ,23.53 ,23.53 ,23.41 ,23.46 ,23.52 ,23.53 ,23.44 ,23.38 ,23.48 ,23.44 ,23.5 ,23.54 ,23.5 ,23.51 ,23.44 ,23.41 ,23.52 ,23.62 ,23.51 ,23.44 ,23.46 ,23.46 ,23.36 ,23.46 ,23.5 ,23.43 ,23.53 ,23.52 ,23.58 ,23.62 ,23.59 ,23.59 ,23.57 ,23.57 ,23.63 ,23.48 ,23.38 ,23.54 ,23.54 ,23.35 ,23.43 ,23.5 ,23.51 ,23.51 ,23.56 ,23.57 ,23.48 ,23.49 ,23.56 ,23.56 ,23.5 ,23.43 ,23.54 ,23.55 ,23.5 ,23.53 ,23.52 ,23.49 ,23.51 ,23.53 ,23.49 ,23.5 ,23.5 ,23.57 ,23.52 ,23.48 ,23.42 ,23.47 ,23.55 ,23.57 ,23.54 ,23.56 ,23.53 ,23.52 ,23.54 ,23.59 ,23.58 ,23.56 ,23.54 ,23.55 ,23.62 ,23.62 ,23.55 ,23.54 ,23.67 ,23.56 ,23.41 ,23.44 ,23.61 ,23.61 ,23.49 ,23.47 ,23.46 ,23.37 ,23.47 ,23.52 ,23.6 ,23.69 ,23.7 ,23.64 ,23.61 ,23.67 ,23.74 ,23.68 ,23.59 ,23.59 ,23.63 ,23.64 ,23.61 ,23.65 ,23.66 ,23.67 ,23.65 ,23.64 ,23.64 ,23.71 ,23.74 ,23.67 ,23.68 ,23.7 ,23.71 ,23.75 ,23.72 ,23.7 ,23.77 ,23.77 ,23.71 ,23.73 ,23.65 ,23.7 ,23.74 ,23.75 ,23.73 ,23.76 ,23.72 ,23.73 ,23.7 ,23.74 ,23.72 ,23.65 ,23.57 ,23.63 ,23.66 ,23.78 ,23.71 ,23.69 ,23.71 ,23.73 ,23.7 ,23.75 ,23.7 ,23.76 ,23.79 ,23.71 ,23.65 ,23.77 ,23.73 ,23.75 ,23.71 ,23.72 ,23.72 ,23.65 ,23.75 ,23.73 ,23.64 ,23.77 ,23.79 ,23.83 ,23.84 ,23.78 ,23.76 ,23.76 ,23.7 ,23.77 ,23.83 ,23.81 ,23.79 ,23.82 ,23.73 ,23.68 ,23.78 ,23.84 ,23.76 ,23.75 ,23.83 ,23.76 ,23.75 ,23.73 ,23.73 ,23.8 ,23.73 ,23.63 ,23.76 ,23.89 ,23.83 ,23.78 ,23.8 ,23.86 ,23.83 ,23.82 ,23.77 ,23.81 ,23.74 ,23.71 ,23.76 ,23.73 ,23.62 ,23.71 ,23.66 ,23.66 ,23.66 ,23.66 ,23.68 ,23.68 ,23.7 ,23.64 ,23.65 ,23.71 ,23.65 ,23.62 ,23.61 ,23.68 ,23.64 ,23.59 ,23.6 ,23.62 ,23.58 ,23.52 ,23.57 ,23.6 ,23.59 ,23.58 ,23.61 ,23.59 ,23.59 ,23.54 ,23.59 ,23.53 ,23.51 ,23.46 ,23.48 ,23.53 ,23.55 ,23.57 ,23.51 ,23.39 ,23.49 ,23.45 ,23.55 ,23.63 ,23.6 ,23.62 ,23.72 ,23.59 ,23.59 ,23.57 ,23.52 ,23.55 ,23.64 ,23.56 ,23.58 ,23.6 ,23.56 ,23.6 ,23.63 ,23.54 ,23.46 ,23.51 ,23.66 ,23.6 ,23.59 ,23.58 ,23.62 ,23.68 ,23.56 ,23.53 ,23.63 ,23.62 ,23.62 ,23.62 ,23.61 ,23.65 ,23.65 ,23.67 ,23.69 ,23.77 ,23.78 ,23.76 ,23.8 ,23.64 ,23.58 ,23.71 ,23.64 ,23.64 ,23.72 ,23.8 ,23.7 ,23.64 ,23.63 ,23.64 ,23.75 ,23.69 ,23.68 ,23.73 ,23.74 ,23.7 ,23.69 ,23.68 ,23.71 ,23.73 ,23.66 ,23.62 ,23.64 ,23.69 ,23.64 ,23.63 ,23.61 ,23.62 ,23.72 ,23.75 ,23.72 ,23.76 ,23.74 ,23.73 ,23.75 ,23.76 ,23.83 ,23.83 ,23.84 ,23.82 ,23.83 ,23.79 ,23.77 ,23.73 ,23.84 ,23.81 ,23.77 ,23.79 ,23.83 ,23.71 ,23.73 ,23.81 ,23.84 ,23.79 ,23.81 ,23.77 ,23.75 ,23.68 ,23.76 ,23.81 ,23.78 ,23.76 ,23.83 ,23.83 ,23.8 ,23.87 ,23.79 ,23.71 ,23.7 ,23.69 ,23.69 ,23.61 ,23.56 ,23.52 ,23.51 ,23.56 ,23.62 ,23.65 ,23.61 ,23.59 ,23.71 ,23.62 ,23.6 ,23.64 ,23.67 ,23.68 ,23.69 ,23.69 ,23.71 ,23.73 ,23.7 ,23.62 ,23.64 ,23.71 ,23.66 ,23.65 ,23.71 ,23.66 ,23.65 ,23.63 ,23.65 ,23.56 ,23.57 ,23.66 ,23.59 ,23.52 ,23.52 ,23.4 ,23.48 ,23.49 ,23.5 ,23.58 ,23.57 ,23.51 ,23.53 ,23.55 ,23.57 ,23.67 ,23.65 ,23.66 ,23.6 ,23.66 ,23.59 ,23.51 ,23.66 ,23.72 ,23.72 ,23.65 ,23.66 ,23.7 ,23.63 ,23.68 ,23.72 ,23.7 ,23.67 ,23.73 ,23.74 ,23.65 ,23.73 ,23.69 ,23.65 ,23.65 ,23.59 ,23.58 ,23.65 ,23.69 ,23.61 ,23.74 ,23.67 ,23.66 ,23.69 ,23.67 ,23.67 ,23.68 ,23.67 ,23.61 ,23.73 ,23.82 ,23.75 ,23.72 ,23.79 ,23.67 ,23.68 ,23.72 ,23.65 ,23.66 ,23.72 ,23.82 ,23.82 ,23.76 ,23.61 ,23.6 ,23.69 ,23.66 ,23.78 ,23.75 ,23.76 ,23.75 ,23.62 ,23.65 ,23.75 ,23.7 ,23.79 ,23.71 ,23.65 ,23.63 ,23.65 ,23.65 ,23.76 ,23.7 ,23.63 ,23.59 ,23.58 ,23.66 ,23.58 ,23.58 ,23.66 ,23.56 ,23.55 ,23.56 ,23.63 ,23.68 ,23.61 ,23.52 ,23.59 ,23.55 ,23.47 ,23.41 ,23.44 ,23.42 ,23.5 ,23.56 ,23.48 ,23.25 ,23.36 ,23.36 ,23.3 ,23.31 ,23.23 ,23.21 ,23.14 ,23.24 ,23.38 ,23.3 ,23.33 ,23.35 ,23.49 ,23.5 ,23.5 ,23.42 ,23.33 ,23.31 ,23.29 ,23.34 ,23.34 ,23.36 ,23.32 ,23.25 ,23.28 ,23.24 ,23.22 ,23.22 ,23.25 ,23.27 ,23.19 ,23.28 ,23.3 ,23.15 ,23.26 ,23.33 ,23.26 ,23.34 ,23.3 ,23.2 ,23.15 ,23.15 ,23.22 ,23.25 ,23.28 ,23.23 ,23.25 ,23.14 ,23.17 ,23.18 ,23.16 ,23.29 ,23.27 ,23.16 ,23.25 ,23.28 ,23.14 ,23.06 ,23.17 ,23.09 ,22.97 ,23.12 ,23.13 ,22.96 ,23.01 ,22.99 ,22.91 ,22.9 ,22.86 ,22.95 ,22.92 ,22.82 ,22.89 ,22.85 ,22.89 ,22.93 ,22.86 ,22.77 ,22.83 ,22.86 ,22.9 ,22.79 ,22.76 ,22.75 ,22.76 ,22.76 ,22.88 ,22.79 ,22.73 ,22.86 ,22.88 ,22.74 ,22.71 ,
65,22.8 ,22.84 ,23.03 ,23 ,23.02 ,23.2 ,23.26 ,23.31 ,23.38 ,23.48 ,23.41 ,23.49 ,23.52 ,23.54 ,23.57 ,23.54 ,23.49 ,23.48 ,23.42 ,23.27 ,23.35 ,23.53 ,23.47 ,23.34 ,23.39 ,23.47 ,23.36 ,23.35 ,23.36 ,23.25 ,23.21 ,23.08 ,23.13 ,23.3 ,23.53 ,23.47 ,23.46 ,23.48 ,23.5 ,23.42 ,23.39 ,23.47 ,23.4 ,23.38 ,23.43 ,23.5 ,23.56 ,23.61 ,23.55 ,23.57 ,23.45 ,23.5 ,23.48 ,23.46 ,23.5 ,23.52 ,23.42 ,23.36 ,23.43 ,23.5 ,23.54 ,23.6 ,23.59 ,23.44 ,23.53 ,23.46 ,23.6 ,23.67 ,23.54 ,23.52 ,23.59 ,23.62 ,23.57 ,23.57 ,23.6 ,23.64 ,23.59 ,23.57 ,23.54 ,23.47 ,23.55 ,23.59 ,23.5 ,23.41 ,23.53 ,23.51 ,23.46 ,23.48 ,23.45 ,23.42 ,23.49 ,23.53 ,23.49 ,23.52 ,23.52 ,23.49 ,23.54 ,23.47 ,23.6 ,23.58 ,23.51 ,23.55 ,23.6 ,23.53 ,23.56 ,23.53 ,23.52 ,23.47 ,23.55 ,23.54 ,23.47 ,23.47 ,23.55 ,23.52 ,23.56 ,23.63 ,23.58 ,23.58 ,23.61 ,23.57 ,23.6 ,23.6 ,23.59 ,23.57 ,23.46 ,23.5 ,23.58 ,23.63 ,23.59 ,23.47 ,23.49 ,23.59 ,23.6 ,23.59 ,23.58 ,23.52 ,23.45 ,23.46 ,23.55 ,23.64 ,23.72 ,23.72 ,23.63 ,23.64 ,23.7 ,23.74 ,23.63 ,23.59 ,23.62 ,23.66 ,23.64 ,23.62 ,23.68 ,23.68 ,23.69 ,23.66 ,23.68 ,23.59 ,23.63 ,23.72 ,23.76 ,23.74 ,23.73 ,23.69 ,23.75 ,23.69 ,23.7 ,23.82 ,23.8 ,23.73 ,23.84 ,23.76 ,23.72 ,23.77 ,23.81 ,23.77 ,23.73 ,23.72 ,23.77 ,23.75 ,23.76 ,23.73 ,23.62 ,23.61 ,23.67 ,23.73 ,23.77 ,23.75 ,23.66 ,23.71 ,23.78 ,23.7 ,23.77 ,23.73 ,23.73 ,23.77 ,23.8 ,23.81 ,23.76 ,23.74 ,23.73 ,23.76 ,23.77 ,23.71 ,23.72 ,23.74 ,23.7 ,23.66 ,23.79 ,23.85 ,23.79 ,23.75 ,23.8 ,23.8 ,23.81 ,23.67 ,23.74 ,23.79 ,23.85 ,23.81 ,23.73 ,23.75 ,23.73 ,23.81 ,23.88 ,23.78 ,23.76 ,23.8 ,23.74 ,23.79 ,23.76 ,23.7 ,23.86 ,23.79 ,23.72 ,23.8 ,23.89 ,23.81 ,23.81 ,23.81 ,23.77 ,23.84 ,23.82 ,23.67 ,23.77 ,23.81 ,23.79 ,23.76 ,23.73 ,23.64 ,23.57 ,23.53 ,23.57 ,23.6 ,23.67 ,23.67 ,23.63 ,23.6 ,23.59 ,23.6 ,23.63 ,23.62 ,23.63 ,23.59 ,23.62 ,23.59 ,23.53 ,23.52 ,23.58 ,23.58 ,23.52 ,23.57 ,23.68 ,23.62 ,23.59 ,23.56 ,23.44 ,23.53 ,23.65 ,23.59 ,23.55 ,23.5 ,23.53 ,23.47 ,23.53 ,23.57 ,23.61 ,23.5 ,23.41 ,23.5 ,23.51 ,23.53 ,23.6 ,23.6 ,23.63 ,23.73 ,23.61 ,23.59 ,23.61 ,23.55 ,23.59 ,23.67 ,23.56 ,23.54 ,23.57 ,23.54 ,23.62 ,23.62 ,23.52 ,23.55 ,23.52 ,23.67 ,23.68 ,23.66 ,23.6 ,23.54 ,23.57 ,23.57 ,23.54 ,23.64 ,23.68 ,23.75 ,23.71 ,23.7 ,23.75 ,23.67 ,23.71 ,23.7 ,23.73 ,23.77 ,23.8 ,23.76 ,23.71 ,23.65 ,23.76 ,23.7 ,23.62 ,23.75 ,23.8 ,23.69 ,23.68 ,23.71 ,23.7 ,23.73 ,23.76 ,23.77 ,23.75 ,23.76 ,23.72 ,23.72 ,23.82 ,23.81 ,23.76 ,23.69 ,23.65 ,23.66 ,23.69 ,23.78 ,23.7 ,23.67 ,23.64 ,23.7 ,23.84 ,23.72 ,23.77 ,23.8 ,23.74 ,23.83 ,23.82 ,23.82 ,23.8 ,23.89 ,23.86 ,23.8 ,23.78 ,23.72 ,23.71 ,23.82 ,23.81 ,23.77 ,23.76 ,23.77 ,23.8 ,23.74 ,23.88 ,23.89 ,23.81 ,23.77 ,23.84 ,23.82 ,23.71 ,23.74 ,23.76 ,23.77 ,23.78 ,23.86 ,23.82 ,23.8 ,23.8 ,23.73 ,23.67 ,23.61 ,23.66 ,23.66 ,23.53 ,23.58 ,23.61 ,23.64 ,23.64 ,23.66 ,23.7 ,23.64 ,23.64 ,23.72 ,23.67 ,23.64 ,23.69 ,23.71 ,23.66 ,23.72 ,23.71 ,23.71 ,23.63 ,23.72 ,23.65 ,23.65 ,23.7 ,23.77 ,23.79 ,23.72 ,23.62 ,23.67 ,23.68 ,23.64 ,23.59 ,23.58 ,23.71 ,23.55 ,23.5 ,23.55 ,23.51 ,23.47 ,23.42 ,23.4 ,23.52 ,23.61 ,23.56 ,23.63 ,23.68 ,23.7 ,23.69 ,23.78 ,23.68 ,23.63 ,23.5 ,23.51 ,23.48 ,23.54 ,23.59 ,23.64 ,23.68 ,23.69 ,23.7 ,23.68 ,23.64 ,23.67 ,23.78 ,23.71 ,23.71 ,23.75 ,23.7 ,23.65 ,23.66 ,23.65 ,23.69 ,23.72 ,23.66 ,23.77 ,23.74 ,23.73 ,23.75 ,23.74 ,23.69 ,23.75 ,23.71 ,23.68 ,23.73 ,23.7 ,23.77 ,23.71 ,23.79 ,23.71 ,23.68 ,23.76 ,23.68 ,23.77 ,23.72 ,23.58 ,23.7 ,23.73 ,23.74 ,23.71 ,23.79 ,23.66 ,23.6 ,23.64 ,23.69 ,23.77 ,23.76 ,23.72 ,23.74 ,23.71 ,23.66 ,23.67 ,23.68 ,23.78 ,23.75 ,23.62 ,23.6 ,23.7 ,23.63 ,23.69 ,23.73 ,23.74 ,23.62 ,23.59 ,23.69 ,23.68 ,23.63 ,23.59 ,23.62 ,23.6 ,23.45 ,23.51 ,23.59 ,23.61 ,23.48 ,23.55 ,23.47 ,23.42 ,23.53 ,23.54 ,23.54 ,23.54 ,23.6 ,23.43 ,23.26 ,23.36 ,23.3 ,23.35 ,23.27 ,23.21 ,23.17 ,23.12 ,23.19 ,23.33 ,23.26 ,23.36 ,23.37 ,23.39 ,23.48 ,23.46 ,23.42 ,23.31 ,23.3 ,23.29 ,23.33 ,23.43 ,23.45 ,23.39 ,23.33 ,23.33 ,23.26 ,23.27 ,23.31 ,23.29 ,23.23 ,23.29 ,23.23 ,23.37 ,23.22 ,23.24 ,23.35 ,23.25 ,23.28 ,23.25 ,23.14 ,23.18 ,23.28 ,23.16 ,23.25 ,23.26 ,23.2 ,23.24 ,23.18 ,23.21 ,23.29 ,23.28 ,23.31 ,23.35 ,23.28 ,23.27 ,23.33 ,23.16 ,23.08 ,23.28 ,23.27 ,23.01 ,23.13 ,23.19 ,22.9 ,22.98 ,23 ,23.02 ,22.95 ,22.86 ,22.95 ,22.96 ,22.82 ,22.85 ,22.79 ,22.92 ,22.99 ,22.81 ,22.86 ,22.89 ,22.84 ,22.91 ,22.91 ,22.84 ,22.78 ,22.85 ,22.78 ,22.79 ,22.85 ,22.78 ,22.88 ,22.87 ,22.79 ,22.73 ,
66,22.78 ,22.79 ,22.93 ,23.13 ,23.11 ,23.19 ,23.26 ,23.35 ,23.35 ,23.44 ,23.42 ,23.41 ,23.52 ,23.56 ,23.53 ,23.46 ,23.47 ,23.48 ,23.41 ,23.4 ,23.38 ,23.54 ,23.59 ,23.52 ,23.48 ,23.47 ,23.39 ,23.28 ,23.31 ,23.19 ,23.15 ,23.12 ,23.12 ,23.35 ,23.51 ,23.49 ,23.4 ,23.46 ,23.46 ,23.44 ,23.48 ,23.51 ,23.43 ,23.33 ,23.38 ,23.55 ,23.63 ,23.6 ,23.54 ,23.57 ,23.46 ,23.39 ,23.44 ,23.49 ,23.48 ,23.44 ,23.39 ,23.38 ,23.44 ,23.47 ,23.41 ,23.5 ,23.54 ,23.54 ,23.45 ,23.5 ,23.59 ,23.65 ,23.58 ,23.48 ,23.51 ,23.61 ,23.65 ,23.47 ,23.51 ,23.64 ,23.61 ,23.57 ,23.55 ,23.55 ,23.5 ,23.44 ,23.53 ,23.53 ,23.49 ,23.52 ,23.43 ,23.51 ,23.43 ,23.41 ,23.45 ,23.47 ,23.48 ,23.53 ,23.45 ,23.43 ,23.55 ,23.45 ,23.45 ,23.54 ,23.53 ,23.57 ,23.6 ,23.56 ,23.6 ,23.59 ,23.52 ,23.44 ,23.5 ,23.56 ,23.46 ,23.53 ,23.63 ,23.59 ,23.58 ,23.59 ,23.64 ,23.56 ,23.57 ,23.63 ,23.67 ,23.62 ,23.6 ,23.61 ,23.5 ,23.54 ,23.61 ,23.68 ,23.62 ,23.55 ,23.56 ,23.63 ,23.55 ,23.6 ,23.56 ,23.52 ,23.5 ,23.57 ,23.6 ,23.58 ,23.65 ,23.71 ,23.61 ,23.64 ,23.74 ,23.7 ,23.69 ,23.65 ,23.72 ,23.7 ,23.67 ,23.67 ,23.71 ,23.71 ,23.7 ,23.7 ,23.68 ,23.64 ,23.59 ,23.66 ,23.73 ,23.73 ,23.69 ,23.72 ,23.75 ,23.76 ,23.67 ,23.8 ,23.73 ,23.7 ,23.77 ,23.8 ,23.68 ,23.62 ,23.72 ,23.73 ,23.71 ,23.73 ,23.76 ,23.75 ,23.77 ,23.81 ,23.68 ,23.63 ,23.72 ,23.73 ,23.7 ,23.69 ,23.68 ,23.69 ,23.81 ,23.69 ,23.74 ,23.72 ,23.74 ,23.78 ,23.73 ,23.77 ,23.76 ,23.75 ,23.75 ,23.75 ,23.76 ,23.7 ,23.68 ,23.75 ,23.77 ,23.7 ,23.78 ,23.85 ,23.81 ,23.76 ,23.8 ,23.78 ,23.83 ,23.78 ,23.76 ,23.77 ,23.77 ,23.78 ,23.76 ,23.75 ,23.74 ,23.81 ,23.91 ,23.83 ,23.87 ,23.84 ,23.74 ,23.75 ,23.76 ,23.76 ,23.89 ,23.83 ,23.74 ,23.88 ,23.88 ,23.81 ,23.82 ,23.9 ,23.75 ,23.78 ,23.81 ,23.71 ,23.74 ,23.83 ,23.83 ,23.79 ,23.67 ,23.68 ,23.6 ,23.53 ,23.62 ,23.67 ,23.68 ,23.69 ,23.69 ,23.63 ,23.49 ,23.52 ,23.58 ,23.63 ,23.66 ,23.68 ,23.61 ,23.58 ,23.51 ,23.59 ,23.57 ,23.6 ,23.53 ,23.54 ,23.65 ,23.62 ,23.61 ,23.61 ,23.6 ,23.6 ,23.6 ,23.61 ,23.61 ,23.5 ,23.51 ,23.45 ,23.52 ,23.59 ,23.61 ,23.5 ,23.42 ,23.47 ,23.53 ,23.53 ,23.57 ,23.57 ,23.59 ,23.66 ,23.67 ,23.59 ,23.57 ,23.58 ,23.55 ,23.69 ,23.63 ,23.55 ,23.6 ,23.59 ,23.53 ,23.54 ,23.56 ,23.6 ,23.6 ,23.66 ,23.65 ,23.63 ,23.53 ,23.53 ,23.55 ,23.53 ,23.59 ,23.69 ,23.76 ,23.78 ,23.71 ,23.69 ,23.71 ,23.64 ,23.64 ,23.63 ,23.56 ,23.58 ,23.66 ,23.74 ,23.69 ,23.67 ,23.7 ,23.73 ,23.69 ,23.71 ,23.78 ,23.7 ,23.73 ,23.76 ,23.68 ,23.82 ,23.82 ,23.74 ,23.7 ,23.74 ,23.76 ,23.76 ,23.75 ,23.78 ,23.73 ,23.68 ,23.65 ,23.64 ,23.71 ,23.78 ,23.75 ,23.71 ,23.73 ,23.78 ,23.82 ,23.78 ,23.82 ,23.76 ,23.76 ,23.86 ,23.77 ,23.76 ,23.79 ,23.8 ,23.86 ,23.87 ,23.8 ,23.74 ,23.74 ,23.76 ,23.79 ,23.75 ,23.74 ,23.68 ,23.81 ,23.86 ,23.89 ,23.91 ,23.81 ,23.77 ,23.79 ,23.79 ,23.75 ,23.79 ,23.79 ,23.81 ,23.74 ,23.8 ,23.78 ,23.74 ,23.67 ,23.53 ,23.54 ,23.53 ,23.48 ,23.59 ,23.48 ,23.53 ,23.66 ,23.73 ,23.76 ,23.69 ,23.71 ,23.63 ,23.61 ,23.71 ,23.68 ,23.59 ,23.6 ,23.69 ,23.65 ,23.65 ,23.62 ,23.67 ,23.63 ,23.64 ,23.58 ,23.61 ,23.67 ,23.66 ,23.73 ,23.74 ,23.61 ,23.63 ,23.65 ,23.63 ,23.57 ,23.61 ,23.67 ,23.59 ,23.6 ,23.57 ,23.57 ,23.5 ,23.48 ,23.49 ,23.53 ,23.6 ,23.64 ,23.78 ,23.75 ,23.65 ,23.65 ,23.68 ,23.65 ,23.56 ,23.51 ,23.53 ,23.49 ,23.57 ,23.6 ,23.68 ,23.65 ,23.67 ,23.66 ,23.77 ,23.7 ,23.71 ,23.76 ,23.76 ,23.76 ,23.74 ,23.69 ,23.61 ,23.58 ,23.7 ,23.78 ,23.75 ,23.71 ,23.81 ,23.82 ,23.68 ,23.73 ,23.61 ,23.63 ,23.74 ,23.71 ,23.72 ,23.75 ,23.77 ,23.78 ,23.82 ,23.76 ,23.66 ,23.68 ,23.67 ,23.65 ,23.72 ,23.75 ,23.71 ,23.69 ,23.64 ,23.67 ,23.7 ,23.73 ,23.61 ,23.64 ,23.66 ,23.65 ,23.73 ,23.7 ,23.61 ,23.71 ,23.75 ,23.71 ,23.68 ,23.62 ,23.69 ,23.69 ,23.64 ,23.66 ,23.77 ,23.76 ,23.63 ,23.68 ,23.69 ,23.66 ,23.6 ,23.7 ,23.62 ,23.64 ,23.63 ,23.57 ,23.63 ,23.58 ,23.52 ,23.57 ,23.62 ,23.57 ,23.55 ,23.57 ,23.54 ,23.61 ,23.64 ,23.55 ,23.62 ,23.51 ,23.42 ,23.34 ,23.4 ,23.25 ,23.22 ,23.24 ,23.22 ,23.24 ,23.15 ,23.21 ,23.3 ,23.33 ,23.38 ,23.42 ,23.43 ,23.49 ,23.5 ,23.43 ,23.36 ,23.22 ,23.28 ,23.28 ,23.3 ,23.36 ,23.35 ,23.31 ,23.28 ,23.35 ,23.34 ,23.28 ,23.31 ,23.2 ,23.25 ,23.34 ,23.33 ,23.26 ,23.27 ,23.32 ,23.24 ,23.31 ,23.29 ,23.28 ,23.27 ,23.33 ,23.21 ,23.28 ,23.32 ,23.26 ,23.24 ,23.24 ,23.28 ,23.31 ,23.33 ,23.28 ,23.32 ,23.24 ,23.35 ,23.34 ,23.2 ,23.11 ,23.17 ,23.18 ,23.09 ,23.08 ,23.08 ,23 ,23 ,23 ,23.09 ,23.05 ,23.03 ,22.94 ,22.86 ,22.75 ,22.76 ,22.8 ,22.89 ,22.98 ,22.86 ,22.79 ,22.84 ,22.94 ,22.97 ,22.9 ,22.79 ,22.84 ,22.93 ,22.83 ,22.76 ,22.83 ,22.86 ,22.89 ,22.83 ,22.79 ,22.73 ,
67,22.89 ,22.86 ,22.93 ,23.14 ,23.27 ,23.16 ,23.24 ,23.26 ,23.36 ,23.41 ,23.33 ,23.27 ,23.42 ,23.52 ,23.54 ,23.5 ,23.43 ,23.43 ,23.45 ,23.43 ,23.42 ,23.48 ,23.49 ,23.49 ,23.51 ,23.46 ,23.43 ,23.35 ,23.2 ,23.19 ,23.11 ,23.12 ,23.23 ,23.36 ,23.45 ,23.54 ,23.39 ,23.36 ,23.38 ,23.38 ,23.47 ,23.54 ,23.48 ,23.41 ,23.43 ,23.58 ,23.57 ,23.57 ,23.45 ,23.45 ,23.43 ,23.42 ,23.42 ,23.5 ,23.49 ,23.41 ,23.46 ,23.55 ,23.52 ,23.51 ,23.47 ,23.52 ,23.5 ,23.6 ,23.64 ,23.53 ,23.56 ,23.55 ,23.54 ,23.54 ,23.53 ,23.53 ,23.6 ,23.47 ,23.49 ,23.55 ,23.55 ,23.55 ,23.52 ,23.55 ,23.46 ,23.39 ,23.42 ,23.48 ,23.57 ,23.53 ,23.48 ,23.53 ,23.51 ,23.46 ,23.46 ,23.53 ,23.49 ,23.5 ,23.41 ,23.37 ,23.5 ,23.45 ,23.4 ,23.44 ,23.44 ,23.49 ,23.54 ,23.53 ,23.6 ,23.57 ,23.58 ,23.47 ,23.44 ,23.57 ,23.51 ,23.5 ,23.67 ,23.66 ,23.58 ,23.6 ,23.6 ,23.48 ,23.56 ,23.57 ,23.57 ,23.48 ,23.49 ,23.61 ,23.52 ,23.49 ,23.56 ,23.64 ,23.61 ,23.48 ,23.59 ,23.72 ,23.66 ,23.55 ,23.48 ,23.48 ,23.51 ,23.66 ,23.62 ,23.64 ,23.64 ,23.62 ,23.62 ,23.67 ,23.75 ,23.65 ,23.67 ,23.73 ,23.8 ,23.71 ,23.68 ,23.66 ,23.67 ,23.71 ,23.61 ,23.69 ,23.72 ,23.69 ,23.63 ,23.65 ,23.69 ,23.73 ,23.71 ,23.71 ,23.74 ,23.78 ,23.75 ,23.75 ,23.66 ,23.71 ,23.75 ,23.81 ,23.69 ,23.64 ,23.71 ,23.74 ,23.73 ,23.67 ,23.72 ,23.69 ,23.74 ,23.87 ,23.72 ,23.67 ,23.76 ,23.72 ,23.69 ,23.66 ,23.66 ,23.67 ,23.69 ,23.71 ,23.67 ,23.72 ,23.79 ,23.75 ,23.72 ,23.77 ,23.77 ,23.77 ,23.81 ,23.79 ,23.75 ,23.77 ,23.73 ,23.82 ,23.74 ,23.72 ,23.82 ,23.85 ,23.79 ,23.73 ,23.82 ,23.72 ,23.75 ,23.76 ,23.73 ,23.75 ,23.79 ,23.72 ,23.75 ,23.77 ,23.8 ,23.79 ,23.83 ,23.79 ,23.81 ,23.86 ,23.77 ,23.83 ,23.75 ,23.74 ,23.86 ,23.86 ,23.77 ,23.81 ,23.87 ,23.79 ,23.8 ,23.83 ,23.72 ,23.75 ,23.76 ,23.65 ,23.69 ,23.8 ,23.81 ,23.79 ,23.68 ,23.66 ,23.63 ,23.56 ,23.59 ,23.67 ,23.69 ,23.64 ,23.66 ,23.76 ,23.58 ,23.5 ,23.53 ,23.58 ,23.63 ,23.66 ,23.63 ,23.67 ,23.64 ,23.59 ,23.53 ,23.53 ,23.54 ,23.56 ,23.57 ,23.61 ,23.59 ,23.63 ,23.66 ,23.67 ,23.54 ,23.51 ,23.51 ,23.48 ,23.47 ,23.54 ,23.55 ,23.59 ,23.6 ,23.55 ,23.45 ,23.57 ,23.59 ,23.54 ,23.54 ,23.61 ,23.6 ,23.66 ,23.65 ,23.63 ,23.63 ,23.6 ,23.55 ,23.63 ,23.64 ,23.63 ,23.62 ,23.62 ,23.56 ,23.52 ,23.55 ,23.55 ,23.54 ,23.61 ,23.62 ,23.64 ,23.59 ,23.54 ,23.55 ,23.56 ,23.58 ,23.67 ,23.73 ,23.77 ,23.77 ,23.62 ,23.61 ,23.62 ,23.62 ,23.57 ,23.5 ,23.47 ,23.58 ,23.61 ,23.61 ,23.61 ,23.71 ,23.65 ,23.72 ,23.75 ,23.72 ,23.73 ,23.79 ,23.73 ,23.69 ,23.67 ,23.8 ,23.69 ,23.6 ,23.68 ,23.72 ,23.78 ,23.7 ,23.65 ,23.71 ,23.68 ,23.64 ,23.62 ,23.63 ,23.77 ,23.68 ,23.66 ,23.72 ,23.79 ,23.81 ,23.76 ,23.85 ,23.8 ,23.77 ,23.79 ,23.7 ,23.75 ,23.79 ,23.8 ,23.83 ,23.86 ,23.83 ,23.75 ,23.68 ,23.79 ,23.78 ,23.8 ,23.77 ,23.75 ,23.73 ,23.86 ,23.82 ,23.78 ,23.76 ,23.72 ,23.75 ,23.79 ,23.75 ,23.8 ,23.79 ,23.73 ,23.71 ,23.7 ,23.68 ,23.65 ,23.56 ,23.46 ,23.5 ,23.61 ,23.55 ,23.51 ,23.42 ,23.42 ,23.54 ,23.63 ,23.66 ,23.61 ,23.68 ,23.56 ,23.54 ,23.67 ,23.63 ,23.61 ,23.62 ,23.55 ,23.57 ,23.66 ,23.6 ,23.62 ,23.65 ,23.69 ,23.64 ,23.64 ,23.64 ,23.58 ,23.55 ,23.63 ,23.61 ,23.63 ,23.66 ,23.62 ,23.57 ,23.56 ,23.65 ,23.63 ,23.62 ,23.59 ,23.66 ,23.56 ,23.51 ,23.61 ,23.61 ,23.69 ,23.7 ,23.77 ,23.77 ,23.65 ,23.49 ,23.57 ,23.61 ,23.5 ,23.46 ,23.57 ,23.46 ,23.54 ,23.53 ,23.66 ,23.68 ,23.69 ,23.73 ,23.73 ,23.69 ,23.77 ,23.78 ,23.76 ,23.76 ,23.71 ,23.63 ,23.67 ,23.59 ,23.68 ,23.77 ,23.8 ,23.65 ,23.72 ,23.75 ,23.61 ,23.65 ,23.61 ,23.56 ,23.64 ,23.7 ,23.77 ,23.76 ,23.8 ,23.73 ,23.75 ,23.76 ,23.76 ,23.75 ,23.7 ,23.76 ,23.74 ,23.76 ,23.77 ,23.63 ,23.6 ,23.67 ,23.69 ,23.75 ,23.77 ,23.65 ,23.63 ,23.63 ,23.67 ,23.69 ,23.68 ,23.73 ,23.7 ,23.68 ,23.66 ,23.64 ,23.69 ,23.72 ,23.58 ,23.63 ,23.71 ,23.74 ,23.68 ,23.69 ,23.65 ,23.69 ,23.62 ,23.6 ,23.53 ,23.56 ,23.62 ,23.52 ,23.56 ,23.61 ,23.6 ,23.66 ,23.62 ,23.58 ,23.58 ,23.59 ,23.54 ,23.58 ,23.57 ,23.51 ,23.54 ,23.5 ,23.33 ,23.28 ,23.35 ,23.3 ,23.24 ,23.23 ,23.26 ,23.21 ,23.21 ,23.27 ,23.22 ,23.29 ,23.42 ,23.41 ,23.4 ,23.49 ,23.47 ,23.33 ,23.34 ,23.38 ,23.29 ,23.29 ,23.28 ,23.31 ,23.32 ,23.25 ,23.27 ,23.3 ,23.35 ,23.32 ,23.24 ,23.24 ,23.23 ,23.3 ,23.24 ,23.19 ,23.24 ,23.35 ,23.38 ,23.28 ,23.29 ,23.25 ,23.36 ,23.24 ,23.16 ,23.18 ,23.33 ,23.31 ,23.27 ,23.15 ,23.3 ,23.27 ,23.23 ,23.32 ,23.12 ,23.08 ,23.13 ,23.14 ,23.15 ,23.06 ,23.15 ,23.13 ,22.97 ,23.02 ,23.07 ,23.06 ,23.11 ,22.9 ,22.97 ,22.95 ,23.06 ,23 ,22.79 ,22.76 ,22.79 ,22.82 ,22.91 ,22.97 ,22.86 ,22.87 ,22.86 ,22.89 ,22.88 ,22.89 ,22.91 ,22.84 ,22.83 ,22.83 ,22.86 ,22.71 ,22.83 ,22.87 ,22.88 ,22.81 ,22.77 ,
68,22.89 ,22.91 ,23 ,23.12 ,23.24 ,23.24 ,23.28 ,23.3 ,23.35 ,23.4 ,23.35 ,23.3 ,23.34 ,23.36 ,23.45 ,23.56 ,23.5 ,23.41 ,23.35 ,23.49 ,23.41 ,23.47 ,23.47 ,23.28 ,23.39 ,23.47 ,23.46 ,23.36 ,23.31 ,23.29 ,23.15 ,23.11 ,23.28 ,23.43 ,23.4 ,23.5 ,23.42 ,23.43 ,23.48 ,23.46 ,23.42 ,23.43 ,23.51 ,23.42 ,23.5 ,23.5 ,23.47 ,23.49 ,23.47 ,23.45 ,23.4 ,23.42 ,23.47 ,23.49 ,23.46 ,23.48 ,23.4 ,23.48 ,23.52 ,23.57 ,23.49 ,23.52 ,23.46 ,23.54 ,23.61 ,23.53 ,23.53 ,23.51 ,23.45 ,23.58 ,23.57 ,23.54 ,23.53 ,23.55 ,23.54 ,23.55 ,23.57 ,23.52 ,23.5 ,23.52 ,23.49 ,23.48 ,23.48 ,23.49 ,23.55 ,23.58 ,23.49 ,23.56 ,23.58 ,23.53 ,23.49 ,23.53 ,23.5 ,23.45 ,23.51 ,23.53 ,23.53 ,23.5 ,23.47 ,23.51 ,23.49 ,23.5 ,23.54 ,23.51 ,23.55 ,23.54 ,23.55 ,23.48 ,23.45 ,23.56 ,23.5 ,23.49 ,23.61 ,23.58 ,23.54 ,23.56 ,23.61 ,23.5 ,23.49 ,23.52 ,23.49 ,23.47 ,23.46 ,23.54 ,23.52 ,23.48 ,23.48 ,23.61 ,23.69 ,23.56 ,23.57 ,23.71 ,23.73 ,23.62 ,23.49 ,23.46 ,23.59 ,23.66 ,23.65 ,23.66 ,23.66 ,23.61 ,23.57 ,23.66 ,23.75 ,23.7 ,23.71 ,23.74 ,23.74 ,23.73 ,23.7 ,23.62 ,23.59 ,23.68 ,23.63 ,23.55 ,23.65 ,23.63 ,23.68 ,23.62 ,23.67 ,23.72 ,23.76 ,23.79 ,23.79 ,23.82 ,23.77 ,23.75 ,23.65 ,23.71 ,23.75 ,23.72 ,23.69 ,23.75 ,23.72 ,23.66 ,23.64 ,23.71 ,23.76 ,23.74 ,23.75 ,23.69 ,23.76 ,23.77 ,23.79 ,23.73 ,23.8 ,23.73 ,23.6 ,23.63 ,23.69 ,23.65 ,23.69 ,23.69 ,23.67 ,23.71 ,23.74 ,23.81 ,23.72 ,23.72 ,23.76 ,23.8 ,23.77 ,23.77 ,23.78 ,23.82 ,23.76 ,23.75 ,23.88 ,23.84 ,23.81 ,23.77 ,23.77 ,23.7 ,23.75 ,23.75 ,23.74 ,23.72 ,23.76 ,23.77 ,23.8 ,23.82 ,23.85 ,23.79 ,23.85 ,23.85 ,23.77 ,23.79 ,23.79 ,23.78 ,23.8 ,23.75 ,23.74 ,23.77 ,23.74 ,23.77 ,23.83 ,23.73 ,23.78 ,23.75 ,23.59 ,23.6 ,23.68 ,23.65 ,23.67 ,23.72 ,23.71 ,23.7 ,23.74 ,23.69 ,23.64 ,23.52 ,23.53 ,23.65 ,23.69 ,23.63 ,23.62 ,23.65 ,23.66 ,23.54 ,23.46 ,23.5 ,23.6 ,23.6 ,23.67 ,23.7 ,23.68 ,23.64 ,23.58 ,23.55 ,23.57 ,23.58 ,23.61 ,23.6 ,23.61 ,23.6 ,23.55 ,23.65 ,23.61 ,23.49 ,23.51 ,23.55 ,23.61 ,23.6 ,23.55 ,23.51 ,23.56 ,23.49 ,23.47 ,23.57 ,23.63 ,23.54 ,23.46 ,23.56 ,23.55 ,23.62 ,23.63 ,23.59 ,23.67 ,23.58 ,23.59 ,23.6 ,23.59 ,23.62 ,23.56 ,23.59 ,23.57 ,23.6 ,23.54 ,23.52 ,23.62 ,23.59 ,23.6 ,23.68 ,23.61 ,23.51 ,23.45 ,23.58 ,23.55 ,23.55 ,23.67 ,23.7 ,23.73 ,23.65 ,23.62 ,23.61 ,23.61 ,23.58 ,23.53 ,23.49 ,23.52 ,23.52 ,23.48 ,23.55 ,23.63 ,23.6 ,23.7 ,23.76 ,23.73 ,23.73 ,23.75 ,23.71 ,23.7 ,23.73 ,23.76 ,23.74 ,23.64 ,23.69 ,23.77 ,23.77 ,23.77 ,23.72 ,23.69 ,23.68 ,23.62 ,23.57 ,23.65 ,23.72 ,23.71 ,23.68 ,23.69 ,23.76 ,23.88 ,23.78 ,23.87 ,23.8 ,23.71 ,23.75 ,23.71 ,23.77 ,23.81 ,23.78 ,23.83 ,23.81 ,23.81 ,23.8 ,23.69 ,23.74 ,23.74 ,23.73 ,23.77 ,23.77 ,23.75 ,23.76 ,23.81 ,23.86 ,23.8 ,23.76 ,23.79 ,23.77 ,23.7 ,23.8 ,23.72 ,23.66 ,23.63 ,23.6 ,23.6 ,23.66 ,23.54 ,23.46 ,23.56 ,23.59 ,23.56 ,23.47 ,23.45 ,23.45 ,23.5 ,23.57 ,23.6 ,23.63 ,23.61 ,23.5 ,23.44 ,23.53 ,23.57 ,23.58 ,23.67 ,23.6 ,23.58 ,23.7 ,23.7 ,23.69 ,23.64 ,23.62 ,23.61 ,23.65 ,23.64 ,23.63 ,23.55 ,23.58 ,23.68 ,23.74 ,23.7 ,23.55 ,23.57 ,23.56 ,23.6 ,23.65 ,23.61 ,23.67 ,23.66 ,23.59 ,23.64 ,23.6 ,23.69 ,23.68 ,23.63 ,23.61 ,23.64 ,23.63 ,23.49 ,23.54 ,23.6 ,23.56 ,23.48 ,23.56 ,23.5 ,23.42 ,23.47 ,23.45 ,23.5 ,23.65 ,23.59 ,23.64 ,23.62 ,23.65 ,23.66 ,23.56 ,23.62 ,23.67 ,23.58 ,23.64 ,23.69 ,23.68 ,23.75 ,23.74 ,23.67 ,23.61 ,23.62 ,23.56 ,23.69 ,23.67 ,23.64 ,23.69 ,23.71 ,23.81 ,23.81 ,23.72 ,23.67 ,23.71 ,23.74 ,23.75 ,23.73 ,23.78 ,23.72 ,23.73 ,23.74 ,23.67 ,23.63 ,23.6 ,23.76 ,23.67 ,23.73 ,23.78 ,23.84 ,23.68 ,23.64 ,23.69 ,23.7 ,23.71 ,23.68 ,23.62 ,23.62 ,23.69 ,23.64 ,23.68 ,23.72 ,23.66 ,23.65 ,23.62 ,23.59 ,23.61 ,23.62 ,23.64 ,23.67 ,23.59 ,23.58 ,23.55 ,23.56 ,23.58 ,23.48 ,23.53 ,23.59 ,23.64 ,23.67 ,23.62 ,23.54 ,23.58 ,23.47 ,23.49 ,23.51 ,23.5 ,23.51 ,23.58 ,23.53 ,23.31 ,23.27 ,23.27 ,23.35 ,23.36 ,23.33 ,23.28 ,23.24 ,23.17 ,23.31 ,23.39 ,23.34 ,23.46 ,23.41 ,23.48 ,23.48 ,23.44 ,23.25 ,23.37 ,23.43 ,23.33 ,23.31 ,23.31 ,23.4 ,23.35 ,23.2 ,23.29 ,23.24 ,23.24 ,23.28 ,23.19 ,23.24 ,23.28 ,23.28 ,23.29 ,23.19 ,23.17 ,23.29 ,23.37 ,23.29 ,23.18 ,23.21 ,23.26 ,23.26 ,23.18 ,23.24 ,23.35 ,23.26 ,23.22 ,23.19 ,23.22 ,23.17 ,23.24 ,23.27 ,23.12 ,23.05 ,23.06 ,23.11 ,23.14 ,23.13 ,23.16 ,23.15 ,23.02 ,23.03 ,23.18 ,23.11 ,23.07 ,22.99 ,22.94 ,22.91 ,22.94 ,22.96 ,22.87 ,22.85 ,22.88 ,22.88 ,22.93 ,22.95 ,22.95 ,22.94 ,22.89 ,22.79 ,22.78 ,22.84 ,22.94 ,22.96 ,22.87 ,22.8 ,22.9 ,22.86 ,22.69 ,22.83 ,22.79 ,22.76 ,22.71 ,
69,22.85 ,22.88 ,23.12 ,23.17 ,23.27 ,23.3 ,23.29 ,23.32 ,23.4 ,23.41 ,23.34 ,23.37 ,23.39 ,23.36 ,23.43 ,23.44 ,23.47 ,23.49 ,23.38 ,23.45 ,23.4 ,23.46 ,23.49 ,23.34 ,23.32 ,23.45 ,23.45 ,23.29 ,23.25 ,23.25 ,23.25 ,23.18 ,23.31 ,23.48 ,23.46 ,23.45 ,23.44 ,23.48 ,23.5 ,23.5 ,23.43 ,23.47 ,23.49 ,23.39 ,23.48 ,23.48 ,23.4 ,23.46 ,23.51 ,23.52 ,23.41 ,23.39 ,23.5 ,23.52 ,23.37 ,23.47 ,23.41 ,23.43 ,23.49 ,23.49 ,23.51 ,23.51 ,23.55 ,23.54 ,23.55 ,23.54 ,23.5 ,23.54 ,23.47 ,23.51 ,23.53 ,23.5 ,23.53 ,23.54 ,23.57 ,23.53 ,23.58 ,23.48 ,23.51 ,23.51 ,23.48 ,23.55 ,23.49 ,23.53 ,23.58 ,23.6 ,23.46 ,23.48 ,23.52 ,23.51 ,23.57 ,23.58 ,23.45 ,23.38 ,23.46 ,23.55 ,23.54 ,23.55 ,23.48 ,23.54 ,23.58 ,23.56 ,23.56 ,23.6 ,23.53 ,23.5 ,23.43 ,23.48 ,23.5 ,23.58 ,23.57 ,23.56 ,23.59 ,23.55 ,23.51 ,23.53 ,23.57 ,23.52 ,23.53 ,23.55 ,23.56 ,23.42 ,23.43 ,23.51 ,23.55 ,23.47 ,23.48 ,23.55 ,23.7 ,23.63 ,23.59 ,23.66 ,23.69 ,23.69 ,23.66 ,23.54 ,23.62 ,23.69 ,23.62 ,23.7 ,23.64 ,23.68 ,23.67 ,23.63 ,23.67 ,23.7 ,23.67 ,23.77 ,23.77 ,23.77 ,23.77 ,23.71 ,23.63 ,23.6 ,23.64 ,23.63 ,23.64 ,23.67 ,23.71 ,23.66 ,23.69 ,23.73 ,23.77 ,23.78 ,23.76 ,23.73 ,23.78 ,23.82 ,23.61 ,23.68 ,23.79 ,23.75 ,23.76 ,23.78 ,23.74 ,23.63 ,23.72 ,23.74 ,23.74 ,23.69 ,23.75 ,23.75 ,23.68 ,23.77 ,23.78 ,23.76 ,23.75 ,23.75 ,23.72 ,23.7 ,23.75 ,23.71 ,23.63 ,23.65 ,23.67 ,23.73 ,23.74 ,23.76 ,23.7 ,23.7 ,23.71 ,23.76 ,23.85 ,23.77 ,23.74 ,23.77 ,23.75 ,23.77 ,23.79 ,23.86 ,23.74 ,23.8 ,23.79 ,23.77 ,23.74 ,23.7 ,23.86 ,23.75 ,23.73 ,23.82 ,23.83 ,23.81 ,23.84 ,23.84 ,23.81 ,23.79 ,23.75 ,23.81 ,23.77 ,23.79 ,23.76 ,23.77 ,23.75 ,23.74 ,23.72 ,23.88 ,23.86 ,23.66 ,23.64 ,23.62 ,23.52 ,23.55 ,23.7 ,23.67 ,23.67 ,23.67 ,23.68 ,23.68 ,23.73 ,23.81 ,23.71 ,23.61 ,23.63 ,23.65 ,23.57 ,23.5 ,23.6 ,23.61 ,23.56 ,23.58 ,23.53 ,23.55 ,23.61 ,23.59 ,23.55 ,23.67 ,23.68 ,23.62 ,23.55 ,23.59 ,23.6 ,23.58 ,23.58 ,23.61 ,23.63 ,23.61 ,23.59 ,23.56 ,23.63 ,23.44 ,23.5 ,23.65 ,23.68 ,23.59 ,23.55 ,23.56 ,23.58 ,23.5 ,23.45 ,23.5 ,23.59 ,23.61 ,23.6 ,23.6 ,23.56 ,23.64 ,23.64 ,23.69 ,23.68 ,23.5 ,23.5 ,23.62 ,23.53 ,23.6 ,23.63 ,23.6 ,23.63 ,23.63 ,23.58 ,23.59 ,23.66 ,23.59 ,23.56 ,23.67 ,23.65 ,23.56 ,23.42 ,23.5 ,23.55 ,23.59 ,23.59 ,23.63 ,23.63 ,23.73 ,23.75 ,23.72 ,23.64 ,23.59 ,23.59 ,23.5 ,23.47 ,23.49 ,23.49 ,23.54 ,23.51 ,23.48 ,23.66 ,23.77 ,23.82 ,23.75 ,23.67 ,23.71 ,23.76 ,23.79 ,23.84 ,23.81 ,23.78 ,23.73 ,23.67 ,23.71 ,23.75 ,23.82 ,23.72 ,23.65 ,23.57 ,23.58 ,23.65 ,23.71 ,23.72 ,23.78 ,23.75 ,23.77 ,23.83 ,23.75 ,23.81 ,23.8 ,23.79 ,23.82 ,23.79 ,23.82 ,23.87 ,23.85 ,23.87 ,23.82 ,23.84 ,23.83 ,23.76 ,23.74 ,23.8 ,23.83 ,23.79 ,23.76 ,23.77 ,23.83 ,23.83 ,23.88 ,23.82 ,23.8 ,23.81 ,23.78 ,23.75 ,23.8 ,23.7 ,23.57 ,23.61 ,23.65 ,23.65 ,23.64 ,23.56 ,23.5 ,23.51 ,23.63 ,23.51 ,23.46 ,23.47 ,23.53 ,23.53 ,23.62 ,23.71 ,23.72 ,23.75 ,23.6 ,23.53 ,23.62 ,23.61 ,23.64 ,23.76 ,23.75 ,23.65 ,23.72 ,23.72 ,23.71 ,23.65 ,23.61 ,23.56 ,23.6 ,23.69 ,23.69 ,23.7 ,23.62 ,23.69 ,23.62 ,23.65 ,23.56 ,23.55 ,23.58 ,23.62 ,23.59 ,23.59 ,23.64 ,23.61 ,23.66 ,23.75 ,23.66 ,23.65 ,23.75 ,23.65 ,23.51 ,23.56 ,23.6 ,23.54 ,23.55 ,23.53 ,23.46 ,23.5 ,23.48 ,23.48 ,23.41 ,23.45 ,23.55 ,23.46 ,23.55 ,23.64 ,23.63 ,23.66 ,23.63 ,23.62 ,23.53 ,23.6 ,23.71 ,23.69 ,23.63 ,23.67 ,23.79 ,23.73 ,23.74 ,23.67 ,23.69 ,23.62 ,23.68 ,23.71 ,23.8 ,23.68 ,23.73 ,23.76 ,23.77 ,23.75 ,23.62 ,23.65 ,23.73 ,23.67 ,23.7 ,23.68 ,23.74 ,23.71 ,23.67 ,23.62 ,23.61 ,23.6 ,23.64 ,23.67 ,23.65 ,23.74 ,23.74 ,23.77 ,23.74 ,23.7 ,23.73 ,23.68 ,23.69 ,23.67 ,23.63 ,23.62 ,23.8 ,23.72 ,23.68 ,23.74 ,23.66 ,23.73 ,23.72 ,23.6 ,23.68 ,23.69 ,23.63 ,23.7 ,23.62 ,23.67 ,23.65 ,23.64 ,23.68 ,23.55 ,23.53 ,23.53 ,23.54 ,23.64 ,23.63 ,23.62 ,23.6 ,23.54 ,23.6 ,23.54 ,23.57 ,23.58 ,23.52 ,23.47 ,23.27 ,23.26 ,23.39 ,23.33 ,23.35 ,23.29 ,23.25 ,23.24 ,23.24 ,23.23 ,23.37 ,23.3 ,23.39 ,23.38 ,23.45 ,23.47 ,23.43 ,23.29 ,23.26 ,23.38 ,23.22 ,23.28 ,23.33 ,23.37 ,23.35 ,23.24 ,23.33 ,23.32 ,23.27 ,23.19 ,23.21 ,23.27 ,23.29 ,23.22 ,23.33 ,23.21 ,23.21 ,23.21 ,23.38 ,23.35 ,23.23 ,23.23 ,23.24 ,23.29 ,23.26 ,23.29 ,23.33 ,23.18 ,23.23 ,23.29 ,23.26 ,23.19 ,23.31 ,23.37 ,23.2 ,23.2 ,23.28 ,23.24 ,23.08 ,23.11 ,23.16 ,23.11 ,23.03 ,23.03 ,23.12 ,23.03 ,22.98 ,23.04 ,23.06 ,22.97 ,22.98 ,22.96 ,23 ,22.86 ,22.88 ,22.91 ,22.97 ,22.91 ,22.87 ,22.93 ,22.92 ,22.85 ,22.86 ,22.86 ,22.84 ,22.91 ,22.97 ,22.87 ,22.87 ,22.87 ,22.8 ,22.83 ,22.92 ,22.83 ,22.82 ,
70,22.91 ,22.93 ,23.16 ,23.26 ,23.34 ,23.33 ,23.43 ,23.32 ,23.38 ,23.39 ,23.36 ,23.4 ,23.44 ,23.47 ,23.49 ,23.43 ,23.34 ,23.41 ,23.51 ,23.51 ,23.4 ,23.49 ,23.47 ,23.31 ,23.35 ,23.4 ,23.27 ,23.32 ,23.18 ,23.11 ,23.26 ,23.28 ,23.39 ,23.54 ,23.52 ,23.54 ,23.48 ,23.41 ,23.5 ,23.52 ,23.45 ,23.41 ,23.58 ,23.42 ,23.42 ,23.47 ,23.5 ,23.48 ,23.42 ,23.52 ,23.4 ,23.4 ,23.52 ,23.53 ,23.36 ,23.45 ,23.46 ,23.47 ,23.51 ,23.53 ,23.52 ,23.47 ,23.59 ,23.65 ,23.59 ,23.53 ,23.53 ,23.54 ,23.53 ,23.5 ,23.47 ,23.49 ,23.48 ,23.51 ,23.52 ,23.62 ,23.5 ,23.51 ,23.53 ,23.48 ,23.57 ,23.47 ,23.49 ,23.43 ,23.52 ,23.6 ,23.51 ,23.58 ,23.55 ,23.52 ,23.6 ,23.58 ,23.49 ,23.42 ,23.44 ,23.46 ,23.6 ,23.57 ,23.52 ,23.54 ,23.53 ,23.57 ,23.56 ,23.55 ,23.53 ,23.55 ,23.54 ,23.51 ,23.57 ,23.57 ,23.56 ,23.59 ,23.62 ,23.5 ,23.55 ,23.53 ,23.52 ,23.45 ,23.56 ,23.52 ,23.55 ,23.5 ,23.43 ,23.59 ,23.55 ,23.46 ,23.46 ,23.5 ,23.55 ,23.56 ,23.56 ,23.62 ,23.6 ,23.69 ,23.71 ,23.62 ,23.67 ,23.69 ,23.71 ,23.72 ,23.66 ,23.66 ,23.73 ,23.64 ,23.69 ,23.78 ,23.75 ,23.74 ,23.77 ,23.78 ,23.72 ,23.75 ,23.68 ,23.63 ,23.65 ,23.67 ,23.69 ,23.72 ,23.68 ,23.68 ,23.75 ,23.77 ,23.71 ,23.7 ,23.67 ,23.7 ,23.7 ,23.81 ,23.75 ,23.65 ,23.79 ,23.79 ,23.7 ,23.8 ,23.75 ,23.65 ,23.76 ,23.78 ,23.71 ,23.78 ,23.75 ,23.79 ,23.8 ,23.7 ,23.76 ,23.82 ,23.75 ,23.68 ,23.72 ,23.81 ,23.81 ,23.72 ,23.66 ,23.63 ,23.65 ,23.72 ,23.7 ,23.78 ,23.7 ,23.66 ,23.71 ,23.7 ,23.78 ,23.77 ,23.76 ,23.82 ,23.75 ,23.76 ,23.78 ,23.83 ,23.72 ,23.73 ,23.74 ,23.73 ,23.67 ,23.74 ,23.81 ,23.8 ,23.69 ,23.73 ,23.82 ,23.8 ,23.81 ,23.84 ,23.79 ,23.72 ,23.71 ,23.76 ,23.73 ,23.75 ,23.74 ,23.69 ,23.76 ,23.68 ,23.71 ,23.91 ,23.92 ,23.74 ,23.59 ,23.6 ,23.57 ,23.61 ,23.74 ,23.67 ,23.7 ,23.72 ,23.7 ,23.65 ,23.7 ,23.74 ,23.74 ,23.59 ,23.63 ,23.65 ,23.63 ,23.63 ,23.65 ,23.65 ,23.54 ,23.59 ,23.58 ,23.65 ,23.72 ,23.64 ,23.63 ,23.61 ,23.63 ,23.57 ,23.56 ,23.55 ,23.57 ,23.59 ,23.58 ,23.6 ,23.63 ,23.62 ,23.59 ,23.67 ,23.7 ,23.52 ,23.5 ,23.58 ,23.65 ,23.6 ,23.57 ,23.65 ,23.66 ,23.5 ,23.43 ,23.41 ,23.52 ,23.54 ,23.57 ,23.59 ,23.62 ,23.66 ,23.61 ,23.6 ,23.69 ,23.51 ,23.48 ,23.58 ,23.53 ,23.56 ,23.63 ,23.61 ,23.52 ,23.59 ,23.62 ,23.53 ,23.66 ,23.66 ,23.55 ,23.59 ,23.63 ,23.55 ,23.57 ,23.56 ,23.53 ,23.57 ,23.55 ,23.63 ,23.7 ,23.76 ,23.77 ,23.73 ,23.67 ,23.61 ,23.59 ,23.56 ,23.53 ,23.53 ,23.53 ,23.58 ,23.61 ,23.5 ,23.57 ,23.73 ,23.72 ,23.79 ,23.75 ,23.75 ,23.76 ,23.81 ,23.9 ,23.84 ,23.87 ,23.8 ,23.67 ,23.72 ,23.77 ,23.77 ,23.69 ,23.61 ,23.57 ,23.61 ,23.7 ,23.68 ,23.7 ,23.72 ,23.83 ,23.86 ,23.83 ,23.75 ,23.86 ,23.8 ,23.78 ,23.91 ,23.84 ,23.83 ,23.89 ,23.88 ,23.86 ,23.86 ,23.76 ,23.73 ,23.74 ,23.85 ,23.84 ,23.79 ,23.74 ,23.74 ,23.77 ,23.81 ,23.85 ,23.93 ,23.81 ,23.81 ,23.84 ,23.78 ,23.61 ,23.62 ,23.69 ,23.63 ,23.66 ,23.66 ,23.72 ,23.55 ,23.52 ,23.54 ,23.59 ,23.68 ,23.64 ,23.61 ,23.59 ,23.65 ,23.65 ,23.75 ,23.76 ,23.74 ,23.77 ,23.76 ,23.65 ,23.71 ,23.71 ,23.72 ,23.79 ,23.76 ,23.72 ,23.85 ,23.76 ,23.62 ,23.53 ,23.66 ,23.62 ,23.69 ,23.73 ,23.7 ,23.75 ,23.67 ,23.62 ,23.61 ,23.61 ,23.64 ,23.61 ,23.66 ,23.69 ,23.64 ,23.63 ,23.62 ,23.58 ,23.67 ,23.75 ,23.6 ,23.64 ,23.69 ,23.66 ,23.55 ,23.51 ,23.55 ,23.53 ,23.53 ,23.54 ,23.48 ,23.45 ,23.48 ,23.47 ,23.44 ,23.47 ,23.52 ,23.59 ,23.61 ,23.62 ,23.62 ,23.57 ,23.64 ,23.64 ,23.6 ,23.68 ,23.67 ,23.65 ,23.66 ,23.71 ,23.8 ,23.84 ,23.74 ,23.7 ,23.75 ,23.68 ,23.7 ,23.8 ,23.76 ,23.72 ,23.73 ,23.76 ,23.81 ,23.76 ,23.66 ,23.67 ,23.82 ,23.69 ,23.69 ,23.73 ,23.78 ,23.65 ,23.65 ,23.7 ,23.66 ,23.6 ,23.64 ,23.73 ,23.73 ,23.77 ,23.74 ,23.67 ,23.73 ,23.75 ,23.8 ,23.69 ,23.6 ,23.66 ,23.7 ,23.7 ,23.75 ,23.75 ,23.59 ,23.67 ,23.64 ,23.71 ,23.74 ,23.67 ,23.78 ,23.7 ,23.57 ,23.63 ,23.64 ,23.66 ,23.72 ,23.68 ,23.69 ,23.62 ,23.53 ,23.54 ,23.57 ,23.55 ,23.57 ,23.65 ,23.58 ,23.52 ,23.6 ,23.66 ,23.6 ,23.64 ,23.56 ,23.48 ,23.35 ,23.28 ,23.33 ,23.32 ,23.31 ,23.3 ,23.3 ,23.26 ,23.31 ,23.28 ,23.23 ,23.28 ,23.34 ,23.39 ,23.46 ,23.49 ,23.42 ,23.3 ,23.29 ,23.34 ,23.28 ,23.33 ,23.32 ,23.38 ,23.33 ,23.32 ,23.37 ,23.34 ,23.24 ,23.27 ,23.25 ,23.25 ,23.24 ,23.26 ,23.3 ,23.24 ,23.16 ,23.35 ,23.38 ,23.37 ,23.33 ,23.27 ,23.23 ,23.3 ,23.34 ,23.22 ,23.26 ,23.23 ,23.24 ,23.23 ,23.24 ,23.22 ,23.24 ,23.33 ,23.3 ,23.28 ,23.33 ,23.33 ,23.2 ,23.15 ,23.15 ,23.11 ,23.07 ,23.08 ,23.05 ,23.02 ,23.02 ,23.03 ,23.1 ,23.06 ,22.99 ,22.94 ,22.99 ,22.91 ,22.84 ,22.87 ,22.97 ,22.96 ,22.75 ,22.83 ,22.92 ,22.96 ,22.9 ,22.88 ,22.88 ,22.87 ,22.88 ,22.88 ,22.89 ,22.84 ,22.87 ,22.85 ,22.91 ,22.78 ,22.74 ,
71,23.02 ,23.04 ,23.19 ,23.3 ,23.45 ,23.34 ,23.35 ,23.34 ,23.42 ,23.39 ,23.35 ,23.44 ,23.5 ,23.41 ,23.47 ,23.54 ,23.38 ,23.42 ,23.5 ,23.45 ,23.37 ,23.49 ,23.63 ,23.48 ,23.32 ,23.33 ,23.22 ,23.29 ,23.22 ,23.2 ,23.22 ,23.25 ,23.3 ,23.48 ,23.5 ,23.54 ,23.45 ,23.44 ,23.45 ,23.48 ,23.48 ,23.45 ,23.46 ,23.48 ,23.48 ,23.48 ,23.48 ,23.55 ,23.47 ,23.43 ,23.44 ,23.44 ,23.52 ,23.45 ,23.43 ,23.49 ,23.44 ,23.46 ,23.55 ,23.59 ,23.63 ,23.5 ,23.46 ,23.62 ,23.56 ,23.52 ,23.51 ,23.52 ,23.51 ,23.55 ,23.51 ,23.47 ,23.56 ,23.56 ,23.58 ,23.67 ,23.63 ,23.51 ,23.41 ,23.42 ,23.54 ,23.49 ,23.44 ,23.45 ,23.46 ,23.48 ,23.56 ,23.62 ,23.59 ,23.45 ,23.51 ,23.59 ,23.53 ,23.52 ,23.5 ,23.57 ,23.6 ,23.58 ,23.53 ,23.45 ,23.54 ,23.52 ,23.53 ,23.51 ,23.55 ,23.53 ,23.57 ,23.54 ,23.6 ,23.57 ,23.54 ,23.62 ,23.6 ,23.54 ,23.49 ,23.49 ,23.45 ,23.4 ,23.54 ,23.51 ,23.46 ,23.58 ,23.56 ,23.54 ,23.53 ,23.5 ,23.44 ,23.52 ,23.44 ,23.4 ,23.52 ,23.62 ,23.61 ,23.65 ,23.66 ,23.69 ,23.61 ,23.68 ,23.67 ,23.68 ,23.69 ,23.64 ,23.73 ,23.74 ,23.77 ,23.77 ,23.76 ,23.73 ,23.73 ,23.75 ,23.7 ,23.74 ,23.69 ,23.67 ,23.71 ,23.66 ,23.66 ,23.65 ,23.67 ,23.73 ,23.76 ,23.78 ,23.7 ,23.7 ,23.73 ,23.74 ,23.78 ,23.77 ,23.76 ,23.71 ,23.77 ,23.79 ,23.67 ,23.73 ,23.74 ,23.71 ,23.74 ,23.76 ,23.76 ,23.76 ,23.81 ,23.72 ,23.75 ,23.72 ,23.73 ,23.81 ,23.78 ,23.63 ,23.75 ,23.68 ,23.74 ,23.68 ,23.67 ,23.7 ,23.68 ,23.71 ,23.73 ,23.74 ,23.71 ,23.66 ,23.68 ,23.71 ,23.71 ,23.71 ,23.77 ,23.86 ,23.75 ,23.73 ,23.82 ,23.83 ,23.81 ,23.71 ,23.73 ,23.73 ,23.69 ,23.71 ,23.8 ,23.76 ,23.73 ,23.72 ,23.77 ,23.79 ,23.76 ,23.82 ,23.84 ,23.84 ,23.82 ,23.77 ,23.73 ,23.74 ,23.66 ,23.69 ,23.75 ,23.77 ,23.66 ,23.82 ,23.87 ,23.79 ,23.64 ,23.51 ,23.57 ,23.64 ,23.67 ,23.66 ,23.61 ,23.63 ,23.7 ,23.71 ,23.67 ,23.71 ,23.77 ,23.68 ,23.56 ,23.63 ,23.69 ,23.59 ,23.63 ,23.61 ,23.55 ,23.5 ,23.65 ,23.63 ,23.7 ,23.64 ,23.68 ,23.69 ,23.65 ,23.59 ,23.55 ,23.57 ,23.46 ,23.53 ,23.61 ,23.66 ,23.65 ,23.63 ,23.61 ,23.66 ,23.73 ,23.54 ,23.56 ,23.62 ,23.58 ,23.61 ,23.57 ,23.6 ,23.63 ,23.52 ,23.46 ,23.53 ,23.59 ,23.54 ,23.57 ,23.57 ,23.62 ,23.66 ,23.6 ,23.63 ,23.61 ,23.52 ,23.51 ,23.57 ,23.57 ,23.58 ,23.6 ,23.59 ,23.51 ,23.48 ,23.62 ,23.59 ,23.62 ,23.68 ,23.6 ,23.54 ,23.56 ,23.48 ,23.54 ,23.62 ,23.56 ,23.59 ,23.61 ,23.69 ,23.71 ,23.74 ,23.73 ,23.67 ,23.66 ,23.56 ,23.5 ,23.56 ,23.59 ,23.55 ,23.53 ,23.54 ,23.63 ,23.63 ,23.68 ,23.75 ,23.77 ,23.8 ,23.84 ,23.84 ,23.78 ,23.8 ,23.8 ,23.79 ,23.83 ,23.78 ,23.69 ,23.82 ,23.83 ,23.79 ,23.73 ,23.73 ,23.68 ,23.7 ,23.71 ,23.67 ,23.68 ,23.72 ,23.73 ,23.84 ,23.79 ,23.78 ,23.86 ,23.83 ,23.77 ,23.86 ,23.82 ,23.76 ,23.83 ,23.81 ,23.78 ,23.82 ,23.86 ,23.75 ,23.71 ,23.83 ,23.9 ,23.87 ,23.75 ,23.75 ,23.76 ,23.82 ,23.84 ,23.91 ,23.79 ,23.8 ,23.82 ,23.73 ,23.65 ,23.58 ,23.72 ,23.68 ,23.67 ,23.62 ,23.69 ,23.55 ,23.53 ,23.61 ,23.64 ,23.73 ,23.76 ,23.77 ,23.83 ,23.73 ,23.73 ,23.73 ,23.77 ,23.7 ,23.72 ,23.7 ,23.74 ,23.75 ,23.74 ,23.74 ,23.79 ,23.76 ,23.71 ,23.68 ,23.73 ,23.66 ,23.6 ,23.66 ,23.62 ,23.68 ,23.74 ,23.69 ,23.75 ,23.65 ,23.6 ,23.66 ,23.68 ,23.72 ,23.7 ,23.7 ,23.72 ,23.71 ,23.66 ,23.64 ,23.69 ,23.73 ,23.73 ,23.67 ,23.59 ,23.62 ,23.58 ,23.55 ,23.46 ,23.56 ,23.53 ,23.53 ,23.57 ,23.57 ,23.5 ,23.49 ,23.56 ,23.45 ,23.44 ,23.51 ,23.57 ,23.6 ,23.6 ,23.58 ,23.5 ,23.48 ,23.57 ,23.6 ,23.73 ,23.63 ,23.63 ,23.69 ,23.72 ,23.76 ,23.79 ,23.72 ,23.7 ,23.68 ,23.67 ,23.62 ,23.77 ,23.8 ,23.73 ,23.76 ,23.74 ,23.77 ,23.73 ,23.72 ,23.71 ,23.82 ,23.76 ,23.66 ,23.67 ,23.7 ,23.61 ,23.63 ,23.71 ,23.8 ,23.7 ,23.67 ,23.7 ,23.7 ,23.68 ,23.72 ,23.72 ,23.65 ,23.72 ,23.72 ,23.73 ,23.71 ,23.72 ,23.7 ,23.74 ,23.76 ,23.81 ,23.68 ,23.59 ,23.62 ,23.62 ,23.7 ,23.73 ,23.74 ,23.7 ,23.62 ,23.58 ,23.62 ,23.55 ,23.67 ,23.64 ,23.63 ,23.6 ,23.61 ,23.48 ,23.51 ,23.58 ,23.6 ,23.61 ,23.62 ,23.58 ,23.51 ,23.61 ,23.6 ,23.66 ,23.63 ,23.56 ,23.36 ,23.28 ,23.3 ,23.25 ,23.25 ,23.27 ,23.27 ,23.26 ,23.22 ,23.25 ,23.27 ,23.29 ,23.37 ,23.41 ,23.45 ,23.42 ,23.4 ,23.37 ,23.32 ,23.33 ,23.31 ,23.43 ,23.35 ,23.35 ,23.39 ,23.33 ,23.45 ,23.34 ,23.28 ,23.33 ,23.22 ,23.17 ,23.24 ,23.3 ,23.36 ,23.24 ,23.21 ,23.28 ,23.33 ,23.3 ,23.3 ,23.29 ,23.17 ,23.16 ,23.36 ,23.32 ,23.29 ,23.3 ,23.21 ,23.23 ,23.28 ,23.35 ,23.3 ,23.32 ,23.28 ,23.21 ,23.25 ,23.27 ,23.23 ,23.2 ,23.13 ,23.17 ,23.22 ,23.12 ,23.15 ,23.07 ,23.11 ,23.03 ,23.1 ,23.08 ,23.1 ,23 ,22.92 ,22.85 ,22.87 ,22.9 ,23.03 ,22.98 ,22.81 ,22.85 ,22.91 ,22.89 ,22.93 ,22.93 ,22.93 ,22.9 ,22.88 ,22.84 ,22.9 ,22.87 ,22.88 ,22.89 ,22.93 ,22.79 ,22.71 ,
72,23.11 ,23.2 ,23.34 ,23.26 ,23.29 ,23.31 ,23.32 ,23.29 ,23.44 ,23.47 ,23.38 ,23.4 ,23.5 ,23.46 ,23.46 ,23.49 ,23.44 ,23.4 ,23.46 ,23.44 ,23.37 ,23.47 ,23.58 ,23.46 ,23.33 ,23.33 ,23.28 ,23.2 ,23.13 ,23.17 ,23.22 ,23.3 ,23.32 ,23.37 ,23.51 ,23.46 ,23.37 ,23.48 ,23.49 ,23.46 ,23.47 ,23.45 ,23.39 ,23.39 ,23.4 ,23.45 ,23.51 ,23.55 ,23.62 ,23.57 ,23.41 ,23.52 ,23.52 ,23.5 ,23.48 ,23.56 ,23.47 ,23.41 ,23.46 ,23.55 ,23.56 ,23.5 ,23.48 ,23.5 ,23.57 ,23.5 ,23.55 ,23.44 ,23.44 ,23.56 ,23.58 ,23.55 ,23.58 ,23.59 ,23.51 ,23.6 ,23.6 ,23.6 ,23.46 ,23.39 ,23.55 ,23.57 ,23.55 ,23.59 ,23.55 ,23.52 ,23.54 ,23.6 ,23.58 ,23.53 ,23.49 ,23.47 ,23.38 ,23.51 ,23.53 ,23.55 ,23.55 ,23.55 ,23.61 ,23.52 ,23.59 ,23.54 ,23.46 ,23.47 ,23.47 ,23.49 ,23.54 ,23.54 ,23.58 ,23.62 ,23.55 ,23.56 ,23.6 ,23.62 ,23.59 ,23.53 ,23.5 ,23.5 ,23.48 ,23.5 ,23.44 ,23.53 ,23.55 ,23.54 ,23.57 ,23.52 ,23.44 ,23.49 ,23.39 ,23.39 ,23.5 ,23.65 ,23.62 ,23.66 ,23.77 ,23.69 ,23.64 ,23.66 ,23.63 ,23.69 ,23.69 ,23.67 ,23.7 ,23.72 ,23.75 ,23.7 ,23.71 ,23.65 ,23.67 ,23.66 ,23.72 ,23.78 ,23.73 ,23.7 ,23.7 ,23.69 ,23.64 ,23.65 ,23.68 ,23.74 ,23.8 ,23.74 ,23.74 ,23.71 ,23.69 ,23.72 ,23.72 ,23.73 ,23.7 ,23.67 ,23.76 ,23.71 ,23.65 ,23.77 ,23.83 ,23.76 ,23.81 ,23.8 ,23.76 ,23.77 ,23.76 ,23.73 ,23.71 ,23.77 ,23.8 ,23.77 ,23.78 ,23.65 ,23.78 ,23.73 ,23.69 ,23.73 ,23.79 ,23.76 ,23.75 ,23.7 ,23.78 ,23.72 ,23.69 ,23.66 ,23.63 ,23.68 ,23.77 ,23.76 ,23.78 ,23.84 ,23.74 ,23.74 ,23.74 ,23.82 ,23.85 ,23.78 ,23.75 ,23.76 ,23.71 ,23.72 ,23.79 ,23.75 ,23.76 ,23.71 ,23.76 ,23.79 ,23.72 ,23.78 ,23.79 ,23.83 ,23.87 ,23.83 ,23.78 ,23.72 ,23.65 ,23.74 ,23.8 ,23.8 ,23.72 ,23.79 ,23.8 ,23.77 ,23.69 ,23.57 ,23.56 ,23.68 ,23.66 ,23.59 ,23.62 ,23.63 ,23.68 ,23.71 ,23.62 ,23.64 ,23.8 ,23.71 ,23.66 ,23.65 ,23.68 ,23.58 ,23.6 ,23.67 ,23.61 ,23.57 ,23.55 ,23.58 ,23.66 ,23.66 ,23.63 ,23.58 ,23.6 ,23.61 ,23.6 ,23.51 ,23.44 ,23.53 ,23.6 ,23.66 ,23.66 ,23.62 ,23.6 ,23.68 ,23.66 ,23.48 ,23.52 ,23.64 ,23.59 ,23.56 ,23.66 ,23.67 ,23.63 ,23.49 ,23.49 ,23.58 ,23.7 ,23.65 ,23.57 ,23.6 ,23.62 ,23.64 ,23.66 ,23.59 ,23.61 ,23.53 ,23.51 ,23.51 ,23.58 ,23.61 ,23.57 ,23.62 ,23.56 ,23.54 ,23.57 ,23.58 ,23.62 ,23.67 ,23.64 ,23.54 ,23.55 ,23.53 ,23.57 ,23.6 ,23.54 ,23.59 ,23.62 ,23.69 ,23.67 ,23.73 ,23.7 ,23.65 ,23.63 ,23.61 ,23.53 ,23.51 ,23.62 ,23.58 ,23.51 ,23.56 ,23.63 ,23.67 ,23.76 ,23.8 ,23.72 ,23.78 ,23.77 ,23.74 ,23.78 ,23.78 ,23.76 ,23.75 ,23.78 ,23.79 ,23.81 ,23.88 ,23.85 ,23.83 ,23.8 ,23.74 ,23.64 ,23.76 ,23.68 ,23.67 ,23.78 ,23.74 ,23.74 ,23.8 ,23.78 ,23.72 ,23.78 ,23.83 ,23.81 ,23.76 ,23.79 ,23.87 ,23.83 ,23.84 ,23.85 ,23.84 ,23.83 ,23.82 ,23.76 ,23.87 ,23.91 ,23.88 ,23.76 ,23.75 ,23.76 ,23.82 ,23.83 ,23.88 ,23.82 ,23.75 ,23.68 ,23.58 ,23.67 ,23.64 ,23.69 ,23.63 ,23.61 ,23.6 ,23.57 ,23.53 ,23.62 ,23.68 ,23.7 ,23.78 ,23.76 ,23.72 ,23.76 ,23.73 ,23.63 ,23.66 ,23.67 ,23.73 ,23.84 ,23.74 ,23.72 ,23.76 ,23.75 ,23.78 ,23.8 ,23.78 ,23.69 ,23.64 ,23.6 ,23.65 ,23.61 ,23.64 ,23.65 ,23.62 ,23.71 ,23.69 ,23.77 ,23.73 ,23.64 ,23.68 ,23.74 ,23.79 ,23.74 ,23.71 ,23.69 ,23.69 ,23.73 ,23.67 ,23.7 ,23.71 ,23.74 ,23.69 ,23.67 ,23.59 ,23.48 ,23.54 ,23.51 ,23.51 ,23.58 ,23.6 ,23.63 ,23.57 ,23.54 ,23.51 ,23.53 ,23.52 ,23.47 ,23.5 ,23.55 ,23.58 ,23.44 ,23.53 ,23.67 ,23.59 ,23.65 ,23.68 ,23.67 ,23.63 ,23.61 ,23.74 ,23.79 ,23.78 ,23.73 ,23.77 ,23.71 ,23.72 ,23.64 ,23.6 ,23.69 ,23.82 ,23.75 ,23.74 ,23.73 ,23.7 ,23.76 ,23.82 ,23.78 ,23.72 ,23.77 ,23.77 ,23.69 ,23.67 ,23.61 ,23.69 ,23.67 ,23.77 ,23.74 ,23.72 ,23.69 ,23.65 ,23.67 ,23.63 ,23.65 ,23.65 ,23.68 ,23.74 ,23.64 ,23.72 ,23.68 ,23.62 ,23.74 ,23.73 ,23.85 ,23.82 ,23.66 ,23.58 ,23.59 ,23.66 ,23.65 ,23.63 ,23.64 ,23.65 ,23.69 ,23.58 ,23.58 ,23.65 ,23.66 ,23.68 ,23.55 ,23.6 ,23.47 ,23.5 ,23.56 ,23.7 ,23.57 ,23.58 ,23.63 ,23.58 ,23.51 ,23.55 ,23.6 ,23.56 ,23.58 ,23.52 ,23.28 ,23.29 ,23.33 ,23.27 ,23.28 ,23.31 ,23.2 ,23.16 ,23.2 ,23.37 ,23.3 ,23.44 ,23.39 ,23.41 ,23.4 ,23.47 ,23.45 ,23.29 ,23.34 ,23.34 ,23.34 ,23.33 ,23.28 ,23.36 ,23.3 ,23.33 ,23.27 ,23.26 ,23.37 ,23.3 ,23.2 ,23.29 ,23.32 ,23.27 ,23.17 ,23.23 ,23.29 ,23.25 ,23.19 ,23.33 ,23.3 ,23.22 ,23.25 ,23.26 ,23.25 ,23.29 ,23.33 ,23.23 ,23.21 ,23.28 ,23.25 ,23.22 ,23.24 ,23.24 ,23.26 ,23.25 ,23.24 ,23.23 ,23.1 ,23.16 ,23.18 ,23.25 ,23.19 ,23.21 ,23.13 ,23.07 ,23 ,23.04 ,23.04 ,23.08 ,23.06 ,22.94 ,22.82 ,22.84 ,22.88 ,23 ,23.03 ,22.9 ,22.84 ,22.9 ,22.89 ,22.94 ,22.99 ,22.93 ,22.86 ,22.86 ,22.91 ,22.81 ,22.83 ,22.91 ,22.9 ,22.91 ,22.81 ,22.77 ,
73,23.26 ,23.34 ,23.39 ,23.29 ,23.24 ,23.27 ,23.25 ,23.28 ,23.35 ,23.36 ,23.39 ,23.43 ,23.39 ,23.39 ,23.37 ,23.31 ,23.44 ,23.51 ,23.46 ,23.49 ,23.42 ,23.46 ,23.46 ,23.28 ,23.27 ,23.38 ,23.38 ,23.24 ,23.18 ,23.16 ,23.35 ,23.45 ,23.41 ,23.4 ,23.38 ,23.46 ,23.36 ,23.45 ,23.52 ,23.52 ,23.5 ,23.49 ,23.34 ,23.41 ,23.47 ,23.49 ,23.53 ,23.49 ,23.57 ,23.59 ,23.48 ,23.42 ,23.53 ,23.53 ,23.45 ,23.55 ,23.54 ,23.45 ,23.46 ,23.49 ,23.45 ,23.51 ,23.56 ,23.52 ,23.63 ,23.52 ,23.5 ,23.57 ,23.42 ,23.53 ,23.56 ,23.58 ,23.57 ,23.58 ,23.53 ,23.52 ,23.54 ,23.59 ,23.61 ,23.5 ,23.47 ,23.52 ,23.47 ,23.61 ,23.6 ,23.52 ,23.58 ,23.61 ,23.58 ,23.59 ,23.61 ,23.46 ,23.43 ,23.5 ,23.57 ,23.6 ,23.61 ,23.53 ,23.6 ,23.58 ,23.51 ,23.52 ,23.53 ,23.46 ,23.47 ,23.58 ,23.58 ,23.52 ,23.59 ,23.61 ,23.53 ,23.55 ,23.57 ,23.52 ,23.62 ,23.56 ,23.57 ,23.57 ,23.49 ,23.41 ,23.45 ,23.42 ,23.5 ,23.5 ,23.59 ,23.57 ,23.54 ,23.49 ,23.44 ,23.44 ,23.47 ,23.55 ,23.56 ,23.62 ,23.71 ,23.76 ,23.69 ,23.61 ,23.57 ,23.62 ,23.69 ,23.71 ,23.65 ,23.7 ,23.68 ,23.69 ,23.77 ,23.66 ,23.61 ,23.66 ,23.7 ,23.8 ,23.71 ,23.7 ,23.69 ,23.66 ,23.68 ,23.68 ,23.68 ,23.81 ,23.79 ,23.63 ,23.7 ,23.78 ,23.77 ,23.77 ,23.75 ,23.81 ,23.78 ,23.74 ,23.69 ,23.63 ,23.6 ,23.78 ,23.81 ,23.76 ,23.74 ,23.79 ,23.8 ,23.75 ,23.74 ,23.71 ,23.78 ,23.84 ,23.85 ,23.75 ,23.78 ,23.71 ,23.75 ,23.8 ,23.74 ,23.77 ,23.81 ,23.74 ,23.76 ,23.76 ,23.75 ,23.66 ,23.65 ,23.64 ,23.66 ,23.61 ,23.67 ,23.77 ,23.79 ,23.81 ,23.73 ,23.7 ,23.71 ,23.74 ,23.8 ,23.74 ,23.77 ,23.72 ,23.69 ,23.7 ,23.78 ,23.77 ,23.78 ,23.76 ,23.83 ,23.8 ,23.72 ,23.8 ,23.81 ,23.74 ,23.84 ,23.9 ,23.87 ,23.76 ,23.68 ,23.72 ,23.82 ,23.77 ,23.74 ,23.82 ,23.87 ,23.75 ,23.68 ,23.68 ,23.65 ,23.71 ,23.6 ,23.57 ,23.65 ,23.72 ,23.68 ,23.7 ,23.72 ,23.68 ,23.81 ,23.74 ,23.62 ,23.61 ,23.62 ,23.58 ,23.62 ,23.63 ,23.62 ,23.6 ,23.59 ,23.54 ,23.68 ,23.66 ,23.6 ,23.63 ,23.55 ,23.5 ,23.58 ,23.53 ,23.6 ,23.63 ,23.64 ,23.66 ,23.57 ,23.55 ,23.57 ,23.67 ,23.63 ,23.5 ,23.45 ,23.55 ,23.62 ,23.57 ,23.61 ,23.66 ,23.63 ,23.5 ,23.53 ,23.63 ,23.66 ,23.6 ,23.57 ,23.55 ,23.64 ,23.66 ,23.63 ,23.64 ,23.62 ,23.59 ,23.54 ,23.58 ,23.6 ,23.63 ,23.62 ,23.65 ,23.5 ,23.48 ,23.55 ,23.46 ,23.56 ,23.57 ,23.59 ,23.58 ,23.53 ,23.52 ,23.56 ,23.59 ,23.6 ,23.67 ,23.6 ,23.62 ,23.59 ,23.63 ,23.68 ,23.6 ,23.66 ,23.7 ,23.63 ,23.53 ,23.58 ,23.56 ,23.53 ,23.63 ,23.72 ,23.7 ,23.72 ,23.76 ,23.71 ,23.78 ,23.81 ,23.72 ,23.77 ,23.79 ,23.87 ,23.8 ,23.78 ,23.86 ,23.85 ,23.8 ,23.83 ,23.71 ,23.77 ,23.79 ,23.63 ,23.71 ,23.7 ,23.74 ,23.75 ,23.76 ,23.78 ,23.77 ,23.85 ,23.81 ,23.78 ,23.85 ,23.85 ,23.78 ,23.83 ,23.89 ,23.88 ,23.83 ,23.89 ,23.85 ,23.8 ,23.82 ,23.8 ,23.78 ,23.8 ,23.8 ,23.83 ,23.78 ,23.75 ,23.81 ,23.74 ,23.81 ,23.73 ,23.69 ,23.63 ,23.62 ,23.69 ,23.69 ,23.66 ,23.66 ,23.68 ,23.65 ,23.65 ,23.68 ,23.79 ,23.8 ,23.73 ,23.82 ,23.73 ,23.68 ,23.72 ,23.72 ,23.67 ,23.69 ,23.72 ,23.7 ,23.81 ,23.79 ,23.82 ,23.83 ,23.77 ,23.69 ,23.78 ,23.75 ,23.65 ,23.62 ,23.66 ,23.66 ,23.65 ,23.63 ,23.65 ,23.66 ,23.73 ,23.68 ,23.74 ,23.72 ,23.66 ,23.71 ,23.79 ,23.81 ,23.83 ,23.75 ,23.73 ,23.73 ,23.76 ,23.7 ,23.66 ,23.71 ,23.72 ,23.65 ,23.64 ,23.59 ,23.6 ,23.5 ,23.51 ,23.57 ,23.58 ,23.54 ,23.58 ,23.58 ,23.48 ,23.5 ,23.52 ,23.47 ,23.54 ,23.53 ,23.48 ,23.54 ,23.55 ,23.52 ,23.66 ,23.7 ,23.66 ,23.67 ,23.67 ,23.72 ,23.67 ,23.74 ,23.8 ,23.81 ,23.71 ,23.72 ,23.71 ,23.7 ,23.62 ,23.66 ,23.67 ,23.76 ,23.74 ,23.68 ,23.69 ,23.64 ,23.71 ,23.78 ,23.76 ,23.73 ,23.74 ,23.76 ,23.76 ,23.8 ,23.71 ,23.71 ,23.81 ,23.76 ,23.71 ,23.73 ,23.72 ,23.68 ,23.69 ,23.63 ,23.61 ,23.69 ,23.71 ,23.77 ,23.7 ,23.64 ,23.65 ,23.55 ,23.65 ,23.76 ,23.71 ,23.77 ,23.69 ,23.59 ,23.61 ,23.68 ,23.71 ,23.68 ,23.67 ,23.63 ,23.57 ,23.49 ,23.53 ,23.61 ,23.66 ,23.65 ,23.58 ,23.63 ,23.54 ,23.56 ,23.6 ,23.62 ,23.61 ,23.53 ,23.57 ,23.59 ,23.63 ,23.57 ,23.58 ,23.52 ,23.51 ,23.46 ,23.29 ,23.3 ,23.38 ,23.3 ,23.24 ,23.24 ,23.22 ,23.18 ,23.16 ,23.34 ,23.39 ,23.41 ,23.43 ,23.46 ,23.5 ,23.44 ,23.49 ,23.31 ,23.36 ,23.37 ,23.36 ,23.32 ,23.23 ,23.24 ,23.34 ,23.29 ,23.29 ,23.25 ,23.35 ,23.34 ,23.31 ,23.23 ,23.26 ,23.23 ,23.14 ,23.22 ,23.32 ,23.29 ,23.29 ,23.36 ,23.29 ,23.26 ,23.24 ,23.23 ,23.21 ,23.3 ,23.41 ,23.38 ,23.29 ,23.26 ,23.22 ,23.19 ,23.18 ,23.14 ,23.2 ,23.31 ,23.27 ,23.26 ,23.26 ,23.14 ,23.18 ,23.13 ,23.05 ,23.1 ,23.05 ,23.01 ,23.01 ,23.05 ,23 ,22.96 ,23.01 ,23 ,22.9 ,22.88 ,22.88 ,22.99 ,22.95 ,22.82 ,22.86 ,22.93 ,22.87 ,22.93 ,22.95 ,23.02 ,22.89 ,22.82 ,22.86 ,22.91 ,22.76 ,22.84 ,22.88 ,22.96 ,22.86 ,22.81 ,
74,23.22 ,23.28 ,23.43 ,23.27 ,23.38 ,23.4 ,23.31 ,23.33 ,23.38 ,23.35 ,23.41 ,23.44 ,23.44 ,23.44 ,23.4 ,23.38 ,23.43 ,23.4 ,23.41 ,23.42 ,23.44 ,23.45 ,23.45 ,23.26 ,23.26 ,23.42 ,23.39 ,23.3 ,23.23 ,23.23 ,23.26 ,23.38 ,23.4 ,23.42 ,23.38 ,23.34 ,23.3 ,23.45 ,23.58 ,23.45 ,23.45 ,23.46 ,23.4 ,23.4 ,23.5 ,23.51 ,23.51 ,23.5 ,23.49 ,23.53 ,23.45 ,23.38 ,23.48 ,23.52 ,23.42 ,23.51 ,23.51 ,23.47 ,23.46 ,23.51 ,23.42 ,23.47 ,23.46 ,23.44 ,23.57 ,23.53 ,23.52 ,23.54 ,23.52 ,23.42 ,23.43 ,23.52 ,23.52 ,23.56 ,23.57 ,23.48 ,23.55 ,23.62 ,23.57 ,23.56 ,23.46 ,23.42 ,23.44 ,23.54 ,23.53 ,23.51 ,23.57 ,23.55 ,23.62 ,23.62 ,23.62 ,23.52 ,23.48 ,23.5 ,23.62 ,23.69 ,23.58 ,23.5 ,23.56 ,23.54 ,23.53 ,23.56 ,23.58 ,23.57 ,23.61 ,23.62 ,23.61 ,23.53 ,23.52 ,23.57 ,23.48 ,23.51 ,23.48 ,23.47 ,23.51 ,23.5 ,23.47 ,23.55 ,23.51 ,23.42 ,23.48 ,23.45 ,23.43 ,23.52 ,23.53 ,23.49 ,23.55 ,23.52 ,23.45 ,23.51 ,23.54 ,23.59 ,23.57 ,23.65 ,23.67 ,23.63 ,23.65 ,23.62 ,23.68 ,23.74 ,23.68 ,23.67 ,23.62 ,23.69 ,23.76 ,23.79 ,23.77 ,23.68 ,23.73 ,23.76 ,23.77 ,23.76 ,23.69 ,23.69 ,23.67 ,23.67 ,23.68 ,23.65 ,23.67 ,23.79 ,23.82 ,23.67 ,23.75 ,23.77 ,23.83 ,23.81 ,23.81 ,23.77 ,23.74 ,23.67 ,23.7 ,23.66 ,23.63 ,23.62 ,23.75 ,23.66 ,23.62 ,23.68 ,23.72 ,23.75 ,23.78 ,23.79 ,23.76 ,23.76 ,23.78 ,23.83 ,23.79 ,23.78 ,23.73 ,23.77 ,23.83 ,23.77 ,23.77 ,23.75 ,23.7 ,23.76 ,23.71 ,23.76 ,23.72 ,23.63 ,23.66 ,23.67 ,23.66 ,23.62 ,23.75 ,23.8 ,23.76 ,23.75 ,23.72 ,23.78 ,23.77 ,23.75 ,23.71 ,23.76 ,23.76 ,23.64 ,23.74 ,23.75 ,23.75 ,23.74 ,23.8 ,23.74 ,23.68 ,23.77 ,23.86 ,23.85 ,23.82 ,23.85 ,23.85 ,23.73 ,23.68 ,23.7 ,23.76 ,23.75 ,23.66 ,23.77 ,23.86 ,23.71 ,23.69 ,23.68 ,23.61 ,23.58 ,23.55 ,23.52 ,23.64 ,23.72 ,23.69 ,23.68 ,23.66 ,23.68 ,23.73 ,23.74 ,23.66 ,23.62 ,23.63 ,23.61 ,23.61 ,23.6 ,23.56 ,23.59 ,23.57 ,23.59 ,23.71 ,23.71 ,23.64 ,23.65 ,23.63 ,23.57 ,23.54 ,23.47 ,23.48 ,23.6 ,23.66 ,23.6 ,23.59 ,23.57 ,23.54 ,23.56 ,23.55 ,23.53 ,23.47 ,23.49 ,23.57 ,23.56 ,23.58 ,23.57 ,23.61 ,23.52 ,23.46 ,23.58 ,23.57 ,23.6 ,23.61 ,23.59 ,23.6 ,23.63 ,23.54 ,23.71 ,23.67 ,23.59 ,23.59 ,23.58 ,23.54 ,23.55 ,23.56 ,23.55 ,23.53 ,23.46 ,23.52 ,23.52 ,23.57 ,23.61 ,23.63 ,23.64 ,23.61 ,23.58 ,23.57 ,23.61 ,23.57 ,23.63 ,23.66 ,23.69 ,23.63 ,23.65 ,23.62 ,23.6 ,23.63 ,23.61 ,23.59 ,23.56 ,23.53 ,23.55 ,23.55 ,23.61 ,23.69 ,23.66 ,23.66 ,23.63 ,23.68 ,23.78 ,23.84 ,23.76 ,23.74 ,23.84 ,23.85 ,23.83 ,23.86 ,23.82 ,23.81 ,23.77 ,23.74 ,23.7 ,23.75 ,23.8 ,23.71 ,23.65 ,23.66 ,23.82 ,23.77 ,23.76 ,23.73 ,23.79 ,23.89 ,23.83 ,23.84 ,23.8 ,23.84 ,23.79 ,23.85 ,23.87 ,23.86 ,23.87 ,23.84 ,23.85 ,23.77 ,23.77 ,23.75 ,23.75 ,23.74 ,23.68 ,23.77 ,23.76 ,23.68 ,23.72 ,23.72 ,23.71 ,23.67 ,23.68 ,23.68 ,23.6 ,23.63 ,23.62 ,23.63 ,23.57 ,23.62 ,23.72 ,23.66 ,23.65 ,23.79 ,23.83 ,23.77 ,23.79 ,23.72 ,23.77 ,23.78 ,23.71 ,23.7 ,23.75 ,23.83 ,23.79 ,23.78 ,23.76 ,23.83 ,23.87 ,23.75 ,23.66 ,23.63 ,23.69 ,23.57 ,23.63 ,23.7 ,23.61 ,23.61 ,23.7 ,23.68 ,23.65 ,23.78 ,23.71 ,23.75 ,23.72 ,23.68 ,23.82 ,23.78 ,23.67 ,23.76 ,23.75 ,23.72 ,23.69 ,23.73 ,23.67 ,23.64 ,23.71 ,23.74 ,23.71 ,23.64 ,23.6 ,23.65 ,23.56 ,23.48 ,23.52 ,23.59 ,23.55 ,23.48 ,23.57 ,23.46 ,23.54 ,23.5 ,23.47 ,23.51 ,23.54 ,23.39 ,23.49 ,23.57 ,23.58 ,23.6 ,23.58 ,23.54 ,23.61 ,23.63 ,23.65 ,23.62 ,23.69 ,23.76 ,23.76 ,23.75 ,23.74 ,23.73 ,23.78 ,23.73 ,23.71 ,23.71 ,23.74 ,23.77 ,23.75 ,23.65 ,23.71 ,23.7 ,23.77 ,23.72 ,23.76 ,23.82 ,23.8 ,23.71 ,23.73 ,23.72 ,23.7 ,23.79 ,23.79 ,23.69 ,23.73 ,23.71 ,23.68 ,23.74 ,23.65 ,23.66 ,23.82 ,23.83 ,23.68 ,23.69 ,23.71 ,23.59 ,23.53 ,23.54 ,23.72 ,23.61 ,23.63 ,23.63 ,23.64 ,23.67 ,23.72 ,23.76 ,23.76 ,23.72 ,23.66 ,23.56 ,23.49 ,23.57 ,23.63 ,23.59 ,23.57 ,23.46 ,23.54 ,23.61 ,23.68 ,23.64 ,23.64 ,23.6 ,23.51 ,23.57 ,23.6 ,23.64 ,23.63 ,23.64 ,23.61 ,23.48 ,23.39 ,23.32 ,23.32 ,23.35 ,23.3 ,23.27 ,23.29 ,23.23 ,23.16 ,23.25 ,23.29 ,23.35 ,23.38 ,23.43 ,23.46 ,23.48 ,23.4 ,23.42 ,23.36 ,23.34 ,23.38 ,23.33 ,23.31 ,23.3 ,23.32 ,23.34 ,23.3 ,23.32 ,23.36 ,23.29 ,23.29 ,23.22 ,23.22 ,23.24 ,23.31 ,23.29 ,23.24 ,23.37 ,23.38 ,23.32 ,23.28 ,23.26 ,23.24 ,23.35 ,23.23 ,23.21 ,23.3 ,23.34 ,23.32 ,23.35 ,23.29 ,23.21 ,23.18 ,23.18 ,23.13 ,23.24 ,23.29 ,23.3 ,23.2 ,23.25 ,23.22 ,23.24 ,23.11 ,22.96 ,23.05 ,23.12 ,23.06 ,23.07 ,23.01 ,23.01 ,22.95 ,22.99 ,22.97 ,22.95 ,22.99 ,22.96 ,22.97 ,22.99 ,22.97 ,22.94 ,23.02 ,22.92 ,22.96 ,22.91 ,22.94 ,22.94 ,22.88 ,22.86 ,22.86 ,22.83 ,22.79 ,22.86 ,22.84 ,22.89 ,22.92 ,
75,23.26 ,23.11 ,23.26 ,23.32 ,23.36 ,23.29 ,23.35 ,23.42 ,23.42 ,23.48 ,23.5 ,23.4 ,23.51 ,23.52 ,23.51 ,23.46 ,23.43 ,23.49 ,23.41 ,23.34 ,23.44 ,23.37 ,23.35 ,23.39 ,23.35 ,23.39 ,23.38 ,23.3 ,23.25 ,23.22 ,23.28 ,23.34 ,23.39 ,23.48 ,23.47 ,23.42 ,23.37 ,23.51 ,23.52 ,23.3 ,23.35 ,23.46 ,23.44 ,23.41 ,23.47 ,23.53 ,23.55 ,23.53 ,23.44 ,23.42 ,23.4 ,23.49 ,23.5 ,23.52 ,23.43 ,23.49 ,23.44 ,23.42 ,23.44 ,23.51 ,23.54 ,23.5 ,23.5 ,23.55 ,23.54 ,23.47 ,23.57 ,23.51 ,23.45 ,23.47 ,23.5 ,23.5 ,23.56 ,23.53 ,23.48 ,23.41 ,23.55 ,23.6 ,23.52 ,23.47 ,23.5 ,23.44 ,23.51 ,23.5 ,23.48 ,23.51 ,23.57 ,23.57 ,23.64 ,23.59 ,23.58 ,23.58 ,23.47 ,23.51 ,23.53 ,23.51 ,23.49 ,23.41 ,23.51 ,23.67 ,23.57 ,23.57 ,23.47 ,23.55 ,23.67 ,23.61 ,23.51 ,23.58 ,23.55 ,23.46 ,23.48 ,23.52 ,23.43 ,23.46 ,23.54 ,23.47 ,23.42 ,23.46 ,23.51 ,23.4 ,23.43 ,23.42 ,23.42 ,23.49 ,23.58 ,23.55 ,23.58 ,23.54 ,23.52 ,23.49 ,23.53 ,23.68 ,23.61 ,23.6 ,23.71 ,23.67 ,23.58 ,23.66 ,23.76 ,23.77 ,23.59 ,23.51 ,23.59 ,23.64 ,23.72 ,23.77 ,23.76 ,23.7 ,23.75 ,23.81 ,23.71 ,23.72 ,23.72 ,23.73 ,23.7 ,23.67 ,23.66 ,23.57 ,23.57 ,23.72 ,23.75 ,23.75 ,23.7 ,23.72 ,23.67 ,23.8 ,23.71 ,23.73 ,23.69 ,23.66 ,23.75 ,23.7 ,23.61 ,23.67 ,23.76 ,23.74 ,23.69 ,23.68 ,23.72 ,23.81 ,23.79 ,23.82 ,23.75 ,23.75 ,23.71 ,23.75 ,23.78 ,23.65 ,23.72 ,23.76 ,23.83 ,23.79 ,23.79 ,23.79 ,23.72 ,23.71 ,23.69 ,23.79 ,23.76 ,23.66 ,23.72 ,23.74 ,23.72 ,23.54 ,23.64 ,23.76 ,23.77 ,23.71 ,23.79 ,23.89 ,23.84 ,23.77 ,23.75 ,23.75 ,23.74 ,23.69 ,23.72 ,23.72 ,23.72 ,23.7 ,23.74 ,23.76 ,23.63 ,23.77 ,23.75 ,23.86 ,23.86 ,23.8 ,23.82 ,23.69 ,23.68 ,23.71 ,23.77 ,23.76 ,23.67 ,23.76 ,23.86 ,23.77 ,23.7 ,23.76 ,23.62 ,23.57 ,23.54 ,23.51 ,23.59 ,23.68 ,23.64 ,23.7 ,23.72 ,23.66 ,23.67 ,23.65 ,23.73 ,23.74 ,23.68 ,23.62 ,23.63 ,23.64 ,23.51 ,23.58 ,23.57 ,23.52 ,23.62 ,23.73 ,23.73 ,23.66 ,23.59 ,23.61 ,23.66 ,23.57 ,23.5 ,23.54 ,23.59 ,23.62 ,23.62 ,23.64 ,23.58 ,23.56 ,23.54 ,23.5 ,23.47 ,23.47 ,23.51 ,23.58 ,23.61 ,23.62 ,23.62 ,23.58 ,23.45 ,23.43 ,23.54 ,23.59 ,23.61 ,23.63 ,23.65 ,23.63 ,23.57 ,23.64 ,23.66 ,23.57 ,23.61 ,23.54 ,23.54 ,23.51 ,23.54 ,23.54 ,23.54 ,23.56 ,23.6 ,23.65 ,23.59 ,23.62 ,23.61 ,23.62 ,23.62 ,23.6 ,23.62 ,23.58 ,23.56 ,23.62 ,23.6 ,23.65 ,23.59 ,23.64 ,23.69 ,23.64 ,23.63 ,23.54 ,23.52 ,23.55 ,23.52 ,23.59 ,23.64 ,23.64 ,23.7 ,23.63 ,23.68 ,23.6 ,23.62 ,23.74 ,23.83 ,23.71 ,23.74 ,23.79 ,23.83 ,23.77 ,23.84 ,23.76 ,23.73 ,23.81 ,23.86 ,23.69 ,23.77 ,23.82 ,23.78 ,23.65 ,23.65 ,23.82 ,23.78 ,23.77 ,23.81 ,23.83 ,23.86 ,23.81 ,23.79 ,23.74 ,23.76 ,23.81 ,23.83 ,23.83 ,23.81 ,23.87 ,23.85 ,23.85 ,23.74 ,23.72 ,23.72 ,23.78 ,23.79 ,23.77 ,23.73 ,23.72 ,23.67 ,23.75 ,23.72 ,23.69 ,23.68 ,23.68 ,23.61 ,23.63 ,23.63 ,23.64 ,23.72 ,23.63 ,23.61 ,23.66 ,23.76 ,23.72 ,23.79 ,23.7 ,23.7 ,23.75 ,23.66 ,23.69 ,23.73 ,23.75 ,23.66 ,23.69 ,23.79 ,23.78 ,23.78 ,23.74 ,23.72 ,23.78 ,23.67 ,23.67 ,23.64 ,23.64 ,23.59 ,23.61 ,23.66 ,23.61 ,23.71 ,23.78 ,23.69 ,23.66 ,23.78 ,23.8 ,23.74 ,23.73 ,23.79 ,23.85 ,23.74 ,23.67 ,23.66 ,23.72 ,23.63 ,23.67 ,23.72 ,23.68 ,23.65 ,23.65 ,23.76 ,23.64 ,23.57 ,23.65 ,23.63 ,23.48 ,23.45 ,23.47 ,23.49 ,23.52 ,23.51 ,23.54 ,23.58 ,23.56 ,23.51 ,23.44 ,23.38 ,23.47 ,23.49 ,23.38 ,23.43 ,23.51 ,23.57 ,23.56 ,23.53 ,23.7 ,23.75 ,23.63 ,23.61 ,23.76 ,23.76 ,23.76 ,23.67 ,23.69 ,23.76 ,23.83 ,23.73 ,23.69 ,23.74 ,23.75 ,23.77 ,23.81 ,23.63 ,23.67 ,23.71 ,23.68 ,23.68 ,23.71 ,23.8 ,23.82 ,23.73 ,23.7 ,23.75 ,23.66 ,23.69 ,23.74 ,23.64 ,23.67 ,23.69 ,23.63 ,23.65 ,23.67 ,23.7 ,23.81 ,23.74 ,23.69 ,23.56 ,23.63 ,23.66 ,23.55 ,23.55 ,23.57 ,23.63 ,23.68 ,23.72 ,23.59 ,23.55 ,23.67 ,23.67 ,23.68 ,23.61 ,23.65 ,23.64 ,23.55 ,23.61 ,23.7 ,23.62 ,23.59 ,23.44 ,23.55 ,23.57 ,23.62 ,23.67 ,23.51 ,23.54 ,23.5 ,23.55 ,23.51 ,23.55 ,23.61 ,23.55 ,23.61 ,23.51 ,23.45 ,23.38 ,23.31 ,23.34 ,23.37 ,23.33 ,23.42 ,23.42 ,23.24 ,23.3 ,23.26 ,23.26 ,23.33 ,23.47 ,23.43 ,23.49 ,23.47 ,23.43 ,23.29 ,23.21 ,23.26 ,23.33 ,23.29 ,23.35 ,23.37 ,23.35 ,23.36 ,23.34 ,23.37 ,23.28 ,23.2 ,23.24 ,23.26 ,23.34 ,23.35 ,23.3 ,23.35 ,23.35 ,23.39 ,23.28 ,23.23 ,23.24 ,23.36 ,23.38 ,23.32 ,23.2 ,23.31 ,23.3 ,23.36 ,23.36 ,23.23 ,23.23 ,23.23 ,23.25 ,23.21 ,23.24 ,23.33 ,23.22 ,23.18 ,23.12 ,23.26 ,23.19 ,23.07 ,23.02 ,23.06 ,22.99 ,23.07 ,23.08 ,23.11 ,22.9 ,22.95 ,22.98 ,22.97 ,22.94 ,22.8 ,22.95 ,22.99 ,22.92 ,22.94 ,22.97 ,22.92 ,22.9 ,22.96 ,22.86 ,22.85 ,22.9 ,22.94 ,22.85 ,22.92 ,22.88 ,22.82 ,22.84 ,22.72 ,22.84 ,22.82 ,
76,23.23 ,23.13 ,23.27 ,23.29 ,23.37 ,23.28 ,23.29 ,23.34 ,23.39 ,23.4 ,23.37 ,23.39 ,23.48 ,23.53 ,23.55 ,23.5 ,23.44 ,23.46 ,23.37 ,23.27 ,23.38 ,23.41 ,23.33 ,23.31 ,23.36 ,23.42 ,23.39 ,23.26 ,23.3 ,23.34 ,23.43 ,23.44 ,23.38 ,23.43 ,23.45 ,23.48 ,23.42 ,23.46 ,23.44 ,23.33 ,23.47 ,23.55 ,23.51 ,23.43 ,23.42 ,23.49 ,23.52 ,23.59 ,23.51 ,23.47 ,23.4 ,23.42 ,23.57 ,23.55 ,23.41 ,23.42 ,23.45 ,23.46 ,23.46 ,23.52 ,23.59 ,23.55 ,23.55 ,23.5 ,23.56 ,23.46 ,23.55 ,23.53 ,23.42 ,23.47 ,23.47 ,23.49 ,23.57 ,23.58 ,23.46 ,23.42 ,23.5 ,23.52 ,23.52 ,23.48 ,23.44 ,23.41 ,23.48 ,23.43 ,23.46 ,23.48 ,23.43 ,23.55 ,23.58 ,23.58 ,23.6 ,23.54 ,23.49 ,23.5 ,23.5 ,23.49 ,23.49 ,23.47 ,23.45 ,23.56 ,23.61 ,23.52 ,23.45 ,23.56 ,23.6 ,23.6 ,23.52 ,23.51 ,23.55 ,23.46 ,23.48 ,23.51 ,23.54 ,23.54 ,23.55 ,23.47 ,23.44 ,23.41 ,23.48 ,23.41 ,23.4 ,23.38 ,23.42 ,23.52 ,23.51 ,23.58 ,23.57 ,23.54 ,23.51 ,23.45 ,23.5 ,23.68 ,23.68 ,23.67 ,23.68 ,23.65 ,23.6 ,23.72 ,23.79 ,23.71 ,23.62 ,23.58 ,23.59 ,23.64 ,23.68 ,23.72 ,23.69 ,23.65 ,23.69 ,23.76 ,23.75 ,23.71 ,23.71 ,23.77 ,23.72 ,23.66 ,23.67 ,23.69 ,23.73 ,23.69 ,23.73 ,23.71 ,23.69 ,23.69 ,23.69 ,23.69 ,23.7 ,23.79 ,23.71 ,23.65 ,23.77 ,23.64 ,23.67 ,23.78 ,23.83 ,23.76 ,23.74 ,23.72 ,23.69 ,23.75 ,23.83 ,23.75 ,23.73 ,23.84 ,23.8 ,23.67 ,23.74 ,23.62 ,23.63 ,23.73 ,23.78 ,23.83 ,23.81 ,23.84 ,23.78 ,23.72 ,23.69 ,23.74 ,23.75 ,23.69 ,23.76 ,23.74 ,23.63 ,23.57 ,23.6 ,23.71 ,23.72 ,23.72 ,23.74 ,23.86 ,23.83 ,23.71 ,23.76 ,23.73 ,23.68 ,23.74 ,23.81 ,23.82 ,23.74 ,23.75 ,23.75 ,23.74 ,23.64 ,23.67 ,23.71 ,23.73 ,23.76 ,23.78 ,23.77 ,23.69 ,23.78 ,23.72 ,23.76 ,23.77 ,23.75 ,23.78 ,23.84 ,23.76 ,23.75 ,23.72 ,23.7 ,23.6 ,23.61 ,23.56 ,23.66 ,23.7 ,23.68 ,23.7 ,23.74 ,23.66 ,23.66 ,23.64 ,23.68 ,23.7 ,23.67 ,23.7 ,23.71 ,23.62 ,23.51 ,23.5 ,23.58 ,23.53 ,23.57 ,23.62 ,23.64 ,23.61 ,23.53 ,23.58 ,23.58 ,23.63 ,23.57 ,23.62 ,23.53 ,23.61 ,23.66 ,23.64 ,23.6 ,23.55 ,23.51 ,23.46 ,23.45 ,23.52 ,23.57 ,23.54 ,23.58 ,23.63 ,23.69 ,23.64 ,23.47 ,23.56 ,23.63 ,23.57 ,23.53 ,23.58 ,23.6 ,23.68 ,23.61 ,23.62 ,23.62 ,23.61 ,23.57 ,23.48 ,23.5 ,23.55 ,23.53 ,23.6 ,23.63 ,23.63 ,23.56 ,23.59 ,23.67 ,23.62 ,23.61 ,23.57 ,23.56 ,23.58 ,23.61 ,23.55 ,23.54 ,23.61 ,23.6 ,23.6 ,23.64 ,23.63 ,23.69 ,23.62 ,23.58 ,23.62 ,23.57 ,23.55 ,23.58 ,23.59 ,23.63 ,23.62 ,23.68 ,23.57 ,23.58 ,23.65 ,23.67 ,23.71 ,23.8 ,23.72 ,23.8 ,23.83 ,23.84 ,23.79 ,23.85 ,23.81 ,23.8 ,23.81 ,23.8 ,23.74 ,23.78 ,23.83 ,23.78 ,23.71 ,23.68 ,23.8 ,23.84 ,23.78 ,23.78 ,23.8 ,23.82 ,23.79 ,23.82 ,23.8 ,23.77 ,23.79 ,23.83 ,23.82 ,23.77 ,23.79 ,23.81 ,23.71 ,23.69 ,23.67 ,23.7 ,23.75 ,23.81 ,23.77 ,23.77 ,23.75 ,23.67 ,23.69 ,23.67 ,23.67 ,23.62 ,23.67 ,23.56 ,23.58 ,23.65 ,23.66 ,23.74 ,23.74 ,23.7 ,23.72 ,23.75 ,23.8 ,23.78 ,23.68 ,23.65 ,23.73 ,23.66 ,23.68 ,23.74 ,23.76 ,23.68 ,23.75 ,23.77 ,23.78 ,23.8 ,23.74 ,23.72 ,23.74 ,23.79 ,23.72 ,23.69 ,23.61 ,23.57 ,23.65 ,23.65 ,23.72 ,23.71 ,23.73 ,23.61 ,23.67 ,23.75 ,23.7 ,23.67 ,23.68 ,23.75 ,23.85 ,23.78 ,23.69 ,23.74 ,23.78 ,23.72 ,23.71 ,23.74 ,23.68 ,23.7 ,23.66 ,23.71 ,23.59 ,23.52 ,23.65 ,23.6 ,23.54 ,23.49 ,23.41 ,23.39 ,23.51 ,23.5 ,23.56 ,23.5 ,23.53 ,23.55 ,23.47 ,23.34 ,23.45 ,23.46 ,23.41 ,23.46 ,23.45 ,23.55 ,23.56 ,23.49 ,23.58 ,23.68 ,23.66 ,23.56 ,23.75 ,23.75 ,23.74 ,23.65 ,23.59 ,23.7 ,23.75 ,23.66 ,23.65 ,23.72 ,23.74 ,23.78 ,23.88 ,23.62 ,23.62 ,23.76 ,23.75 ,23.63 ,23.69 ,23.77 ,23.85 ,23.82 ,23.86 ,23.76 ,23.77 ,23.71 ,23.69 ,23.65 ,23.74 ,23.71 ,23.7 ,23.62 ,23.67 ,23.7 ,23.77 ,23.75 ,23.79 ,23.68 ,23.62 ,23.76 ,23.68 ,23.63 ,23.66 ,23.74 ,23.71 ,23.73 ,23.67 ,23.57 ,23.71 ,23.67 ,23.65 ,23.57 ,23.69 ,23.68 ,23.55 ,23.6 ,23.63 ,23.65 ,23.67 ,23.64 ,23.52 ,23.6 ,23.58 ,23.65 ,23.53 ,23.51 ,23.53 ,23.56 ,23.58 ,23.54 ,23.61 ,23.63 ,23.53 ,23.44 ,23.45 ,23.32 ,23.29 ,23.37 ,23.37 ,23.39 ,23.45 ,23.5 ,23.35 ,23.38 ,23.28 ,23.24 ,23.27 ,23.4 ,23.42 ,23.43 ,23.44 ,23.4 ,23.31 ,23.24 ,23.21 ,23.32 ,23.35 ,23.31 ,23.32 ,23.29 ,23.28 ,23.33 ,23.33 ,23.23 ,23.25 ,23.22 ,23.23 ,23.28 ,23.29 ,23.17 ,23.23 ,23.41 ,23.31 ,23.35 ,23.28 ,23.26 ,23.23 ,23.16 ,23.23 ,23.23 ,23.38 ,23.28 ,23.34 ,23.29 ,23.19 ,23.17 ,23.24 ,23.34 ,23.33 ,23.18 ,23.2 ,23.27 ,23.17 ,23.18 ,23.15 ,23.17 ,23.05 ,23.06 ,23.14 ,22.98 ,22.9 ,23.05 ,23.05 ,22.96 ,22.87 ,22.88 ,22.99 ,22.92 ,22.82 ,22.84 ,22.91 ,22.88 ,22.81 ,22.9 ,22.94 ,22.98 ,23 ,22.86 ,22.8 ,22.81 ,22.84 ,22.87 ,22.83 ,22.84 ,22.79 ,22.84 ,22.79 ,22.76 ,22.77 ,
77,23.23 ,23.05 ,23.37 ,23.41 ,23.26 ,23.18 ,23.21 ,23.25 ,23.38 ,23.46 ,23.4 ,23.41 ,23.51 ,23.46 ,23.53 ,23.45 ,23.42 ,23.53 ,23.48 ,23.37 ,23.35 ,23.38 ,23.33 ,23.2 ,23.32 ,23.42 ,23.27 ,23.26 ,23.3 ,23.36 ,23.39 ,23.37 ,23.39 ,23.39 ,23.47 ,23.58 ,23.43 ,23.43 ,23.51 ,23.42 ,23.53 ,23.53 ,23.44 ,23.37 ,23.43 ,23.47 ,23.5 ,23.55 ,23.52 ,23.46 ,23.44 ,23.39 ,23.46 ,23.51 ,23.4 ,23.42 ,23.46 ,23.51 ,23.47 ,23.54 ,23.54 ,23.54 ,23.55 ,23.54 ,23.54 ,23.6 ,23.56 ,23.51 ,23.49 ,23.54 ,23.52 ,23.51 ,23.6 ,23.51 ,23.51 ,23.5 ,23.49 ,23.43 ,23.56 ,23.53 ,23.43 ,23.48 ,23.52 ,23.46 ,23.49 ,23.55 ,23.49 ,23.44 ,23.51 ,23.51 ,23.54 ,23.53 ,23.49 ,23.45 ,23.51 ,23.55 ,23.56 ,23.5 ,23.54 ,23.53 ,23.57 ,23.54 ,23.58 ,23.57 ,23.6 ,23.54 ,23.49 ,23.38 ,23.5 ,23.55 ,23.48 ,23.48 ,23.55 ,23.62 ,23.55 ,23.5 ,23.39 ,23.41 ,23.47 ,23.47 ,23.43 ,23.41 ,23.44 ,23.44 ,23.43 ,23.46 ,23.58 ,23.57 ,23.5 ,23.43 ,23.53 ,23.74 ,23.74 ,23.71 ,23.67 ,23.62 ,23.59 ,23.7 ,23.72 ,23.69 ,23.68 ,23.73 ,23.67 ,23.7 ,23.77 ,23.73 ,23.69 ,23.64 ,23.73 ,23.79 ,23.76 ,23.67 ,23.67 ,23.73 ,23.73 ,23.67 ,23.71 ,23.66 ,23.72 ,23.7 ,23.68 ,23.72 ,23.7 ,23.74 ,23.7 ,23.64 ,23.69 ,23.77 ,23.7 ,23.74 ,23.82 ,23.71 ,23.71 ,23.78 ,23.82 ,23.81 ,23.72 ,23.7 ,23.64 ,23.63 ,23.79 ,23.72 ,23.7 ,23.75 ,23.77 ,23.78 ,23.83 ,23.77 ,23.74 ,23.7 ,23.7 ,23.69 ,23.74 ,23.79 ,23.73 ,23.69 ,23.65 ,23.72 ,23.74 ,23.71 ,23.76 ,23.77 ,23.68 ,23.61 ,23.61 ,23.63 ,23.77 ,23.7 ,23.72 ,23.73 ,23.75 ,23.67 ,23.73 ,23.69 ,23.65 ,23.71 ,23.8 ,23.91 ,23.83 ,23.76 ,23.75 ,23.76 ,23.72 ,23.65 ,23.74 ,23.74 ,23.72 ,23.83 ,23.83 ,23.76 ,23.79 ,23.81 ,23.81 ,23.76 ,23.71 ,23.83 ,23.83 ,23.72 ,23.77 ,23.73 ,23.75 ,23.74 ,23.69 ,23.58 ,23.59 ,23.67 ,23.66 ,23.68 ,23.71 ,23.7 ,23.65 ,23.65 ,23.7 ,23.7 ,23.66 ,23.66 ,23.68 ,23.63 ,23.62 ,23.61 ,23.57 ,23.6 ,23.6 ,23.61 ,23.56 ,23.7 ,23.61 ,23.56 ,23.6 ,23.57 ,23.57 ,23.52 ,23.57 ,23.64 ,23.6 ,23.61 ,23.61 ,23.58 ,23.49 ,23.54 ,23.54 ,23.51 ,23.59 ,23.54 ,23.48 ,23.6 ,23.66 ,23.6 ,23.5 ,23.56 ,23.59 ,23.54 ,23.51 ,23.62 ,23.54 ,23.63 ,23.64 ,23.59 ,23.5 ,23.56 ,23.61 ,23.55 ,23.52 ,23.56 ,23.56 ,23.61 ,23.53 ,23.58 ,23.51 ,23.54 ,23.6 ,23.65 ,23.63 ,23.6 ,23.53 ,23.5 ,23.6 ,23.55 ,23.51 ,23.58 ,23.55 ,23.61 ,23.66 ,23.66 ,23.67 ,23.56 ,23.55 ,23.55 ,23.59 ,23.61 ,23.65 ,23.61 ,23.57 ,23.63 ,23.63 ,23.55 ,23.54 ,23.63 ,23.69 ,23.73 ,23.83 ,23.81 ,23.82 ,23.82 ,23.85 ,23.89 ,23.92 ,23.94 ,23.88 ,23.87 ,23.82 ,23.81 ,23.81 ,23.8 ,23.68 ,23.71 ,23.75 ,23.81 ,23.87 ,23.85 ,23.8 ,23.79 ,23.83 ,23.81 ,23.92 ,23.85 ,23.77 ,23.84 ,23.85 ,23.81 ,23.81 ,23.83 ,23.89 ,23.81 ,23.74 ,23.74 ,23.76 ,23.82 ,23.88 ,23.79 ,23.71 ,23.72 ,23.67 ,23.69 ,23.7 ,23.71 ,23.63 ,23.62 ,23.63 ,23.55 ,23.6 ,23.66 ,23.77 ,23.78 ,23.78 ,23.77 ,23.74 ,23.76 ,23.75 ,23.69 ,23.66 ,23.78 ,23.77 ,23.74 ,23.77 ,23.76 ,23.71 ,23.77 ,23.82 ,23.86 ,23.84 ,23.72 ,23.67 ,23.71 ,23.77 ,23.73 ,23.65 ,23.64 ,23.62 ,23.65 ,23.66 ,23.75 ,23.71 ,23.63 ,23.63 ,23.66 ,23.69 ,23.74 ,23.7 ,23.7 ,23.69 ,23.67 ,23.83 ,23.79 ,23.79 ,23.69 ,23.75 ,23.79 ,23.77 ,23.68 ,23.68 ,23.66 ,23.72 ,23.61 ,23.55 ,23.63 ,23.54 ,23.54 ,23.58 ,23.47 ,23.45 ,23.47 ,23.53 ,23.43 ,23.44 ,23.56 ,23.5 ,23.55 ,23.53 ,23.43 ,23.47 ,23.45 ,23.49 ,23.51 ,23.61 ,23.63 ,23.57 ,23.58 ,23.67 ,23.71 ,23.62 ,23.69 ,23.75 ,23.67 ,23.62 ,23.63 ,23.66 ,23.75 ,23.69 ,23.65 ,23.71 ,23.77 ,23.73 ,23.68 ,23.65 ,23.67 ,23.72 ,23.8 ,23.8 ,23.69 ,23.72 ,23.78 ,23.79 ,23.85 ,23.77 ,23.81 ,23.84 ,23.7 ,23.71 ,23.75 ,23.8 ,23.73 ,23.74 ,23.7 ,23.71 ,23.78 ,23.83 ,23.87 ,23.78 ,23.71 ,23.72 ,23.75 ,23.68 ,23.64 ,23.64 ,23.73 ,23.81 ,23.68 ,23.6 ,23.75 ,23.65 ,23.63 ,23.66 ,23.75 ,23.76 ,23.63 ,23.65 ,23.74 ,23.73 ,23.72 ,23.58 ,23.6 ,23.6 ,23.56 ,23.67 ,23.62 ,23.64 ,23.59 ,23.59 ,23.65 ,23.58 ,23.54 ,23.61 ,23.64 ,23.48 ,23.45 ,23.37 ,23.37 ,23.49 ,23.46 ,23.43 ,23.46 ,23.51 ,23.41 ,23.38 ,23.3 ,23.31 ,23.31 ,23.34 ,23.49 ,23.43 ,23.37 ,23.44 ,23.4 ,23.32 ,23.3 ,23.31 ,23.32 ,23.25 ,23.23 ,23.22 ,23.19 ,23.19 ,23.2 ,23.17 ,23.25 ,23.26 ,23.26 ,23.23 ,23.29 ,23.13 ,23.2 ,23.31 ,23.4 ,23.29 ,23.35 ,23.39 ,23.31 ,23.18 ,23.24 ,23.28 ,23.34 ,23.35 ,23.31 ,23.3 ,23.26 ,23.15 ,23.21 ,23.33 ,23.24 ,23.18 ,23.28 ,23.34 ,23.29 ,23.12 ,23.19 ,23.08 ,22.98 ,23.01 ,23.11 ,23.09 ,23.05 ,23.03 ,22.98 ,22.99 ,22.96 ,22.88 ,22.95 ,22.97 ,22.96 ,22.81 ,22.85 ,22.97 ,22.87 ,22.88 ,22.94 ,22.95 ,22.93 ,22.83 ,22.91 ,22.86 ,22.92 ,22.98 ,22.84 ,22.72 ,22.8 ,22.84 ,22.86 ,22.75 ,22.74 ,
78,23.19 ,23.06 ,23.29 ,23.36 ,23.16 ,23.08 ,23.15 ,23.22 ,23.31 ,23.45 ,23.47 ,23.43 ,23.42 ,23.51 ,23.51 ,23.47 ,23.43 ,23.44 ,23.48 ,23.39 ,23.37 ,23.36 ,23.34 ,23.21 ,23.31 ,23.41 ,23.26 ,23.24 ,23.28 ,23.26 ,23.34 ,23.33 ,23.37 ,23.44 ,23.44 ,23.44 ,23.36 ,23.41 ,23.54 ,23.47 ,23.49 ,23.41 ,23.32 ,23.39 ,23.46 ,23.58 ,23.56 ,23.53 ,23.46 ,23.46 ,23.39 ,23.45 ,23.49 ,23.5 ,23.44 ,23.45 ,23.46 ,23.52 ,23.49 ,23.49 ,23.52 ,23.53 ,23.55 ,23.54 ,23.59 ,23.68 ,23.62 ,23.52 ,23.47 ,23.51 ,23.51 ,23.51 ,23.49 ,23.46 ,23.49 ,23.5 ,23.49 ,23.54 ,23.53 ,23.52 ,23.5 ,23.5 ,23.48 ,23.51 ,23.48 ,23.57 ,23.59 ,23.56 ,23.54 ,23.5 ,23.46 ,23.38 ,23.45 ,23.53 ,23.52 ,23.6 ,23.61 ,23.47 ,23.54 ,23.59 ,23.58 ,23.54 ,23.55 ,23.52 ,23.56 ,23.57 ,23.46 ,23.39 ,23.43 ,23.54 ,23.5 ,23.41 ,23.5 ,23.57 ,23.44 ,23.47 ,23.44 ,23.35 ,23.42 ,23.43 ,23.47 ,23.4 ,23.4 ,23.42 ,23.43 ,23.45 ,23.56 ,23.58 ,23.56 ,23.49 ,23.48 ,23.75 ,23.77 ,23.68 ,23.68 ,23.73 ,23.67 ,23.63 ,23.69 ,23.68 ,23.7 ,23.73 ,23.64 ,23.61 ,23.7 ,23.76 ,23.76 ,23.63 ,23.7 ,23.76 ,23.63 ,23.58 ,23.66 ,23.72 ,23.65 ,23.67 ,23.71 ,23.7 ,23.73 ,23.65 ,23.73 ,23.79 ,23.76 ,23.78 ,23.8 ,23.66 ,23.73 ,23.78 ,23.7 ,23.77 ,23.83 ,23.71 ,23.71 ,23.76 ,23.82 ,23.75 ,23.73 ,23.73 ,23.7 ,23.65 ,23.75 ,23.76 ,23.64 ,23.71 ,23.74 ,23.8 ,23.83 ,23.74 ,23.76 ,23.7 ,23.75 ,23.74 ,23.71 ,23.75 ,23.7 ,23.7 ,23.7 ,23.74 ,23.84 ,23.67 ,23.71 ,23.68 ,23.7 ,23.65 ,23.67 ,23.67 ,23.76 ,23.77 ,23.7 ,23.78 ,23.76 ,23.7 ,23.7 ,23.71 ,23.63 ,23.67 ,23.71 ,23.8 ,23.78 ,23.68 ,23.73 ,23.81 ,23.72 ,23.64 ,23.81 ,23.78 ,23.78 ,23.78 ,23.74 ,23.79 ,23.78 ,23.75 ,23.74 ,23.71 ,23.61 ,23.72 ,23.82 ,23.76 ,23.74 ,23.74 ,23.65 ,23.67 ,23.64 ,23.57 ,23.65 ,23.59 ,23.53 ,23.56 ,23.66 ,23.81 ,23.67 ,23.53 ,23.54 ,23.66 ,23.75 ,23.7 ,23.6 ,23.6 ,23.62 ,23.64 ,23.6 ,23.53 ,23.63 ,23.61 ,23.64 ,23.66 ,23.61 ,23.56 ,23.61 ,23.6 ,23.56 ,23.54 ,23.59 ,23.61 ,23.58 ,23.52 ,23.57 ,23.53 ,23.48 ,23.48 ,23.53 ,23.43 ,23.47 ,23.49 ,23.54 ,23.56 ,23.67 ,23.55 ,23.41 ,23.57 ,23.64 ,23.54 ,23.48 ,23.59 ,23.55 ,23.57 ,23.6 ,23.63 ,23.53 ,23.48 ,23.66 ,23.71 ,23.64 ,23.61 ,23.56 ,23.53 ,23.51 ,23.59 ,23.59 ,23.51 ,23.56 ,23.65 ,23.68 ,23.64 ,23.53 ,23.46 ,23.51 ,23.59 ,23.53 ,23.6 ,23.6 ,23.65 ,23.67 ,23.65 ,23.65 ,23.58 ,23.6 ,23.57 ,23.52 ,23.65 ,23.68 ,23.63 ,23.55 ,23.6 ,23.58 ,23.58 ,23.57 ,23.68 ,23.76 ,23.74 ,23.8 ,23.84 ,23.77 ,23.77 ,23.83 ,23.83 ,23.82 ,23.88 ,23.87 ,23.83 ,23.9 ,23.83 ,23.82 ,23.78 ,23.64 ,23.69 ,23.71 ,23.73 ,23.77 ,23.79 ,23.83 ,23.74 ,23.82 ,23.81 ,23.91 ,23.88 ,23.75 ,23.83 ,23.78 ,23.81 ,23.82 ,23.86 ,23.9 ,23.86 ,23.73 ,23.75 ,23.81 ,23.92 ,23.88 ,23.73 ,23.61 ,23.6 ,23.64 ,23.63 ,23.7 ,23.67 ,23.64 ,23.61 ,23.69 ,23.66 ,23.6 ,23.67 ,23.76 ,23.79 ,23.75 ,23.7 ,23.73 ,23.69 ,23.75 ,23.74 ,23.71 ,23.73 ,23.73 ,23.69 ,23.63 ,23.73 ,23.66 ,23.77 ,23.76 ,23.68 ,23.78 ,23.72 ,23.62 ,23.6 ,23.65 ,23.57 ,23.54 ,23.59 ,23.69 ,23.75 ,23.72 ,23.72 ,23.74 ,23.71 ,23.63 ,23.67 ,23.66 ,23.78 ,23.82 ,23.77 ,23.73 ,23.64 ,23.71 ,23.77 ,23.84 ,23.75 ,23.75 ,23.74 ,23.68 ,23.71 ,23.71 ,23.68 ,23.63 ,23.65 ,23.51 ,23.6 ,23.65 ,23.64 ,23.62 ,23.54 ,23.46 ,23.43 ,23.54 ,23.43 ,23.33 ,23.48 ,23.47 ,23.52 ,23.58 ,23.48 ,23.48 ,23.45 ,23.42 ,23.5 ,23.61 ,23.63 ,23.55 ,23.54 ,23.65 ,23.68 ,23.6 ,23.65 ,23.69 ,23.69 ,23.58 ,23.66 ,23.69 ,23.73 ,23.7 ,23.7 ,23.76 ,23.74 ,23.73 ,23.65 ,23.68 ,23.75 ,23.78 ,23.75 ,23.72 ,23.75 ,23.83 ,23.77 ,23.74 ,23.79 ,23.71 ,23.78 ,23.76 ,23.62 ,23.64 ,23.71 ,23.73 ,23.65 ,23.68 ,23.64 ,23.66 ,23.75 ,23.71 ,23.81 ,23.79 ,23.65 ,23.68 ,23.7 ,23.75 ,23.62 ,23.59 ,23.71 ,23.71 ,23.67 ,23.59 ,23.75 ,23.68 ,23.65 ,23.7 ,23.74 ,23.75 ,23.71 ,23.66 ,23.75 ,23.77 ,23.74 ,23.61 ,23.58 ,23.61 ,23.61 ,23.66 ,23.7 ,23.61 ,23.63 ,23.59 ,23.53 ,23.57 ,23.64 ,23.57 ,23.66 ,23.57 ,23.48 ,23.44 ,23.42 ,23.38 ,23.46 ,23.51 ,23.48 ,23.48 ,23.45 ,23.5 ,23.47 ,23.39 ,23.41 ,23.4 ,23.49 ,23.48 ,23.41 ,23.44 ,23.37 ,23.34 ,23.27 ,23.33 ,23.3 ,23.19 ,23.13 ,23.16 ,23.14 ,23.13 ,23.21 ,23.27 ,23.25 ,23.15 ,23.23 ,23.23 ,23.31 ,23.25 ,23.2 ,23.28 ,23.32 ,23.33 ,23.36 ,23.31 ,23.32 ,23.2 ,23.21 ,23.24 ,23.32 ,23.3 ,23.29 ,23.29 ,23.3 ,23.22 ,23.26 ,23.34 ,23.21 ,23.16 ,23.27 ,23.39 ,23.33 ,23.12 ,23.24 ,23.17 ,23.02 ,23.07 ,23.14 ,23.1 ,23.09 ,23.09 ,23.02 ,23.03 ,23.01 ,22.89 ,22.91 ,22.95 ,22.96 ,22.8 ,22.85 ,23.02 ,22.87 ,22.86 ,22.92 ,22.88 ,22.88 ,22.84 ,22.95 ,22.93 ,22.96 ,23 ,22.92 ,22.75 ,22.72 ,22.78 ,22.82 ,22.85 ,22.83 ,
79,23.07 ,23.09 ,23.16 ,23.27 ,23.21 ,23.19 ,23.2 ,23.27 ,23.32 ,23.44 ,23.49 ,23.53 ,23.48 ,23.51 ,23.51 ,23.51 ,23.54 ,23.45 ,23.41 ,23.39 ,23.35 ,23.29 ,23.29 ,23.24 ,23.27 ,23.36 ,23.29 ,23.23 ,23.35 ,23.43 ,23.37 ,23.34 ,23.36 ,23.48 ,23.51 ,23.43 ,23.36 ,23.39 ,23.43 ,23.42 ,23.46 ,23.39 ,23.42 ,23.41 ,23.37 ,23.5 ,23.61 ,23.53 ,23.46 ,23.54 ,23.4 ,23.42 ,23.48 ,23.54 ,23.49 ,23.45 ,23.42 ,23.45 ,23.51 ,23.55 ,23.47 ,23.51 ,23.54 ,23.57 ,23.64 ,23.59 ,23.65 ,23.61 ,23.52 ,23.44 ,23.58 ,23.54 ,23.5 ,23.5 ,23.45 ,23.51 ,23.53 ,23.5 ,23.47 ,23.42 ,23.47 ,23.53 ,23.5 ,23.56 ,23.55 ,23.56 ,23.57 ,23.58 ,23.57 ,23.45 ,23.46 ,23.34 ,23.36 ,23.5 ,23.54 ,23.57 ,23.62 ,23.47 ,23.55 ,23.61 ,23.6 ,23.57 ,23.54 ,23.51 ,23.51 ,23.52 ,23.55 ,23.48 ,23.5 ,23.46 ,23.49 ,23.47 ,23.49 ,23.48 ,23.38 ,23.38 ,23.44 ,23.3 ,23.33 ,23.41 ,23.44 ,23.37 ,23.36 ,23.49 ,23.49 ,23.47 ,23.58 ,23.63 ,23.65 ,23.6 ,23.53 ,23.71 ,23.72 ,23.72 ,23.75 ,23.7 ,23.82 ,23.73 ,23.71 ,23.71 ,23.72 ,23.72 ,23.73 ,23.66 ,23.66 ,23.68 ,23.69 ,23.73 ,23.73 ,23.77 ,23.71 ,23.52 ,23.65 ,23.75 ,23.75 ,23.74 ,23.59 ,23.65 ,23.74 ,23.7 ,23.69 ,23.75 ,23.79 ,23.84 ,23.81 ,23.74 ,23.74 ,23.79 ,23.72 ,23.8 ,23.79 ,23.65 ,23.71 ,23.78 ,23.87 ,23.74 ,23.74 ,23.72 ,23.72 ,23.71 ,23.66 ,23.75 ,23.69 ,23.68 ,23.77 ,23.77 ,23.75 ,23.68 ,23.76 ,23.75 ,23.76 ,23.74 ,23.78 ,23.75 ,23.76 ,23.8 ,23.8 ,23.8 ,23.75 ,23.69 ,23.7 ,23.73 ,23.7 ,23.72 ,23.81 ,23.78 ,23.76 ,23.72 ,23.67 ,23.66 ,23.72 ,23.72 ,23.74 ,23.71 ,23.7 ,23.71 ,23.8 ,23.74 ,23.72 ,23.68 ,23.79 ,23.84 ,23.76 ,23.7 ,23.78 ,23.82 ,23.81 ,23.76 ,23.7 ,23.75 ,23.76 ,23.72 ,23.73 ,23.69 ,23.66 ,23.68 ,23.83 ,23.79 ,23.76 ,23.72 ,23.7 ,23.68 ,23.67 ,23.67 ,23.63 ,23.66 ,23.6 ,23.64 ,23.71 ,23.74 ,23.74 ,23.57 ,23.54 ,23.66 ,23.72 ,23.68 ,23.7 ,23.67 ,23.6 ,23.55 ,23.66 ,23.63 ,23.68 ,23.61 ,23.7 ,23.62 ,23.53 ,23.62 ,23.66 ,23.58 ,23.47 ,23.52 ,23.58 ,23.46 ,23.51 ,23.57 ,23.58 ,23.58 ,23.47 ,23.51 ,23.5 ,23.43 ,23.41 ,23.49 ,23.66 ,23.59 ,23.63 ,23.59 ,23.47 ,23.51 ,23.54 ,23.53 ,23.52 ,23.57 ,23.58 ,23.64 ,23.61 ,23.62 ,23.61 ,23.5 ,23.51 ,23.6 ,23.64 ,23.62 ,23.54 ,23.42 ,23.52 ,23.59 ,23.65 ,23.55 ,23.53 ,23.69 ,23.61 ,23.62 ,23.58 ,23.5 ,23.43 ,23.62 ,23.64 ,23.66 ,23.65 ,23.68 ,23.66 ,23.63 ,23.62 ,23.61 ,23.61 ,23.62 ,23.6 ,23.61 ,23.6 ,23.6 ,23.57 ,23.57 ,23.57 ,23.6 ,23.61 ,23.71 ,23.81 ,23.79 ,23.77 ,23.78 ,23.73 ,23.73 ,23.73 ,23.81 ,23.82 ,23.81 ,23.83 ,23.79 ,23.83 ,23.83 ,23.76 ,23.7 ,23.61 ,23.64 ,23.71 ,23.73 ,23.79 ,23.82 ,23.81 ,23.8 ,23.87 ,23.83 ,23.86 ,23.84 ,23.81 ,23.81 ,23.77 ,23.78 ,23.85 ,23.82 ,23.89 ,23.8 ,23.77 ,23.78 ,23.79 ,23.82 ,23.87 ,23.74 ,23.64 ,23.64 ,23.63 ,23.67 ,23.63 ,23.61 ,23.62 ,23.73 ,23.72 ,23.75 ,23.69 ,23.72 ,23.7 ,23.7 ,23.78 ,23.7 ,23.74 ,23.75 ,23.79 ,23.8 ,23.73 ,23.71 ,23.77 ,23.8 ,23.78 ,23.74 ,23.75 ,23.75 ,23.76 ,23.7 ,23.75 ,23.74 ,23.71 ,23.71 ,23.64 ,23.61 ,23.66 ,23.67 ,23.74 ,23.85 ,23.82 ,23.77 ,23.76 ,23.8 ,23.77 ,23.69 ,23.74 ,23.84 ,23.82 ,23.78 ,23.74 ,23.72 ,23.66 ,23.63 ,23.68 ,23.76 ,23.78 ,23.73 ,23.62 ,23.65 ,23.7 ,23.67 ,23.54 ,23.54 ,23.46 ,23.6 ,23.76 ,23.71 ,23.62 ,23.53 ,23.5 ,23.49 ,23.51 ,23.5 ,23.39 ,23.47 ,23.44 ,23.46 ,23.48 ,23.58 ,23.55 ,23.56 ,23.46 ,23.48 ,23.47 ,23.48 ,23.54 ,23.53 ,23.63 ,23.62 ,23.59 ,23.63 ,23.62 ,23.62 ,23.72 ,23.77 ,23.76 ,23.81 ,23.74 ,23.73 ,23.71 ,23.78 ,23.69 ,23.7 ,23.68 ,23.72 ,23.78 ,23.78 ,23.71 ,23.77 ,23.84 ,23.81 ,23.8 ,23.8 ,23.64 ,23.67 ,23.75 ,23.65 ,23.62 ,23.7 ,23.65 ,23.68 ,23.76 ,23.69 ,23.66 ,23.81 ,23.69 ,23.83 ,23.77 ,23.7 ,23.63 ,23.62 ,23.64 ,23.67 ,23.67 ,23.68 ,23.7 ,23.6 ,23.71 ,23.7 ,23.66 ,23.71 ,23.69 ,23.71 ,23.74 ,23.7 ,23.66 ,23.69 ,23.74 ,23.68 ,23.63 ,23.68 ,23.64 ,23.67 ,23.67 ,23.71 ,23.61 ,23.65 ,23.63 ,23.46 ,23.55 ,23.64 ,23.65 ,23.63 ,23.68 ,23.52 ,23.44 ,23.49 ,23.42 ,23.37 ,23.49 ,23.51 ,23.5 ,23.49 ,23.51 ,23.57 ,23.46 ,23.42 ,23.35 ,23.43 ,23.43 ,23.38 ,23.41 ,23.36 ,23.36 ,23.39 ,23.39 ,23.27 ,23.21 ,23.19 ,23.15 ,23.16 ,23.12 ,23.16 ,23.36 ,23.29 ,23.18 ,23.23 ,23.3 ,23.32 ,23.22 ,23.28 ,23.28 ,23.32 ,23.35 ,23.34 ,23.31 ,23.29 ,23.22 ,23.21 ,23.24 ,23.24 ,23.27 ,23.3 ,23.29 ,23.27 ,23.32 ,23.28 ,23.32 ,23.23 ,23.16 ,23.16 ,23.28 ,23.33 ,23.27 ,23.24 ,23.18 ,23.14 ,23.15 ,23.13 ,22.96 ,23.03 ,23.02 ,23.05 ,23.04 ,23.05 ,22.9 ,22.9 ,22.94 ,22.95 ,22.92 ,22.96 ,22.99 ,22.97 ,22.93 ,22.89 ,22.87 ,23 ,22.87 ,22.87 ,22.9 ,22.93 ,22.9 ,22.93 ,22.85 ,22.69 ,22.78 ,22.87 ,22.86 ,22.92 ,
80,22.97 ,23.07 ,23.16 ,23.26 ,23.24 ,23.26 ,23.27 ,23.23 ,23.39 ,23.46 ,23.47 ,23.46 ,23.6 ,23.46 ,23.42 ,23.46 ,23.47 ,23.41 ,23.41 ,23.44 ,23.28 ,23.17 ,23.25 ,23.19 ,23.2 ,23.22 ,23.15 ,23.12 ,23.23 ,23.4 ,23.41 ,23.42 ,23.38 ,23.44 ,23.56 ,23.57 ,23.43 ,23.43 ,23.39 ,23.41 ,23.52 ,23.41 ,23.48 ,23.41 ,23.44 ,23.48 ,23.48 ,23.47 ,23.48 ,23.48 ,23.41 ,23.38 ,23.53 ,23.54 ,23.51 ,23.49 ,23.45 ,23.44 ,23.5 ,23.52 ,23.53 ,23.53 ,23.49 ,23.53 ,23.54 ,23.46 ,23.52 ,23.52 ,23.48 ,23.5 ,23.47 ,23.46 ,23.48 ,23.57 ,23.52 ,23.5 ,23.56 ,23.46 ,23.45 ,23.43 ,23.44 ,23.47 ,23.55 ,23.57 ,23.55 ,23.52 ,23.62 ,23.63 ,23.55 ,23.54 ,23.59 ,23.55 ,23.5 ,23.55 ,23.53 ,23.57 ,23.64 ,23.49 ,23.57 ,23.63 ,23.58 ,23.56 ,23.56 ,23.56 ,23.61 ,23.54 ,23.49 ,23.43 ,23.48 ,23.51 ,23.51 ,23.53 ,23.54 ,23.48 ,23.38 ,23.48 ,23.44 ,23.3 ,23.3 ,23.37 ,23.45 ,23.46 ,23.38 ,23.51 ,23.56 ,23.49 ,23.53 ,23.59 ,23.58 ,23.61 ,23.55 ,23.71 ,23.74 ,23.69 ,23.68 ,23.71 ,23.71 ,23.72 ,23.71 ,23.76 ,23.64 ,23.68 ,23.75 ,23.66 ,23.71 ,23.67 ,23.64 ,23.68 ,23.75 ,23.81 ,23.77 ,23.65 ,23.6 ,23.67 ,23.72 ,23.72 ,23.61 ,23.67 ,23.71 ,23.79 ,23.72 ,23.7 ,23.74 ,23.73 ,23.79 ,23.74 ,23.74 ,23.83 ,23.77 ,23.8 ,23.77 ,23.73 ,23.69 ,23.75 ,23.8 ,23.73 ,23.75 ,23.73 ,23.72 ,23.67 ,23.65 ,23.75 ,23.75 ,23.71 ,23.7 ,23.76 ,23.79 ,23.7 ,23.76 ,23.73 ,23.71 ,23.71 ,23.78 ,23.72 ,23.75 ,23.81 ,23.84 ,23.83 ,23.74 ,23.66 ,23.76 ,23.78 ,23.78 ,23.77 ,23.81 ,23.81 ,23.74 ,23.67 ,23.69 ,23.75 ,23.71 ,23.71 ,23.8 ,23.76 ,23.66 ,23.72 ,23.8 ,23.77 ,23.74 ,23.75 ,23.81 ,23.75 ,23.66 ,23.68 ,23.75 ,23.72 ,23.76 ,23.72 ,23.63 ,23.72 ,23.71 ,23.74 ,23.78 ,23.7 ,23.64 ,23.74 ,23.84 ,23.75 ,23.75 ,23.79 ,23.71 ,23.73 ,23.7 ,23.62 ,23.55 ,23.57 ,23.59 ,23.67 ,23.76 ,23.66 ,23.68 ,23.72 ,23.73 ,23.71 ,23.69 ,23.63 ,23.68 ,23.69 ,23.56 ,23.61 ,23.66 ,23.68 ,23.72 ,23.62 ,23.72 ,23.65 ,23.49 ,23.59 ,23.61 ,23.59 ,23.51 ,23.51 ,23.58 ,23.5 ,23.59 ,23.62 ,23.59 ,23.6 ,23.51 ,23.53 ,23.59 ,23.57 ,23.47 ,23.52 ,23.6 ,23.57 ,23.59 ,23.6 ,23.53 ,23.54 ,23.52 ,23.53 ,23.62 ,23.61 ,23.66 ,23.62 ,23.57 ,23.59 ,23.51 ,23.45 ,23.49 ,23.47 ,23.55 ,23.55 ,23.54 ,23.49 ,23.48 ,23.5 ,23.58 ,23.57 ,23.57 ,23.62 ,23.55 ,23.6 ,23.71 ,23.68 ,23.58 ,23.62 ,23.65 ,23.62 ,23.62 ,23.64 ,23.66 ,23.62 ,23.66 ,23.64 ,23.66 ,23.58 ,23.62 ,23.61 ,23.51 ,23.54 ,23.5 ,23.55 ,23.65 ,23.59 ,23.6 ,23.68 ,23.81 ,23.83 ,23.89 ,23.76 ,23.73 ,23.82 ,23.78 ,23.72 ,23.82 ,23.81 ,23.8 ,23.83 ,23.73 ,23.76 ,23.74 ,23.66 ,23.54 ,23.59 ,23.74 ,23.75 ,23.78 ,23.8 ,23.83 ,23.78 ,23.89 ,23.78 ,23.76 ,23.77 ,23.77 ,23.84 ,23.77 ,23.77 ,23.85 ,23.83 ,23.87 ,23.82 ,23.77 ,23.78 ,23.78 ,23.73 ,23.82 ,23.7 ,23.63 ,23.63 ,23.65 ,23.66 ,23.59 ,23.63 ,23.7 ,23.76 ,23.74 ,23.76 ,23.71 ,23.7 ,23.67 ,23.68 ,23.74 ,23.7 ,23.69 ,23.79 ,23.74 ,23.8 ,23.71 ,23.69 ,23.75 ,23.84 ,23.84 ,23.81 ,23.72 ,23.72 ,23.76 ,23.77 ,23.75 ,23.69 ,23.63 ,23.69 ,23.66 ,23.6 ,23.67 ,23.68 ,23.74 ,23.79 ,23.73 ,23.74 ,23.81 ,23.82 ,23.77 ,23.69 ,23.68 ,23.71 ,23.78 ,23.69 ,23.7 ,23.77 ,23.71 ,23.68 ,23.65 ,23.69 ,23.73 ,23.66 ,23.62 ,23.6 ,23.68 ,23.69 ,23.55 ,23.51 ,23.5 ,23.61 ,23.83 ,23.77 ,23.58 ,23.51 ,23.58 ,23.58 ,23.6 ,23.56 ,23.41 ,23.48 ,23.46 ,23.44 ,23.38 ,23.48 ,23.5 ,23.5 ,23.51 ,23.53 ,23.49 ,23.42 ,23.51 ,23.5 ,23.6 ,23.66 ,23.61 ,23.59 ,23.64 ,23.67 ,23.8 ,23.87 ,23.73 ,23.73 ,23.8 ,23.75 ,23.72 ,23.75 ,23.66 ,23.69 ,23.73 ,23.77 ,23.8 ,23.83 ,23.8 ,23.73 ,23.78 ,23.79 ,23.8 ,23.81 ,23.64 ,23.6 ,23.72 ,23.77 ,23.74 ,23.74 ,23.68 ,23.7 ,23.75 ,23.69 ,23.67 ,23.79 ,23.8 ,23.79 ,23.72 ,23.65 ,23.64 ,23.6 ,23.64 ,23.8 ,23.74 ,23.68 ,23.67 ,23.66 ,23.64 ,23.72 ,23.63 ,23.67 ,23.69 ,23.68 ,23.7 ,23.68 ,23.73 ,23.7 ,23.72 ,23.67 ,23.65 ,23.71 ,23.63 ,23.62 ,23.68 ,23.75 ,23.65 ,23.62 ,23.64 ,23.49 ,23.51 ,23.53 ,23.56 ,23.53 ,23.54 ,23.54 ,23.43 ,23.43 ,23.49 ,23.46 ,23.41 ,23.42 ,23.58 ,23.58 ,23.44 ,23.47 ,23.49 ,23.49 ,23.28 ,23.43 ,23.49 ,23.41 ,23.41 ,23.4 ,23.43 ,23.39 ,23.35 ,23.2 ,23.2 ,23.19 ,23.12 ,23.05 ,23.19 ,23.12 ,23.24 ,23.33 ,23.3 ,23.27 ,23.29 ,23.37 ,23.12 ,23.24 ,23.36 ,23.34 ,23.32 ,23.33 ,23.31 ,23.33 ,23.2 ,23.17 ,23.2 ,23.29 ,23.32 ,23.32 ,23.27 ,23.24 ,23.23 ,23.34 ,23.32 ,23.31 ,23.25 ,23.27 ,23.3 ,23.29 ,23.18 ,23.2 ,23.15 ,23.06 ,23.08 ,23.08 ,23.01 ,22.98 ,23.03 ,23.06 ,22.93 ,22.98 ,22.98 ,22.97 ,22.91 ,22.94 ,22.88 ,22.93 ,23.02 ,22.99 ,22.9 ,22.9 ,22.89 ,22.97 ,22.87 ,22.85 ,22.94 ,22.98 ,22.93 ,22.8 ,22.84 ,22.77 ,22.84 ,22.97 ,22.92 ,22.87 ,
81,23.13 ,23.21 ,23.24 ,23.23 ,23.23 ,23.21 ,23.3 ,23.27 ,23.43 ,23.46 ,23.45 ,23.41 ,23.55 ,23.41 ,23.33 ,23.41 ,23.45 ,23.37 ,23.41 ,23.38 ,23.22 ,23.09 ,23.21 ,23.16 ,23.08 ,23.08 ,23.04 ,23.03 ,23.13 ,23.23 ,23.37 ,23.39 ,23.43 ,23.4 ,23.45 ,23.57 ,23.39 ,23.4 ,23.53 ,23.32 ,23.45 ,23.46 ,23.48 ,23.42 ,23.46 ,23.49 ,23.38 ,23.42 ,23.52 ,23.51 ,23.37 ,23.34 ,23.48 ,23.52 ,23.5 ,23.55 ,23.51 ,23.5 ,23.48 ,23.45 ,23.56 ,23.66 ,23.51 ,23.43 ,23.47 ,23.45 ,23.55 ,23.53 ,23.43 ,23.56 ,23.48 ,23.42 ,23.53 ,23.59 ,23.53 ,23.44 ,23.44 ,23.47 ,23.51 ,23.56 ,23.55 ,23.4 ,23.47 ,23.52 ,23.48 ,23.44 ,23.57 ,23.59 ,23.5 ,23.55 ,23.53 ,23.52 ,23.58 ,23.57 ,23.52 ,23.58 ,23.64 ,23.41 ,23.52 ,23.61 ,23.54 ,23.48 ,23.53 ,23.57 ,23.63 ,23.53 ,23.45 ,23.42 ,23.53 ,23.53 ,23.44 ,23.46 ,23.52 ,23.45 ,23.36 ,23.46 ,23.47 ,23.43 ,23.4 ,23.46 ,23.48 ,23.44 ,23.36 ,23.51 ,23.49 ,23.48 ,23.6 ,23.68 ,23.62 ,23.57 ,23.63 ,23.66 ,23.68 ,23.67 ,23.69 ,23.7 ,23.68 ,23.67 ,23.63 ,23.73 ,23.67 ,23.61 ,23.71 ,23.7 ,23.66 ,23.75 ,23.7 ,23.72 ,23.79 ,23.8 ,23.82 ,23.69 ,23.68 ,23.65 ,23.65 ,23.71 ,23.63 ,23.66 ,23.73 ,23.8 ,23.84 ,23.75 ,23.74 ,23.76 ,23.78 ,23.79 ,23.71 ,23.78 ,23.68 ,23.81 ,23.76 ,23.74 ,23.73 ,23.71 ,23.81 ,23.76 ,23.77 ,23.71 ,23.68 ,23.73 ,23.68 ,23.75 ,23.75 ,23.74 ,23.71 ,23.8 ,23.81 ,23.69 ,23.73 ,23.72 ,23.76 ,23.76 ,23.83 ,23.75 ,23.76 ,23.76 ,23.71 ,23.75 ,23.76 ,23.73 ,23.75 ,23.75 ,23.76 ,23.75 ,23.7 ,23.74 ,23.76 ,23.69 ,23.67 ,23.77 ,23.69 ,23.62 ,23.65 ,23.6 ,23.63 ,23.75 ,23.79 ,23.77 ,23.72 ,23.74 ,23.79 ,23.79 ,23.72 ,23.7 ,23.74 ,23.77 ,23.72 ,23.66 ,23.61 ,23.72 ,23.78 ,23.71 ,23.73 ,23.64 ,23.58 ,23.7 ,23.86 ,23.78 ,23.75 ,23.79 ,23.71 ,23.73 ,23.71 ,23.58 ,23.58 ,23.67 ,23.65 ,23.64 ,23.74 ,23.68 ,23.68 ,23.65 ,23.78 ,23.74 ,23.64 ,23.64 ,23.68 ,23.7 ,23.62 ,23.69 ,23.61 ,23.58 ,23.64 ,23.66 ,23.68 ,23.61 ,23.57 ,23.59 ,23.57 ,23.57 ,23.6 ,23.55 ,23.62 ,23.62 ,23.63 ,23.64 ,23.57 ,23.57 ,23.53 ,23.52 ,23.57 ,23.6 ,23.57 ,23.48 ,23.51 ,23.56 ,23.57 ,23.53 ,23.47 ,23.52 ,23.58 ,23.58 ,23.61 ,23.65 ,23.7 ,23.68 ,23.6 ,23.58 ,23.5 ,23.46 ,23.52 ,23.53 ,23.54 ,23.51 ,23.53 ,23.58 ,23.54 ,23.55 ,23.6 ,23.58 ,23.64 ,23.57 ,23.54 ,23.57 ,23.64 ,23.66 ,23.65 ,23.58 ,23.57 ,23.59 ,23.55 ,23.62 ,23.67 ,23.62 ,23.68 ,23.67 ,23.69 ,23.54 ,23.47 ,23.56 ,23.49 ,23.44 ,23.47 ,23.54 ,23.64 ,23.6 ,23.58 ,23.74 ,23.88 ,23.88 ,23.87 ,23.81 ,23.72 ,23.85 ,23.83 ,23.71 ,23.81 ,23.89 ,23.85 ,23.77 ,23.73 ,23.8 ,23.79 ,23.66 ,23.63 ,23.71 ,23.84 ,23.77 ,23.74 ,23.77 ,23.8 ,23.79 ,23.84 ,23.8 ,23.79 ,23.81 ,23.72 ,23.79 ,23.8 ,23.74 ,23.82 ,23.85 ,23.9 ,23.83 ,23.84 ,23.74 ,23.67 ,23.69 ,23.75 ,23.72 ,23.57 ,23.62 ,23.65 ,23.68 ,23.58 ,23.73 ,23.7 ,23.72 ,23.74 ,23.73 ,23.71 ,23.71 ,23.78 ,23.78 ,23.8 ,23.72 ,23.77 ,23.78 ,23.71 ,23.7 ,23.75 ,23.72 ,23.74 ,23.69 ,23.81 ,23.82 ,23.73 ,23.7 ,23.78 ,23.74 ,23.74 ,23.71 ,23.71 ,23.68 ,23.62 ,23.54 ,23.66 ,23.68 ,23.65 ,23.73 ,23.75 ,23.69 ,23.69 ,23.73 ,23.66 ,23.68 ,23.71 ,23.64 ,23.69 ,23.67 ,23.71 ,23.73 ,23.71 ,23.63 ,23.64 ,23.68 ,23.64 ,23.67 ,23.66 ,23.69 ,23.67 ,23.61 ,23.51 ,23.48 ,23.53 ,23.64 ,23.78 ,23.69 ,23.55 ,23.6 ,23.59 ,23.56 ,23.56 ,23.55 ,23.36 ,23.53 ,23.46 ,23.4 ,23.38 ,23.44 ,23.52 ,23.57 ,23.56 ,23.52 ,23.53 ,23.45 ,23.41 ,23.44 ,23.61 ,23.62 ,23.59 ,23.61 ,23.6 ,23.68 ,23.71 ,23.78 ,23.71 ,23.79 ,23.74 ,23.81 ,23.76 ,23.74 ,23.59 ,23.66 ,23.75 ,23.76 ,23.79 ,23.77 ,23.8 ,23.72 ,23.77 ,23.8 ,23.8 ,23.76 ,23.62 ,23.63 ,23.7 ,23.71 ,23.72 ,23.76 ,23.72 ,23.68 ,23.74 ,23.69 ,23.7 ,23.72 ,23.75 ,23.81 ,23.76 ,23.61 ,23.64 ,23.63 ,23.64 ,23.8 ,23.73 ,23.65 ,23.63 ,23.66 ,23.63 ,23.65 ,23.64 ,23.69 ,23.76 ,23.73 ,23.73 ,23.67 ,23.7 ,23.71 ,23.73 ,23.74 ,23.7 ,23.65 ,23.58 ,23.65 ,23.65 ,23.68 ,23.62 ,23.61 ,23.6 ,23.64 ,23.59 ,23.46 ,23.52 ,23.54 ,23.49 ,23.48 ,23.44 ,23.45 ,23.43 ,23.46 ,23.4 ,23.37 ,23.52 ,23.57 ,23.46 ,23.4 ,23.55 ,23.49 ,23.35 ,23.36 ,23.43 ,23.49 ,23.41 ,23.37 ,23.37 ,23.38 ,23.36 ,23.2 ,23.18 ,23.15 ,23.05 ,23.02 ,23.2 ,23.16 ,23.09 ,23.19 ,23.29 ,23.28 ,23.28 ,23.32 ,23.15 ,23.15 ,23.36 ,23.29 ,23.2 ,23.29 ,23.3 ,23.32 ,23.21 ,23.27 ,23.27 ,23.28 ,23.34 ,23.27 ,23.32 ,23.32 ,23.27 ,23.35 ,23.33 ,23.3 ,23.28 ,23.24 ,23.29 ,23.24 ,23.1 ,23.13 ,23.22 ,23 ,23.03 ,23.1 ,23.04 ,22.99 ,22.97 ,23.02 ,22.93 ,23.04 ,23.02 ,22.98 ,22.92 ,22.85 ,23 ,22.96 ,22.93 ,22.9 ,22.9 ,22.86 ,22.89 ,22.9 ,22.8 ,22.95 ,23.1 ,23.01 ,22.95 ,22.85 ,22.75 ,22.73 ,22.79 ,22.87 ,22.83 ,22.81 ,
82,23.14 ,23.2 ,23.23 ,23.28 ,23.16 ,23.19 ,23.32 ,23.31 ,23.52 ,23.51 ,23.41 ,23.36 ,23.53 ,23.47 ,23.41 ,23.47 ,23.47 ,23.43 ,23.47 ,23.33 ,23.15 ,23.11 ,23.2 ,23.13 ,22.98 ,23 ,23 ,23 ,23.12 ,23.21 ,23.38 ,23.39 ,23.37 ,23.44 ,23.49 ,23.5 ,23.39 ,23.44 ,23.59 ,23.38 ,23.41 ,23.45 ,23.48 ,23.44 ,23.4 ,23.51 ,23.45 ,23.44 ,23.51 ,23.5 ,23.46 ,23.44 ,23.44 ,23.47 ,23.47 ,23.56 ,23.53 ,23.49 ,23.52 ,23.55 ,23.53 ,23.62 ,23.51 ,23.47 ,23.47 ,23.47 ,23.59 ,23.57 ,23.59 ,23.54 ,23.54 ,23.46 ,23.49 ,23.55 ,23.52 ,23.46 ,23.45 ,23.45 ,23.53 ,23.48 ,23.57 ,23.49 ,23.44 ,23.47 ,23.46 ,23.5 ,23.52 ,23.55 ,23.49 ,23.51 ,23.52 ,23.48 ,23.57 ,23.57 ,23.47 ,23.51 ,23.59 ,23.43 ,23.51 ,23.61 ,23.46 ,23.45 ,23.5 ,23.54 ,23.56 ,23.6 ,23.54 ,23.45 ,23.53 ,23.59 ,23.59 ,23.5 ,23.42 ,23.46 ,23.39 ,23.34 ,23.46 ,23.42 ,23.46 ,23.45 ,23.5 ,23.43 ,23.4 ,23.51 ,23.49 ,23.42 ,23.55 ,23.66 ,23.64 ,23.55 ,23.65 ,23.71 ,23.66 ,23.67 ,23.71 ,23.76 ,23.67 ,23.74 ,23.76 ,23.81 ,23.77 ,23.67 ,23.73 ,23.68 ,23.7 ,23.7 ,23.7 ,23.69 ,23.78 ,23.84 ,23.78 ,23.76 ,23.71 ,23.72 ,23.66 ,23.63 ,23.56 ,23.66 ,23.72 ,23.77 ,23.82 ,23.81 ,23.78 ,23.82 ,23.84 ,23.74 ,23.7 ,23.74 ,23.71 ,23.81 ,23.82 ,23.72 ,23.63 ,23.77 ,23.84 ,23.77 ,23.71 ,23.66 ,23.68 ,23.66 ,23.71 ,23.78 ,23.69 ,23.7 ,23.72 ,23.78 ,23.7 ,23.66 ,23.72 ,23.69 ,23.71 ,23.76 ,23.86 ,23.76 ,23.78 ,23.79 ,23.74 ,23.8 ,23.82 ,23.81 ,23.75 ,23.78 ,23.73 ,23.67 ,23.69 ,23.75 ,23.74 ,23.67 ,23.75 ,23.71 ,23.58 ,23.56 ,23.54 ,23.5 ,23.56 ,23.67 ,23.69 ,23.77 ,23.71 ,23.74 ,23.79 ,23.81 ,23.69 ,23.7 ,23.79 ,23.78 ,23.78 ,23.7 ,23.67 ,23.69 ,23.79 ,23.79 ,23.75 ,23.69 ,23.65 ,23.76 ,23.78 ,23.76 ,23.76 ,23.79 ,23.73 ,23.72 ,23.68 ,23.58 ,23.61 ,23.68 ,23.69 ,23.66 ,23.74 ,23.7 ,23.68 ,23.63 ,23.66 ,23.68 ,23.62 ,23.66 ,23.67 ,23.62 ,23.62 ,23.64 ,23.58 ,23.61 ,23.58 ,23.56 ,23.64 ,23.57 ,23.59 ,23.56 ,23.65 ,23.56 ,23.51 ,23.59 ,23.61 ,23.64 ,23.54 ,23.59 ,23.65 ,23.61 ,23.61 ,23.6 ,23.6 ,23.54 ,23.56 ,23.48 ,23.55 ,23.56 ,23.6 ,23.48 ,23.39 ,23.51 ,23.62 ,23.59 ,23.59 ,23.62 ,23.62 ,23.67 ,23.61 ,23.65 ,23.56 ,23.52 ,23.57 ,23.55 ,23.54 ,23.54 ,23.54 ,23.6 ,23.59 ,23.6 ,23.6 ,23.54 ,23.6 ,23.62 ,23.61 ,23.61 ,23.61 ,23.56 ,23.52 ,23.55 ,23.61 ,23.68 ,23.65 ,23.72 ,23.69 ,23.61 ,23.59 ,23.64 ,23.63 ,23.59 ,23.52 ,23.53 ,23.51 ,23.51 ,23.52 ,23.62 ,23.66 ,23.59 ,23.69 ,23.81 ,23.91 ,23.85 ,23.81 ,23.76 ,23.68 ,23.85 ,23.95 ,23.78 ,23.82 ,23.91 ,23.83 ,23.8 ,23.67 ,23.75 ,23.74 ,23.68 ,23.68 ,23.74 ,23.78 ,23.79 ,23.78 ,23.79 ,23.85 ,23.76 ,23.82 ,23.8 ,23.81 ,23.77 ,23.8 ,23.75 ,23.78 ,23.83 ,23.83 ,23.85 ,23.86 ,23.83 ,23.83 ,23.77 ,23.68 ,23.73 ,23.74 ,23.58 ,23.55 ,23.66 ,23.68 ,23.74 ,23.73 ,23.74 ,23.68 ,23.7 ,23.69 ,23.77 ,23.73 ,23.77 ,23.77 ,23.75 ,23.77 ,23.76 ,23.7 ,23.72 ,23.66 ,23.67 ,23.73 ,23.74 ,23.71 ,23.69 ,23.75 ,23.73 ,23.66 ,23.67 ,23.75 ,23.67 ,23.71 ,23.74 ,23.76 ,23.7 ,23.58 ,23.52 ,23.62 ,23.68 ,23.68 ,23.71 ,23.75 ,23.67 ,23.56 ,23.7 ,23.61 ,23.63 ,23.75 ,23.72 ,23.61 ,23.65 ,23.73 ,23.75 ,23.6 ,23.67 ,23.7 ,23.71 ,23.69 ,23.65 ,23.74 ,23.72 ,23.71 ,23.6 ,23.52 ,23.5 ,23.54 ,23.65 ,23.78 ,23.72 ,23.62 ,23.65 ,23.54 ,23.51 ,23.5 ,23.57 ,23.39 ,23.51 ,23.58 ,23.47 ,23.48 ,23.46 ,23.49 ,23.51 ,23.46 ,23.49 ,23.55 ,23.49 ,23.4 ,23.45 ,23.54 ,23.58 ,23.57 ,23.61 ,23.66 ,23.68 ,23.62 ,23.64 ,23.64 ,23.79 ,23.72 ,23.74 ,23.8 ,23.72 ,23.64 ,23.61 ,23.69 ,23.82 ,23.82 ,23.73 ,23.68 ,23.7 ,23.68 ,23.71 ,23.74 ,23.7 ,23.65 ,23.66 ,23.75 ,23.67 ,23.68 ,23.73 ,23.84 ,23.73 ,23.72 ,23.72 ,23.69 ,23.72 ,23.72 ,23.76 ,23.72 ,23.6 ,23.65 ,23.59 ,23.62 ,23.79 ,23.66 ,23.53 ,23.66 ,23.62 ,23.65 ,23.68 ,23.66 ,23.64 ,23.69 ,23.71 ,23.66 ,23.69 ,23.74 ,23.74 ,23.74 ,23.76 ,23.65 ,23.58 ,23.59 ,23.62 ,23.6 ,23.58 ,23.62 ,23.65 ,23.58 ,23.6 ,23.64 ,23.55 ,23.56 ,23.61 ,23.47 ,23.48 ,23.39 ,23.45 ,23.36 ,23.39 ,23.37 ,23.46 ,23.46 ,23.5 ,23.41 ,23.38 ,23.47 ,23.46 ,23.41 ,23.45 ,23.47 ,23.38 ,23.35 ,23.32 ,23.34 ,23.34 ,23.39 ,23.27 ,23.19 ,23.17 ,23.19 ,23.14 ,23.09 ,23.07 ,23.05 ,23.04 ,23.13 ,23.26 ,23.32 ,23.31 ,23.06 ,23.11 ,23.29 ,23.27 ,23.14 ,23.18 ,23.24 ,23.26 ,23.18 ,23.18 ,23.27 ,23.22 ,23.27 ,23.3 ,23.19 ,23.32 ,23.26 ,23.28 ,23.29 ,23.25 ,23.29 ,23.23 ,23.25 ,23.23 ,23.2 ,23.17 ,23.18 ,23.01 ,23 ,23.15 ,23.06 ,22.93 ,22.97 ,23.03 ,23.06 ,23.11 ,23.05 ,23.03 ,22.94 ,22.92 ,22.97 ,22.99 ,23.07 ,22.95 ,22.92 ,22.9 ,22.86 ,22.87 ,22.85 ,22.93 ,23.01 ,22.96 ,22.82 ,22.76 ,22.76 ,22.73 ,22.82 ,22.84 ,22.78 ,22.78 ,
83,23.12 ,23.21 ,23.22 ,23.21 ,23.14 ,23.28 ,23.42 ,23.38 ,23.49 ,23.48 ,23.4 ,23.32 ,23.53 ,23.56 ,23.5 ,23.57 ,23.56 ,23.45 ,23.39 ,23.29 ,23.21 ,23.17 ,23.24 ,23.15 ,23.05 ,23.02 ,22.98 ,22.96 ,23.01 ,23.28 ,23.39 ,23.39 ,23.37 ,23.48 ,23.51 ,23.49 ,23.39 ,23.52 ,23.6 ,23.47 ,23.44 ,23.51 ,23.48 ,23.35 ,23.37 ,23.49 ,23.49 ,23.57 ,23.57 ,23.59 ,23.43 ,23.39 ,23.51 ,23.54 ,23.51 ,23.55 ,23.56 ,23.48 ,23.55 ,23.47 ,23.46 ,23.51 ,23.48 ,23.49 ,23.52 ,23.46 ,23.5 ,23.52 ,23.47 ,23.42 ,23.52 ,23.51 ,23.45 ,23.54 ,23.48 ,23.6 ,23.58 ,23.53 ,23.52 ,23.45 ,23.57 ,23.54 ,23.46 ,23.41 ,23.5 ,23.53 ,23.5 ,23.5 ,23.5 ,23.45 ,23.52 ,23.56 ,23.6 ,23.57 ,23.53 ,23.61 ,23.54 ,23.51 ,23.53 ,23.58 ,23.48 ,23.53 ,23.53 ,23.49 ,23.58 ,23.62 ,23.57 ,23.49 ,23.53 ,23.5 ,23.5 ,23.61 ,23.52 ,23.45 ,23.41 ,23.35 ,23.41 ,23.39 ,23.41 ,23.43 ,23.49 ,23.36 ,23.34 ,23.51 ,23.5 ,23.6 ,23.6 ,23.61 ,23.57 ,23.52 ,23.6 ,23.69 ,23.63 ,23.69 ,23.7 ,23.72 ,23.78 ,23.8 ,23.81 ,23.76 ,23.67 ,23.71 ,23.72 ,23.64 ,23.69 ,23.65 ,23.63 ,23.68 ,23.71 ,23.79 ,23.76 ,23.77 ,23.75 ,23.78 ,23.73 ,23.69 ,23.66 ,23.79 ,23.74 ,23.76 ,23.74 ,23.65 ,23.69 ,23.81 ,23.79 ,23.71 ,23.68 ,23.73 ,23.76 ,23.76 ,23.78 ,23.77 ,23.73 ,23.74 ,23.84 ,23.72 ,23.74 ,23.77 ,23.74 ,23.68 ,23.65 ,23.81 ,23.74 ,23.73 ,23.72 ,23.7 ,23.73 ,23.67 ,23.81 ,23.68 ,23.65 ,23.69 ,23.72 ,23.8 ,23.8 ,23.77 ,23.81 ,23.86 ,23.82 ,23.76 ,23.72 ,23.76 ,23.85 ,23.76 ,23.74 ,23.8 ,23.75 ,23.68 ,23.73 ,23.75 ,23.64 ,23.59 ,23.56 ,23.58 ,23.59 ,23.58 ,23.73 ,23.69 ,23.72 ,23.68 ,23.72 ,23.75 ,23.73 ,23.78 ,23.84 ,23.87 ,23.79 ,23.77 ,23.72 ,23.76 ,23.76 ,23.82 ,23.8 ,23.69 ,23.72 ,23.79 ,23.79 ,23.72 ,23.72 ,23.75 ,23.78 ,23.8 ,23.72 ,23.65 ,23.6 ,23.59 ,23.58 ,23.56 ,23.7 ,23.68 ,23.64 ,23.65 ,23.62 ,23.65 ,23.55 ,23.61 ,23.7 ,23.66 ,23.6 ,23.57 ,23.52 ,23.63 ,23.68 ,23.63 ,23.61 ,23.6 ,23.52 ,23.6 ,23.71 ,23.7 ,23.57 ,23.55 ,23.64 ,23.63 ,23.54 ,23.55 ,23.64 ,23.64 ,23.59 ,23.56 ,23.59 ,23.6 ,23.58 ,23.59 ,23.59 ,23.68 ,23.66 ,23.62 ,23.54 ,23.56 ,23.64 ,23.68 ,23.65 ,23.67 ,23.7 ,23.69 ,23.54 ,23.58 ,23.63 ,23.49 ,23.58 ,23.59 ,23.56 ,23.58 ,23.59 ,23.53 ,23.57 ,23.56 ,23.6 ,23.6 ,23.64 ,23.71 ,23.65 ,23.68 ,23.61 ,23.59 ,23.5 ,23.55 ,23.58 ,23.64 ,23.65 ,23.74 ,23.75 ,23.72 ,23.64 ,23.61 ,23.65 ,23.64 ,23.54 ,23.64 ,23.59 ,23.55 ,23.63 ,23.64 ,23.67 ,23.61 ,23.75 ,23.82 ,23.82 ,23.9 ,23.88 ,23.75 ,23.75 ,23.95 ,24 ,23.88 ,23.85 ,23.88 ,23.87 ,23.93 ,23.81 ,23.77 ,23.84 ,23.76 ,23.69 ,23.72 ,23.75 ,23.78 ,23.77 ,23.82 ,23.84 ,23.75 ,23.73 ,23.71 ,23.71 ,23.69 ,23.77 ,23.79 ,23.86 ,23.89 ,23.85 ,23.81 ,23.82 ,23.84 ,23.75 ,23.65 ,23.67 ,23.69 ,23.67 ,23.61 ,23.61 ,23.66 ,23.69 ,23.76 ,23.8 ,23.82 ,23.75 ,23.72 ,23.71 ,23.75 ,23.86 ,23.76 ,23.78 ,23.69 ,23.75 ,23.76 ,23.74 ,23.72 ,23.69 ,23.71 ,23.77 ,23.78 ,23.71 ,23.66 ,23.69 ,23.62 ,23.62 ,23.65 ,23.67 ,23.67 ,23.63 ,23.64 ,23.69 ,23.77 ,23.66 ,23.58 ,23.67 ,23.69 ,23.69 ,23.69 ,23.74 ,23.68 ,23.6 ,23.7 ,23.62 ,23.64 ,23.81 ,23.76 ,23.67 ,23.66 ,23.71 ,23.74 ,23.66 ,23.61 ,23.83 ,23.76 ,23.75 ,23.7 ,23.69 ,23.72 ,23.74 ,23.65 ,23.51 ,23.49 ,23.61 ,23.65 ,23.7 ,23.66 ,23.64 ,23.68 ,23.59 ,23.56 ,23.48 ,23.49 ,23.44 ,23.53 ,23.53 ,23.55 ,23.5 ,23.53 ,23.41 ,23.4 ,23.4 ,23.46 ,23.55 ,23.5 ,23.49 ,23.52 ,23.62 ,23.49 ,23.57 ,23.65 ,23.63 ,23.74 ,23.75 ,23.75 ,23.65 ,23.72 ,23.78 ,23.74 ,23.74 ,23.8 ,23.67 ,23.65 ,23.64 ,23.84 ,23.82 ,23.75 ,23.71 ,23.77 ,23.79 ,23.74 ,23.77 ,23.79 ,23.74 ,23.72 ,23.77 ,23.75 ,23.75 ,23.75 ,23.8 ,23.74 ,23.7 ,23.75 ,23.76 ,23.77 ,23.77 ,23.74 ,23.67 ,23.63 ,23.75 ,23.63 ,23.57 ,23.76 ,23.7 ,23.63 ,23.68 ,23.6 ,23.63 ,23.76 ,23.66 ,23.63 ,23.69 ,23.67 ,23.64 ,23.65 ,23.66 ,23.7 ,23.67 ,23.75 ,23.62 ,23.59 ,23.65 ,23.62 ,23.64 ,23.61 ,23.59 ,23.64 ,23.64 ,23.61 ,23.62 ,23.54 ,23.57 ,23.57 ,23.49 ,23.51 ,23.44 ,23.48 ,23.39 ,23.3 ,23.38 ,23.48 ,23.56 ,23.41 ,23.43 ,23.43 ,23.5 ,23.47 ,23.42 ,23.51 ,23.48 ,23.42 ,23.36 ,23.39 ,23.39 ,23.34 ,23.42 ,23.3 ,23.21 ,23.1 ,23.17 ,23.2 ,23.08 ,23.04 ,23.04 ,23.09 ,23.08 ,23.19 ,23.34 ,23.31 ,23.21 ,23.07 ,23.21 ,23.23 ,23.24 ,23.31 ,23.36 ,23.34 ,23.22 ,23.23 ,23.19 ,23.26 ,23.26 ,23.27 ,23.11 ,23.18 ,23.31 ,23.23 ,23.25 ,23.31 ,23.23 ,23.22 ,23.28 ,23.21 ,23.21 ,23.24 ,23.17 ,23.11 ,23.12 ,23.2 ,23.12 ,23.04 ,23.07 ,23.17 ,23.05 ,23.01 ,22.92 ,22.98 ,22.94 ,22.89 ,22.96 ,23 ,23.13 ,23.01 ,22.92 ,22.92 ,22.92 ,22.94 ,22.82 ,22.87 ,22.94 ,22.89 ,22.87 ,22.87 ,22.81 ,22.81 ,22.87 ,22.96 ,22.8 ,22.78 ,
84,23.19 ,23.28 ,23.24 ,23.19 ,23.15 ,23.23 ,23.42 ,23.41 ,23.4 ,23.37 ,23.39 ,23.43 ,23.46 ,23.46 ,23.49 ,23.56 ,23.46 ,23.37 ,23.34 ,23.26 ,23.22 ,23.24 ,23.24 ,23.15 ,23.09 ,23.07 ,22.99 ,22.94 ,23.02 ,23.3 ,23.43 ,23.31 ,23.33 ,23.45 ,23.5 ,23.51 ,23.45 ,23.46 ,23.51 ,23.42 ,23.46 ,23.54 ,23.52 ,23.46 ,23.41 ,23.49 ,23.44 ,23.46 ,23.54 ,23.5 ,23.47 ,23.41 ,23.52 ,23.57 ,23.61 ,23.5 ,23.46 ,23.51 ,23.54 ,23.57 ,23.54 ,23.55 ,23.43 ,23.53 ,23.55 ,23.49 ,23.54 ,23.58 ,23.46 ,23.44 ,23.46 ,23.57 ,23.55 ,23.52 ,23.47 ,23.59 ,23.64 ,23.6 ,23.55 ,23.46 ,23.51 ,23.59 ,23.57 ,23.41 ,23.48 ,23.57 ,23.46 ,23.54 ,23.56 ,23.44 ,23.55 ,23.59 ,23.46 ,23.56 ,23.57 ,23.65 ,23.55 ,23.47 ,23.5 ,23.56 ,23.52 ,23.49 ,23.57 ,23.5 ,23.56 ,23.56 ,23.52 ,23.48 ,23.51 ,23.53 ,23.45 ,23.48 ,23.52 ,23.41 ,23.34 ,23.31 ,23.38 ,23.47 ,23.48 ,23.45 ,23.47 ,23.37 ,23.31 ,23.59 ,23.63 ,23.64 ,23.72 ,23.7 ,23.7 ,23.59 ,23.66 ,23.75 ,23.58 ,23.6 ,23.71 ,23.7 ,23.72 ,23.81 ,23.77 ,23.77 ,23.79 ,23.69 ,23.68 ,23.63 ,23.64 ,23.66 ,23.69 ,23.65 ,23.67 ,23.73 ,23.77 ,23.75 ,23.73 ,23.71 ,23.66 ,23.68 ,23.74 ,23.75 ,23.69 ,23.69 ,23.74 ,23.71 ,23.75 ,23.81 ,23.74 ,23.7 ,23.74 ,23.83 ,23.77 ,23.73 ,23.79 ,23.7 ,23.69 ,23.75 ,23.8 ,23.77 ,23.83 ,23.82 ,23.81 ,23.76 ,23.72 ,23.74 ,23.74 ,23.72 ,23.77 ,23.7 ,23.67 ,23.73 ,23.84 ,23.73 ,23.72 ,23.72 ,23.69 ,23.71 ,23.8 ,23.78 ,23.79 ,23.85 ,23.82 ,23.69 ,23.74 ,23.81 ,23.8 ,23.77 ,23.73 ,23.74 ,23.74 ,23.67 ,23.68 ,23.73 ,23.63 ,23.61 ,23.57 ,23.66 ,23.61 ,23.62 ,23.69 ,23.65 ,23.61 ,23.68 ,23.69 ,23.69 ,23.74 ,23.86 ,23.84 ,23.83 ,23.91 ,23.75 ,23.69 ,23.78 ,23.76 ,23.82 ,23.79 ,23.79 ,23.7 ,23.74 ,23.91 ,23.84 ,23.82 ,23.79 ,23.7 ,23.76 ,23.76 ,23.64 ,23.65 ,23.6 ,23.56 ,23.55 ,23.72 ,23.7 ,23.65 ,23.69 ,23.72 ,23.67 ,23.55 ,23.58 ,23.64 ,23.65 ,23.64 ,23.61 ,23.59 ,23.61 ,23.68 ,23.64 ,23.6 ,23.62 ,23.58 ,23.6 ,23.7 ,23.65 ,23.65 ,23.64 ,23.64 ,23.63 ,23.62 ,23.54 ,23.56 ,23.6 ,23.59 ,23.51 ,23.54 ,23.62 ,23.63 ,23.67 ,23.61 ,23.6 ,23.72 ,23.65 ,23.59 ,23.53 ,23.6 ,23.7 ,23.69 ,23.74 ,23.78 ,23.77 ,23.57 ,23.63 ,23.58 ,23.45 ,23.55 ,23.62 ,23.59 ,23.56 ,23.57 ,23.58 ,23.6 ,23.57 ,23.55 ,23.63 ,23.63 ,23.67 ,23.64 ,23.68 ,23.61 ,23.65 ,23.58 ,23.56 ,23.59 ,23.59 ,23.64 ,23.68 ,23.74 ,23.71 ,23.67 ,23.62 ,23.63 ,23.59 ,23.59 ,23.62 ,23.6 ,23.55 ,23.59 ,23.64 ,23.67 ,23.6 ,23.8 ,23.85 ,23.76 ,23.83 ,23.9 ,23.83 ,23.81 ,23.88 ,23.93 ,23.87 ,23.85 ,23.82 ,23.75 ,23.87 ,23.91 ,23.84 ,23.87 ,23.85 ,23.7 ,23.7 ,23.75 ,23.77 ,23.79 ,23.78 ,23.83 ,23.75 ,23.82 ,23.78 ,23.7 ,23.69 ,23.81 ,23.84 ,23.83 ,23.83 ,23.8 ,23.78 ,23.8 ,23.81 ,23.7 ,23.64 ,23.64 ,23.62 ,23.6 ,23.65 ,23.68 ,23.73 ,23.72 ,23.76 ,23.74 ,23.86 ,23.74 ,23.76 ,23.72 ,23.73 ,23.71 ,23.72 ,23.73 ,23.66 ,23.67 ,23.74 ,23.67 ,23.67 ,23.71 ,23.65 ,23.65 ,23.76 ,23.68 ,23.63 ,23.57 ,23.68 ,23.68 ,23.65 ,23.69 ,23.69 ,23.72 ,23.65 ,23.6 ,23.71 ,23.62 ,23.63 ,23.65 ,23.68 ,23.62 ,23.73 ,23.76 ,23.67 ,23.7 ,23.7 ,23.64 ,23.64 ,23.79 ,23.75 ,23.66 ,23.68 ,23.66 ,23.73 ,23.74 ,23.65 ,23.74 ,23.79 ,23.78 ,23.75 ,23.71 ,23.7 ,23.75 ,23.63 ,23.53 ,23.49 ,23.53 ,23.69 ,23.68 ,23.68 ,23.66 ,23.71 ,23.65 ,23.63 ,23.55 ,23.45 ,23.42 ,23.52 ,23.46 ,23.48 ,23.47 ,23.45 ,23.52 ,23.5 ,23.5 ,23.57 ,23.6 ,23.49 ,23.45 ,23.55 ,23.61 ,23.45 ,23.42 ,23.6 ,23.68 ,23.71 ,23.73 ,23.77 ,23.65 ,23.72 ,23.7 ,23.66 ,23.67 ,23.71 ,23.69 ,23.7 ,23.68 ,23.69 ,23.78 ,23.78 ,23.72 ,23.75 ,23.85 ,23.75 ,23.76 ,23.79 ,23.7 ,23.75 ,23.74 ,23.71 ,23.69 ,23.73 ,23.76 ,23.78 ,23.7 ,23.68 ,23.76 ,23.75 ,23.81 ,23.78 ,23.8 ,23.67 ,23.76 ,23.76 ,23.68 ,23.7 ,23.72 ,23.73 ,23.7 ,23.64 ,23.68 ,23.7 ,23.63 ,23.67 ,23.75 ,23.69 ,23.7 ,23.72 ,23.73 ,23.71 ,23.63 ,23.66 ,23.63 ,23.63 ,23.61 ,23.72 ,23.68 ,23.59 ,23.57 ,23.62 ,23.66 ,23.62 ,23.57 ,23.55 ,23.52 ,23.52 ,23.56 ,23.46 ,23.43 ,23.5 ,23.49 ,23.32 ,23.38 ,23.47 ,23.55 ,23.53 ,23.43 ,23.47 ,23.44 ,23.49 ,23.41 ,23.5 ,23.47 ,23.46 ,23.4 ,23.39 ,23.38 ,23.28 ,23.34 ,23.33 ,23.26 ,23.14 ,23.1 ,23.14 ,23.07 ,23.08 ,23.12 ,23.23 ,23.17 ,23.2 ,23.28 ,23.34 ,23.2 ,23.22 ,23.26 ,23.34 ,23.29 ,23.35 ,23.31 ,23.29 ,23.2 ,23.26 ,23.25 ,23.36 ,23.32 ,23.28 ,23.24 ,23.18 ,23.29 ,23.28 ,23.25 ,23.26 ,23.35 ,23.27 ,23.22 ,23.18 ,23.13 ,23.23 ,23.19 ,23.16 ,23.14 ,23.2 ,23.15 ,23.06 ,23.1 ,23.08 ,23.07 ,22.95 ,22.87 ,22.88 ,22.95 ,22.92 ,22.9 ,22.98 ,22.99 ,22.93 ,22.91 ,22.99 ,22.95 ,22.9 ,22.79 ,22.93 ,22.97 ,22.88 ,22.8 ,22.94 ,22.88 ,22.89 ,22.99 ,22.99 ,22.94 ,22.88 ,
85,23.15 ,23.23 ,23.19 ,23.14 ,23.2 ,23.33 ,23.44 ,23.41 ,23.41 ,23.36 ,23.39 ,23.48 ,23.43 ,23.35 ,23.44 ,23.53 ,23.4 ,23.35 ,23.4 ,23.35 ,23.08 ,23.2 ,23.2 ,23.01 ,22.97 ,23.07 ,23.08 ,23.06 ,23.14 ,23.36 ,23.47 ,23.29 ,23.3 ,23.42 ,23.46 ,23.46 ,23.43 ,23.47 ,23.44 ,23.4 ,23.5 ,23.55 ,23.53 ,23.48 ,23.49 ,23.5 ,23.49 ,23.45 ,23.45 ,23.47 ,23.48 ,23.5 ,23.53 ,23.55 ,23.53 ,23.57 ,23.4 ,23.55 ,23.63 ,23.63 ,23.57 ,23.49 ,23.55 ,23.53 ,23.56 ,23.53 ,23.6 ,23.53 ,23.49 ,23.55 ,23.54 ,23.47 ,23.48 ,23.53 ,23.54 ,23.54 ,23.56 ,23.5 ,23.58 ,23.48 ,23.49 ,23.47 ,23.51 ,23.56 ,23.47 ,23.63 ,23.6 ,23.6 ,23.64 ,23.54 ,23.6 ,23.54 ,23.48 ,23.49 ,23.49 ,23.52 ,23.6 ,23.49 ,23.54 ,23.6 ,23.57 ,23.47 ,23.53 ,23.55 ,23.58 ,23.5 ,23.43 ,23.48 ,23.55 ,23.5 ,23.43 ,23.36 ,23.43 ,23.39 ,23.29 ,23.34 ,23.44 ,23.43 ,23.49 ,23.39 ,23.45 ,23.41 ,23.35 ,23.54 ,23.63 ,23.66 ,23.69 ,23.72 ,23.68 ,23.61 ,23.7 ,23.75 ,23.63 ,23.55 ,23.65 ,23.64 ,23.68 ,23.71 ,23.78 ,23.74 ,23.76 ,23.7 ,23.59 ,23.58 ,23.55 ,23.61 ,23.65 ,23.68 ,23.74 ,23.74 ,23.73 ,23.75 ,23.7 ,23.7 ,23.74 ,23.72 ,23.67 ,23.67 ,23.6 ,23.66 ,23.72 ,23.7 ,23.73 ,23.73 ,23.75 ,23.74 ,23.82 ,23.83 ,23.79 ,23.7 ,23.8 ,23.75 ,23.68 ,23.77 ,23.83 ,23.79 ,23.84 ,23.81 ,23.72 ,23.69 ,23.74 ,23.79 ,23.72 ,23.73 ,23.74 ,23.73 ,23.71 ,23.71 ,23.75 ,23.7 ,23.76 ,23.72 ,23.69 ,23.69 ,23.71 ,23.73 ,23.69 ,23.8 ,23.85 ,23.77 ,23.8 ,23.8 ,23.76 ,23.7 ,23.68 ,23.69 ,23.75 ,23.65 ,23.69 ,23.64 ,23.6 ,23.67 ,23.66 ,23.59 ,23.59 ,23.57 ,23.64 ,23.61 ,23.62 ,23.71 ,23.81 ,23.75 ,23.69 ,23.72 ,23.82 ,23.79 ,23.83 ,23.75 ,23.72 ,23.71 ,23.76 ,23.76 ,23.82 ,23.78 ,23.68 ,23.69 ,23.87 ,23.9 ,23.8 ,23.79 ,23.81 ,23.81 ,23.79 ,23.69 ,23.67 ,23.66 ,23.58 ,23.58 ,23.65 ,23.74 ,23.68 ,23.72 ,23.72 ,23.7 ,23.66 ,23.58 ,23.58 ,23.6 ,23.63 ,23.66 ,23.71 ,23.58 ,23.57 ,23.6 ,23.66 ,23.67 ,23.65 ,23.6 ,23.61 ,23.66 ,23.58 ,23.57 ,23.55 ,23.61 ,23.67 ,23.63 ,23.59 ,23.62 ,23.67 ,23.5 ,23.49 ,23.5 ,23.56 ,23.59 ,23.62 ,23.65 ,23.68 ,23.63 ,23.6 ,23.51 ,23.53 ,23.65 ,23.65 ,23.7 ,23.74 ,23.71 ,23.56 ,23.6 ,23.57 ,23.45 ,23.55 ,23.61 ,23.57 ,23.55 ,23.52 ,23.6 ,23.57 ,23.61 ,23.61 ,23.61 ,23.63 ,23.61 ,23.62 ,23.59 ,23.56 ,23.66 ,23.66 ,23.57 ,23.63 ,23.61 ,23.62 ,23.67 ,23.67 ,23.67 ,23.64 ,23.6 ,23.6 ,23.6 ,23.61 ,23.63 ,23.58 ,23.57 ,23.56 ,23.59 ,23.72 ,23.6 ,23.75 ,23.83 ,23.73 ,23.84 ,23.87 ,23.84 ,23.83 ,23.88 ,23.8 ,23.76 ,23.8 ,23.81 ,23.79 ,23.83 ,23.89 ,23.75 ,23.81 ,23.86 ,23.73 ,23.73 ,23.77 ,23.72 ,23.76 ,23.83 ,23.84 ,23.8 ,23.83 ,23.78 ,23.74 ,23.75 ,23.74 ,23.77 ,23.83 ,23.78 ,23.8 ,23.8 ,23.79 ,23.82 ,23.69 ,23.63 ,23.62 ,23.58 ,23.62 ,23.76 ,23.74 ,23.73 ,23.72 ,23.78 ,23.76 ,23.77 ,23.67 ,23.7 ,23.73 ,23.67 ,23.62 ,23.64 ,23.66 ,23.63 ,23.64 ,23.72 ,23.72 ,23.67 ,23.6 ,23.66 ,23.6 ,23.73 ,23.65 ,23.65 ,23.63 ,23.65 ,23.63 ,23.62 ,23.74 ,23.69 ,23.73 ,23.75 ,23.63 ,23.61 ,23.57 ,23.53 ,23.68 ,23.59 ,23.59 ,23.65 ,23.77 ,23.75 ,23.7 ,23.78 ,23.71 ,23.68 ,23.79 ,23.81 ,23.68 ,23.68 ,23.66 ,23.71 ,23.69 ,23.75 ,23.72 ,23.71 ,23.74 ,23.82 ,23.8 ,23.69 ,23.73 ,23.63 ,23.6 ,23.51 ,23.49 ,23.67 ,23.69 ,23.64 ,23.71 ,23.66 ,23.66 ,23.69 ,23.68 ,23.49 ,23.46 ,23.51 ,23.55 ,23.5 ,23.49 ,23.53 ,23.53 ,23.56 ,23.56 ,23.59 ,23.58 ,23.47 ,23.4 ,23.54 ,23.53 ,23.48 ,23.51 ,23.63 ,23.71 ,23.72 ,23.68 ,23.71 ,23.66 ,23.73 ,23.76 ,23.7 ,23.68 ,23.63 ,23.63 ,23.69 ,23.72 ,23.63 ,23.67 ,23.72 ,23.73 ,23.75 ,23.8 ,23.77 ,23.68 ,23.71 ,23.71 ,23.79 ,23.81 ,23.73 ,23.61 ,23.74 ,23.69 ,23.76 ,23.68 ,23.63 ,23.66 ,23.78 ,23.76 ,23.77 ,23.75 ,23.65 ,23.66 ,23.73 ,23.66 ,23.73 ,23.66 ,23.69 ,23.7 ,23.63 ,23.66 ,23.69 ,23.65 ,23.71 ,23.7 ,23.69 ,23.69 ,23.72 ,23.73 ,23.7 ,23.65 ,23.66 ,23.67 ,23.63 ,23.71 ,23.71 ,23.66 ,23.62 ,23.64 ,23.68 ,23.56 ,23.56 ,23.61 ,23.56 ,23.6 ,23.55 ,23.55 ,23.44 ,23.39 ,23.45 ,23.42 ,23.41 ,23.42 ,23.43 ,23.41 ,23.42 ,23.39 ,23.36 ,23.42 ,23.53 ,23.39 ,23.39 ,23.44 ,23.41 ,23.46 ,23.38 ,23.42 ,23.4 ,23.35 ,23.29 ,23.3 ,23.22 ,23.08 ,23.18 ,23.13 ,23.13 ,23.13 ,23.17 ,23.34 ,23.38 ,23.35 ,23.35 ,23.25 ,23.29 ,23.32 ,23.31 ,23.33 ,23.37 ,23.26 ,23.16 ,23.22 ,23.29 ,23.27 ,23.39 ,23.29 ,23.25 ,23.31 ,23.27 ,23.31 ,23.21 ,23.28 ,23.29 ,23.32 ,23.35 ,23.36 ,23.21 ,23.16 ,23.22 ,23.23 ,23.06 ,23.13 ,23.19 ,23.19 ,23.12 ,23.03 ,23.03 ,23.07 ,22.99 ,23.01 ,23.01 ,22.98 ,22.93 ,22.85 ,23 ,22.99 ,22.87 ,22.89 ,22.97 ,22.92 ,22.92 ,22.84 ,22.97 ,23.04 ,22.96 ,22.94 ,22.92 ,22.91 ,22.88 ,22.93 ,22.91 ,22.93 ,22.88 ,
86,23.2 ,23.1 ,23.12 ,23.03 ,23.11 ,23.32 ,23.49 ,23.47 ,23.41 ,23.42 ,23.35 ,23.4 ,23.46 ,23.38 ,23.47 ,23.47 ,23.46 ,23.4 ,23.36 ,23.34 ,23.23 ,23.14 ,23.13 ,23.05 ,22.98 ,23.06 ,23.15 ,23.14 ,23.16 ,23.34 ,23.52 ,23.41 ,23.31 ,23.43 ,23.41 ,23.38 ,23.36 ,23.51 ,23.47 ,23.39 ,23.44 ,23.45 ,23.48 ,23.4 ,23.38 ,23.45 ,23.39 ,23.46 ,23.48 ,23.51 ,23.48 ,23.49 ,23.6 ,23.58 ,23.45 ,23.56 ,23.56 ,23.63 ,23.63 ,23.54 ,23.57 ,23.48 ,23.54 ,23.57 ,23.61 ,23.53 ,23.58 ,23.52 ,23.48 ,23.49 ,23.5 ,23.44 ,23.41 ,23.58 ,23.62 ,23.55 ,23.53 ,23.55 ,23.53 ,23.49 ,23.53 ,23.51 ,23.42 ,23.47 ,23.59 ,23.55 ,23.52 ,23.49 ,23.56 ,23.53 ,23.56 ,23.44 ,23.46 ,23.51 ,23.48 ,23.51 ,23.54 ,23.47 ,23.54 ,23.64 ,23.63 ,23.52 ,23.55 ,23.55 ,23.56 ,23.48 ,23.38 ,23.42 ,23.53 ,23.48 ,23.42 ,23.39 ,23.42 ,23.38 ,23.36 ,23.36 ,23.33 ,23.42 ,23.39 ,23.4 ,23.38 ,23.41 ,23.41 ,23.5 ,23.61 ,23.63 ,23.72 ,23.7 ,23.59 ,23.57 ,23.63 ,23.72 ,23.71 ,23.68 ,23.71 ,23.65 ,23.59 ,23.68 ,23.75 ,23.82 ,23.76 ,23.74 ,23.7 ,23.65 ,23.71 ,23.7 ,23.69 ,23.65 ,23.8 ,23.76 ,23.7 ,23.6 ,23.62 ,23.64 ,23.71 ,23.71 ,23.65 ,23.71 ,23.7 ,23.72 ,23.74 ,23.62 ,23.67 ,23.77 ,23.69 ,23.7 ,23.78 ,23.85 ,23.78 ,23.72 ,23.78 ,23.7 ,23.73 ,23.77 ,23.75 ,23.77 ,23.8 ,23.79 ,23.79 ,23.64 ,23.71 ,23.77 ,23.75 ,23.71 ,23.71 ,23.71 ,23.67 ,23.71 ,23.72 ,23.68 ,23.73 ,23.72 ,23.69 ,23.65 ,23.63 ,23.69 ,23.74 ,23.76 ,23.73 ,23.66 ,23.77 ,23.76 ,23.77 ,23.7 ,23.69 ,23.67 ,23.66 ,23.64 ,23.65 ,23.56 ,23.5 ,23.64 ,23.6 ,23.57 ,23.65 ,23.56 ,23.6 ,23.61 ,23.6 ,23.63 ,23.7 ,23.73 ,23.74 ,23.75 ,23.8 ,23.7 ,23.74 ,23.73 ,23.72 ,23.69 ,23.68 ,23.75 ,23.79 ,23.74 ,23.7 ,23.7 ,23.83 ,23.79 ,23.72 ,23.71 ,23.69 ,23.86 ,23.86 ,23.71 ,23.7 ,23.69 ,23.65 ,23.61 ,23.56 ,23.64 ,23.65 ,23.61 ,23.77 ,23.77 ,23.65 ,23.63 ,23.6 ,23.64 ,23.54 ,23.62 ,23.7 ,23.67 ,23.64 ,23.66 ,23.7 ,23.64 ,23.66 ,23.65 ,23.6 ,23.61 ,23.57 ,23.49 ,23.57 ,23.61 ,23.66 ,23.63 ,23.63 ,23.61 ,23.62 ,23.59 ,23.6 ,23.52 ,23.51 ,23.54 ,23.64 ,23.69 ,23.68 ,23.57 ,23.54 ,23.53 ,23.53 ,23.59 ,23.6 ,23.63 ,23.68 ,23.71 ,23.58 ,23.64 ,23.55 ,23.55 ,23.57 ,23.64 ,23.69 ,23.59 ,23.48 ,23.52 ,23.61 ,23.59 ,23.56 ,23.57 ,23.62 ,23.61 ,23.68 ,23.6 ,23.52 ,23.59 ,23.64 ,23.61 ,23.57 ,23.55 ,23.5 ,23.63 ,23.66 ,23.66 ,23.61 ,23.57 ,23.63 ,23.63 ,23.59 ,23.59 ,23.61 ,23.54 ,23.58 ,23.65 ,23.78 ,23.72 ,23.78 ,23.81 ,23.77 ,23.8 ,23.79 ,23.8 ,23.77 ,23.84 ,23.84 ,23.77 ,23.84 ,23.86 ,23.82 ,23.82 ,23.89 ,23.77 ,23.75 ,23.89 ,23.77 ,23.75 ,23.72 ,23.73 ,23.75 ,23.79 ,23.73 ,23.7 ,23.8 ,23.71 ,23.71 ,23.76 ,23.76 ,23.78 ,23.86 ,23.83 ,23.83 ,23.79 ,23.83 ,23.77 ,23.67 ,23.63 ,23.56 ,23.56 ,23.65 ,23.76 ,23.75 ,23.68 ,23.61 ,23.72 ,23.76 ,23.71 ,23.7 ,23.68 ,23.67 ,23.67 ,23.66 ,23.66 ,23.69 ,23.61 ,23.66 ,23.75 ,23.79 ,23.71 ,23.6 ,23.6 ,23.64 ,23.74 ,23.72 ,23.69 ,23.75 ,23.68 ,23.58 ,23.58 ,23.74 ,23.76 ,23.69 ,23.74 ,23.69 ,23.66 ,23.66 ,23.61 ,23.64 ,23.68 ,23.68 ,23.66 ,23.7 ,23.77 ,23.78 ,23.73 ,23.69 ,23.66 ,23.69 ,23.74 ,23.73 ,23.69 ,23.74 ,23.68 ,23.69 ,23.68 ,23.75 ,23.72 ,23.81 ,23.81 ,23.83 ,23.77 ,23.72 ,23.7 ,23.62 ,23.55 ,23.58 ,23.63 ,23.69 ,23.72 ,23.69 ,23.6 ,23.68 ,23.75 ,23.75 ,23.58 ,23.42 ,23.5 ,23.51 ,23.56 ,23.51 ,23.46 ,23.46 ,23.53 ,23.45 ,23.44 ,23.58 ,23.53 ,23.46 ,23.45 ,23.58 ,23.53 ,23.55 ,23.62 ,23.66 ,23.72 ,23.66 ,23.74 ,23.68 ,23.7 ,23.76 ,23.73 ,23.76 ,23.78 ,23.72 ,23.79 ,23.76 ,23.71 ,23.7 ,23.71 ,23.68 ,23.72 ,23.71 ,23.82 ,23.84 ,23.78 ,23.73 ,23.79 ,23.76 ,23.71 ,23.66 ,23.77 ,23.73 ,23.65 ,23.74 ,23.63 ,23.7 ,23.7 ,23.72 ,23.79 ,23.72 ,23.64 ,23.61 ,23.66 ,23.65 ,23.69 ,23.67 ,23.61 ,23.59 ,23.56 ,23.55 ,23.67 ,23.69 ,23.72 ,23.7 ,23.65 ,23.67 ,23.69 ,23.69 ,23.65 ,23.62 ,23.61 ,23.67 ,23.64 ,23.67 ,23.73 ,23.63 ,23.7 ,23.72 ,23.69 ,23.57 ,23.51 ,23.6 ,23.65 ,23.65 ,23.57 ,23.48 ,23.36 ,23.33 ,23.43 ,23.48 ,23.42 ,23.46 ,23.46 ,23.4 ,23.36 ,23.42 ,23.38 ,23.39 ,23.53 ,23.54 ,23.4 ,23.42 ,23.35 ,23.41 ,23.39 ,23.39 ,23.43 ,23.42 ,23.37 ,23.21 ,23.19 ,23.1 ,23.14 ,23.09 ,23.09 ,23.15 ,23.15 ,23.25 ,23.33 ,23.33 ,23.3 ,23.25 ,23.25 ,23.33 ,23.33 ,23.27 ,23.34 ,23.32 ,23.25 ,23.23 ,23.2 ,23.3 ,23.39 ,23.41 ,23.36 ,23.36 ,23.31 ,23.24 ,23.26 ,23.25 ,23.33 ,23.23 ,23.24 ,23.28 ,23.21 ,23.2 ,23.22 ,23.16 ,23.08 ,23.1 ,23.22 ,23.2 ,23.09 ,23.05 ,23.04 ,23.04 ,23.11 ,23.09 ,23.06 ,22.98 ,22.95 ,22.81 ,22.94 ,23.03 ,22.88 ,22.99 ,23.01 ,22.91 ,22.99 ,23.01 ,23 ,22.97 ,22.92 ,22.98 ,22.97 ,22.86 ,22.85 ,22.98 ,22.91 ,22.86 ,22.85 ,
87,23.18 ,23.07 ,23.09 ,23.06 ,23.16 ,23.24 ,23.39 ,23.47 ,23.42 ,23.46 ,23.45 ,23.42 ,23.42 ,23.42 ,23.42 ,23.45 ,23.35 ,23.34 ,23.25 ,23.27 ,23.27 ,23.2 ,23.13 ,23.09 ,22.99 ,22.98 ,23.09 ,23.16 ,23.19 ,23.35 ,23.44 ,23.49 ,23.4 ,23.45 ,23.4 ,23.46 ,23.47 ,23.52 ,23.45 ,23.48 ,23.46 ,23.46 ,23.5 ,23.44 ,23.42 ,23.48 ,23.44 ,23.4 ,23.52 ,23.46 ,23.4 ,23.51 ,23.57 ,23.54 ,23.51 ,23.57 ,23.55 ,23.56 ,23.51 ,23.52 ,23.52 ,23.6 ,23.53 ,23.52 ,23.52 ,23.47 ,23.54 ,23.52 ,23.52 ,23.52 ,23.42 ,23.49 ,23.5 ,23.53 ,23.57 ,23.61 ,23.55 ,23.5 ,23.5 ,23.39 ,23.44 ,23.54 ,23.53 ,23.46 ,23.46 ,23.46 ,23.46 ,23.51 ,23.53 ,23.48 ,23.52 ,23.46 ,23.46 ,23.55 ,23.52 ,23.62 ,23.58 ,23.47 ,23.52 ,23.67 ,23.63 ,23.63 ,23.54 ,23.53 ,23.53 ,23.6 ,23.49 ,23.43 ,23.52 ,23.47 ,23.39 ,23.37 ,23.39 ,23.37 ,23.31 ,23.39 ,23.35 ,23.36 ,23.42 ,23.39 ,23.44 ,23.49 ,23.49 ,23.56 ,23.68 ,23.6 ,23.68 ,23.72 ,23.69 ,23.56 ,23.63 ,23.71 ,23.68 ,23.7 ,23.63 ,23.53 ,23.66 ,23.65 ,23.69 ,23.77 ,23.68 ,23.72 ,23.72 ,23.66 ,23.81 ,23.87 ,23.63 ,23.63 ,23.76 ,23.74 ,23.72 ,23.63 ,23.58 ,23.66 ,23.69 ,23.68 ,23.64 ,23.67 ,23.8 ,23.75 ,23.75 ,23.72 ,23.64 ,23.69 ,23.77 ,23.74 ,23.8 ,23.82 ,23.77 ,23.78 ,23.84 ,23.79 ,23.69 ,23.77 ,23.81 ,23.74 ,23.73 ,23.7 ,23.68 ,23.69 ,23.75 ,23.89 ,23.77 ,23.7 ,23.72 ,23.73 ,23.62 ,23.67 ,23.8 ,23.72 ,23.75 ,23.75 ,23.74 ,23.71 ,23.69 ,23.67 ,23.71 ,23.7 ,23.7 ,23.63 ,23.66 ,23.76 ,23.79 ,23.73 ,23.77 ,23.75 ,23.64 ,23.64 ,23.6 ,23.57 ,23.48 ,23.51 ,23.52 ,23.64 ,23.66 ,23.57 ,23.59 ,23.61 ,23.62 ,23.6 ,23.62 ,23.7 ,23.75 ,23.73 ,23.8 ,23.77 ,23.69 ,23.66 ,23.71 ,23.72 ,23.7 ,23.75 ,23.79 ,23.75 ,23.68 ,23.71 ,23.77 ,23.75 ,23.68 ,23.71 ,23.74 ,23.81 ,23.87 ,23.71 ,23.71 ,23.66 ,23.58 ,23.62 ,23.65 ,23.59 ,23.63 ,23.52 ,23.68 ,23.77 ,23.69 ,23.64 ,23.66 ,23.68 ,23.56 ,23.59 ,23.65 ,23.64 ,23.66 ,23.61 ,23.61 ,23.61 ,23.58 ,23.62 ,23.63 ,23.56 ,23.56 ,23.51 ,23.55 ,23.58 ,23.65 ,23.64 ,23.64 ,23.56 ,23.58 ,23.63 ,23.63 ,23.53 ,23.51 ,23.57 ,23.56 ,23.6 ,23.68 ,23.59 ,23.54 ,23.53 ,23.52 ,23.57 ,23.56 ,23.57 ,23.69 ,23.75 ,23.61 ,23.56 ,23.62 ,23.62 ,23.65 ,23.55 ,23.69 ,23.63 ,23.5 ,23.54 ,23.61 ,23.61 ,23.51 ,23.53 ,23.63 ,23.62 ,23.55 ,23.59 ,23.56 ,23.57 ,23.66 ,23.59 ,23.56 ,23.56 ,23.49 ,23.59 ,23.59 ,23.62 ,23.64 ,23.59 ,23.61 ,23.57 ,23.56 ,23.66 ,23.58 ,23.56 ,23.57 ,23.72 ,23.78 ,23.8 ,23.84 ,23.78 ,23.82 ,23.81 ,23.77 ,23.78 ,23.79 ,23.83 ,23.87 ,23.86 ,23.85 ,23.86 ,23.82 ,23.88 ,23.86 ,23.8 ,23.86 ,23.79 ,23.8 ,23.79 ,23.72 ,23.72 ,23.77 ,23.67 ,23.63 ,23.6 ,23.7 ,23.74 ,23.72 ,23.74 ,23.71 ,23.81 ,23.89 ,23.86 ,23.84 ,23.79 ,23.79 ,23.68 ,23.67 ,23.65 ,23.6 ,23.61 ,23.62 ,23.63 ,23.67 ,23.66 ,23.7 ,23.75 ,23.69 ,23.72 ,23.7 ,23.66 ,23.67 ,23.65 ,23.64 ,23.61 ,23.68 ,23.69 ,23.66 ,23.72 ,23.77 ,23.73 ,23.74 ,23.71 ,23.7 ,23.82 ,23.76 ,23.74 ,23.76 ,23.72 ,23.67 ,23.67 ,23.81 ,23.81 ,23.78 ,23.72 ,23.72 ,23.69 ,23.65 ,23.63 ,23.61 ,23.75 ,23.82 ,23.69 ,23.69 ,23.76 ,23.8 ,23.81 ,23.65 ,23.73 ,23.68 ,23.69 ,23.73 ,23.74 ,23.78 ,23.82 ,23.81 ,23.77 ,23.74 ,23.76 ,23.86 ,23.82 ,23.79 ,23.77 ,23.8 ,23.74 ,23.71 ,23.53 ,23.53 ,23.7 ,23.75 ,23.74 ,23.73 ,23.66 ,23.72 ,23.8 ,23.71 ,23.65 ,23.51 ,23.57 ,23.54 ,23.56 ,23.53 ,23.43 ,23.45 ,23.52 ,23.49 ,23.4 ,23.46 ,23.46 ,23.52 ,23.58 ,23.52 ,23.5 ,23.56 ,23.65 ,23.73 ,23.78 ,23.71 ,23.75 ,23.67 ,23.63 ,23.73 ,23.67 ,23.75 ,23.79 ,23.81 ,23.83 ,23.78 ,23.71 ,23.69 ,23.69 ,23.68 ,23.73 ,23.79 ,23.84 ,23.81 ,23.75 ,23.77 ,23.77 ,23.71 ,23.7 ,23.71 ,23.71 ,23.71 ,23.68 ,23.72 ,23.7 ,23.69 ,23.77 ,23.72 ,23.78 ,23.75 ,23.67 ,23.69 ,23.65 ,23.69 ,23.73 ,23.66 ,23.62 ,23.55 ,23.55 ,23.64 ,23.62 ,23.7 ,23.73 ,23.66 ,23.7 ,23.57 ,23.53 ,23.63 ,23.64 ,23.6 ,23.67 ,23.67 ,23.67 ,23.73 ,23.7 ,23.67 ,23.65 ,23.7 ,23.73 ,23.6 ,23.54 ,23.62 ,23.67 ,23.61 ,23.63 ,23.59 ,23.39 ,23.34 ,23.44 ,23.53 ,23.47 ,23.48 ,23.46 ,23.45 ,23.47 ,23.5 ,23.46 ,23.42 ,23.43 ,23.46 ,23.45 ,23.44 ,23.51 ,23.46 ,23.43 ,23.42 ,23.31 ,23.37 ,23.33 ,23.21 ,23.14 ,23.1 ,23.1 ,23.06 ,23.11 ,23.24 ,23.3 ,23.3 ,23.36 ,23.32 ,23.25 ,23.2 ,23.26 ,23.27 ,23.3 ,23.25 ,23.3 ,23.28 ,23.27 ,23.25 ,23.15 ,23.31 ,23.46 ,23.34 ,23.37 ,23.28 ,23.27 ,23.24 ,23.13 ,23.2 ,23.22 ,23.28 ,23.27 ,23.24 ,23.19 ,23.17 ,23.19 ,23.2 ,23.06 ,23.14 ,23.25 ,23.14 ,23.08 ,23.02 ,23 ,22.91 ,23.03 ,23.04 ,22.97 ,22.93 ,22.86 ,22.78 ,22.92 ,22.92 ,22.84 ,22.98 ,23.08 ,23 ,22.98 ,22.98 ,22.9 ,22.89 ,23.04 ,23.03 ,22.97 ,22.83 ,22.77 ,23.01 ,22.98 ,22.86 ,22.79 ,
88,23.11 ,22.98 ,23.03 ,23.11 ,23.19 ,23.3 ,23.38 ,23.4 ,23.42 ,23.41 ,23.45 ,23.46 ,23.5 ,23.41 ,23.37 ,23.41 ,23.39 ,23.35 ,23.29 ,23.24 ,23.14 ,23.17 ,23.07 ,23 ,22.95 ,22.91 ,23.03 ,23.14 ,23.24 ,23.29 ,23.33 ,23.39 ,23.36 ,23.47 ,23.39 ,23.45 ,23.41 ,23.45 ,23.48 ,23.45 ,23.45 ,23.44 ,23.52 ,23.43 ,23.43 ,23.51 ,23.48 ,23.46 ,23.5 ,23.48 ,23.38 ,23.48 ,23.54 ,23.51 ,23.49 ,23.56 ,23.48 ,23.46 ,23.42 ,23.4 ,23.5 ,23.54 ,23.55 ,23.37 ,23.43 ,23.36 ,23.56 ,23.49 ,23.48 ,23.53 ,23.45 ,23.51 ,23.57 ,23.48 ,23.47 ,23.48 ,23.53 ,23.54 ,23.5 ,23.42 ,23.42 ,23.51 ,23.57 ,23.53 ,23.41 ,23.45 ,23.56 ,23.55 ,23.5 ,23.47 ,23.54 ,23.49 ,23.5 ,23.44 ,23.47 ,23.59 ,23.63 ,23.48 ,23.51 ,23.6 ,23.56 ,23.55 ,23.59 ,23.49 ,23.55 ,23.6 ,23.55 ,23.5 ,23.56 ,23.43 ,23.42 ,23.44 ,23.35 ,23.35 ,23.36 ,23.39 ,23.48 ,23.42 ,23.39 ,23.41 ,23.34 ,23.41 ,23.53 ,23.63 ,23.74 ,23.75 ,23.65 ,23.69 ,23.7 ,23.62 ,23.67 ,23.72 ,23.63 ,23.71 ,23.67 ,23.55 ,23.59 ,23.59 ,23.58 ,23.66 ,23.71 ,23.72 ,23.7 ,23.69 ,23.73 ,23.84 ,23.68 ,23.57 ,23.69 ,23.68 ,23.65 ,23.72 ,23.73 ,23.71 ,23.64 ,23.65 ,23.63 ,23.68 ,23.65 ,23.73 ,23.76 ,23.78 ,23.69 ,23.6 ,23.71 ,23.68 ,23.8 ,23.81 ,23.73 ,23.73 ,23.81 ,23.74 ,23.73 ,23.8 ,23.83 ,23.8 ,23.72 ,23.75 ,23.68 ,23.7 ,23.74 ,23.87 ,23.78 ,23.72 ,23.71 ,23.74 ,23.71 ,23.64 ,23.73 ,23.77 ,23.74 ,23.75 ,23.8 ,23.72 ,23.74 ,23.69 ,23.67 ,23.61 ,23.7 ,23.68 ,23.65 ,23.72 ,23.73 ,23.72 ,23.75 ,23.75 ,23.68 ,23.53 ,23.48 ,23.53 ,23.49 ,23.43 ,23.44 ,23.56 ,23.62 ,23.56 ,23.57 ,23.63 ,23.64 ,23.63 ,23.58 ,23.62 ,23.67 ,23.7 ,23.79 ,23.74 ,23.83 ,23.73 ,23.75 ,23.77 ,23.73 ,23.69 ,23.79 ,23.74 ,23.73 ,23.74 ,23.78 ,23.8 ,23.79 ,23.79 ,23.82 ,23.87 ,23.78 ,23.71 ,23.64 ,23.66 ,23.59 ,23.61 ,23.71 ,23.57 ,23.59 ,23.55 ,23.56 ,23.75 ,23.78 ,23.71 ,23.69 ,23.7 ,23.57 ,23.61 ,23.64 ,23.64 ,23.65 ,23.54 ,23.59 ,23.62 ,23.51 ,23.52 ,23.56 ,23.62 ,23.53 ,23.57 ,23.54 ,23.63 ,23.67 ,23.57 ,23.55 ,23.61 ,23.59 ,23.65 ,23.61 ,23.56 ,23.48 ,23.49 ,23.58 ,23.64 ,23.63 ,23.61 ,23.55 ,23.53 ,23.48 ,23.54 ,23.48 ,23.53 ,23.59 ,23.66 ,23.64 ,23.62 ,23.59 ,23.63 ,23.58 ,23.55 ,23.55 ,23.63 ,23.53 ,23.53 ,23.59 ,23.66 ,23.63 ,23.55 ,23.6 ,23.65 ,23.5 ,23.55 ,23.58 ,23.59 ,23.64 ,23.59 ,23.53 ,23.56 ,23.56 ,23.55 ,23.62 ,23.59 ,23.64 ,23.54 ,23.61 ,23.6 ,23.54 ,23.63 ,23.54 ,23.53 ,23.61 ,23.71 ,23.84 ,23.81 ,23.79 ,23.81 ,23.8 ,23.77 ,23.75 ,23.75 ,23.76 ,23.79 ,23.82 ,23.8 ,23.84 ,23.81 ,23.8 ,23.79 ,23.81 ,23.77 ,23.84 ,23.77 ,23.68 ,23.75 ,23.73 ,23.74 ,23.73 ,23.65 ,23.61 ,23.64 ,23.68 ,23.59 ,23.62 ,23.67 ,23.79 ,23.79 ,23.84 ,23.83 ,23.83 ,23.83 ,23.76 ,23.72 ,23.69 ,23.65 ,23.67 ,23.65 ,23.66 ,23.57 ,23.59 ,23.63 ,23.67 ,23.7 ,23.65 ,23.7 ,23.7 ,23.64 ,23.72 ,23.68 ,23.64 ,23.66 ,23.68 ,23.7 ,23.71 ,23.71 ,23.73 ,23.79 ,23.75 ,23.73 ,23.71 ,23.79 ,23.73 ,23.73 ,23.78 ,23.76 ,23.67 ,23.69 ,23.67 ,23.79 ,23.85 ,23.69 ,23.72 ,23.73 ,23.61 ,23.61 ,23.61 ,23.67 ,23.76 ,23.74 ,23.65 ,23.66 ,23.7 ,23.75 ,23.72 ,23.77 ,23.76 ,23.74 ,23.7 ,23.73 ,23.78 ,23.74 ,23.78 ,23.77 ,23.74 ,23.75 ,23.81 ,23.81 ,23.79 ,23.67 ,23.66 ,23.73 ,23.64 ,23.5 ,23.47 ,23.63 ,23.68 ,23.71 ,23.72 ,23.68 ,23.66 ,23.79 ,23.73 ,23.6 ,23.64 ,23.58 ,23.54 ,23.55 ,23.46 ,23.41 ,23.43 ,23.43 ,23.48 ,23.47 ,23.47 ,23.46 ,23.56 ,23.61 ,23.61 ,23.52 ,23.51 ,23.58 ,23.69 ,23.66 ,23.65 ,23.73 ,23.7 ,23.67 ,23.68 ,23.65 ,23.65 ,23.73 ,23.78 ,23.76 ,23.73 ,23.74 ,23.73 ,23.71 ,23.68 ,23.74 ,23.77 ,23.77 ,23.7 ,23.62 ,23.72 ,23.76 ,23.72 ,23.71 ,23.72 ,23.75 ,23.69 ,23.67 ,23.67 ,23.61 ,23.69 ,23.72 ,23.72 ,23.7 ,23.78 ,23.69 ,23.69 ,23.62 ,23.71 ,23.79 ,23.72 ,23.74 ,23.6 ,23.56 ,23.55 ,23.64 ,23.69 ,23.78 ,23.73 ,23.71 ,23.66 ,23.62 ,23.66 ,23.74 ,23.67 ,23.71 ,23.65 ,23.64 ,23.69 ,23.67 ,23.69 ,23.77 ,23.69 ,23.68 ,23.61 ,23.51 ,23.56 ,23.63 ,23.59 ,23.56 ,23.66 ,23.48 ,23.36 ,23.45 ,23.51 ,23.44 ,23.46 ,23.53 ,23.41 ,23.37 ,23.41 ,23.43 ,23.46 ,23.5 ,23.34 ,23.43 ,23.51 ,23.5 ,23.44 ,23.38 ,23.34 ,23.27 ,23.32 ,23.29 ,23.18 ,23.17 ,23.11 ,23.1 ,23.12 ,23.21 ,23.3 ,23.25 ,23.26 ,23.27 ,23.34 ,23.36 ,23.19 ,23.26 ,23.34 ,23.34 ,23.32 ,23.32 ,23.31 ,23.31 ,23.26 ,23.13 ,23.26 ,23.41 ,23.38 ,23.24 ,23.27 ,23.34 ,23.3 ,23.19 ,23.18 ,23.2 ,23.22 ,23.34 ,23.31 ,23.24 ,23.19 ,23.17 ,23.18 ,23.12 ,23.12 ,23.19 ,23.11 ,23.02 ,22.99 ,22.95 ,22.95 ,22.97 ,22.93 ,23.03 ,22.92 ,22.82 ,22.86 ,22.95 ,22.97 ,22.83 ,22.88 ,23.04 ,23.03 ,23 ,22.95 ,22.89 ,22.92 ,22.98 ,23.03 ,23.02 ,22.95 ,22.88 ,23.01 ,22.96 ,22.83 ,22.83 ,
89,23.09 ,23.04 ,23.06 ,23.14 ,23.18 ,23.24 ,23.37 ,23.32 ,23.36 ,23.44 ,23.5 ,23.48 ,23.51 ,23.46 ,23.43 ,23.38 ,23.44 ,23.47 ,23.35 ,23.27 ,23.1 ,23.06 ,23.1 ,22.98 ,23.01 ,23.09 ,23.11 ,23.09 ,23.14 ,23.29 ,23.33 ,23.33 ,23.3 ,23.37 ,23.38 ,23.33 ,23.37 ,23.38 ,23.47 ,23.5 ,23.41 ,23.46 ,23.41 ,23.45 ,23.43 ,23.47 ,23.48 ,23.48 ,23.44 ,23.45 ,23.41 ,23.47 ,23.58 ,23.57 ,23.48 ,23.58 ,23.54 ,23.47 ,23.5 ,23.52 ,23.5 ,23.43 ,23.49 ,23.42 ,23.41 ,23.41 ,23.51 ,23.53 ,23.43 ,23.45 ,23.43 ,23.42 ,23.45 ,23.55 ,23.55 ,23.56 ,23.49 ,23.55 ,23.58 ,23.54 ,23.56 ,23.53 ,23.5 ,23.61 ,23.5 ,23.47 ,23.57 ,23.61 ,23.53 ,23.46 ,23.54 ,23.54 ,23.58 ,23.58 ,23.43 ,23.62 ,23.61 ,23.53 ,23.57 ,23.53 ,23.48 ,23.51 ,23.53 ,23.48 ,23.55 ,23.57 ,23.53 ,23.48 ,23.48 ,23.44 ,23.4 ,23.41 ,23.43 ,23.36 ,23.36 ,23.36 ,23.48 ,23.41 ,23.4 ,23.43 ,23.36 ,23.49 ,23.56 ,23.66 ,23.71 ,23.79 ,23.73 ,23.74 ,23.72 ,23.68 ,23.69 ,23.74 ,23.68 ,23.73 ,23.77 ,23.58 ,23.58 ,23.6 ,23.57 ,23.61 ,23.69 ,23.69 ,23.68 ,23.69 ,23.78 ,23.8 ,23.75 ,23.64 ,23.59 ,23.57 ,23.67 ,23.74 ,23.78 ,23.69 ,23.71 ,23.64 ,23.65 ,23.61 ,23.62 ,23.63 ,23.7 ,23.73 ,23.81 ,23.72 ,23.73 ,23.67 ,23.71 ,23.79 ,23.77 ,23.81 ,23.77 ,23.65 ,23.69 ,23.78 ,23.81 ,23.76 ,23.73 ,23.76 ,23.67 ,23.66 ,23.71 ,23.8 ,23.82 ,23.79 ,23.76 ,23.73 ,23.74 ,23.73 ,23.67 ,23.67 ,23.78 ,23.81 ,23.86 ,23.76 ,23.64 ,23.7 ,23.77 ,23.75 ,23.69 ,23.7 ,23.77 ,23.75 ,23.66 ,23.62 ,23.63 ,23.64 ,23.57 ,23.45 ,23.47 ,23.54 ,23.54 ,23.39 ,23.36 ,23.37 ,23.49 ,23.53 ,23.55 ,23.6 ,23.68 ,23.6 ,23.6 ,23.54 ,23.59 ,23.71 ,23.76 ,23.7 ,23.83 ,23.82 ,23.79 ,23.88 ,23.8 ,23.77 ,23.82 ,23.82 ,23.75 ,23.67 ,23.74 ,23.75 ,23.81 ,23.76 ,23.82 ,23.79 ,23.74 ,23.63 ,23.69 ,23.69 ,23.59 ,23.63 ,23.69 ,23.66 ,23.62 ,23.61 ,23.66 ,23.68 ,23.77 ,23.77 ,23.67 ,23.65 ,23.57 ,23.58 ,23.61 ,23.55 ,23.55 ,23.5 ,23.58 ,23.65 ,23.59 ,23.61 ,23.64 ,23.65 ,23.62 ,23.57 ,23.55 ,23.55 ,23.57 ,23.5 ,23.53 ,23.64 ,23.65 ,23.59 ,23.63 ,23.59 ,23.56 ,23.57 ,23.54 ,23.62 ,23.61 ,23.62 ,23.65 ,23.58 ,23.57 ,23.58 ,23.45 ,23.53 ,23.59 ,23.73 ,23.62 ,23.63 ,23.63 ,23.58 ,23.61 ,23.56 ,23.57 ,23.63 ,23.6 ,23.55 ,23.57 ,23.64 ,23.66 ,23.61 ,23.59 ,23.63 ,23.53 ,23.56 ,23.61 ,23.56 ,23.6 ,23.55 ,23.58 ,23.58 ,23.56 ,23.54 ,23.65 ,23.65 ,23.57 ,23.59 ,23.61 ,23.56 ,23.54 ,23.53 ,23.55 ,23.58 ,23.58 ,23.64 ,23.85 ,23.79 ,23.77 ,23.87 ,23.83 ,23.74 ,23.81 ,23.87 ,23.82 ,23.84 ,23.82 ,23.77 ,23.86 ,23.78 ,23.72 ,23.79 ,23.81 ,23.79 ,23.85 ,23.78 ,23.72 ,23.67 ,23.72 ,23.68 ,23.7 ,23.62 ,23.64 ,23.71 ,23.75 ,23.55 ,23.56 ,23.53 ,23.7 ,23.79 ,23.73 ,23.83 ,23.8 ,23.75 ,23.74 ,23.76 ,23.64 ,23.63 ,23.6 ,23.68 ,23.67 ,23.65 ,23.57 ,23.59 ,23.67 ,23.69 ,23.7 ,23.66 ,23.63 ,23.75 ,23.78 ,23.72 ,23.67 ,23.74 ,23.79 ,23.75 ,23.66 ,23.66 ,23.74 ,23.76 ,23.77 ,23.8 ,23.72 ,23.74 ,23.66 ,23.73 ,23.8 ,23.75 ,23.69 ,23.71 ,23.69 ,23.66 ,23.81 ,23.71 ,23.66 ,23.76 ,23.65 ,23.66 ,23.6 ,23.58 ,23.67 ,23.73 ,23.71 ,23.68 ,23.69 ,23.72 ,23.68 ,23.75 ,23.77 ,23.71 ,23.67 ,23.7 ,23.76 ,23.75 ,23.75 ,23.72 ,23.75 ,23.75 ,23.72 ,23.77 ,23.73 ,23.69 ,23.64 ,23.64 ,23.63 ,23.49 ,23.52 ,23.64 ,23.71 ,23.66 ,23.71 ,23.74 ,23.73 ,23.75 ,23.78 ,23.68 ,23.59 ,23.61 ,23.51 ,23.56 ,23.52 ,23.44 ,23.42 ,23.39 ,23.42 ,23.44 ,23.43 ,23.47 ,23.48 ,23.52 ,23.5 ,23.49 ,23.44 ,23.56 ,23.65 ,23.63 ,23.66 ,23.63 ,23.7 ,23.74 ,23.72 ,23.69 ,23.66 ,23.75 ,23.7 ,23.73 ,23.65 ,23.84 ,23.71 ,23.72 ,23.65 ,23.67 ,23.76 ,23.78 ,23.68 ,23.75 ,23.69 ,23.75 ,23.69 ,23.75 ,23.75 ,23.81 ,23.8 ,23.68 ,23.71 ,23.65 ,23.66 ,23.75 ,23.7 ,23.77 ,23.83 ,23.7 ,23.66 ,23.61 ,23.65 ,23.75 ,23.69 ,23.76 ,23.73 ,23.61 ,23.58 ,23.64 ,23.71 ,23.75 ,23.76 ,23.66 ,23.64 ,23.65 ,23.74 ,23.74 ,23.71 ,23.64 ,23.53 ,23.62 ,23.67 ,23.62 ,23.68 ,23.76 ,23.7 ,23.61 ,23.64 ,23.59 ,23.55 ,23.6 ,23.55 ,23.57 ,23.55 ,23.51 ,23.52 ,23.49 ,23.41 ,23.44 ,23.46 ,23.58 ,23.58 ,23.38 ,23.37 ,23.34 ,23.42 ,23.53 ,23.43 ,23.45 ,23.48 ,23.49 ,23.39 ,23.38 ,23.37 ,23.28 ,23.32 ,23.25 ,23.22 ,23.18 ,23.13 ,23.14 ,23.08 ,23.16 ,23.31 ,23.36 ,23.18 ,23.14 ,23.18 ,23.29 ,23.19 ,23.2 ,23.31 ,23.39 ,23.33 ,23.2 ,23.33 ,23.29 ,23.23 ,23.26 ,23.2 ,23.32 ,23.3 ,23.35 ,23.27 ,23.29 ,23.25 ,23.16 ,23.19 ,23.22 ,23.18 ,23.25 ,23.32 ,23.25 ,23.11 ,23.09 ,23.1 ,23.1 ,23.18 ,23.21 ,23.12 ,23.11 ,22.96 ,23.1 ,23.06 ,23.06 ,22.99 ,23.01 ,22.91 ,22.87 ,22.88 ,23.02 ,23.02 ,22.96 ,22.9 ,22.96 ,22.98 ,23.04 ,22.97 ,22.91 ,22.95 ,22.99 ,22.92 ,22.97 ,22.89 ,22.87 ,22.89 ,22.95 ,22.87 ,22.87 ,
90,23.14 ,23.07 ,23.15 ,23.15 ,23.17 ,23.26 ,23.45 ,23.38 ,23.4 ,23.48 ,23.54 ,23.49 ,23.39 ,23.49 ,23.52 ,23.42 ,23.46 ,23.58 ,23.41 ,23.21 ,23.11 ,23 ,23.05 ,23.02 ,22.93 ,23.06 ,23.07 ,23.11 ,23.2 ,23.39 ,23.5 ,23.41 ,23.41 ,23.36 ,23.39 ,23.33 ,23.37 ,23.42 ,23.54 ,23.46 ,23.41 ,23.44 ,23.46 ,23.45 ,23.52 ,23.47 ,23.45 ,23.5 ,23.45 ,23.53 ,23.52 ,23.5 ,23.59 ,23.52 ,23.52 ,23.59 ,23.52 ,23.46 ,23.44 ,23.52 ,23.57 ,23.49 ,23.47 ,23.44 ,23.5 ,23.41 ,23.47 ,23.48 ,23.45 ,23.46 ,23.52 ,23.5 ,23.43 ,23.51 ,23.58 ,23.59 ,23.53 ,23.63 ,23.55 ,23.53 ,23.5 ,23.48 ,23.51 ,23.57 ,23.55 ,23.52 ,23.52 ,23.63 ,23.65 ,23.53 ,23.52 ,23.51 ,23.53 ,23.59 ,23.49 ,23.52 ,23.53 ,23.49 ,23.62 ,23.6 ,23.5 ,23.51 ,23.48 ,23.49 ,23.56 ,23.51 ,23.53 ,23.51 ,23.54 ,23.47 ,23.4 ,23.35 ,23.34 ,23.37 ,23.34 ,23.39 ,23.5 ,23.42 ,23.44 ,23.43 ,23.41 ,23.46 ,23.56 ,23.67 ,23.75 ,23.69 ,23.6 ,23.72 ,23.69 ,23.68 ,23.7 ,23.73 ,23.72 ,23.75 ,23.74 ,23.6 ,23.6 ,23.65 ,23.74 ,23.7 ,23.67 ,23.65 ,23.61 ,23.64 ,23.71 ,23.8 ,23.76 ,23.77 ,23.73 ,23.65 ,23.72 ,23.72 ,23.68 ,23.68 ,23.68 ,23.73 ,23.67 ,23.67 ,23.72 ,23.73 ,23.68 ,23.69 ,23.81 ,23.74 ,23.81 ,23.73 ,23.63 ,23.71 ,23.74 ,23.74 ,23.74 ,23.65 ,23.69 ,23.7 ,23.76 ,23.75 ,23.78 ,23.74 ,23.71 ,23.69 ,23.74 ,23.77 ,23.77 ,23.79 ,23.75 ,23.75 ,23.72 ,23.73 ,23.72 ,23.64 ,23.71 ,23.78 ,23.78 ,23.79 ,23.69 ,23.67 ,23.73 ,23.75 ,23.75 ,23.7 ,23.79 ,23.71 ,23.65 ,23.62 ,23.53 ,23.63 ,23.54 ,23.43 ,23.45 ,23.58 ,23.59 ,23.47 ,23.4 ,23.41 ,23.46 ,23.54 ,23.59 ,23.6 ,23.61 ,23.57 ,23.55 ,23.59 ,23.62 ,23.71 ,23.76 ,23.72 ,23.71 ,23.73 ,23.78 ,23.81 ,23.76 ,23.71 ,23.83 ,23.82 ,23.77 ,23.69 ,23.71 ,23.73 ,23.79 ,23.83 ,23.81 ,23.79 ,23.72 ,23.66 ,23.74 ,23.79 ,23.7 ,23.65 ,23.7 ,23.66 ,23.64 ,23.58 ,23.62 ,23.72 ,23.65 ,23.69 ,23.68 ,23.53 ,23.56 ,23.63 ,23.56 ,23.57 ,23.66 ,23.61 ,23.59 ,23.68 ,23.65 ,23.73 ,23.68 ,23.64 ,23.5 ,23.55 ,23.55 ,23.65 ,23.54 ,23.55 ,23.54 ,23.64 ,23.59 ,23.57 ,23.65 ,23.66 ,23.56 ,23.54 ,23.51 ,23.57 ,23.64 ,23.58 ,23.61 ,23.61 ,23.59 ,23.54 ,23.45 ,23.58 ,23.68 ,23.76 ,23.66 ,23.57 ,23.56 ,23.59 ,23.62 ,23.59 ,23.57 ,23.67 ,23.63 ,23.61 ,23.65 ,23.59 ,23.59 ,23.53 ,23.53 ,23.64 ,23.57 ,23.57 ,23.55 ,23.57 ,23.55 ,23.59 ,23.55 ,23.59 ,23.62 ,23.61 ,23.68 ,23.55 ,23.58 ,23.55 ,23.6 ,23.55 ,23.55 ,23.63 ,23.63 ,23.64 ,23.53 ,23.58 ,23.79 ,23.79 ,23.77 ,23.78 ,23.81 ,23.81 ,23.86 ,23.88 ,23.81 ,23.85 ,23.85 ,23.81 ,23.84 ,23.76 ,23.76 ,23.82 ,23.83 ,23.86 ,23.8 ,23.74 ,23.69 ,23.75 ,23.73 ,23.67 ,23.65 ,23.52 ,23.58 ,23.7 ,23.71 ,23.64 ,23.65 ,23.57 ,23.6 ,23.66 ,23.73 ,23.69 ,23.72 ,23.74 ,23.75 ,23.72 ,23.65 ,23.59 ,23.66 ,23.63 ,23.64 ,23.68 ,23.6 ,23.62 ,23.72 ,23.79 ,23.76 ,23.76 ,23.75 ,23.77 ,23.78 ,23.77 ,23.75 ,23.78 ,23.82 ,23.72 ,23.71 ,23.73 ,23.77 ,23.83 ,23.84 ,23.81 ,23.82 ,23.77 ,23.73 ,23.76 ,23.83 ,23.77 ,23.72 ,23.79 ,23.78 ,23.73 ,23.82 ,23.78 ,23.78 ,23.85 ,23.72 ,23.66 ,23.66 ,23.63 ,23.67 ,23.74 ,23.73 ,23.73 ,23.74 ,23.79 ,23.71 ,23.71 ,23.73 ,23.7 ,23.71 ,23.84 ,23.72 ,23.72 ,23.78 ,23.73 ,23.72 ,23.77 ,23.79 ,23.78 ,23.68 ,23.69 ,23.77 ,23.63 ,23.52 ,23.48 ,23.53 ,23.64 ,23.73 ,23.74 ,23.63 ,23.77 ,23.83 ,23.79 ,23.74 ,23.7 ,23.63 ,23.54 ,23.52 ,23.45 ,23.49 ,23.5 ,23.53 ,23.47 ,23.46 ,23.44 ,23.4 ,23.47 ,23.48 ,23.56 ,23.5 ,23.44 ,23.37 ,23.49 ,23.66 ,23.75 ,23.66 ,23.59 ,23.59 ,23.67 ,23.71 ,23.73 ,23.74 ,23.74 ,23.75 ,23.69 ,23.57 ,23.72 ,23.71 ,23.76 ,23.73 ,23.67 ,23.67 ,23.8 ,23.8 ,23.82 ,23.74 ,23.73 ,23.77 ,23.7 ,23.68 ,23.78 ,23.8 ,23.75 ,23.71 ,23.7 ,23.72 ,23.74 ,23.75 ,23.78 ,23.77 ,23.66 ,23.67 ,23.6 ,23.61 ,23.75 ,23.74 ,23.64 ,23.73 ,23.68 ,23.63 ,23.68 ,23.7 ,23.71 ,23.66 ,23.72 ,23.65 ,23.66 ,23.66 ,23.7 ,23.74 ,23.69 ,23.6 ,23.66 ,23.64 ,23.61 ,23.67 ,23.65 ,23.66 ,23.72 ,23.64 ,23.61 ,23.57 ,23.57 ,23.53 ,23.51 ,23.49 ,23.47 ,23.48 ,23.51 ,23.39 ,23.33 ,23.32 ,23.38 ,23.48 ,23.45 ,23.42 ,23.41 ,23.4 ,23.46 ,23.47 ,23.53 ,23.43 ,23.45 ,23.4 ,23.39 ,23.38 ,23.41 ,23.36 ,23.31 ,23.31 ,23.26 ,23.12 ,23.08 ,23.16 ,23.2 ,23.34 ,23.28 ,23.2 ,23.12 ,23.22 ,23.27 ,23.15 ,23.2 ,23.21 ,23.25 ,23.26 ,23.21 ,23.25 ,23.34 ,23.32 ,23.31 ,23.26 ,23.33 ,23.35 ,23.34 ,23.32 ,23.23 ,23.29 ,23.22 ,23.22 ,23.25 ,23.29 ,23.26 ,23.22 ,23.21 ,23.17 ,23.1 ,23.06 ,23.06 ,23.09 ,23.14 ,23.14 ,23.06 ,23.04 ,23.09 ,23.11 ,23.11 ,23.1 ,23.1 ,22.87 ,22.92 ,22.98 ,22.99 ,23 ,22.87 ,22.91 ,23.01 ,22.99 ,22.94 ,22.92 ,22.84 ,22.89 ,22.92 ,22.95 ,22.89 ,22.88 ,22.76 ,22.88 ,22.89 ,22.87 ,22.87 ,
91,23.08 ,23.07 ,23.08 ,23.08 ,23.17 ,23.21 ,23.42 ,23.46 ,23.49 ,23.59 ,23.48 ,23.35 ,23.41 ,23.42 ,23.41 ,23.37 ,23.36 ,23.42 ,23.4 ,23.12 ,23 ,22.96 ,23 ,22.99 ,22.96 ,23.03 ,23.05 ,23.05 ,23.24 ,23.45 ,23.58 ,23.49 ,23.4 ,23.37 ,23.33 ,23.33 ,23.33 ,23.41 ,23.54 ,23.44 ,23.36 ,23.47 ,23.49 ,23.45 ,23.44 ,23.51 ,23.51 ,23.47 ,23.47 ,23.51 ,23.52 ,23.57 ,23.64 ,23.55 ,23.47 ,23.58 ,23.54 ,23.43 ,23.46 ,23.42 ,23.4 ,23.49 ,23.51 ,23.51 ,23.58 ,23.46 ,23.47 ,23.48 ,23.52 ,23.49 ,23.45 ,23.48 ,23.46 ,23.5 ,23.56 ,23.53 ,23.52 ,23.49 ,23.54 ,23.42 ,23.48 ,23.44 ,23.53 ,23.6 ,23.52 ,23.49 ,23.6 ,23.48 ,23.55 ,23.53 ,23.45 ,23.46 ,23.49 ,23.55 ,23.44 ,23.45 ,23.47 ,23.48 ,23.55 ,23.62 ,23.53 ,23.49 ,23.46 ,23.45 ,23.52 ,23.5 ,23.53 ,23.48 ,23.45 ,23.36 ,23.41 ,23.45 ,23.41 ,23.43 ,23.37 ,23.36 ,23.45 ,23.48 ,23.48 ,23.52 ,23.54 ,23.53 ,23.6 ,23.66 ,23.66 ,23.64 ,23.61 ,23.67 ,23.68 ,23.63 ,23.62 ,23.73 ,23.73 ,23.76 ,23.68 ,23.62 ,23.69 ,23.78 ,23.78 ,23.76 ,23.66 ,23.62 ,23.58 ,23.55 ,23.63 ,23.68 ,23.71 ,23.73 ,23.79 ,23.75 ,23.74 ,23.72 ,23.66 ,23.71 ,23.63 ,23.63 ,23.61 ,23.62 ,23.76 ,23.76 ,23.73 ,23.73 ,23.79 ,23.66 ,23.65 ,23.77 ,23.7 ,23.77 ,23.65 ,23.67 ,23.74 ,23.68 ,23.71 ,23.73 ,23.77 ,23.7 ,23.78 ,23.82 ,23.75 ,23.7 ,23.71 ,23.78 ,23.74 ,23.72 ,23.77 ,23.8 ,23.8 ,23.78 ,23.76 ,23.67 ,23.65 ,23.69 ,23.7 ,23.65 ,23.76 ,23.67 ,23.7 ,23.68 ,23.69 ,23.68 ,23.71 ,23.71 ,23.66 ,23.6 ,23.56 ,23.6 ,23.61 ,23.48 ,23.47 ,23.51 ,23.56 ,23.58 ,23.51 ,23.46 ,23.39 ,23.45 ,23.58 ,23.57 ,23.53 ,23.51 ,23.52 ,23.52 ,23.52 ,23.62 ,23.72 ,23.65 ,23.71 ,23.68 ,23.66 ,23.7 ,23.66 ,23.72 ,23.78 ,23.81 ,23.8 ,23.78 ,23.79 ,23.74 ,23.77 ,23.8 ,23.8 ,23.8 ,23.74 ,23.73 ,23.73 ,23.73 ,23.65 ,23.61 ,23.66 ,23.62 ,23.68 ,23.67 ,23.68 ,23.75 ,23.67 ,23.67 ,23.68 ,23.59 ,23.56 ,23.63 ,23.62 ,23.58 ,23.68 ,23.72 ,23.64 ,23.65 ,23.69 ,23.72 ,23.7 ,23.58 ,23.55 ,23.58 ,23.68 ,23.66 ,23.6 ,23.57 ,23.62 ,23.65 ,23.62 ,23.65 ,23.66 ,23.67 ,23.57 ,23.54 ,23.53 ,23.62 ,23.68 ,23.58 ,23.5 ,23.55 ,23.53 ,23.52 ,23.48 ,23.52 ,23.65 ,23.67 ,23.59 ,23.61 ,23.54 ,23.54 ,23.56 ,23.65 ,23.55 ,23.66 ,23.69 ,23.64 ,23.57 ,23.55 ,23.59 ,23.52 ,23.59 ,23.66 ,23.66 ,23.6 ,23.55 ,23.5 ,23.54 ,23.59 ,23.5 ,23.56 ,23.61 ,23.64 ,23.64 ,23.64 ,23.57 ,23.58 ,23.53 ,23.51 ,23.53 ,23.66 ,23.6 ,23.58 ,23.57 ,23.69 ,23.9 ,23.82 ,23.79 ,23.8 ,23.84 ,23.84 ,23.87 ,23.85 ,23.77 ,23.8 ,23.87 ,23.81 ,23.87 ,23.84 ,23.79 ,23.81 ,23.78 ,23.84 ,23.83 ,23.73 ,23.67 ,23.68 ,23.67 ,23.54 ,23.54 ,23.5 ,23.49 ,23.56 ,23.64 ,23.69 ,23.72 ,23.64 ,23.61 ,23.65 ,23.71 ,23.75 ,23.7 ,23.77 ,23.77 ,23.74 ,23.67 ,23.64 ,23.68 ,23.64 ,23.62 ,23.8 ,23.78 ,23.71 ,23.68 ,23.82 ,23.8 ,23.83 ,23.85 ,23.77 ,23.82 ,23.77 ,23.82 ,23.82 ,23.79 ,23.72 ,23.73 ,23.8 ,23.8 ,23.82 ,23.73 ,23.73 ,23.85 ,23.77 ,23.79 ,23.82 ,23.78 ,23.81 ,23.76 ,23.77 ,23.85 ,23.86 ,23.85 ,23.76 ,23.8 ,23.84 ,23.8 ,23.68 ,23.69 ,23.7 ,23.68 ,23.76 ,23.87 ,23.78 ,23.71 ,23.76 ,23.72 ,23.71 ,23.71 ,23.7 ,23.73 ,23.78 ,23.73 ,23.65 ,23.75 ,23.71 ,23.72 ,23.71 ,23.81 ,23.73 ,23.7 ,23.67 ,23.72 ,23.65 ,23.57 ,23.5 ,23.57 ,23.71 ,23.71 ,23.74 ,23.66 ,23.78 ,23.82 ,23.78 ,23.74 ,23.68 ,23.6 ,23.63 ,23.51 ,23.53 ,23.47 ,23.54 ,23.51 ,23.5 ,23.4 ,23.45 ,23.41 ,23.43 ,23.46 ,23.48 ,23.47 ,23.49 ,23.41 ,23.55 ,23.62 ,23.66 ,23.64 ,23.6 ,23.53 ,23.7 ,23.7 ,23.72 ,23.8 ,23.74 ,23.74 ,23.8 ,23.59 ,23.71 ,23.68 ,23.76 ,23.73 ,23.73 ,23.76 ,23.71 ,23.73 ,23.82 ,23.71 ,23.69 ,23.77 ,23.75 ,23.76 ,23.72 ,23.78 ,23.74 ,23.73 ,23.72 ,23.72 ,23.68 ,23.7 ,23.76 ,23.72 ,23.65 ,23.63 ,23.68 ,23.64 ,23.77 ,23.78 ,23.66 ,23.55 ,23.58 ,23.72 ,23.65 ,23.6 ,23.57 ,23.65 ,23.69 ,23.69 ,23.67 ,23.71 ,23.55 ,23.65 ,23.69 ,23.62 ,23.66 ,23.72 ,23.63 ,23.65 ,23.62 ,23.59 ,23.7 ,23.66 ,23.52 ,23.53 ,23.62 ,23.53 ,23.5 ,23.57 ,23.58 ,23.48 ,23.49 ,23.38 ,23.33 ,23.29 ,23.38 ,23.43 ,23.4 ,23.44 ,23.41 ,23.37 ,23.35 ,23.41 ,23.6 ,23.47 ,23.43 ,23.37 ,23.28 ,23.37 ,23.32 ,23.28 ,23.3 ,23.25 ,23.14 ,23.1 ,23.18 ,23.25 ,23.28 ,23.32 ,23.31 ,23.17 ,23.19 ,23.23 ,23.33 ,23.26 ,23.26 ,23.32 ,23.29 ,23.26 ,23.21 ,23.24 ,23.38 ,23.4 ,23.33 ,23.31 ,23.34 ,23.35 ,23.36 ,23.32 ,23.29 ,23.28 ,23.19 ,23.2 ,23.2 ,23.32 ,23.3 ,23.27 ,23.22 ,23.17 ,23.22 ,23.05 ,22.94 ,23.11 ,23.2 ,23.11 ,23.02 ,22.98 ,23.09 ,23.12 ,23.15 ,23.14 ,23.12 ,22.96 ,22.92 ,22.94 ,22.96 ,22.99 ,22.89 ,22.88 ,23 ,22.96 ,22.94 ,22.85 ,22.83 ,22.86 ,22.88 ,22.88 ,22.79 ,22.83 ,22.83 ,22.88 ,22.94 ,22.92 ,22.89 ,
92,23.08 ,22.97 ,23.06 ,23.09 ,23.23 ,23.32 ,23.4 ,23.48 ,23.41 ,23.42 ,23.46 ,23.42 ,23.48 ,23.53 ,23.38 ,23.36 ,23.35 ,23.33 ,23.27 ,23.11 ,22.92 ,22.95 ,23.02 ,23.02 ,22.98 ,23.06 ,23.12 ,23.1 ,23.23 ,23.41 ,23.44 ,23.36 ,23.31 ,23.42 ,23.38 ,23.33 ,23.27 ,23.38 ,23.48 ,23.37 ,23.34 ,23.39 ,23.44 ,23.44 ,23.42 ,23.46 ,23.5 ,23.56 ,23.55 ,23.55 ,23.57 ,23.55 ,23.63 ,23.66 ,23.55 ,23.56 ,23.52 ,23.49 ,23.56 ,23.55 ,23.46 ,23.48 ,23.5 ,23.51 ,23.54 ,23.41 ,23.49 ,23.48 ,23.52 ,23.48 ,23.43 ,23.39 ,23.56 ,23.53 ,23.52 ,23.55 ,23.57 ,23.49 ,23.52 ,23.46 ,23.5 ,23.46 ,23.46 ,23.57 ,23.61 ,23.52 ,23.55 ,23.54 ,23.48 ,23.46 ,23.47 ,23.5 ,23.52 ,23.51 ,23.52 ,23.51 ,23.53 ,23.56 ,23.6 ,23.58 ,23.47 ,23.42 ,23.53 ,23.49 ,23.53 ,23.5 ,23.5 ,23.46 ,23.39 ,23.28 ,23.36 ,23.48 ,23.43 ,23.44 ,23.41 ,23.36 ,23.47 ,23.45 ,23.49 ,23.62 ,23.63 ,23.66 ,23.7 ,23.72 ,23.72 ,23.72 ,23.69 ,23.66 ,23.66 ,23.68 ,23.67 ,23.67 ,23.67 ,23.76 ,23.72 ,23.66 ,23.68 ,23.81 ,23.8 ,23.74 ,23.73 ,23.7 ,23.74 ,23.6 ,23.63 ,23.75 ,23.73 ,23.78 ,23.75 ,23.74 ,23.84 ,23.76 ,23.69 ,23.7 ,23.7 ,23.66 ,23.63 ,23.62 ,23.73 ,23.75 ,23.75 ,23.78 ,23.75 ,23.68 ,23.65 ,23.77 ,23.83 ,23.8 ,23.7 ,23.71 ,23.69 ,23.67 ,23.67 ,23.81 ,23.88 ,23.76 ,23.79 ,23.83 ,23.82 ,23.81 ,23.74 ,23.74 ,23.75 ,23.76 ,23.8 ,23.84 ,23.82 ,23.75 ,23.72 ,23.67 ,23.69 ,23.69 ,23.7 ,23.68 ,23.75 ,23.76 ,23.72 ,23.72 ,23.7 ,23.61 ,23.55 ,23.58 ,23.62 ,23.6 ,23.55 ,23.55 ,23.57 ,23.54 ,23.5 ,23.58 ,23.57 ,23.57 ,23.56 ,23.49 ,23.45 ,23.43 ,23.48 ,23.57 ,23.58 ,23.54 ,23.54 ,23.57 ,23.55 ,23.54 ,23.62 ,23.63 ,23.76 ,23.69 ,23.61 ,23.68 ,23.68 ,23.7 ,23.82 ,23.78 ,23.74 ,23.77 ,23.82 ,23.8 ,23.76 ,23.76 ,23.83 ,23.85 ,23.83 ,23.8 ,23.86 ,23.81 ,23.75 ,23.61 ,23.57 ,23.58 ,23.66 ,23.7 ,23.69 ,23.72 ,23.66 ,23.62 ,23.64 ,23.61 ,23.53 ,23.55 ,23.66 ,23.59 ,23.65 ,23.77 ,23.76 ,23.7 ,23.73 ,23.71 ,23.64 ,23.56 ,23.62 ,23.58 ,23.63 ,23.57 ,23.59 ,23.61 ,23.58 ,23.66 ,23.67 ,23.64 ,23.61 ,23.57 ,23.58 ,23.57 ,23.53 ,23.52 ,23.61 ,23.6 ,23.58 ,23.58 ,23.51 ,23.51 ,23.57 ,23.52 ,23.53 ,23.62 ,23.56 ,23.59 ,23.58 ,23.5 ,23.58 ,23.64 ,23.62 ,23.64 ,23.65 ,23.61 ,23.64 ,23.58 ,23.59 ,23.55 ,23.58 ,23.73 ,23.65 ,23.64 ,23.58 ,23.56 ,23.56 ,23.6 ,23.52 ,23.6 ,23.62 ,23.61 ,23.62 ,23.64 ,23.68 ,23.67 ,23.63 ,23.56 ,23.51 ,23.6 ,23.58 ,23.56 ,23.66 ,23.81 ,23.95 ,23.89 ,23.84 ,23.84 ,23.86 ,23.81 ,23.85 ,23.85 ,23.8 ,23.85 ,23.84 ,23.79 ,23.85 ,23.84 ,23.8 ,23.83 ,23.87 ,23.87 ,23.81 ,23.77 ,23.59 ,23.59 ,23.63 ,23.62 ,23.58 ,23.57 ,23.6 ,23.55 ,23.59 ,23.6 ,23.67 ,23.69 ,23.67 ,23.69 ,23.65 ,23.71 ,23.72 ,23.76 ,23.75 ,23.69 ,23.71 ,23.73 ,23.71 ,23.67 ,23.7 ,23.86 ,23.8 ,23.81 ,23.79 ,23.87 ,23.91 ,23.81 ,23.79 ,23.79 ,23.83 ,23.78 ,23.73 ,23.77 ,23.74 ,23.77 ,23.76 ,23.76 ,23.79 ,23.8 ,23.73 ,23.73 ,23.78 ,23.86 ,23.8 ,23.81 ,23.79 ,23.74 ,23.78 ,23.74 ,23.83 ,23.77 ,23.8 ,23.74 ,23.78 ,23.8 ,23.83 ,23.79 ,23.78 ,23.74 ,23.77 ,23.79 ,23.84 ,23.81 ,23.71 ,23.78 ,23.74 ,23.72 ,23.75 ,23.75 ,23.76 ,23.75 ,23.77 ,23.72 ,23.74 ,23.69 ,23.77 ,23.78 ,23.76 ,23.76 ,23.72 ,23.75 ,23.75 ,23.73 ,23.61 ,23.54 ,23.66 ,23.69 ,23.71 ,23.75 ,23.71 ,23.73 ,23.73 ,23.74 ,23.73 ,23.71 ,23.72 ,23.73 ,23.62 ,23.53 ,23.42 ,23.44 ,23.49 ,23.48 ,23.38 ,23.39 ,23.42 ,23.36 ,23.34 ,23.49 ,23.46 ,23.47 ,23.41 ,23.49 ,23.59 ,23.69 ,23.65 ,23.67 ,23.62 ,23.74 ,23.68 ,23.71 ,23.81 ,23.73 ,23.72 ,23.8 ,23.75 ,23.74 ,23.77 ,23.72 ,23.76 ,23.76 ,23.8 ,23.75 ,23.7 ,23.74 ,23.73 ,23.76 ,23.77 ,23.74 ,23.69 ,23.71 ,23.72 ,23.7 ,23.7 ,23.64 ,23.67 ,23.7 ,23.72 ,23.77 ,23.72 ,23.74 ,23.66 ,23.65 ,23.68 ,23.8 ,23.72 ,23.68 ,23.58 ,23.55 ,23.7 ,23.71 ,23.54 ,23.59 ,23.73 ,23.72 ,23.74 ,23.72 ,23.62 ,23.53 ,23.61 ,23.65 ,23.56 ,23.68 ,23.7 ,23.7 ,23.62 ,23.67 ,23.63 ,23.66 ,23.55 ,23.57 ,23.54 ,23.63 ,23.65 ,23.56 ,23.57 ,23.63 ,23.49 ,23.44 ,23.41 ,23.4 ,23.39 ,23.38 ,23.46 ,23.4 ,23.43 ,23.44 ,23.41 ,23.48 ,23.43 ,23.5 ,23.52 ,23.52 ,23.42 ,23.32 ,23.45 ,23.38 ,23.32 ,23.32 ,23.21 ,23.11 ,23.14 ,23.2 ,23.16 ,23.22 ,23.27 ,23.33 ,23.14 ,23.14 ,23.26 ,23.38 ,23.31 ,23.31 ,23.35 ,23.35 ,23.26 ,23.24 ,23.24 ,23.3 ,23.36 ,23.36 ,23.29 ,23.28 ,23.31 ,23.31 ,23.23 ,23.2 ,23.26 ,23.21 ,23.26 ,23.31 ,23.35 ,23.34 ,23.34 ,23.29 ,23.23 ,23.21 ,23.12 ,22.91 ,23.05 ,23.11 ,23.05 ,23.04 ,23 ,23.13 ,23.14 ,23.1 ,23.06 ,23.13 ,22.97 ,22.95 ,22.93 ,22.97 ,23 ,22.88 ,22.85 ,22.96 ,22.86 ,22.89 ,22.89 ,22.86 ,22.98 ,23 ,22.96 ,22.84 ,22.79 ,22.81 ,22.89 ,22.93 ,22.94 ,22.96 ,
93,23.09 ,23.06 ,23.11 ,23.22 ,23.37 ,23.46 ,23.54 ,23.46 ,23.39 ,23.39 ,23.42 ,23.51 ,23.49 ,23.47 ,23.39 ,23.35 ,23.34 ,23.3 ,23.17 ,23.07 ,22.98 ,22.94 ,23.02 ,23 ,22.92 ,23.03 ,23.18 ,23.21 ,23.27 ,23.37 ,23.4 ,23.42 ,23.4 ,23.46 ,23.48 ,23.43 ,23.28 ,23.34 ,23.42 ,23.37 ,23.44 ,23.41 ,23.42 ,23.45 ,23.49 ,23.53 ,23.46 ,23.54 ,23.55 ,23.56 ,23.55 ,23.58 ,23.48 ,23.53 ,23.49 ,23.5 ,23.52 ,23.49 ,23.51 ,23.57 ,23.59 ,23.57 ,23.52 ,23.46 ,23.45 ,23.4 ,23.44 ,23.52 ,23.46 ,23.39 ,23.45 ,23.43 ,23.54 ,23.58 ,23.47 ,23.58 ,23.57 ,23.53 ,23.53 ,23.39 ,23.46 ,23.49 ,23.42 ,23.5 ,23.63 ,23.65 ,23.57 ,23.62 ,23.55 ,23.45 ,23.5 ,23.52 ,23.49 ,23.57 ,23.58 ,23.64 ,23.61 ,23.54 ,23.59 ,23.61 ,23.45 ,23.43 ,23.57 ,23.57 ,23.58 ,23.48 ,23.45 ,23.45 ,23.4 ,23.28 ,23.37 ,23.47 ,23.43 ,23.49 ,23.43 ,23.42 ,23.42 ,23.38 ,23.37 ,23.56 ,23.68 ,23.7 ,23.67 ,23.7 ,23.69 ,23.69 ,23.68 ,23.65 ,23.72 ,23.67 ,23.59 ,23.57 ,23.63 ,23.71 ,23.74 ,23.73 ,23.65 ,23.73 ,23.76 ,23.73 ,23.72 ,23.73 ,23.76 ,23.7 ,23.69 ,23.76 ,23.77 ,23.76 ,23.75 ,23.76 ,23.84 ,23.77 ,23.67 ,23.71 ,23.67 ,23.74 ,23.69 ,23.7 ,23.66 ,23.64 ,23.67 ,23.77 ,23.76 ,23.72 ,23.72 ,23.73 ,23.79 ,23.86 ,23.8 ,23.73 ,23.75 ,23.63 ,23.61 ,23.79 ,23.9 ,23.72 ,23.73 ,23.72 ,23.81 ,23.8 ,23.76 ,23.71 ,23.73 ,23.77 ,23.71 ,23.77 ,23.8 ,23.76 ,23.69 ,23.65 ,23.69 ,23.7 ,23.69 ,23.71 ,23.77 ,23.75 ,23.77 ,23.73 ,23.72 ,23.62 ,23.52 ,23.48 ,23.5 ,23.52 ,23.51 ,23.52 ,23.48 ,23.5 ,23.42 ,23.5 ,23.57 ,23.53 ,23.56 ,23.46 ,23.44 ,23.46 ,23.55 ,23.56 ,23.55 ,23.52 ,23.48 ,23.57 ,23.62 ,23.62 ,23.54 ,23.63 ,23.8 ,23.86 ,23.75 ,23.74 ,23.74 ,23.78 ,23.78 ,23.67 ,23.59 ,23.73 ,23.81 ,23.8 ,23.75 ,23.8 ,23.84 ,23.88 ,23.89 ,23.82 ,23.89 ,23.8 ,23.77 ,23.69 ,23.56 ,23.52 ,23.67 ,23.68 ,23.72 ,23.79 ,23.72 ,23.65 ,23.66 ,23.6 ,23.57 ,23.58 ,23.69 ,23.6 ,23.65 ,23.68 ,23.63 ,23.59 ,23.59 ,23.66 ,23.7 ,23.66 ,23.62 ,23.63 ,23.56 ,23.63 ,23.71 ,23.7 ,23.6 ,23.62 ,23.67 ,23.67 ,23.65 ,23.56 ,23.53 ,23.57 ,23.61 ,23.52 ,23.63 ,23.53 ,23.58 ,23.61 ,23.53 ,23.47 ,23.53 ,23.56 ,23.58 ,23.63 ,23.58 ,23.59 ,23.7 ,23.65 ,23.69 ,23.71 ,23.64 ,23.67 ,23.66 ,23.67 ,23.6 ,23.56 ,23.57 ,23.48 ,23.53 ,23.65 ,23.64 ,23.61 ,23.62 ,23.62 ,23.61 ,23.57 ,23.59 ,23.59 ,23.67 ,23.59 ,23.63 ,23.65 ,23.6 ,23.6 ,23.64 ,23.56 ,23.58 ,23.55 ,23.58 ,23.54 ,23.63 ,23.78 ,23.9 ,23.81 ,23.87 ,23.91 ,23.86 ,23.8 ,23.75 ,23.76 ,23.82 ,23.84 ,23.86 ,23.77 ,23.82 ,23.78 ,23.79 ,23.8 ,23.83 ,23.89 ,23.82 ,23.72 ,23.59 ,23.51 ,23.61 ,23.73 ,23.57 ,23.54 ,23.59 ,23.59 ,23.54 ,23.52 ,23.63 ,23.65 ,23.62 ,23.6 ,23.62 ,23.58 ,23.6 ,23.8 ,23.77 ,23.69 ,23.65 ,23.66 ,23.65 ,23.71 ,23.71 ,23.77 ,23.74 ,23.72 ,23.73 ,23.88 ,23.84 ,23.79 ,23.79 ,23.76 ,23.81 ,23.78 ,23.74 ,23.77 ,23.73 ,23.75 ,23.81 ,23.75 ,23.75 ,23.81 ,23.78 ,23.76 ,23.79 ,23.8 ,23.81 ,23.79 ,23.8 ,23.8 ,23.84 ,23.8 ,23.86 ,23.8 ,23.79 ,23.75 ,23.79 ,23.83 ,23.8 ,23.76 ,23.76 ,23.75 ,23.82 ,23.88 ,23.79 ,23.72 ,23.71 ,23.76 ,23.75 ,23.76 ,23.78 ,23.68 ,23.73 ,23.75 ,23.72 ,23.71 ,23.83 ,23.88 ,23.79 ,23.77 ,23.72 ,23.8 ,23.74 ,23.74 ,23.74 ,23.71 ,23.67 ,23.6 ,23.63 ,23.68 ,23.64 ,23.68 ,23.75 ,23.74 ,23.7 ,23.67 ,23.8 ,23.69 ,23.7 ,23.73 ,23.63 ,23.47 ,23.44 ,23.45 ,23.41 ,23.44 ,23.52 ,23.46 ,23.45 ,23.43 ,23.41 ,23.54 ,23.58 ,23.49 ,23.48 ,23.5 ,23.51 ,23.6 ,23.68 ,23.7 ,23.72 ,23.69 ,23.68 ,23.67 ,23.69 ,23.54 ,23.6 ,23.68 ,23.72 ,23.76 ,23.78 ,23.77 ,23.69 ,23.8 ,23.84 ,23.67 ,23.69 ,23.73 ,23.75 ,23.73 ,23.75 ,23.73 ,23.68 ,23.64 ,23.63 ,23.71 ,23.71 ,23.66 ,23.73 ,23.75 ,23.79 ,23.81 ,23.76 ,23.73 ,23.7 ,23.68 ,23.71 ,23.77 ,23.67 ,23.63 ,23.66 ,23.57 ,23.63 ,23.7 ,23.57 ,23.58 ,23.7 ,23.79 ,23.72 ,23.71 ,23.68 ,23.69 ,23.63 ,23.7 ,23.62 ,23.66 ,23.66 ,23.65 ,23.64 ,23.62 ,23.68 ,23.66 ,23.57 ,23.59 ,23.57 ,23.59 ,23.64 ,23.59 ,23.57 ,23.63 ,23.57 ,23.47 ,23.45 ,23.42 ,23.35 ,23.35 ,23.38 ,23.36 ,23.41 ,23.43 ,23.39 ,23.45 ,23.44 ,23.48 ,23.52 ,23.57 ,23.5 ,23.42 ,23.46 ,23.41 ,23.42 ,23.31 ,23.2 ,23.14 ,23.25 ,23.28 ,23.16 ,23.16 ,23.28 ,23.32 ,23.14 ,23.09 ,23.26 ,23.37 ,23.27 ,23.28 ,23.27 ,23.37 ,23.33 ,23.31 ,23.26 ,23.22 ,23.38 ,23.36 ,23.27 ,23.32 ,23.21 ,23.23 ,23.32 ,23.24 ,23.27 ,23.18 ,23.22 ,23.37 ,23.43 ,23.35 ,23.37 ,23.24 ,23.13 ,23.2 ,23.1 ,22.96 ,23.11 ,23.12 ,23.1 ,23.15 ,23.06 ,23.08 ,23.04 ,23 ,22.99 ,23.02 ,22.93 ,22.85 ,22.91 ,22.97 ,23.03 ,22.98 ,22.87 ,22.99 ,22.85 ,22.85 ,22.85 ,22.91 ,22.94 ,23.09 ,22.99 ,22.94 ,22.95 ,22.86 ,22.89 ,22.94 ,22.94 ,22.87 ,
94,23.12 ,23.11 ,23.15 ,23.3 ,23.44 ,23.42 ,23.46 ,23.45 ,23.43 ,23.43 ,23.45 ,23.51 ,23.41 ,23.37 ,23.35 ,23.33 ,23.31 ,23.2 ,23.09 ,23.09 ,22.92 ,22.97 ,23.06 ,22.95 ,22.93 ,23.03 ,23.16 ,23.26 ,23.32 ,23.4 ,23.44 ,23.34 ,23.46 ,23.45 ,23.39 ,23.46 ,23.44 ,23.41 ,23.49 ,23.43 ,23.51 ,23.51 ,23.47 ,23.46 ,23.49 ,23.6 ,23.54 ,23.54 ,23.54 ,23.56 ,23.58 ,23.58 ,23.52 ,23.47 ,23.47 ,23.55 ,23.51 ,23.45 ,23.46 ,23.39 ,23.44 ,23.54 ,23.52 ,23.5 ,23.44 ,23.47 ,23.49 ,23.54 ,23.47 ,23.4 ,23.48 ,23.49 ,23.55 ,23.58 ,23.52 ,23.51 ,23.55 ,23.57 ,23.54 ,23.45 ,23.48 ,23.46 ,23.49 ,23.49 ,23.55 ,23.63 ,23.6 ,23.58 ,23.53 ,23.43 ,23.51 ,23.54 ,23.44 ,23.56 ,23.59 ,23.64 ,23.6 ,23.53 ,23.57 ,23.59 ,23.56 ,23.53 ,23.59 ,23.58 ,23.55 ,23.49 ,23.47 ,23.42 ,23.42 ,23.35 ,23.38 ,23.43 ,23.4 ,23.43 ,23.39 ,23.42 ,23.42 ,23.42 ,23.43 ,23.57 ,23.6 ,23.59 ,23.59 ,23.67 ,23.61 ,23.6 ,23.61 ,23.69 ,23.68 ,23.7 ,23.64 ,23.75 ,23.73 ,23.69 ,23.74 ,23.75 ,23.7 ,23.74 ,23.7 ,23.75 ,23.66 ,23.63 ,23.72 ,23.71 ,23.77 ,23.79 ,23.69 ,23.63 ,23.7 ,23.76 ,23.74 ,23.75 ,23.67 ,23.67 ,23.74 ,23.77 ,23.83 ,23.74 ,23.75 ,23.74 ,23.73 ,23.77 ,23.67 ,23.72 ,23.73 ,23.72 ,23.74 ,23.78 ,23.76 ,23.73 ,23.71 ,23.65 ,23.64 ,23.72 ,23.76 ,23.7 ,23.73 ,23.69 ,23.74 ,23.74 ,23.7 ,23.76 ,23.83 ,23.76 ,23.71 ,23.74 ,23.77 ,23.76 ,23.75 ,23.72 ,23.76 ,23.68 ,23.66 ,23.7 ,23.7 ,23.73 ,23.75 ,23.76 ,23.69 ,23.61 ,23.58 ,23.46 ,23.55 ,23.52 ,23.5 ,23.52 ,23.53 ,23.47 ,23.41 ,23.47 ,23.53 ,23.55 ,23.55 ,23.49 ,23.43 ,23.4 ,23.52 ,23.63 ,23.52 ,23.55 ,23.52 ,23.49 ,23.57 ,23.59 ,23.52 ,23.52 ,23.67 ,23.66 ,23.77 ,23.74 ,23.69 ,23.72 ,23.77 ,23.73 ,23.6 ,23.72 ,23.88 ,23.73 ,23.68 ,23.75 ,23.79 ,23.83 ,23.85 ,23.8 ,23.87 ,23.8 ,23.75 ,23.65 ,23.67 ,23.66 ,23.68 ,23.69 ,23.69 ,23.72 ,23.75 ,23.69 ,23.65 ,23.65 ,23.58 ,23.64 ,23.63 ,23.63 ,23.62 ,23.59 ,23.58 ,23.67 ,23.65 ,23.67 ,23.74 ,23.68 ,23.63 ,23.68 ,23.74 ,23.78 ,23.78 ,23.67 ,23.57 ,23.72 ,23.68 ,23.66 ,23.64 ,23.58 ,23.55 ,23.57 ,23.67 ,23.64 ,23.71 ,23.65 ,23.56 ,23.61 ,23.57 ,23.57 ,23.58 ,23.61 ,23.67 ,23.64 ,23.56 ,23.59 ,23.69 ,23.67 ,23.69 ,23.75 ,23.61 ,23.59 ,23.62 ,23.71 ,23.6 ,23.59 ,23.64 ,23.63 ,23.58 ,23.6 ,23.57 ,23.64 ,23.62 ,23.61 ,23.61 ,23.66 ,23.58 ,23.63 ,23.65 ,23.66 ,23.68 ,23.65 ,23.62 ,23.62 ,23.65 ,23.59 ,23.61 ,23.63 ,23.61 ,23.63 ,23.67 ,23.77 ,23.8 ,23.78 ,23.87 ,23.88 ,23.88 ,23.86 ,23.78 ,23.81 ,23.85 ,23.93 ,23.9 ,23.76 ,23.86 ,23.85 ,23.79 ,23.76 ,23.72 ,23.73 ,23.75 ,23.63 ,23.57 ,23.56 ,23.6 ,23.71 ,23.57 ,23.55 ,23.56 ,23.58 ,23.67 ,23.53 ,23.62 ,23.62 ,23.58 ,23.65 ,23.62 ,23.58 ,23.59 ,23.65 ,23.68 ,23.74 ,23.7 ,23.68 ,23.71 ,23.82 ,23.8 ,23.75 ,23.8 ,23.71 ,23.72 ,23.84 ,23.77 ,23.78 ,23.81 ,23.78 ,23.78 ,23.82 ,23.8 ,23.79 ,23.73 ,23.74 ,23.85 ,23.81 ,23.73 ,23.78 ,23.82 ,23.8 ,23.81 ,23.8 ,23.75 ,23.8 ,23.77 ,23.82 ,23.81 ,23.76 ,23.84 ,23.83 ,23.83 ,23.72 ,23.71 ,23.79 ,23.75 ,23.72 ,23.7 ,23.75 ,23.73 ,23.8 ,23.78 ,23.72 ,23.65 ,23.7 ,23.7 ,23.73 ,23.81 ,23.71 ,23.63 ,23.68 ,23.66 ,23.7 ,23.85 ,23.9 ,23.84 ,23.76 ,23.74 ,23.83 ,23.75 ,23.73 ,23.74 ,23.73 ,23.67 ,23.68 ,23.6 ,23.76 ,23.69 ,23.66 ,23.71 ,23.8 ,23.77 ,23.73 ,23.79 ,23.74 ,23.71 ,23.75 ,23.63 ,23.54 ,23.48 ,23.49 ,23.44 ,23.37 ,23.44 ,23.5 ,23.55 ,23.47 ,23.54 ,23.53 ,23.51 ,23.5 ,23.49 ,23.55 ,23.47 ,23.59 ,23.66 ,23.71 ,23.71 ,23.73 ,23.66 ,23.57 ,23.65 ,23.58 ,23.62 ,23.71 ,23.62 ,23.74 ,23.71 ,23.67 ,23.69 ,23.8 ,23.82 ,23.78 ,23.75 ,23.72 ,23.79 ,23.7 ,23.7 ,23.75 ,23.65 ,23.63 ,23.59 ,23.66 ,23.72 ,23.71 ,23.78 ,23.81 ,23.8 ,23.77 ,23.72 ,23.68 ,23.71 ,23.75 ,23.66 ,23.74 ,23.77 ,23.6 ,23.68 ,23.65 ,23.65 ,23.68 ,23.59 ,23.66 ,23.72 ,23.71 ,23.74 ,23.7 ,23.68 ,23.7 ,23.62 ,23.7 ,23.68 ,23.66 ,23.65 ,23.68 ,23.68 ,23.57 ,23.62 ,23.7 ,23.61 ,23.53 ,23.54 ,23.6 ,23.65 ,23.57 ,23.56 ,23.5 ,23.53 ,23.47 ,23.41 ,23.42 ,23.35 ,23.34 ,23.41 ,23.34 ,23.41 ,23.39 ,23.43 ,23.43 ,23.4 ,23.48 ,23.49 ,23.5 ,23.43 ,23.31 ,23.32 ,23.27 ,23.4 ,23.27 ,23.25 ,23.18 ,23.24 ,23.36 ,23.26 ,23.26 ,23.27 ,23.31 ,23.28 ,23.2 ,23.33 ,23.34 ,23.27 ,23.22 ,23.25 ,23.35 ,23.41 ,23.35 ,23.4 ,23.27 ,23.31 ,23.26 ,23.26 ,23.31 ,23.26 ,23.32 ,23.38 ,23.34 ,23.22 ,23.25 ,23.28 ,23.33 ,23.44 ,23.37 ,23.33 ,23.21 ,23.12 ,23.19 ,23.14 ,23 ,23.1 ,23.16 ,23.06 ,23.03 ,23.04 ,23.1 ,23.1 ,23 ,22.91 ,22.97 ,22.89 ,22.82 ,22.82 ,22.98 ,22.97 ,22.92 ,22.87 ,22.97 ,22.87 ,22.95 ,22.9 ,22.91 ,22.97 ,23.09 ,23.02 ,22.9 ,22.92 ,22.98 ,22.94 ,22.95 ,22.89 ,22.85 ,
95,23.24 ,23.11 ,23.18 ,23.27 ,23.43 ,23.5 ,23.48 ,23.49 ,23.46 ,23.46 ,23.43 ,23.47 ,23.41 ,23.4 ,23.36 ,23.42 ,23.35 ,23.34 ,23.28 ,23.05 ,22.98 ,22.93 ,23.1 ,23.05 ,22.96 ,23.04 ,23.14 ,23.28 ,23.39 ,23.49 ,23.49 ,23.45 ,23.47 ,23.41 ,23.39 ,23.49 ,23.42 ,23.45 ,23.52 ,23.48 ,23.41 ,23.41 ,23.44 ,23.43 ,23.54 ,23.55 ,23.49 ,23.5 ,23.58 ,23.58 ,23.51 ,23.54 ,23.59 ,23.52 ,23.5 ,23.54 ,23.41 ,23.4 ,23.41 ,23.36 ,23.35 ,23.48 ,23.5 ,23.5 ,23.51 ,23.56 ,23.52 ,23.48 ,23.44 ,23.42 ,23.44 ,23.4 ,23.54 ,23.59 ,23.48 ,23.48 ,23.51 ,23.51 ,23.47 ,23.48 ,23.59 ,23.51 ,23.49 ,23.6 ,23.54 ,23.54 ,23.61 ,23.6 ,23.55 ,23.47 ,23.53 ,23.58 ,23.52 ,23.56 ,23.61 ,23.58 ,23.53 ,23.47 ,23.54 ,23.6 ,23.59 ,23.54 ,23.55 ,23.49 ,23.54 ,23.5 ,23.4 ,23.4 ,23.44 ,23.39 ,23.36 ,23.4 ,23.42 ,23.39 ,23.39 ,23.34 ,23.43 ,23.51 ,23.54 ,23.63 ,23.64 ,23.57 ,23.59 ,23.66 ,23.61 ,23.59 ,23.66 ,23.75 ,23.69 ,23.65 ,23.64 ,23.73 ,23.76 ,23.76 ,23.76 ,23.69 ,23.67 ,23.71 ,23.73 ,23.72 ,23.61 ,23.64 ,23.72 ,23.7 ,23.78 ,23.79 ,23.65 ,23.56 ,23.66 ,23.72 ,23.69 ,23.7 ,23.65 ,23.73 ,23.71 ,23.75 ,23.77 ,23.7 ,23.71 ,23.79 ,23.75 ,23.74 ,23.66 ,23.75 ,23.7 ,23.72 ,23.77 ,23.69 ,23.69 ,23.64 ,23.75 ,23.7 ,23.72 ,23.78 ,23.79 ,23.66 ,23.7 ,23.73 ,23.71 ,23.78 ,23.7 ,23.71 ,23.78 ,23.72 ,23.7 ,23.74 ,23.71 ,23.66 ,23.74 ,23.71 ,23.77 ,23.75 ,23.72 ,23.62 ,23.67 ,23.61 ,23.63 ,23.68 ,23.7 ,23.57 ,23.53 ,23.51 ,23.61 ,23.57 ,23.51 ,23.52 ,23.57 ,23.49 ,23.48 ,23.59 ,23.57 ,23.56 ,23.57 ,23.57 ,23.44 ,23.37 ,23.41 ,23.63 ,23.59 ,23.61 ,23.61 ,23.48 ,23.51 ,23.54 ,23.5 ,23.47 ,23.56 ,23.62 ,23.64 ,23.71 ,23.7 ,23.7 ,23.74 ,23.73 ,23.73 ,23.77 ,23.83 ,23.72 ,23.66 ,23.68 ,23.73 ,23.7 ,23.74 ,23.68 ,23.78 ,23.81 ,23.79 ,23.64 ,23.75 ,23.78 ,23.77 ,23.66 ,23.66 ,23.71 ,23.77 ,23.77 ,23.66 ,23.71 ,23.61 ,23.6 ,23.59 ,23.65 ,23.68 ,23.58 ,23.65 ,23.74 ,23.76 ,23.75 ,23.71 ,23.75 ,23.68 ,23.74 ,23.73 ,23.84 ,23.79 ,23.65 ,23.62 ,23.68 ,23.74 ,23.74 ,23.71 ,23.67 ,23.63 ,23.7 ,23.72 ,23.75 ,23.76 ,23.71 ,23.58 ,23.6 ,23.59 ,23.55 ,23.64 ,23.63 ,23.75 ,23.82 ,23.65 ,23.69 ,23.78 ,23.7 ,23.74 ,23.79 ,23.68 ,23.69 ,23.65 ,23.66 ,23.66 ,23.66 ,23.7 ,23.66 ,23.63 ,23.68 ,23.61 ,23.59 ,23.56 ,23.54 ,23.6 ,23.62 ,23.63 ,23.65 ,23.6 ,23.63 ,23.67 ,23.65 ,23.64 ,23.57 ,23.64 ,23.61 ,23.62 ,23.55 ,23.59 ,23.71 ,23.8 ,23.76 ,23.78 ,23.85 ,23.85 ,23.83 ,23.81 ,23.84 ,23.81 ,23.77 ,23.8 ,23.88 ,23.95 ,23.81 ,23.83 ,23.81 ,23.75 ,23.68 ,23.69 ,23.71 ,23.63 ,23.56 ,23.57 ,23.58 ,23.63 ,23.71 ,23.62 ,23.52 ,23.59 ,23.62 ,23.65 ,23.52 ,23.6 ,23.61 ,23.53 ,23.62 ,23.62 ,23.69 ,23.57 ,23.54 ,23.65 ,23.68 ,23.73 ,23.76 ,23.81 ,23.82 ,23.82 ,23.77 ,23.88 ,23.8 ,23.8 ,23.88 ,23.83 ,23.73 ,23.82 ,23.91 ,23.87 ,23.82 ,23.8 ,23.84 ,23.77 ,23.73 ,23.78 ,23.87 ,23.86 ,23.76 ,23.78 ,23.82 ,23.79 ,23.88 ,23.85 ,23.77 ,23.69 ,23.72 ,23.76 ,23.78 ,23.85 ,23.85 ,23.76 ,23.75 ,23.65 ,23.73 ,23.75 ,23.76 ,23.69 ,23.62 ,23.67 ,23.75 ,23.78 ,23.77 ,23.74 ,23.7 ,23.62 ,23.69 ,23.71 ,23.79 ,23.7 ,23.6 ,23.74 ,23.71 ,23.76 ,23.81 ,23.75 ,23.81 ,23.78 ,23.77 ,23.81 ,23.77 ,23.76 ,23.72 ,23.62 ,23.67 ,23.64 ,23.65 ,23.73 ,23.72 ,23.69 ,23.7 ,23.73 ,23.8 ,23.86 ,23.78 ,23.7 ,23.68 ,23.64 ,23.53 ,23.48 ,23.49 ,23.44 ,23.41 ,23.44 ,23.56 ,23.58 ,23.47 ,23.4 ,23.4 ,23.46 ,23.53 ,23.5 ,23.51 ,23.44 ,23.58 ,23.65 ,23.72 ,23.67 ,23.66 ,23.66 ,23.65 ,23.7 ,23.73 ,23.71 ,23.7 ,23.63 ,23.74 ,23.69 ,23.68 ,23.8 ,23.84 ,23.76 ,23.73 ,23.78 ,23.71 ,23.68 ,23.69 ,23.73 ,23.76 ,23.67 ,23.65 ,23.71 ,23.7 ,23.71 ,23.73 ,23.76 ,23.72 ,23.75 ,23.73 ,23.77 ,23.65 ,23.64 ,23.67 ,23.66 ,23.68 ,23.67 ,23.61 ,23.66 ,23.67 ,23.6 ,23.66 ,23.57 ,23.62 ,23.7 ,23.74 ,23.75 ,23.72 ,23.63 ,23.64 ,23.64 ,23.62 ,23.69 ,23.68 ,23.67 ,23.77 ,23.73 ,23.65 ,23.62 ,23.68 ,23.59 ,23.54 ,23.54 ,23.51 ,23.58 ,23.58 ,23.59 ,23.49 ,23.45 ,23.48 ,23.34 ,23.34 ,23.4 ,23.45 ,23.43 ,23.43 ,23.46 ,23.49 ,23.49 ,23.45 ,23.44 ,23.47 ,23.43 ,23.53 ,23.42 ,23.36 ,23.32 ,23.4 ,23.41 ,23.36 ,23.37 ,23.29 ,23.26 ,23.34 ,23.25 ,23.31 ,23.37 ,23.29 ,23.35 ,23.28 ,23.27 ,23.33 ,23.29 ,23.29 ,23.17 ,23.27 ,23.35 ,23.44 ,23.33 ,23.29 ,23.37 ,23.27 ,23.2 ,23.33 ,23.41 ,23.45 ,23.4 ,23.32 ,23.27 ,23.25 ,23.31 ,23.25 ,23.3 ,23.3 ,23.32 ,23.23 ,23.21 ,23.26 ,23.23 ,23.06 ,23.11 ,23.15 ,23.04 ,23.02 ,23.01 ,23.05 ,23.08 ,23.01 ,22.95 ,23 ,22.97 ,22.89 ,22.91 ,23 ,23.01 ,22.89 ,22.99 ,23.05 ,23 ,23.01 ,22.95 ,23.01 ,23.05 ,23.01 ,22.98 ,22.82 ,22.82 ,22.86 ,22.93 ,22.92 ,22.88 ,22.86 ,
96,23.2 ,23.19 ,23.17 ,23.24 ,23.41 ,23.45 ,23.48 ,23.48 ,23.56 ,23.54 ,23.54 ,23.47 ,23.49 ,23.54 ,23.47 ,23.38 ,23.31 ,23.27 ,23.3 ,23.1 ,22.95 ,22.99 ,23.1 ,23.02 ,23 ,23.03 ,23.21 ,23.36 ,23.45 ,23.53 ,23.49 ,23.49 ,23.47 ,23.45 ,23.48 ,23.51 ,23.4 ,23.44 ,23.55 ,23.53 ,23.42 ,23.41 ,23.41 ,23.43 ,23.5 ,23.55 ,23.54 ,23.5 ,23.59 ,23.56 ,23.43 ,23.39 ,23.57 ,23.52 ,23.58 ,23.6 ,23.47 ,23.46 ,23.54 ,23.53 ,23.5 ,23.47 ,23.46 ,23.45 ,23.55 ,23.57 ,23.54 ,23.5 ,23.47 ,23.46 ,23.47 ,23.45 ,23.47 ,23.6 ,23.54 ,23.59 ,23.55 ,23.48 ,23.44 ,23.45 ,23.62 ,23.58 ,23.42 ,23.49 ,23.55 ,23.53 ,23.56 ,23.51 ,23.54 ,23.54 ,23.55 ,23.57 ,23.51 ,23.49 ,23.6 ,23.61 ,23.58 ,23.52 ,23.6 ,23.58 ,23.57 ,23.56 ,23.56 ,23.44 ,23.53 ,23.5 ,23.51 ,23.49 ,23.48 ,23.45 ,23.41 ,23.37 ,23.39 ,23.36 ,23.4 ,23.4 ,23.43 ,23.53 ,23.58 ,23.64 ,23.65 ,23.7 ,23.68 ,23.64 ,23.65 ,23.71 ,23.74 ,23.74 ,23.72 ,23.66 ,23.64 ,23.71 ,23.7 ,23.74 ,23.72 ,23.67 ,23.74 ,23.75 ,23.66 ,23.68 ,23.64 ,23.56 ,23.65 ,23.7 ,23.74 ,23.77 ,23.74 ,23.7 ,23.71 ,23.73 ,23.72 ,23.69 ,23.68 ,23.77 ,23.7 ,23.64 ,23.65 ,23.69 ,23.78 ,23.76 ,23.73 ,23.77 ,23.75 ,23.76 ,23.74 ,23.72 ,23.81 ,23.78 ,23.71 ,23.71 ,23.69 ,23.64 ,23.67 ,23.8 ,23.8 ,23.67 ,23.7 ,23.8 ,23.73 ,23.74 ,23.76 ,23.7 ,23.7 ,23.71 ,23.71 ,23.78 ,23.74 ,23.7 ,23.67 ,23.68 ,23.75 ,23.77 ,23.67 ,23.64 ,23.73 ,23.62 ,23.62 ,23.62 ,23.63 ,23.61 ,23.53 ,23.52 ,23.55 ,23.59 ,23.56 ,23.57 ,23.5 ,23.51 ,23.63 ,23.66 ,23.61 ,23.59 ,23.48 ,23.49 ,23.44 ,23.43 ,23.45 ,23.6 ,23.59 ,23.59 ,23.59 ,23.54 ,23.5 ,23.55 ,23.57 ,23.56 ,23.53 ,23.55 ,23.55 ,23.68 ,23.71 ,23.73 ,23.74 ,23.66 ,23.66 ,23.88 ,23.87 ,23.73 ,23.71 ,23.77 ,23.73 ,23.74 ,23.68 ,23.69 ,23.77 ,23.77 ,23.7 ,23.6 ,23.77 ,23.76 ,23.72 ,23.67 ,23.71 ,23.79 ,23.75 ,23.77 ,23.77 ,23.77 ,23.75 ,23.67 ,23.65 ,23.66 ,23.76 ,23.69 ,23.68 ,23.77 ,23.75 ,23.82 ,23.85 ,23.75 ,23.83 ,23.77 ,23.67 ,23.76 ,23.75 ,23.62 ,23.66 ,23.71 ,23.68 ,23.78 ,23.79 ,23.81 ,23.7 ,23.72 ,23.78 ,23.77 ,23.79 ,23.79 ,23.73 ,23.7 ,23.7 ,23.69 ,23.71 ,23.77 ,23.79 ,23.89 ,23.87 ,23.75 ,23.78 ,23.78 ,23.82 ,23.77 ,23.66 ,23.75 ,23.67 ,23.67 ,23.78 ,23.8 ,23.75 ,23.74 ,23.68 ,23.71 ,23.69 ,23.63 ,23.58 ,23.51 ,23.61 ,23.62 ,23.62 ,23.74 ,23.67 ,23.69 ,23.67 ,23.66 ,23.67 ,23.55 ,23.58 ,23.55 ,23.58 ,23.62 ,23.58 ,23.66 ,23.71 ,23.72 ,23.77 ,23.81 ,23.81 ,23.9 ,23.85 ,23.84 ,23.93 ,23.83 ,23.78 ,23.82 ,23.85 ,23.89 ,23.83 ,23.78 ,23.78 ,23.74 ,23.67 ,23.69 ,23.64 ,23.62 ,23.55 ,23.57 ,23.56 ,23.62 ,23.55 ,23.57 ,23.62 ,23.66 ,23.67 ,23.54 ,23.6 ,23.64 ,23.54 ,23.59 ,23.62 ,23.7 ,23.66 ,23.52 ,23.64 ,23.65 ,23.64 ,23.67 ,23.77 ,23.78 ,23.77 ,23.74 ,23.82 ,23.82 ,23.82 ,23.87 ,23.9 ,23.78 ,23.78 ,23.83 ,23.82 ,23.84 ,23.86 ,23.89 ,23.82 ,23.73 ,23.73 ,23.71 ,23.84 ,23.89 ,23.79 ,23.85 ,23.83 ,23.85 ,23.81 ,23.84 ,23.76 ,23.72 ,23.72 ,23.83 ,23.86 ,23.85 ,23.8 ,23.77 ,23.68 ,23.69 ,23.74 ,23.73 ,23.69 ,23.67 ,23.72 ,23.7 ,23.74 ,23.72 ,23.72 ,23.79 ,23.65 ,23.7 ,23.75 ,23.76 ,23.78 ,23.74 ,23.72 ,23.72 ,23.75 ,23.77 ,23.8 ,23.78 ,23.77 ,23.73 ,23.77 ,23.75 ,23.66 ,23.72 ,23.6 ,23.57 ,23.69 ,23.71 ,23.67 ,23.75 ,23.69 ,23.71 ,23.75 ,23.73 ,23.82 ,23.83 ,23.77 ,23.71 ,23.58 ,23.49 ,23.43 ,23.48 ,23.47 ,23.47 ,23.51 ,23.55 ,23.51 ,23.49 ,23.52 ,23.43 ,23.48 ,23.5 ,23.49 ,23.59 ,23.55 ,23.56 ,23.59 ,23.62 ,23.63 ,23.63 ,23.58 ,23.64 ,23.73 ,23.73 ,23.77 ,23.72 ,23.71 ,23.79 ,23.74 ,23.71 ,23.77 ,23.86 ,23.8 ,23.77 ,23.76 ,23.74 ,23.66 ,23.69 ,23.79 ,23.78 ,23.73 ,23.79 ,23.78 ,23.72 ,23.79 ,23.79 ,23.76 ,23.7 ,23.7 ,23.76 ,23.8 ,23.7 ,23.62 ,23.67 ,23.71 ,23.8 ,23.76 ,23.7 ,23.71 ,23.65 ,23.67 ,23.59 ,23.61 ,23.63 ,23.61 ,23.74 ,23.77 ,23.72 ,23.61 ,23.66 ,23.71 ,23.7 ,23.73 ,23.67 ,23.68 ,23.73 ,23.71 ,23.6 ,23.63 ,23.63 ,23.64 ,23.57 ,23.55 ,23.64 ,23.59 ,23.63 ,23.66 ,23.62 ,23.55 ,23.46 ,23.31 ,23.35 ,23.33 ,23.46 ,23.47 ,23.44 ,23.51 ,23.49 ,23.53 ,23.59 ,23.41 ,23.44 ,23.46 ,23.52 ,23.46 ,23.49 ,23.38 ,23.41 ,23.45 ,23.43 ,23.41 ,23.35 ,23.34 ,23.34 ,23.28 ,23.27 ,23.38 ,23.34 ,23.29 ,23.25 ,23.3 ,23.26 ,23.24 ,23.33 ,23.34 ,23.35 ,23.32 ,23.38 ,23.34 ,23.22 ,23.32 ,23.4 ,23.32 ,23.4 ,23.38 ,23.37 ,23.37 ,23.31 ,23.32 ,23.27 ,23.24 ,23.19 ,23.2 ,23.3 ,23.29 ,23.21 ,23.25 ,23.29 ,23.26 ,23.11 ,23.13 ,23.2 ,23.1 ,23.07 ,23.03 ,23.11 ,23.13 ,23.04 ,22.98 ,23.05 ,22.93 ,22.93 ,23.03 ,23.08 ,23.05 ,22.89 ,22.97 ,23.04 ,23.01 ,23.03 ,22.91 ,23.02 ,23.08 ,23.08 ,23.01 ,22.94 ,22.89 ,22.88 ,22.94 ,22.9 ,22.97 ,22.98 ,
97,23.12 ,23.15 ,23.18 ,23.26 ,23.38 ,23.4 ,23.49 ,23.55 ,23.55 ,23.49 ,23.44 ,23.48 ,23.51 ,23.51 ,23.49 ,23.39 ,23.29 ,23.28 ,23.26 ,23.14 ,23.01 ,22.97 ,23.09 ,22.99 ,22.98 ,23.08 ,23.24 ,23.39 ,23.48 ,23.52 ,23.46 ,23.4 ,23.35 ,23.38 ,23.49 ,23.42 ,23.35 ,23.4 ,23.43 ,23.45 ,23.48 ,23.47 ,23.51 ,23.49 ,23.57 ,23.57 ,23.54 ,23.54 ,23.5 ,23.57 ,23.51 ,23.38 ,23.47 ,23.5 ,23.5 ,23.58 ,23.52 ,23.49 ,23.45 ,23.41 ,23.42 ,23.45 ,23.4 ,23.38 ,23.47 ,23.49 ,23.48 ,23.48 ,23.51 ,23.47 ,23.52 ,23.58 ,23.55 ,23.52 ,23.51 ,23.52 ,23.53 ,23.41 ,23.42 ,23.54 ,23.57 ,23.59 ,23.46 ,23.4 ,23.52 ,23.53 ,23.58 ,23.52 ,23.49 ,23.54 ,23.57 ,23.52 ,23.47 ,23.47 ,23.55 ,23.56 ,23.51 ,23.47 ,23.54 ,23.58 ,23.55 ,23.53 ,23.55 ,23.53 ,23.51 ,23.48 ,23.44 ,23.5 ,23.4 ,23.38 ,23.4 ,23.36 ,23.34 ,23.35 ,23.31 ,23.35 ,23.46 ,23.51 ,23.6 ,23.56 ,23.54 ,23.61 ,23.71 ,23.69 ,23.67 ,23.73 ,23.68 ,23.66 ,23.71 ,23.64 ,23.62 ,23.72 ,23.72 ,23.73 ,23.76 ,23.71 ,23.8 ,23.8 ,23.72 ,23.62 ,23.73 ,23.66 ,23.58 ,23.68 ,23.77 ,23.77 ,23.7 ,23.74 ,23.65 ,23.7 ,23.69 ,23.67 ,23.61 ,23.63 ,23.69 ,23.67 ,23.59 ,23.64 ,23.77 ,23.76 ,23.67 ,23.68 ,23.74 ,23.78 ,23.7 ,23.69 ,23.75 ,23.8 ,23.73 ,23.73 ,23.74 ,23.68 ,23.69 ,23.77 ,23.85 ,23.79 ,23.73 ,23.74 ,23.76 ,23.68 ,23.67 ,23.69 ,23.72 ,23.71 ,23.73 ,23.77 ,23.76 ,23.69 ,23.73 ,23.69 ,23.73 ,23.74 ,23.67 ,23.65 ,23.71 ,23.63 ,23.59 ,23.59 ,23.48 ,23.51 ,23.51 ,23.53 ,23.52 ,23.54 ,23.6 ,23.62 ,23.43 ,23.4 ,23.54 ,23.57 ,23.53 ,23.51 ,23.54 ,23.44 ,23.47 ,23.48 ,23.45 ,23.56 ,23.57 ,23.59 ,23.59 ,23.55 ,23.43 ,23.55 ,23.58 ,23.62 ,23.58 ,23.47 ,23.42 ,23.63 ,23.75 ,23.73 ,23.78 ,23.79 ,23.68 ,23.81 ,23.86 ,23.76 ,23.72 ,23.71 ,23.72 ,23.74 ,23.75 ,23.71 ,23.76 ,23.73 ,23.69 ,23.61 ,23.69 ,23.71 ,23.66 ,23.61 ,23.67 ,23.74 ,23.83 ,23.8 ,23.75 ,23.78 ,23.71 ,23.64 ,23.73 ,23.75 ,23.81 ,23.73 ,23.71 ,23.76 ,23.75 ,23.8 ,23.84 ,23.77 ,23.69 ,23.72 ,23.64 ,23.72 ,23.77 ,23.71 ,23.65 ,23.75 ,23.74 ,23.69 ,23.76 ,23.83 ,23.77 ,23.7 ,23.78 ,23.76 ,23.79 ,23.85 ,23.74 ,23.7 ,23.73 ,23.68 ,23.63 ,23.72 ,23.83 ,23.8 ,23.83 ,23.81 ,23.81 ,23.82 ,23.83 ,23.79 ,23.75 ,23.69 ,23.61 ,23.68 ,23.7 ,23.75 ,23.84 ,23.81 ,23.74 ,23.74 ,23.71 ,23.67 ,23.67 ,23.58 ,23.53 ,23.57 ,23.6 ,23.64 ,23.71 ,23.72 ,23.69 ,23.63 ,23.64 ,23.6 ,23.62 ,23.59 ,23.48 ,23.55 ,23.63 ,23.65 ,23.64 ,23.7 ,23.69 ,23.68 ,23.8 ,23.88 ,23.85 ,23.88 ,23.9 ,23.82 ,23.76 ,23.86 ,23.84 ,23.76 ,23.8 ,23.82 ,23.77 ,23.66 ,23.63 ,23.64 ,23.63 ,23.59 ,23.55 ,23.52 ,23.56 ,23.57 ,23.56 ,23.63 ,23.61 ,23.59 ,23.67 ,23.59 ,23.61 ,23.61 ,23.51 ,23.57 ,23.55 ,23.62 ,23.65 ,23.58 ,23.57 ,23.6 ,23.5 ,23.5 ,23.62 ,23.75 ,23.76 ,23.78 ,23.82 ,23.73 ,23.67 ,23.77 ,23.83 ,23.85 ,23.79 ,23.76 ,23.75 ,23.79 ,23.86 ,23.9 ,23.85 ,23.74 ,23.72 ,23.7 ,23.76 ,23.8 ,23.84 ,23.79 ,23.77 ,23.79 ,23.78 ,23.84 ,23.82 ,23.74 ,23.73 ,23.78 ,23.85 ,23.82 ,23.84 ,23.75 ,23.73 ,23.73 ,23.74 ,23.71 ,23.75 ,23.8 ,23.67 ,23.71 ,23.81 ,23.79 ,23.76 ,23.69 ,23.68 ,23.71 ,23.74 ,23.78 ,23.76 ,23.75 ,23.73 ,23.75 ,23.81 ,23.71 ,23.73 ,23.69 ,23.71 ,23.79 ,23.8 ,23.82 ,23.7 ,23.74 ,23.64 ,23.62 ,23.72 ,23.75 ,23.79 ,23.77 ,23.72 ,23.72 ,23.73 ,23.74 ,23.75 ,23.74 ,23.66 ,23.57 ,23.49 ,23.48 ,23.5 ,23.54 ,23.46 ,23.4 ,23.45 ,23.57 ,23.55 ,23.55 ,23.52 ,23.49 ,23.49 ,23.47 ,23.45 ,23.54 ,23.61 ,23.63 ,23.54 ,23.61 ,23.63 ,23.65 ,23.63 ,23.63 ,23.69 ,23.71 ,23.69 ,23.73 ,23.73 ,23.84 ,23.85 ,23.74 ,23.69 ,23.77 ,23.74 ,23.73 ,23.68 ,23.75 ,23.72 ,23.67 ,23.71 ,23.72 ,23.71 ,23.77 ,23.77 ,23.67 ,23.71 ,23.83 ,23.73 ,23.68 ,23.7 ,23.77 ,23.8 ,23.71 ,23.76 ,23.7 ,23.71 ,23.81 ,23.75 ,23.75 ,23.68 ,23.65 ,23.76 ,23.67 ,23.6 ,23.72 ,23.67 ,23.7 ,23.75 ,23.68 ,23.74 ,23.65 ,23.58 ,23.71 ,23.79 ,23.79 ,23.71 ,23.65 ,23.66 ,23.64 ,23.7 ,23.74 ,23.7 ,23.61 ,23.55 ,23.65 ,23.66 ,23.63 ,23.6 ,23.55 ,23.52 ,23.44 ,23.34 ,23.36 ,23.33 ,23.51 ,23.55 ,23.42 ,23.4 ,23.4 ,23.36 ,23.39 ,23.36 ,23.42 ,23.41 ,23.47 ,23.49 ,23.42 ,23.49 ,23.38 ,23.31 ,23.33 ,23.4 ,23.34 ,23.4 ,23.34 ,23.23 ,23.26 ,23.38 ,23.36 ,23.22 ,23.13 ,23.3 ,23.33 ,23.14 ,23.32 ,23.39 ,23.31 ,23.38 ,23.43 ,23.33 ,23.25 ,23.27 ,23.31 ,23.3 ,23.34 ,23.34 ,23.34 ,23.32 ,23.25 ,23.25 ,23.23 ,23.23 ,23.29 ,23.28 ,23.37 ,23.38 ,23.24 ,23.13 ,23.2 ,23.2 ,23.14 ,23.13 ,23.29 ,23.14 ,23.05 ,23.06 ,23.14 ,23.1 ,23.09 ,22.99 ,23.08 ,23.02 ,22.96 ,23.1 ,23.08 ,22.98 ,22.82 ,22.85 ,23.05 ,23 ,22.99 ,22.91 ,23.05 ,23.11 ,23.04 ,23 ,23 ,22.98 ,22.87 ,22.97 ,22.92 ,22.89 ,22.86 ,
98,23.16 ,23.11 ,23.28 ,23.42 ,23.45 ,23.37 ,23.51 ,23.47 ,23.5 ,23.51 ,23.43 ,23.36 ,23.39 ,23.42 ,23.47 ,23.41 ,23.35 ,23.36 ,23.33 ,23.25 ,23.03 ,22.96 ,23.07 ,23 ,22.98 ,23.08 ,23.17 ,23.27 ,23.38 ,23.43 ,23.53 ,23.57 ,23.43 ,23.46 ,23.5 ,23.48 ,23.4 ,23.45 ,23.41 ,23.41 ,23.44 ,23.48 ,23.5 ,23.5 ,23.49 ,23.57 ,23.5 ,23.49 ,23.47 ,23.49 ,23.59 ,23.48 ,23.54 ,23.55 ,23.42 ,23.41 ,23.42 ,23.42 ,23.44 ,23.37 ,23.44 ,23.53 ,23.53 ,23.46 ,23.53 ,23.5 ,23.53 ,23.49 ,23.5 ,23.45 ,23.47 ,23.62 ,23.62 ,23.54 ,23.46 ,23.46 ,23.53 ,23.48 ,23.44 ,23.52 ,23.59 ,23.55 ,23.55 ,23.5 ,23.55 ,23.55 ,23.56 ,23.61 ,23.56 ,23.52 ,23.64 ,23.6 ,23.49 ,23.52 ,23.55 ,23.49 ,23.5 ,23.44 ,23.44 ,23.53 ,23.5 ,23.54 ,23.53 ,23.48 ,23.56 ,23.44 ,23.39 ,23.36 ,23.43 ,23.39 ,23.36 ,23.38 ,23.39 ,23.43 ,23.4 ,23.41 ,23.42 ,23.56 ,23.6 ,23.63 ,23.64 ,23.61 ,23.64 ,23.68 ,23.68 ,23.71 ,23.67 ,23.65 ,23.7 ,23.68 ,23.69 ,23.73 ,23.7 ,23.71 ,23.71 ,23.73 ,23.81 ,23.76 ,23.68 ,23.63 ,23.69 ,23.72 ,23.64 ,23.68 ,23.81 ,23.81 ,23.72 ,23.67 ,23.73 ,23.75 ,23.69 ,23.69 ,23.67 ,23.65 ,23.65 ,23.72 ,23.67 ,23.68 ,23.76 ,23.7 ,23.64 ,23.66 ,23.73 ,23.73 ,23.77 ,23.69 ,23.72 ,23.76 ,23.7 ,23.7 ,23.78 ,23.67 ,23.69 ,23.76 ,23.85 ,23.75 ,23.7 ,23.68 ,23.71 ,23.7 ,23.72 ,23.66 ,23.68 ,23.66 ,23.67 ,23.75 ,23.8 ,23.66 ,23.73 ,23.78 ,23.77 ,23.78 ,23.73 ,23.7 ,23.68 ,23.59 ,23.48 ,23.52 ,23.47 ,23.46 ,23.48 ,23.46 ,23.47 ,23.52 ,23.56 ,23.58 ,23.47 ,23.42 ,23.47 ,23.5 ,23.58 ,23.57 ,23.49 ,23.52 ,23.49 ,23.49 ,23.5 ,23.48 ,23.49 ,23.56 ,23.6 ,23.51 ,23.51 ,23.47 ,23.54 ,23.56 ,23.58 ,23.51 ,23.54 ,23.55 ,23.69 ,23.69 ,23.78 ,23.81 ,23.72 ,23.69 ,23.83 ,23.71 ,23.71 ,23.67 ,23.59 ,23.66 ,23.75 ,23.75 ,23.78 ,23.69 ,23.56 ,23.63 ,23.69 ,23.72 ,23.75 ,23.63 ,23.64 ,23.74 ,23.84 ,23.78 ,23.69 ,23.77 ,23.73 ,23.68 ,23.74 ,23.8 ,23.83 ,23.68 ,23.71 ,23.72 ,23.7 ,23.73 ,23.75 ,23.67 ,23.64 ,23.69 ,23.78 ,23.71 ,23.7 ,23.7 ,23.73 ,23.69 ,23.71 ,23.76 ,23.74 ,23.78 ,23.77 ,23.75 ,23.7 ,23.7 ,23.77 ,23.87 ,23.75 ,23.72 ,23.72 ,23.63 ,23.61 ,23.73 ,23.82 ,23.81 ,23.78 ,23.86 ,23.8 ,23.78 ,23.84 ,23.79 ,23.81 ,23.79 ,23.64 ,23.69 ,23.77 ,23.74 ,23.82 ,23.82 ,23.86 ,23.75 ,23.8 ,23.76 ,23.7 ,23.6 ,23.63 ,23.65 ,23.58 ,23.57 ,23.63 ,23.72 ,23.71 ,23.66 ,23.6 ,23.6 ,23.55 ,23.58 ,23.59 ,23.54 ,23.63 ,23.68 ,23.68 ,23.67 ,23.63 ,23.56 ,23.72 ,23.87 ,23.91 ,23.88 ,23.86 ,23.75 ,23.8 ,23.85 ,23.84 ,23.76 ,23.79 ,23.82 ,23.71 ,23.65 ,23.62 ,23.59 ,23.59 ,23.6 ,23.57 ,23.51 ,23.56 ,23.58 ,23.54 ,23.55 ,23.58 ,23.63 ,23.65 ,23.67 ,23.63 ,23.57 ,23.5 ,23.62 ,23.57 ,23.64 ,23.63 ,23.61 ,23.61 ,23.58 ,23.54 ,23.48 ,23.55 ,23.6 ,23.67 ,23.8 ,23.88 ,23.77 ,23.67 ,23.71 ,23.79 ,23.78 ,23.81 ,23.78 ,23.73 ,23.71 ,23.79 ,23.82 ,23.84 ,23.76 ,23.79 ,23.82 ,23.76 ,23.73 ,23.71 ,23.75 ,23.77 ,23.81 ,23.8 ,23.82 ,23.86 ,23.8 ,23.71 ,23.84 ,23.83 ,23.77 ,23.83 ,23.72 ,23.72 ,23.79 ,23.83 ,23.77 ,23.77 ,23.73 ,23.68 ,23.71 ,23.75 ,23.8 ,23.83 ,23.68 ,23.61 ,23.69 ,23.73 ,23.75 ,23.75 ,23.68 ,23.68 ,23.68 ,23.76 ,23.79 ,23.74 ,23.71 ,23.67 ,23.79 ,23.79 ,23.77 ,23.67 ,23.66 ,23.71 ,23.65 ,23.67 ,23.69 ,23.82 ,23.75 ,23.76 ,23.77 ,23.66 ,23.72 ,23.73 ,23.58 ,23.46 ,23.51 ,23.53 ,23.58 ,23.64 ,23.65 ,23.56 ,23.45 ,23.46 ,23.55 ,23.66 ,23.66 ,23.5 ,23.44 ,23.48 ,23.43 ,23.46 ,23.49 ,23.52 ,23.55 ,23.49 ,23.54 ,23.61 ,23.57 ,23.58 ,23.64 ,23.69 ,23.78 ,23.7 ,23.71 ,23.71 ,23.71 ,23.73 ,23.66 ,23.72 ,23.78 ,23.78 ,23.71 ,23.71 ,23.74 ,23.72 ,23.71 ,23.69 ,23.78 ,23.72 ,23.75 ,23.83 ,23.73 ,23.66 ,23.7 ,23.74 ,23.72 ,23.72 ,23.75 ,23.76 ,23.75 ,23.69 ,23.73 ,23.75 ,23.75 ,23.76 ,23.71 ,23.72 ,23.65 ,23.64 ,23.7 ,23.66 ,23.69 ,23.72 ,23.68 ,23.75 ,23.69 ,23.75 ,23.65 ,23.53 ,23.7 ,23.7 ,23.76 ,23.79 ,23.73 ,23.67 ,23.71 ,23.74 ,23.76 ,23.63 ,23.55 ,23.55 ,23.61 ,23.67 ,23.57 ,23.52 ,23.48 ,23.44 ,23.39 ,23.34 ,23.34 ,23.31 ,23.43 ,23.56 ,23.48 ,23.45 ,23.45 ,23.4 ,23.36 ,23.33 ,23.35 ,23.42 ,23.5 ,23.53 ,23.37 ,23.39 ,23.33 ,23.25 ,23.32 ,23.31 ,23.39 ,23.38 ,23.39 ,23.29 ,23.29 ,23.41 ,23.34 ,23.26 ,23.24 ,23.28 ,23.38 ,23.31 ,23.32 ,23.36 ,23.24 ,23.27 ,23.37 ,23.32 ,23.24 ,23.38 ,23.33 ,23.3 ,23.29 ,23.4 ,23.32 ,23.24 ,23.27 ,23.24 ,23.19 ,23.34 ,23.35 ,23.28 ,23.31 ,23.35 ,23.3 ,23.1 ,23.19 ,23.31 ,23.15 ,23.13 ,23.26 ,23.12 ,23.01 ,22.97 ,23.01 ,23.05 ,23.09 ,23.08 ,23.07 ,23.04 ,22.99 ,22.94 ,23.06 ,23.02 ,22.94 ,22.91 ,23.01 ,23 ,22.95 ,22.9 ,23.04 ,23.07 ,23.06 ,22.96 ,22.99 ,22.98 ,22.9 ,22.99 ,22.96 ,22.85 ,22.82 ,
99,23.16 ,23.13 ,23.31 ,23.42 ,23.45 ,23.36 ,23.47 ,23.49 ,23.47 ,23.48 ,23.46 ,23.43 ,23.43 ,23.4 ,23.45 ,23.43 ,23.38 ,23.33 ,23.23 ,23.19 ,23.09 ,22.97 ,23.04 ,23.02 ,22.95 ,23.13 ,23.27 ,23.26 ,23.3 ,23.35 ,23.48 ,23.58 ,23.42 ,23.4 ,23.48 ,23.53 ,23.44 ,23.44 ,23.46 ,23.49 ,23.46 ,23.42 ,23.44 ,23.44 ,23.43 ,23.51 ,23.62 ,23.63 ,23.63 ,23.5 ,23.42 ,23.47 ,23.57 ,23.55 ,23.42 ,23.51 ,23.39 ,23.36 ,23.43 ,23.54 ,23.52 ,23.54 ,23.65 ,23.55 ,23.59 ,23.47 ,23.56 ,23.5 ,23.45 ,23.5 ,23.47 ,23.58 ,23.55 ,23.54 ,23.51 ,23.46 ,23.52 ,23.5 ,23.5 ,23.47 ,23.53 ,23.51 ,23.52 ,23.53 ,23.51 ,23.53 ,23.56 ,23.68 ,23.6 ,23.52 ,23.56 ,23.65 ,23.51 ,23.57 ,23.58 ,23.54 ,23.54 ,23.5 ,23.46 ,23.54 ,23.51 ,23.45 ,23.53 ,23.45 ,23.5 ,23.5 ,23.4 ,23.35 ,23.48 ,23.46 ,23.41 ,23.44 ,23.45 ,23.46 ,23.5 ,23.42 ,23.49 ,23.59 ,23.69 ,23.62 ,23.68 ,23.62 ,23.57 ,23.67 ,23.69 ,23.64 ,23.7 ,23.68 ,23.67 ,23.65 ,23.66 ,23.71 ,23.76 ,23.71 ,23.66 ,23.72 ,23.67 ,23.74 ,23.68 ,23.62 ,23.73 ,23.76 ,23.71 ,23.59 ,23.7 ,23.8 ,23.77 ,23.73 ,23.81 ,23.83 ,23.72 ,23.7 ,23.77 ,23.74 ,23.72 ,23.7 ,23.71 ,23.64 ,23.7 ,23.73 ,23.66 ,23.64 ,23.71 ,23.79 ,23.74 ,23.69 ,23.68 ,23.82 ,23.7 ,23.6 ,23.81 ,23.73 ,23.67 ,23.77 ,23.79 ,23.73 ,23.7 ,23.78 ,23.78 ,23.73 ,23.75 ,23.75 ,23.64 ,23.65 ,23.63 ,23.68 ,23.78 ,23.7 ,23.69 ,23.78 ,23.82 ,23.83 ,23.71 ,23.67 ,23.6 ,23.56 ,23.52 ,23.52 ,23.53 ,23.53 ,23.54 ,23.41 ,23.47 ,23.51 ,23.48 ,23.5 ,23.53 ,23.5 ,23.51 ,23.48 ,23.51 ,23.57 ,23.5 ,23.46 ,23.51 ,23.45 ,23.52 ,23.53 ,23.4 ,23.47 ,23.53 ,23.53 ,23.53 ,23.51 ,23.53 ,23.5 ,23.57 ,23.44 ,23.53 ,23.62 ,23.64 ,23.65 ,23.74 ,23.83 ,23.73 ,23.73 ,23.73 ,23.68 ,23.68 ,23.68 ,23.63 ,23.68 ,23.75 ,23.7 ,23.74 ,23.7 ,23.57 ,23.64 ,23.64 ,23.66 ,23.74 ,23.73 ,23.61 ,23.65 ,23.8 ,23.75 ,23.7 ,23.73 ,23.72 ,23.69 ,23.74 ,23.75 ,23.79 ,23.71 ,23.69 ,23.77 ,23.7 ,23.72 ,23.78 ,23.76 ,23.66 ,23.71 ,23.78 ,23.72 ,23.72 ,23.77 ,23.78 ,23.73 ,23.64 ,23.7 ,23.79 ,23.83 ,23.81 ,23.75 ,23.75 ,23.65 ,23.76 ,23.74 ,23.73 ,23.65 ,23.63 ,23.6 ,23.56 ,23.72 ,23.79 ,23.74 ,23.77 ,23.84 ,23.79 ,23.71 ,23.76 ,23.7 ,23.73 ,23.79 ,23.74 ,23.69 ,23.7 ,23.71 ,23.72 ,23.79 ,23.82 ,23.8 ,23.83 ,23.87 ,23.7 ,23.64 ,23.72 ,23.71 ,23.6 ,23.57 ,23.59 ,23.65 ,23.64 ,23.69 ,23.57 ,23.56 ,23.52 ,23.49 ,23.62 ,23.67 ,23.66 ,23.68 ,23.73 ,23.73 ,23.62 ,23.53 ,23.65 ,23.84 ,23.87 ,23.85 ,23.83 ,23.81 ,23.79 ,23.9 ,23.81 ,23.79 ,23.81 ,23.75 ,23.71 ,23.64 ,23.61 ,23.62 ,23.53 ,23.58 ,23.63 ,23.55 ,23.54 ,23.61 ,23.53 ,23.54 ,23.55 ,23.63 ,23.6 ,23.57 ,23.62 ,23.56 ,23.54 ,23.63 ,23.64 ,23.65 ,23.68 ,23.56 ,23.62 ,23.64 ,23.58 ,23.6 ,23.52 ,23.5 ,23.62 ,23.65 ,23.77 ,23.77 ,23.74 ,23.77 ,23.83 ,23.86 ,23.81 ,23.87 ,23.76 ,23.7 ,23.76 ,23.82 ,23.77 ,23.77 ,23.8 ,23.75 ,23.79 ,23.73 ,23.67 ,23.76 ,23.82 ,23.81 ,23.78 ,23.8 ,23.86 ,23.89 ,23.75 ,23.72 ,23.82 ,23.83 ,23.79 ,23.71 ,23.77 ,23.74 ,23.82 ,23.81 ,23.82 ,23.73 ,23.69 ,23.78 ,23.73 ,23.79 ,23.81 ,23.8 ,23.67 ,23.71 ,23.74 ,23.68 ,23.64 ,23.65 ,23.69 ,23.67 ,23.76 ,23.83 ,23.8 ,23.77 ,23.72 ,23.75 ,23.76 ,23.73 ,23.65 ,23.64 ,23.61 ,23.58 ,23.63 ,23.69 ,23.76 ,23.71 ,23.64 ,23.72 ,23.6 ,23.58 ,23.59 ,23.51 ,23.42 ,23.56 ,23.56 ,23.68 ,23.68 ,23.66 ,23.63 ,23.58 ,23.58 ,23.6 ,23.64 ,23.65 ,23.47 ,23.45 ,23.52 ,23.42 ,23.37 ,23.42 ,23.42 ,23.52 ,23.48 ,23.51 ,23.52 ,23.56 ,23.45 ,23.56 ,23.68 ,23.8 ,23.7 ,23.67 ,23.66 ,23.68 ,23.74 ,23.71 ,23.73 ,23.8 ,23.73 ,23.75 ,23.72 ,23.74 ,23.74 ,23.67 ,23.73 ,23.81 ,23.71 ,23.75 ,23.83 ,23.78 ,23.68 ,23.7 ,23.74 ,23.74 ,23.79 ,23.8 ,23.7 ,23.7 ,23.75 ,23.64 ,23.63 ,23.71 ,23.73 ,23.7 ,23.76 ,23.72 ,23.68 ,23.68 ,23.7 ,23.62 ,23.7 ,23.7 ,23.68 ,23.71 ,23.59 ,23.6 ,23.6 ,23.69 ,23.62 ,23.61 ,23.66 ,23.69 ,23.69 ,23.68 ,23.77 ,23.66 ,23.6 ,23.54 ,23.62 ,23.69 ,23.58 ,23.58 ,23.57 ,23.49 ,23.4 ,23.39 ,23.33 ,23.4 ,23.37 ,23.36 ,23.42 ,23.49 ,23.49 ,23.44 ,23.51 ,23.44 ,23.35 ,23.38 ,23.47 ,23.43 ,23.45 ,23.36 ,23.42 ,23.33 ,23.23 ,23.34 ,23.29 ,23.29 ,23.34 ,23.33 ,23.34 ,23.38 ,23.4 ,23.39 ,23.3 ,23.3 ,23.28 ,23.34 ,23.39 ,23.4 ,23.45 ,23.25 ,23.16 ,23.19 ,23.3 ,23.34 ,23.35 ,23.31 ,23.34 ,23.39 ,23.27 ,23.28 ,23.24 ,23.3 ,23.2 ,23.26 ,23.38 ,23.3 ,23.22 ,23.28 ,23.32 ,23.21 ,23.2 ,23.25 ,23.28 ,23.17 ,23.07 ,23.24 ,23.16 ,23.01 ,22.96 ,23.01 ,23.07 ,23.09 ,23.08 ,23.06 ,23.03 ,23.02 ,22.94 ,23.01 ,22.98 ,23.04 ,22.95 ,23.01 ,23.02 ,23.07 ,22.95 ,22.92 ,23 ,23.12 ,23.03 ,22.98 ,22.94 ,22.89 ,22.92 ,22.99 ,22.8 ,22.75 ,
100,23.29 ,23.18 ,23.28 ,23.38 ,23.4 ,23.38 ,23.41 ,23.5 ,23.46 ,23.43 ,23.4 ,23.5 ,23.48 ,23.44 ,23.4 ,23.37 ,23.33 ,23.26 ,23.16 ,23.1 ,23 ,22.94 ,22.97 ,23 ,22.96 ,23.2 ,23.42 ,23.45 ,23.42 ,23.45 ,23.54 ,23.45 ,23.31 ,23.33 ,23.37 ,23.44 ,23.39 ,23.44 ,23.55 ,23.4 ,23.51 ,23.43 ,23.45 ,23.44 ,23.41 ,23.51 ,23.62 ,23.65 ,23.59 ,23.58 ,23.45 ,23.44 ,23.5 ,23.49 ,23.48 ,23.58 ,23.53 ,23.43 ,23.43 ,23.46 ,23.57 ,23.57 ,23.57 ,23.53 ,23.57 ,23.41 ,23.5 ,23.52 ,23.38 ,23.43 ,23.51 ,23.55 ,23.56 ,23.52 ,23.49 ,23.51 ,23.59 ,23.53 ,23.53 ,23.48 ,23.57 ,23.48 ,23.43 ,23.59 ,23.54 ,23.51 ,23.55 ,23.59 ,23.58 ,23.54 ,23.54 ,23.56 ,23.47 ,23.47 ,23.51 ,23.58 ,23.56 ,23.49 ,23.49 ,23.59 ,23.5 ,23.44 ,23.54 ,23.49 ,23.47 ,23.45 ,23.41 ,23.35 ,23.46 ,23.51 ,23.48 ,23.54 ,23.47 ,23.39 ,23.46 ,23.45 ,23.54 ,23.65 ,23.65 ,23.65 ,23.64 ,23.59 ,23.6 ,23.73 ,23.68 ,23.7 ,23.79 ,23.71 ,23.67 ,23.63 ,23.64 ,23.66 ,23.75 ,23.76 ,23.7 ,23.69 ,23.68 ,23.66 ,23.7 ,23.71 ,23.72 ,23.72 ,23.73 ,23.67 ,23.67 ,23.75 ,23.76 ,23.6 ,23.73 ,23.82 ,23.78 ,23.72 ,23.82 ,23.83 ,23.69 ,23.66 ,23.62 ,23.6 ,23.64 ,23.72 ,23.71 ,23.7 ,23.68 ,23.65 ,23.66 ,23.67 ,23.7 ,23.84 ,23.74 ,23.66 ,23.81 ,23.79 ,23.72 ,23.72 ,23.79 ,23.76 ,23.81 ,23.87 ,23.83 ,23.75 ,23.72 ,23.74 ,23.69 ,23.64 ,23.68 ,23.67 ,23.72 ,23.68 ,23.78 ,23.74 ,23.8 ,23.73 ,23.69 ,23.66 ,23.57 ,23.62 ,23.55 ,23.58 ,23.58 ,23.53 ,23.51 ,23.5 ,23.55 ,23.51 ,23.48 ,23.47 ,23.46 ,23.48 ,23.55 ,23.57 ,23.57 ,23.56 ,23.53 ,23.47 ,23.51 ,23.51 ,23.5 ,23.61 ,23.49 ,23.48 ,23.55 ,23.53 ,23.53 ,23.52 ,23.52 ,23.51 ,23.55 ,23.46 ,23.5 ,23.62 ,23.67 ,23.66 ,23.71 ,23.77 ,23.74 ,23.7 ,23.7 ,23.72 ,23.7 ,23.69 ,23.76 ,23.73 ,23.68 ,23.67 ,23.75 ,23.72 ,23.68 ,23.55 ,23.66 ,23.7 ,23.7 ,23.72 ,23.7 ,23.68 ,23.78 ,23.78 ,23.7 ,23.74 ,23.74 ,23.75 ,23.74 ,23.7 ,23.81 ,23.74 ,23.71 ,23.78 ,23.76 ,23.72 ,23.77 ,23.76 ,23.7 ,23.76 ,23.79 ,23.79 ,23.74 ,23.8 ,23.74 ,23.74 ,23.64 ,23.64 ,23.77 ,23.85 ,23.79 ,23.72 ,23.76 ,23.77 ,23.72 ,23.73 ,23.71 ,23.71 ,23.65 ,23.63 ,23.64 ,23.74 ,23.81 ,23.78 ,23.77 ,23.78 ,23.7 ,23.71 ,23.69 ,23.69 ,23.76 ,23.7 ,23.71 ,23.77 ,23.73 ,23.66 ,23.68 ,23.76 ,23.87 ,23.77 ,23.72 ,23.76 ,23.69 ,23.69 ,23.83 ,23.78 ,23.62 ,23.57 ,23.54 ,23.57 ,23.58 ,23.6 ,23.61 ,23.51 ,23.56 ,23.51 ,23.61 ,23.7 ,23.76 ,23.71 ,23.74 ,23.78 ,23.68 ,23.51 ,23.58 ,23.79 ,23.85 ,23.84 ,23.78 ,23.79 ,23.85 ,23.89 ,23.86 ,23.77 ,23.79 ,23.7 ,23.64 ,23.72 ,23.61 ,23.61 ,23.63 ,23.59 ,23.62 ,23.56 ,23.52 ,23.54 ,23.63 ,23.6 ,23.52 ,23.58 ,23.62 ,23.53 ,23.63 ,23.6 ,23.51 ,23.55 ,23.58 ,23.55 ,23.66 ,23.62 ,23.6 ,23.62 ,23.54 ,23.54 ,23.55 ,23.54 ,23.57 ,23.61 ,23.61 ,23.65 ,23.74 ,23.83 ,23.79 ,23.85 ,23.82 ,23.88 ,23.83 ,23.79 ,23.76 ,23.77 ,23.7 ,23.67 ,23.75 ,23.76 ,23.75 ,23.78 ,23.75 ,23.81 ,23.84 ,23.8 ,23.74 ,23.85 ,23.84 ,23.85 ,23.78 ,23.8 ,23.83 ,23.79 ,23.84 ,23.78 ,23.7 ,23.75 ,23.84 ,23.84 ,23.77 ,23.76 ,23.71 ,23.75 ,23.72 ,23.68 ,23.76 ,23.79 ,23.75 ,23.75 ,23.72 ,23.68 ,23.64 ,23.64 ,23.73 ,23.75 ,23.71 ,23.75 ,23.78 ,23.72 ,23.71 ,23.77 ,23.73 ,23.68 ,23.65 ,23.65 ,23.62 ,23.5 ,23.61 ,23.67 ,23.68 ,23.65 ,23.6 ,23.6 ,23.49 ,23.47 ,23.53 ,23.54 ,23.55 ,23.73 ,23.77 ,23.75 ,23.71 ,23.65 ,23.57 ,23.51 ,23.54 ,23.61 ,23.55 ,23.56 ,23.42 ,23.39 ,23.42 ,23.44 ,23.33 ,23.47 ,23.5 ,23.53 ,23.43 ,23.51 ,23.49 ,23.56 ,23.57 ,23.54 ,23.75 ,23.74 ,23.62 ,23.7 ,23.7 ,23.69 ,23.77 ,23.78 ,23.72 ,23.72 ,23.69 ,23.7 ,23.86 ,23.81 ,23.76 ,23.66 ,23.71 ,23.79 ,23.7 ,23.66 ,23.77 ,23.71 ,23.72 ,23.66 ,23.65 ,23.65 ,23.7 ,23.73 ,23.69 ,23.72 ,23.76 ,23.7 ,23.69 ,23.7 ,23.77 ,23.73 ,23.67 ,23.64 ,23.7 ,23.79 ,23.69 ,23.62 ,23.64 ,23.69 ,23.66 ,23.69 ,23.67 ,23.62 ,23.67 ,23.68 ,23.6 ,23.62 ,23.61 ,23.69 ,23.69 ,23.64 ,23.66 ,23.65 ,23.67 ,23.62 ,23.59 ,23.59 ,23.58 ,23.57 ,23.56 ,23.44 ,23.34 ,23.37 ,23.37 ,23.36 ,23.34 ,23.39 ,23.43 ,23.46 ,23.44 ,23.4 ,23.5 ,23.46 ,23.41 ,23.37 ,23.46 ,23.47 ,23.39 ,23.33 ,23.34 ,23.37 ,23.3 ,23.41 ,23.34 ,23.27 ,23.27 ,23.39 ,23.34 ,23.32 ,23.32 ,23.34 ,23.33 ,23.29 ,23.28 ,23.35 ,23.39 ,23.3 ,23.37 ,23.33 ,23.18 ,23.28 ,23.32 ,23.35 ,23.3 ,23.23 ,23.25 ,23.37 ,23.26 ,23.22 ,23.27 ,23.36 ,23.24 ,23.23 ,23.36 ,23.24 ,23.2 ,23.25 ,23.33 ,23.11 ,23.16 ,23.22 ,23.16 ,23.16 ,23.17 ,23.16 ,23.15 ,23.08 ,23.02 ,23.06 ,23.07 ,22.99 ,23.01 ,23.1 ,23.03 ,22.92 ,22.88 ,23.01 ,23 ,22.99 ,22.94 ,23 ,22.91 ,23.06 ,23.05 ,22.99 ,22.96 ,23.07 ,23.05 ,22.96 ,22.91 ,22.9 ,22.93 ,22.92 ,22.83 ,22.84 ,
101,23.4 ,23.34 ,23.33 ,23.37 ,23.36 ,23.39 ,23.49 ,23.52 ,23.51 ,23.45 ,23.39 ,23.47 ,23.46 ,23.4 ,23.33 ,23.3 ,23.27 ,23.34 ,23.22 ,23.16 ,23.09 ,23 ,22.99 ,22.91 ,23.07 ,23.33 ,23.47 ,23.41 ,23.43 ,23.38 ,23.5 ,23.52 ,23.32 ,23.36 ,23.41 ,23.44 ,23.44 ,23.49 ,23.48 ,23.52 ,23.42 ,23.47 ,23.46 ,23.46 ,23.52 ,23.58 ,23.57 ,23.6 ,23.61 ,23.56 ,23.53 ,23.47 ,23.51 ,23.59 ,23.52 ,23.51 ,23.52 ,23.48 ,23.46 ,23.48 ,23.51 ,23.57 ,23.49 ,23.41 ,23.49 ,23.46 ,23.49 ,23.54 ,23.42 ,23.42 ,23.52 ,23.47 ,23.48 ,23.52 ,23.51 ,23.58 ,23.66 ,23.57 ,23.49 ,23.49 ,23.55 ,23.56 ,23.45 ,23.56 ,23.58 ,23.61 ,23.6 ,23.58 ,23.57 ,23.57 ,23.5 ,23.5 ,23.54 ,23.5 ,23.54 ,23.66 ,23.52 ,23.48 ,23.53 ,23.55 ,23.59 ,23.47 ,23.47 ,23.46 ,23.49 ,23.52 ,23.41 ,23.44 ,23.52 ,23.52 ,23.51 ,23.53 ,23.53 ,23.47 ,23.41 ,23.45 ,23.62 ,23.68 ,23.68 ,23.62 ,23.65 ,23.62 ,23.65 ,23.72 ,23.68 ,23.65 ,23.77 ,23.81 ,23.71 ,23.68 ,23.58 ,23.63 ,23.71 ,23.79 ,23.72 ,23.67 ,23.7 ,23.73 ,23.74 ,23.73 ,23.69 ,23.73 ,23.71 ,23.74 ,23.75 ,23.81 ,23.76 ,23.65 ,23.72 ,23.82 ,23.78 ,23.7 ,23.82 ,23.79 ,23.71 ,23.67 ,23.61 ,23.65 ,23.72 ,23.71 ,23.69 ,23.74 ,23.71 ,23.63 ,23.65 ,23.67 ,23.69 ,23.77 ,23.75 ,23.74 ,23.77 ,23.7 ,23.67 ,23.75 ,23.76 ,23.74 ,23.74 ,23.86 ,23.77 ,23.8 ,23.84 ,23.83 ,23.83 ,23.77 ,23.71 ,23.64 ,23.63 ,23.62 ,23.67 ,23.7 ,23.72 ,23.69 ,23.65 ,23.67 ,23.56 ,23.62 ,23.55 ,23.57 ,23.62 ,23.55 ,23.41 ,23.42 ,23.57 ,23.57 ,23.52 ,23.54 ,23.45 ,23.46 ,23.51 ,23.56 ,23.59 ,23.53 ,23.47 ,23.47 ,23.46 ,23.48 ,23.57 ,23.58 ,23.5 ,23.45 ,23.58 ,23.51 ,23.46 ,23.54 ,23.59 ,23.5 ,23.5 ,23.51 ,23.54 ,23.61 ,23.67 ,23.77 ,23.73 ,23.67 ,23.7 ,23.65 ,23.65 ,23.72 ,23.74 ,23.73 ,23.7 ,23.73 ,23.6 ,23.54 ,23.72 ,23.76 ,23.69 ,23.61 ,23.7 ,23.81 ,23.77 ,23.7 ,23.76 ,23.75 ,23.78 ,23.79 ,23.77 ,23.76 ,23.74 ,23.74 ,23.75 ,23.77 ,23.8 ,23.76 ,23.73 ,23.78 ,23.76 ,23.77 ,23.77 ,23.75 ,23.75 ,23.83 ,23.81 ,23.8 ,23.84 ,23.8 ,23.76 ,23.76 ,23.69 ,23.7 ,23.75 ,23.83 ,23.78 ,23.69 ,23.77 ,23.78 ,23.72 ,23.72 ,23.71 ,23.7 ,23.72 ,23.7 ,23.71 ,23.74 ,23.73 ,23.8 ,23.78 ,23.84 ,23.84 ,23.63 ,23.63 ,23.68 ,23.72 ,23.73 ,23.67 ,23.77 ,23.83 ,23.82 ,23.78 ,23.78 ,23.85 ,23.8 ,23.74 ,23.78 ,23.73 ,23.76 ,23.86 ,23.79 ,23.69 ,23.59 ,23.55 ,23.63 ,23.65 ,23.61 ,23.62 ,23.56 ,23.54 ,23.64 ,23.66 ,23.67 ,23.71 ,23.75 ,23.72 ,23.77 ,23.77 ,23.64 ,23.66 ,23.72 ,23.78 ,23.84 ,23.87 ,23.82 ,23.86 ,23.89 ,23.85 ,23.78 ,23.7 ,23.66 ,23.62 ,23.61 ,23.59 ,23.66 ,23.74 ,23.66 ,23.54 ,23.56 ,23.51 ,23.55 ,23.57 ,23.56 ,23.57 ,23.62 ,23.63 ,23.55 ,23.59 ,23.62 ,23.55 ,23.56 ,23.6 ,23.55 ,23.61 ,23.64 ,23.64 ,23.61 ,23.6 ,23.54 ,23.48 ,23.54 ,23.54 ,23.54 ,23.57 ,23.59 ,23.62 ,23.79 ,23.79 ,23.83 ,23.82 ,23.86 ,23.84 ,23.81 ,23.81 ,23.8 ,23.72 ,23.71 ,23.76 ,23.76 ,23.75 ,23.79 ,23.8 ,23.75 ,23.77 ,23.82 ,23.69 ,23.72 ,23.85 ,23.82 ,23.78 ,23.81 ,23.8 ,23.73 ,23.82 ,23.83 ,23.79 ,23.74 ,23.78 ,23.74 ,23.8 ,23.77 ,23.68 ,23.65 ,23.68 ,23.64 ,23.71 ,23.78 ,23.76 ,23.75 ,23.76 ,23.7 ,23.71 ,23.65 ,23.65 ,23.64 ,23.63 ,23.61 ,23.67 ,23.72 ,23.64 ,23.69 ,23.71 ,23.63 ,23.6 ,23.65 ,23.69 ,23.57 ,23.63 ,23.68 ,23.61 ,23.57 ,23.53 ,23.58 ,23.51 ,23.61 ,23.66 ,23.67 ,23.67 ,23.73 ,23.74 ,23.64 ,23.61 ,23.67 ,23.56 ,23.49 ,23.54 ,23.58 ,23.62 ,23.54 ,23.47 ,23.36 ,23.39 ,23.44 ,23.37 ,23.46 ,23.48 ,23.47 ,23.4 ,23.41 ,23.43 ,23.51 ,23.57 ,23.62 ,23.68 ,23.7 ,23.62 ,23.68 ,23.73 ,23.76 ,23.77 ,23.73 ,23.73 ,23.65 ,23.67 ,23.76 ,23.83 ,23.82 ,23.72 ,23.64 ,23.66 ,23.75 ,23.66 ,23.63 ,23.75 ,23.72 ,23.64 ,23.61 ,23.59 ,23.7 ,23.69 ,23.69 ,23.67 ,23.66 ,23.65 ,23.66 ,23.7 ,23.75 ,23.74 ,23.71 ,23.64 ,23.65 ,23.6 ,23.67 ,23.67 ,23.66 ,23.65 ,23.66 ,23.7 ,23.72 ,23.75 ,23.67 ,23.62 ,23.71 ,23.64 ,23.65 ,23.6 ,23.7 ,23.7 ,23.69 ,23.75 ,23.63 ,23.64 ,23.59 ,23.59 ,23.61 ,23.5 ,23.55 ,23.57 ,23.52 ,23.26 ,23.3 ,23.39 ,23.43 ,23.42 ,23.39 ,23.47 ,23.48 ,23.48 ,23.48 ,23.48 ,23.46 ,23.39 ,23.42 ,23.44 ,23.43 ,23.34 ,23.3 ,23.37 ,23.31 ,23.33 ,23.33 ,23.34 ,23.32 ,23.25 ,23.44 ,23.29 ,23.31 ,23.48 ,23.42 ,23.25 ,23.3 ,23.33 ,23.36 ,23.28 ,23.27 ,23.35 ,23.4 ,23.34 ,23.33 ,23.43 ,23.28 ,23.22 ,23.22 ,23.24 ,23.34 ,23.28 ,23.27 ,23.22 ,23.25 ,23.23 ,23.27 ,23.21 ,23.15 ,23.31 ,23.29 ,23.38 ,23.24 ,23.12 ,23.15 ,23.12 ,23.07 ,23.13 ,23.19 ,23.12 ,23.11 ,23.08 ,23.11 ,23.02 ,23.09 ,23.1 ,23.06 ,23.14 ,22.94 ,22.95 ,23.01 ,23.1 ,23.06 ,22.96 ,22.93 ,22.9 ,23.07 ,23.09 ,23.06 ,23 ,23.1 ,23.1 ,22.99 ,23 ,22.96 ,22.96 ,22.94 ,22.82 ,22.82 ,
102,23.33 ,23.35 ,23.39 ,23.35 ,23.35 ,23.35 ,23.48 ,23.5 ,23.45 ,23.41 ,23.37 ,23.49 ,23.55 ,23.43 ,23.36 ,23.31 ,23.3 ,23.29 ,23.25 ,23.21 ,23.14 ,23.1 ,23.09 ,23.03 ,23.14 ,23.32 ,23.49 ,23.42 ,23.43 ,23.44 ,23.44 ,23.48 ,23.4 ,23.4 ,23.36 ,23.38 ,23.38 ,23.47 ,23.56 ,23.54 ,23.57 ,23.53 ,23.51 ,23.45 ,23.5 ,23.54 ,23.53 ,23.55 ,23.48 ,23.47 ,23.44 ,23.43 ,23.55 ,23.54 ,23.48 ,23.55 ,23.54 ,23.5 ,23.45 ,23.46 ,23.44 ,23.46 ,23.44 ,23.4 ,23.53 ,23.47 ,23.53 ,23.53 ,23.48 ,23.46 ,23.49 ,23.48 ,23.49 ,23.59 ,23.59 ,23.6 ,23.61 ,23.59 ,23.46 ,23.52 ,23.56 ,23.55 ,23.48 ,23.55 ,23.57 ,23.62 ,23.61 ,23.57 ,23.6 ,23.58 ,23.54 ,23.6 ,23.63 ,23.58 ,23.54 ,23.57 ,23.5 ,23.44 ,23.51 ,23.56 ,23.55 ,23.54 ,23.57 ,23.48 ,23.44 ,23.48 ,23.48 ,23.43 ,23.45 ,23.43 ,23.41 ,23.45 ,23.49 ,23.45 ,23.49 ,23.49 ,23.63 ,23.67 ,23.7 ,23.68 ,23.69 ,23.62 ,23.64 ,23.65 ,23.72 ,23.74 ,23.73 ,23.75 ,23.66 ,23.63 ,23.66 ,23.71 ,23.63 ,23.64 ,23.7 ,23.7 ,23.68 ,23.72 ,23.73 ,23.8 ,23.69 ,23.68 ,23.72 ,23.68 ,23.83 ,23.86 ,23.76 ,23.74 ,23.76 ,23.78 ,23.75 ,23.69 ,23.68 ,23.75 ,23.8 ,23.72 ,23.64 ,23.62 ,23.71 ,23.78 ,23.68 ,23.71 ,23.68 ,23.67 ,23.66 ,23.7 ,23.76 ,23.73 ,23.71 ,23.71 ,23.72 ,23.62 ,23.6 ,23.7 ,23.7 ,23.64 ,23.67 ,23.72 ,23.68 ,23.73 ,23.84 ,23.84 ,23.83 ,23.82 ,23.77 ,23.76 ,23.69 ,23.6 ,23.6 ,23.62 ,23.66 ,23.66 ,23.65 ,23.66 ,23.61 ,23.55 ,23.49 ,23.45 ,23.48 ,23.48 ,23.51 ,23.54 ,23.52 ,23.5 ,23.55 ,23.63 ,23.59 ,23.49 ,23.49 ,23.5 ,23.55 ,23.47 ,23.5 ,23.57 ,23.52 ,23.51 ,23.62 ,23.57 ,23.52 ,23.47 ,23.55 ,23.51 ,23.5 ,23.54 ,23.59 ,23.57 ,23.51 ,23.53 ,23.55 ,23.59 ,23.7 ,23.66 ,23.73 ,23.72 ,23.72 ,23.79 ,23.74 ,23.73 ,23.74 ,23.75 ,23.75 ,23.74 ,23.74 ,23.62 ,23.71 ,23.78 ,23.73 ,23.66 ,23.65 ,23.77 ,23.79 ,23.67 ,23.71 ,23.76 ,23.75 ,23.8 ,23.74 ,23.74 ,23.65 ,23.76 ,23.84 ,23.78 ,23.76 ,23.77 ,23.75 ,23.76 ,23.71 ,23.83 ,23.84 ,23.81 ,23.78 ,23.79 ,23.8 ,23.8 ,23.85 ,23.86 ,23.77 ,23.78 ,23.7 ,23.72 ,23.79 ,23.73 ,23.67 ,23.71 ,23.7 ,23.75 ,23.81 ,23.67 ,23.63 ,23.66 ,23.7 ,23.65 ,23.67 ,23.68 ,23.71 ,23.82 ,23.79 ,23.83 ,23.85 ,23.72 ,23.61 ,23.73 ,23.75 ,23.77 ,23.74 ,23.77 ,23.81 ,23.83 ,23.81 ,23.81 ,23.85 ,23.82 ,23.8 ,23.84 ,23.77 ,23.8 ,23.89 ,23.86 ,23.76 ,23.65 ,23.58 ,23.62 ,23.65 ,23.62 ,23.66 ,23.58 ,23.63 ,23.67 ,23.75 ,23.71 ,23.74 ,23.76 ,23.76 ,23.71 ,23.8 ,23.73 ,23.69 ,23.64 ,23.74 ,23.82 ,23.88 ,23.87 ,23.84 ,23.83 ,23.74 ,23.66 ,23.67 ,23.64 ,23.57 ,23.59 ,23.51 ,23.63 ,23.71 ,23.72 ,23.6 ,23.57 ,23.59 ,23.61 ,23.55 ,23.59 ,23.62 ,23.61 ,23.63 ,23.6 ,23.64 ,23.64 ,23.58 ,23.66 ,23.69 ,23.63 ,23.65 ,23.67 ,23.6 ,23.61 ,23.53 ,23.61 ,23.48 ,23.47 ,23.59 ,23.62 ,23.57 ,23.58 ,23.59 ,23.72 ,23.82 ,23.84 ,23.82 ,23.83 ,23.79 ,23.77 ,23.76 ,23.81 ,23.79 ,23.71 ,23.78 ,23.79 ,23.85 ,23.8 ,23.83 ,23.74 ,23.77 ,23.85 ,23.75 ,23.69 ,23.77 ,23.83 ,23.8 ,23.85 ,23.84 ,23.8 ,23.85 ,23.79 ,23.77 ,23.85 ,23.76 ,23.74 ,23.81 ,23.79 ,23.7 ,23.68 ,23.72 ,23.7 ,23.73 ,23.82 ,23.72 ,23.7 ,23.76 ,23.78 ,23.69 ,23.72 ,23.65 ,23.64 ,23.57 ,23.6 ,23.56 ,23.66 ,23.74 ,23.62 ,23.6 ,23.6 ,23.57 ,23.55 ,23.55 ,23.53 ,23.61 ,23.66 ,23.49 ,23.49 ,23.54 ,23.57 ,23.62 ,23.73 ,23.85 ,23.76 ,23.63 ,23.67 ,23.63 ,23.6 ,23.62 ,23.67 ,23.62 ,23.64 ,23.63 ,23.61 ,23.57 ,23.51 ,23.46 ,23.42 ,23.4 ,23.37 ,23.41 ,23.47 ,23.54 ,23.57 ,23.51 ,23.44 ,23.46 ,23.45 ,23.56 ,23.65 ,23.63 ,23.71 ,23.72 ,23.7 ,23.63 ,23.72 ,23.81 ,23.72 ,23.69 ,23.74 ,23.73 ,23.77 ,23.78 ,23.77 ,23.66 ,23.7 ,23.66 ,23.7 ,23.73 ,23.68 ,23.75 ,23.73 ,23.64 ,23.59 ,23.65 ,23.73 ,23.7 ,23.73 ,23.71 ,23.69 ,23.57 ,23.52 ,23.61 ,23.75 ,23.71 ,23.6 ,23.63 ,23.72 ,23.65 ,23.69 ,23.68 ,23.68 ,23.63 ,23.68 ,23.69 ,23.66 ,23.7 ,23.69 ,23.6 ,23.69 ,23.67 ,23.74 ,23.68 ,23.74 ,23.73 ,23.66 ,23.79 ,23.66 ,23.54 ,23.55 ,23.56 ,23.56 ,23.62 ,23.54 ,23.62 ,23.59 ,23.4 ,23.32 ,23.37 ,23.43 ,23.41 ,23.41 ,23.43 ,23.44 ,23.49 ,23.51 ,23.43 ,23.35 ,23.34 ,23.4 ,23.47 ,23.48 ,23.31 ,23.31 ,23.44 ,23.28 ,23.27 ,23.32 ,23.32 ,23.33 ,23.25 ,23.32 ,23.36 ,23.37 ,23.43 ,23.45 ,23.26 ,23.14 ,23.32 ,23.34 ,23.24 ,23.27 ,23.29 ,23.38 ,23.34 ,23.32 ,23.4 ,23.28 ,23.21 ,23.23 ,23.31 ,23.29 ,23.31 ,23.32 ,23.28 ,23.24 ,23.22 ,23.23 ,23.24 ,23.18 ,23.25 ,23.3 ,23.34 ,23.29 ,23.25 ,23.12 ,23.19 ,23.1 ,23.03 ,23.15 ,23.15 ,23.1 ,23.09 ,23.1 ,23.01 ,23.09 ,23.11 ,22.99 ,23.05 ,23 ,22.96 ,23.03 ,23.15 ,23.08 ,22.9 ,22.99 ,22.93 ,23 ,22.95 ,22.99 ,23.07 ,23.09 ,23.07 ,23.06 ,22.91 ,22.99 ,22.93 ,22.98 ,22.94 ,22.92 ,
103,23.29 ,23.33 ,23.47 ,23.45 ,23.42 ,23.36 ,23.48 ,23.44 ,23.46 ,23.51 ,23.38 ,23.49 ,23.54 ,23.39 ,23.35 ,23.32 ,23.28 ,23.24 ,23.22 ,23.17 ,23.15 ,23.12 ,23.09 ,23.12 ,23.19 ,23.29 ,23.44 ,23.44 ,23.38 ,23.39 ,23.45 ,23.44 ,23.39 ,23.34 ,23.37 ,23.4 ,23.42 ,23.47 ,23.61 ,23.55 ,23.56 ,23.63 ,23.58 ,23.57 ,23.55 ,23.55 ,23.6 ,23.6 ,23.53 ,23.45 ,23.44 ,23.46 ,23.59 ,23.53 ,23.54 ,23.63 ,23.52 ,23.52 ,23.57 ,23.55 ,23.62 ,23.46 ,23.44 ,23.46 ,23.48 ,23.54 ,23.53 ,23.48 ,23.47 ,23.45 ,23.5 ,23.52 ,23.55 ,23.6 ,23.62 ,23.6 ,23.64 ,23.6 ,23.49 ,23.49 ,23.52 ,23.52 ,23.51 ,23.56 ,23.58 ,23.57 ,23.6 ,23.59 ,23.6 ,23.6 ,23.61 ,23.56 ,23.52 ,23.54 ,23.52 ,23.5 ,23.51 ,23.48 ,23.47 ,23.56 ,23.51 ,23.46 ,23.5 ,23.46 ,23.44 ,23.46 ,23.55 ,23.48 ,23.41 ,23.4 ,23.38 ,23.41 ,23.53 ,23.49 ,23.49 ,23.62 ,23.66 ,23.61 ,23.74 ,23.71 ,23.73 ,23.7 ,23.64 ,23.61 ,23.7 ,23.73 ,23.73 ,23.78 ,23.72 ,23.63 ,23.64 ,23.79 ,23.68 ,23.67 ,23.69 ,23.72 ,23.69 ,23.69 ,23.76 ,23.77 ,23.68 ,23.63 ,23.72 ,23.63 ,23.77 ,23.81 ,23.72 ,23.76 ,23.84 ,23.8 ,23.72 ,23.68 ,23.71 ,23.76 ,23.78 ,23.79 ,23.72 ,23.74 ,23.75 ,23.82 ,23.72 ,23.71 ,23.72 ,23.69 ,23.72 ,23.72 ,23.76 ,23.8 ,23.66 ,23.7 ,23.77 ,23.71 ,23.65 ,23.7 ,23.73 ,23.67 ,23.69 ,23.74 ,23.71 ,23.67 ,23.75 ,23.74 ,23.81 ,23.79 ,23.77 ,23.81 ,23.76 ,23.63 ,23.6 ,23.58 ,23.67 ,23.63 ,23.65 ,23.64 ,23.57 ,23.57 ,23.47 ,23.46 ,23.5 ,23.44 ,23.5 ,23.55 ,23.52 ,23.46 ,23.48 ,23.59 ,23.6 ,23.48 ,23.53 ,23.56 ,23.56 ,23.56 ,23.51 ,23.57 ,23.58 ,23.56 ,23.58 ,23.57 ,23.55 ,23.62 ,23.54 ,23.54 ,23.64 ,23.66 ,23.61 ,23.57 ,23.56 ,23.51 ,23.54 ,23.57 ,23.68 ,23.61 ,23.66 ,23.7 ,23.71 ,23.8 ,23.81 ,23.74 ,23.78 ,23.74 ,23.79 ,23.8 ,23.78 ,23.68 ,23.66 ,23.72 ,23.81 ,23.7 ,23.59 ,23.69 ,23.83 ,23.74 ,23.71 ,23.77 ,23.77 ,23.72 ,23.7 ,23.66 ,23.69 ,23.86 ,23.88 ,23.81 ,23.76 ,23.75 ,23.83 ,23.79 ,23.63 ,23.85 ,23.94 ,23.86 ,23.77 ,23.81 ,23.8 ,23.86 ,23.92 ,23.87 ,23.86 ,23.8 ,23.72 ,23.75 ,23.73 ,23.68 ,23.68 ,23.73 ,23.69 ,23.68 ,23.75 ,23.74 ,23.74 ,23.71 ,23.73 ,23.73 ,23.62 ,23.63 ,23.68 ,23.71 ,23.79 ,23.8 ,23.82 ,23.75 ,23.76 ,23.81 ,23.84 ,23.75 ,23.83 ,23.82 ,23.82 ,23.83 ,23.88 ,23.89 ,23.86 ,23.82 ,23.71 ,23.77 ,23.72 ,23.74 ,23.85 ,23.83 ,23.83 ,23.78 ,23.61 ,23.62 ,23.62 ,23.56 ,23.67 ,23.62 ,23.66 ,23.7 ,23.69 ,23.77 ,23.77 ,23.69 ,23.72 ,23.68 ,23.76 ,23.76 ,23.75 ,23.72 ,23.69 ,23.8 ,23.86 ,23.84 ,23.8 ,23.77 ,23.72 ,23.58 ,23.56 ,23.64 ,23.53 ,23.57 ,23.61 ,23.58 ,23.6 ,23.62 ,23.61 ,23.6 ,23.54 ,23.6 ,23.57 ,23.59 ,23.61 ,23.55 ,23.59 ,23.64 ,23.64 ,23.55 ,23.59 ,23.65 ,23.63 ,23.68 ,23.67 ,23.71 ,23.63 ,23.59 ,23.5 ,23.56 ,23.62 ,23.56 ,23.69 ,23.63 ,23.54 ,23.56 ,23.55 ,23.67 ,23.78 ,23.84 ,23.81 ,23.85 ,23.8 ,23.85 ,23.8 ,23.79 ,23.76 ,23.76 ,23.78 ,23.82 ,23.83 ,23.76 ,23.8 ,23.76 ,23.76 ,23.85 ,23.84 ,23.81 ,23.74 ,23.76 ,23.78 ,23.87 ,23.91 ,23.91 ,23.91 ,23.75 ,23.78 ,23.82 ,23.81 ,23.8 ,23.83 ,23.77 ,23.79 ,23.76 ,23.79 ,23.74 ,23.68 ,23.76 ,23.75 ,23.74 ,23.73 ,23.74 ,23.73 ,23.75 ,23.76 ,23.63 ,23.61 ,23.61 ,23.56 ,23.6 ,23.74 ,23.71 ,23.58 ,23.69 ,23.66 ,23.59 ,23.5 ,23.47 ,23.54 ,23.63 ,23.53 ,23.48 ,23.61 ,23.73 ,23.68 ,23.74 ,23.79 ,23.7 ,23.54 ,23.6 ,23.53 ,23.58 ,23.63 ,23.65 ,23.69 ,23.68 ,23.67 ,23.58 ,23.52 ,23.56 ,23.47 ,23.43 ,23.41 ,23.48 ,23.37 ,23.48 ,23.62 ,23.63 ,23.56 ,23.48 ,23.47 ,23.46 ,23.52 ,23.66 ,23.68 ,23.67 ,23.68 ,23.69 ,23.62 ,23.64 ,23.69 ,23.72 ,23.66 ,23.71 ,23.75 ,23.77 ,23.72 ,23.72 ,23.74 ,23.71 ,23.63 ,23.65 ,23.77 ,23.76 ,23.73 ,23.69 ,23.72 ,23.67 ,23.74 ,23.75 ,23.71 ,23.76 ,23.8 ,23.67 ,23.64 ,23.58 ,23.67 ,23.74 ,23.75 ,23.66 ,23.66 ,23.63 ,23.72 ,23.79 ,23.73 ,23.74 ,23.64 ,23.65 ,23.67 ,23.68 ,23.7 ,23.71 ,23.72 ,23.72 ,23.6 ,23.66 ,23.75 ,23.72 ,23.7 ,23.75 ,23.86 ,23.74 ,23.65 ,23.54 ,23.55 ,23.5 ,23.58 ,23.66 ,23.62 ,23.53 ,23.43 ,23.4 ,23.37 ,23.38 ,23.38 ,23.41 ,23.44 ,23.43 ,23.46 ,23.44 ,23.42 ,23.35 ,23.34 ,23.44 ,23.5 ,23.46 ,23.33 ,23.29 ,23.5 ,23.36 ,23.33 ,23.37 ,23.25 ,23.28 ,23.22 ,23.37 ,23.45 ,23.4 ,23.4 ,23.33 ,23.33 ,23.25 ,23.34 ,23.33 ,23.27 ,23.28 ,23.31 ,23.3 ,23.39 ,23.45 ,23.45 ,23.38 ,23.28 ,23.29 ,23.26 ,23.32 ,23.32 ,23.32 ,23.34 ,23.32 ,23.19 ,23.18 ,23.31 ,23.18 ,23.23 ,23.24 ,23.3 ,23.28 ,23.2 ,23.22 ,23.13 ,23.11 ,23.21 ,23.24 ,23.12 ,23.09 ,23.08 ,23.06 ,22.98 ,23.04 ,23.09 ,22.94 ,22.93 ,23.02 ,22.99 ,23.08 ,23.1 ,23.07 ,22.89 ,22.92 ,23.03 ,22.99 ,22.8 ,22.86 ,22.9 ,23.01 ,23.01 ,22.96 ,22.87 ,22.95 ,22.97 ,22.92 ,22.85 ,22.89 ,
104,23.32 ,23.4 ,23.51 ,23.48 ,23.42 ,23.38 ,23.44 ,23.39 ,23.45 ,23.51 ,23.47 ,23.36 ,23.42 ,23.34 ,23.27 ,23.32 ,23.23 ,23.25 ,23.21 ,23.12 ,23.2 ,23.16 ,23.18 ,23.23 ,23.34 ,23.36 ,23.45 ,23.45 ,23.43 ,23.41 ,23.45 ,23.4 ,23.35 ,23.38 ,23.39 ,23.38 ,23.41 ,23.6 ,23.57 ,23.5 ,23.52 ,23.56 ,23.56 ,23.49 ,23.51 ,23.56 ,23.59 ,23.59 ,23.62 ,23.55 ,23.42 ,23.5 ,23.5 ,23.5 ,23.49 ,23.57 ,23.56 ,23.46 ,23.51 ,23.51 ,23.59 ,23.57 ,23.46 ,23.44 ,23.42 ,23.41 ,23.47 ,23.5 ,23.46 ,23.41 ,23.45 ,23.59 ,23.61 ,23.55 ,23.57 ,23.56 ,23.59 ,23.62 ,23.52 ,23.5 ,23.49 ,23.52 ,23.5 ,23.53 ,23.59 ,23.53 ,23.56 ,23.6 ,23.55 ,23.6 ,23.58 ,23.53 ,23.5 ,23.53 ,23.57 ,23.52 ,23.51 ,23.45 ,23.55 ,23.54 ,23.49 ,23.45 ,23.44 ,23.45 ,23.46 ,23.46 ,23.51 ,23.4 ,23.44 ,23.43 ,23.38 ,23.43 ,23.49 ,23.53 ,23.5 ,23.56 ,23.62 ,23.55 ,23.69 ,23.71 ,23.68 ,23.65 ,23.68 ,23.68 ,23.68 ,23.7 ,23.69 ,23.77 ,23.78 ,23.67 ,23.61 ,23.77 ,23.73 ,23.67 ,23.64 ,23.72 ,23.68 ,23.67 ,23.72 ,23.8 ,23.65 ,23.59 ,23.68 ,23.68 ,23.65 ,23.69 ,23.68 ,23.75 ,23.74 ,23.75 ,23.72 ,23.73 ,23.77 ,23.74 ,23.75 ,23.71 ,23.75 ,23.78 ,23.77 ,23.79 ,23.76 ,23.71 ,23.76 ,23.72 ,23.71 ,23.73 ,23.73 ,23.76 ,23.75 ,23.73 ,23.81 ,23.74 ,23.69 ,23.69 ,23.78 ,23.69 ,23.72 ,23.69 ,23.74 ,23.69 ,23.72 ,23.65 ,23.74 ,23.73 ,23.77 ,23.74 ,23.69 ,23.67 ,23.64 ,23.61 ,23.67 ,23.63 ,23.56 ,23.59 ,23.63 ,23.47 ,23.43 ,23.48 ,23.48 ,23.45 ,23.45 ,23.5 ,23.5 ,23.52 ,23.47 ,23.55 ,23.51 ,23.46 ,23.55 ,23.59 ,23.58 ,23.54 ,23.51 ,23.54 ,23.52 ,23.51 ,23.54 ,23.55 ,23.55 ,23.57 ,23.62 ,23.58 ,23.6 ,23.59 ,23.64 ,23.6 ,23.54 ,23.49 ,23.47 ,23.54 ,23.55 ,23.61 ,23.67 ,23.6 ,23.57 ,23.68 ,23.75 ,23.69 ,23.78 ,23.77 ,23.74 ,23.88 ,23.85 ,23.66 ,23.63 ,23.65 ,23.67 ,23.66 ,23.6 ,23.67 ,23.81 ,23.82 ,23.84 ,23.75 ,23.74 ,23.75 ,23.76 ,23.75 ,23.72 ,23.86 ,23.88 ,23.82 ,23.81 ,23.71 ,23.79 ,23.77 ,23.74 ,23.83 ,23.92 ,23.84 ,23.76 ,23.82 ,23.81 ,23.93 ,23.9 ,23.76 ,23.85 ,23.82 ,23.75 ,23.76 ,23.69 ,23.64 ,23.64 ,23.73 ,23.7 ,23.75 ,23.73 ,23.73 ,23.69 ,23.71 ,23.74 ,23.76 ,23.65 ,23.62 ,23.64 ,23.71 ,23.79 ,23.81 ,23.82 ,23.73 ,23.74 ,23.84 ,23.86 ,23.84 ,23.84 ,23.89 ,23.83 ,23.8 ,23.82 ,23.93 ,23.9 ,23.8 ,23.72 ,23.75 ,23.76 ,23.76 ,23.79 ,23.8 ,23.77 ,23.77 ,23.64 ,23.65 ,23.65 ,23.57 ,23.57 ,23.59 ,23.65 ,23.68 ,23.64 ,23.65 ,23.75 ,23.68 ,23.77 ,23.81 ,23.87 ,23.78 ,23.75 ,23.77 ,23.67 ,23.65 ,23.76 ,23.79 ,23.72 ,23.67 ,23.67 ,23.55 ,23.45 ,23.56 ,23.61 ,23.63 ,23.6 ,23.51 ,23.57 ,23.58 ,23.57 ,23.6 ,23.55 ,23.53 ,23.51 ,23.54 ,23.6 ,23.56 ,23.61 ,23.53 ,23.58 ,23.53 ,23.55 ,23.63 ,23.55 ,23.59 ,23.66 ,23.59 ,23.65 ,23.65 ,23.5 ,23.56 ,23.57 ,23.57 ,23.59 ,23.56 ,23.58 ,23.52 ,23.49 ,23.63 ,23.68 ,23.72 ,23.79 ,23.84 ,23.76 ,23.82 ,23.79 ,23.79 ,23.79 ,23.82 ,23.77 ,23.79 ,23.82 ,23.77 ,23.73 ,23.77 ,23.74 ,23.84 ,23.84 ,23.88 ,23.75 ,23.74 ,23.74 ,23.71 ,23.75 ,23.75 ,23.89 ,23.79 ,23.79 ,23.88 ,23.76 ,23.79 ,23.83 ,23.81 ,23.78 ,23.76 ,23.81 ,23.83 ,23.7 ,23.67 ,23.65 ,23.68 ,23.74 ,23.76 ,23.77 ,23.82 ,23.74 ,23.72 ,23.8 ,23.75 ,23.69 ,23.76 ,23.74 ,23.69 ,23.68 ,23.66 ,23.67 ,23.69 ,23.61 ,23.54 ,23.6 ,23.76 ,23.74 ,23.65 ,23.6 ,23.68 ,23.65 ,23.69 ,23.74 ,23.67 ,23.57 ,23.51 ,23.57 ,23.51 ,23.6 ,23.66 ,23.7 ,23.7 ,23.72 ,23.64 ,23.54 ,23.5 ,23.48 ,23.39 ,23.42 ,23.43 ,23.43 ,23.47 ,23.53 ,23.56 ,23.53 ,23.48 ,23.44 ,23.46 ,23.51 ,23.61 ,23.67 ,23.71 ,23.65 ,23.71 ,23.69 ,23.73 ,23.72 ,23.67 ,23.7 ,23.75 ,23.71 ,23.76 ,23.75 ,23.73 ,23.68 ,23.69 ,23.64 ,23.59 ,23.65 ,23.73 ,23.71 ,23.64 ,23.67 ,23.73 ,23.72 ,23.77 ,23.75 ,23.77 ,23.71 ,23.62 ,23.59 ,23.68 ,23.73 ,23.75 ,23.77 ,23.7 ,23.68 ,23.62 ,23.62 ,23.7 ,23.72 ,23.76 ,23.66 ,23.59 ,23.66 ,23.69 ,23.59 ,23.62 ,23.69 ,23.69 ,23.62 ,23.59 ,23.65 ,23.75 ,23.66 ,23.66 ,23.74 ,23.75 ,23.6 ,23.58 ,23.56 ,23.52 ,23.55 ,23.63 ,23.72 ,23.46 ,23.4 ,23.42 ,23.41 ,23.4 ,23.44 ,23.46 ,23.47 ,23.36 ,23.41 ,23.45 ,23.49 ,23.55 ,23.47 ,23.46 ,23.49 ,23.43 ,23.39 ,23.26 ,23.36 ,23.38 ,23.35 ,23.4 ,23.33 ,23.27 ,23.23 ,23.35 ,23.4 ,23.36 ,23.38 ,23.34 ,23.18 ,23.22 ,23.35 ,23.3 ,23.29 ,23.33 ,23.37 ,23.34 ,23.37 ,23.44 ,23.42 ,23.23 ,23.26 ,23.3 ,23.3 ,23.37 ,23.33 ,23.31 ,23.35 ,23.31 ,23.29 ,23.22 ,23.28 ,23.23 ,23.32 ,23.26 ,23.26 ,23.22 ,23.11 ,23.24 ,23.14 ,23.06 ,23.12 ,23.22 ,23.09 ,23 ,22.98 ,23.06 ,22.99 ,23.08 ,23.16 ,23 ,22.88 ,22.95 ,23.06 ,23.12 ,23.15 ,23.03 ,22.99 ,22.96 ,23 ,22.99 ,22.85 ,22.84 ,22.89 ,22.89 ,23.03 ,22.94 ,22.86 ,22.96 ,23.02 ,22.94 ,22.87 ,22.88 ,
105,23.39 ,23.44 ,23.53 ,23.44 ,23.41 ,23.42 ,23.47 ,23.42 ,23.44 ,23.46 ,23.45 ,23.36 ,23.3 ,23.29 ,23.28 ,23.28 ,23.26 ,23.29 ,23.31 ,23.27 ,23.27 ,23.29 ,23.33 ,23.34 ,23.35 ,23.44 ,23.52 ,23.46 ,23.37 ,23.51 ,23.54 ,23.47 ,23.39 ,23.37 ,23.41 ,23.39 ,23.37 ,23.51 ,23.61 ,23.48 ,23.51 ,23.49 ,23.51 ,23.42 ,23.43 ,23.46 ,23.45 ,23.49 ,23.56 ,23.64 ,23.47 ,23.41 ,23.55 ,23.5 ,23.52 ,23.48 ,23.47 ,23.44 ,23.39 ,23.46 ,23.51 ,23.5 ,23.54 ,23.5 ,23.43 ,23.42 ,23.54 ,23.47 ,23.47 ,23.51 ,23.48 ,23.52 ,23.59 ,23.51 ,23.48 ,23.61 ,23.56 ,23.6 ,23.58 ,23.46 ,23.51 ,23.55 ,23.5 ,23.56 ,23.57 ,23.58 ,23.53 ,23.57 ,23.57 ,23.53 ,23.55 ,23.5 ,23.59 ,23.62 ,23.58 ,23.55 ,23.52 ,23.43 ,23.45 ,23.48 ,23.44 ,23.53 ,23.45 ,23.37 ,23.38 ,23.44 ,23.43 ,23.4 ,23.44 ,23.38 ,23.36 ,23.41 ,23.46 ,23.53 ,23.52 ,23.53 ,23.57 ,23.56 ,23.64 ,23.71 ,23.7 ,23.66 ,23.61 ,23.8 ,23.73 ,23.65 ,23.65 ,23.7 ,23.74 ,23.7 ,23.65 ,23.67 ,23.73 ,23.62 ,23.62 ,23.64 ,23.73 ,23.73 ,23.73 ,23.77 ,23.67 ,23.6 ,23.66 ,23.69 ,23.71 ,23.7 ,23.71 ,23.73 ,23.7 ,23.71 ,23.68 ,23.75 ,23.75 ,23.7 ,23.69 ,23.67 ,23.7 ,23.71 ,23.72 ,23.82 ,23.78 ,23.66 ,23.62 ,23.76 ,23.77 ,23.78 ,23.81 ,23.78 ,23.72 ,23.76 ,23.81 ,23.72 ,23.67 ,23.68 ,23.69 ,23.71 ,23.65 ,23.66 ,23.73 ,23.66 ,23.68 ,23.67 ,23.67 ,23.65 ,23.69 ,23.73 ,23.72 ,23.64 ,23.62 ,23.64 ,23.7 ,23.6 ,23.61 ,23.61 ,23.66 ,23.54 ,23.41 ,23.49 ,23.5 ,23.49 ,23.55 ,23.51 ,23.48 ,23.47 ,23.5 ,23.55 ,23.53 ,23.45 ,23.51 ,23.58 ,23.6 ,23.62 ,23.5 ,23.48 ,23.45 ,23.53 ,23.56 ,23.57 ,23.53 ,23.54 ,23.62 ,23.48 ,23.46 ,23.49 ,23.56 ,23.63 ,23.57 ,23.55 ,23.49 ,23.55 ,23.59 ,23.55 ,23.6 ,23.48 ,23.54 ,23.68 ,23.75 ,23.73 ,23.75 ,23.72 ,23.73 ,23.79 ,23.78 ,23.64 ,23.69 ,23.68 ,23.62 ,23.64 ,23.59 ,23.69 ,23.79 ,23.8 ,23.85 ,23.85 ,23.85 ,23.78 ,23.76 ,23.8 ,23.69 ,23.81 ,23.8 ,23.83 ,23.87 ,23.79 ,23.79 ,23.79 ,23.76 ,23.76 ,23.79 ,23.84 ,23.77 ,23.76 ,23.84 ,23.98 ,23.91 ,23.82 ,23.85 ,23.83 ,23.74 ,23.75 ,23.67 ,23.68 ,23.66 ,23.7 ,23.75 ,23.68 ,23.66 ,23.66 ,23.57 ,23.71 ,23.74 ,23.72 ,23.69 ,23.72 ,23.75 ,23.73 ,23.75 ,23.81 ,23.77 ,23.75 ,23.75 ,23.78 ,23.9 ,23.88 ,23.83 ,23.86 ,23.86 ,23.84 ,23.85 ,23.72 ,23.75 ,23.79 ,23.78 ,23.74 ,23.77 ,23.78 ,23.79 ,23.8 ,23.81 ,23.79 ,23.7 ,23.64 ,23.66 ,23.59 ,23.54 ,23.5 ,23.57 ,23.64 ,23.65 ,23.72 ,23.85 ,23.81 ,23.86 ,23.91 ,23.88 ,23.8 ,23.74 ,23.76 ,23.69 ,23.63 ,23.64 ,23.71 ,23.69 ,23.59 ,23.59 ,23.59 ,23.53 ,23.52 ,23.6 ,23.68 ,23.61 ,23.54 ,23.55 ,23.64 ,23.62 ,23.61 ,23.59 ,23.6 ,23.52 ,23.61 ,23.66 ,23.61 ,23.58 ,23.5 ,23.52 ,23.56 ,23.54 ,23.52 ,23.58 ,23.61 ,23.61 ,23.56 ,23.61 ,23.68 ,23.6 ,23.58 ,23.56 ,23.5 ,23.57 ,23.57 ,23.56 ,23.52 ,23.52 ,23.67 ,23.6 ,23.66 ,23.78 ,23.87 ,23.76 ,23.7 ,23.76 ,23.77 ,23.77 ,23.81 ,23.82 ,23.79 ,23.81 ,23.84 ,23.8 ,23.79 ,23.79 ,23.83 ,23.85 ,23.84 ,23.83 ,23.77 ,23.71 ,23.66 ,23.74 ,23.74 ,23.8 ,23.81 ,23.73 ,23.75 ,23.72 ,23.68 ,23.79 ,23.77 ,23.81 ,23.8 ,23.84 ,23.88 ,23.78 ,23.79 ,23.71 ,23.69 ,23.74 ,23.76 ,23.76 ,23.83 ,23.75 ,23.79 ,23.85 ,23.83 ,23.77 ,23.75 ,23.75 ,23.7 ,23.7 ,23.66 ,23.72 ,23.75 ,23.73 ,23.7 ,23.72 ,23.81 ,23.88 ,23.76 ,23.69 ,23.62 ,23.67 ,23.72 ,23.63 ,23.58 ,23.52 ,23.46 ,23.59 ,23.54 ,23.54 ,23.68 ,23.69 ,23.67 ,23.68 ,23.73 ,23.58 ,23.46 ,23.41 ,23.36 ,23.36 ,23.42 ,23.4 ,23.43 ,23.35 ,23.48 ,23.42 ,23.45 ,23.44 ,23.39 ,23.43 ,23.58 ,23.69 ,23.73 ,23.74 ,23.68 ,23.66 ,23.72 ,23.74 ,23.69 ,23.71 ,23.77 ,23.7 ,23.77 ,23.8 ,23.74 ,23.78 ,23.77 ,23.73 ,23.6 ,23.66 ,23.8 ,23.74 ,23.76 ,23.72 ,23.68 ,23.71 ,23.79 ,23.73 ,23.73 ,23.74 ,23.63 ,23.62 ,23.61 ,23.73 ,23.78 ,23.73 ,23.69 ,23.67 ,23.6 ,23.59 ,23.69 ,23.67 ,23.67 ,23.56 ,23.66 ,23.66 ,23.69 ,23.6 ,23.59 ,23.68 ,23.78 ,23.7 ,23.68 ,23.57 ,23.72 ,23.67 ,23.58 ,23.65 ,23.78 ,23.68 ,23.61 ,23.67 ,23.59 ,23.6 ,23.6 ,23.66 ,23.53 ,23.36 ,23.37 ,23.38 ,23.42 ,23.4 ,23.49 ,23.5 ,23.29 ,23.28 ,23.4 ,23.44 ,23.53 ,23.45 ,23.44 ,23.47 ,23.43 ,23.38 ,23.35 ,23.3 ,23.28 ,23.21 ,23.34 ,23.33 ,23.26 ,23.26 ,23.37 ,23.45 ,23.36 ,23.38 ,23.41 ,23.31 ,23.21 ,23.32 ,23.22 ,23.19 ,23.3 ,23.35 ,23.41 ,23.32 ,23.3 ,23.39 ,23.29 ,23.29 ,23.36 ,23.36 ,23.39 ,23.25 ,23.31 ,23.4 ,23.28 ,23.26 ,23.29 ,23.21 ,23.32 ,23.3 ,23.33 ,23.29 ,23.21 ,23.18 ,23.23 ,23.18 ,23.11 ,23.17 ,23.22 ,23.16 ,23.06 ,23.02 ,22.99 ,23.08 ,23.09 ,23.1 ,23.11 ,23.02 ,22.91 ,23 ,23.02 ,23.12 ,23.04 ,23.03 ,23.01 ,23 ,23.05 ,23 ,22.95 ,22.99 ,23.03 ,23.06 ,23.03 ,22.94 ,22.9 ,23.04 ,23.02 ,22.91 ,22.89 ,
106,23.47 ,23.45 ,23.52 ,23.47 ,23.44 ,23.38 ,23.46 ,23.48 ,23.44 ,23.43 ,23.37 ,23.47 ,23.42 ,23.29 ,23.27 ,23.25 ,23.28 ,23.34 ,23.35 ,23.32 ,23.32 ,23.26 ,23.37 ,23.29 ,23.3 ,23.42 ,23.5 ,23.44 ,23.4 ,23.55 ,23.57 ,23.46 ,23.4 ,23.49 ,23.49 ,23.53 ,23.42 ,23.43 ,23.6 ,23.55 ,23.47 ,23.5 ,23.49 ,23.49 ,23.51 ,23.56 ,23.5 ,23.49 ,23.51 ,23.51 ,23.53 ,23.46 ,23.52 ,23.52 ,23.49 ,23.56 ,23.44 ,23.34 ,23.42 ,23.45 ,23.55 ,23.53 ,23.44 ,23.47 ,23.54 ,23.47 ,23.59 ,23.54 ,23.49 ,23.53 ,23.48 ,23.55 ,23.58 ,23.54 ,23.49 ,23.55 ,23.59 ,23.52 ,23.54 ,23.5 ,23.54 ,23.63 ,23.6 ,23.53 ,23.53 ,23.56 ,23.6 ,23.59 ,23.59 ,23.49 ,23.55 ,23.6 ,23.59 ,23.55 ,23.52 ,23.57 ,23.51 ,23.46 ,23.51 ,23.5 ,23.43 ,23.45 ,23.48 ,23.45 ,23.45 ,23.39 ,23.42 ,23.43 ,23.54 ,23.45 ,23.38 ,23.43 ,23.56 ,23.57 ,23.61 ,23.57 ,23.54 ,23.62 ,23.61 ,23.73 ,23.68 ,23.67 ,23.73 ,23.67 ,23.76 ,23.69 ,23.68 ,23.72 ,23.7 ,23.74 ,23.67 ,23.75 ,23.8 ,23.73 ,23.71 ,23.72 ,23.71 ,23.72 ,23.75 ,23.74 ,23.69 ,23.62 ,23.63 ,23.69 ,23.73 ,23.7 ,23.68 ,23.73 ,23.78 ,23.76 ,23.76 ,23.76 ,23.77 ,23.76 ,23.77 ,23.74 ,23.71 ,23.71 ,23.73 ,23.81 ,23.77 ,23.78 ,23.65 ,23.72 ,23.79 ,23.79 ,23.81 ,23.73 ,23.66 ,23.73 ,23.82 ,23.72 ,23.7 ,23.69 ,23.75 ,23.71 ,23.69 ,23.7 ,23.71 ,23.73 ,23.73 ,23.72 ,23.66 ,23.65 ,23.64 ,23.68 ,23.69 ,23.63 ,23.64 ,23.62 ,23.67 ,23.58 ,23.59 ,23.68 ,23.65 ,23.64 ,23.5 ,23.41 ,23.46 ,23.49 ,23.52 ,23.48 ,23.45 ,23.47 ,23.5 ,23.54 ,23.57 ,23.44 ,23.51 ,23.51 ,23.57 ,23.56 ,23.52 ,23.47 ,23.5 ,23.52 ,23.55 ,23.62 ,23.52 ,23.46 ,23.57 ,23.49 ,23.46 ,23.55 ,23.66 ,23.65 ,23.66 ,23.65 ,23.56 ,23.61 ,23.63 ,23.57 ,23.62 ,23.57 ,23.54 ,23.63 ,23.78 ,23.75 ,23.73 ,23.74 ,23.74 ,23.82 ,23.79 ,23.76 ,23.72 ,23.73 ,23.64 ,23.68 ,23.63 ,23.61 ,23.76 ,23.82 ,23.85 ,23.88 ,23.91 ,23.83 ,23.77 ,23.77 ,23.75 ,23.76 ,23.86 ,23.89 ,23.92 ,23.78 ,23.78 ,23.87 ,23.78 ,23.72 ,23.76 ,23.77 ,23.77 ,23.81 ,23.81 ,23.87 ,23.95 ,23.86 ,23.9 ,23.85 ,23.85 ,23.76 ,23.63 ,23.67 ,23.74 ,23.76 ,23.74 ,23.73 ,23.74 ,23.67 ,23.67 ,23.79 ,23.81 ,23.77 ,23.73 ,23.72 ,23.75 ,23.79 ,23.71 ,23.74 ,23.72 ,23.72 ,23.77 ,23.83 ,23.85 ,23.85 ,23.83 ,23.81 ,23.89 ,23.86 ,23.93 ,23.85 ,23.83 ,23.81 ,23.78 ,23.76 ,23.71 ,23.83 ,23.85 ,23.79 ,23.81 ,23.9 ,23.71 ,23.66 ,23.63 ,23.53 ,23.51 ,23.53 ,23.54 ,23.62 ,23.7 ,23.77 ,23.94 ,23.88 ,23.87 ,23.81 ,23.8 ,23.82 ,23.8 ,23.84 ,23.78 ,23.68 ,23.65 ,23.63 ,23.66 ,23.61 ,23.59 ,23.66 ,23.63 ,23.63 ,23.58 ,23.6 ,23.62 ,23.57 ,23.59 ,23.62 ,23.59 ,23.57 ,23.65 ,23.64 ,23.61 ,23.67 ,23.61 ,23.63 ,23.64 ,23.52 ,23.6 ,23.61 ,23.6 ,23.6 ,23.56 ,23.59 ,23.62 ,23.65 ,23.62 ,23.64 ,23.63 ,23.67 ,23.68 ,23.62 ,23.55 ,23.58 ,23.58 ,23.48 ,23.56 ,23.69 ,23.6 ,23.64 ,23.78 ,23.78 ,23.83 ,23.76 ,23.8 ,23.78 ,23.76 ,23.72 ,23.82 ,23.8 ,23.82 ,23.89 ,23.9 ,23.81 ,23.75 ,23.79 ,23.87 ,23.83 ,23.88 ,23.78 ,23.78 ,23.78 ,23.82 ,23.87 ,23.79 ,23.75 ,23.73 ,23.74 ,23.71 ,23.73 ,23.85 ,23.69 ,23.69 ,23.85 ,23.87 ,23.83 ,23.79 ,23.86 ,23.76 ,23.76 ,23.76 ,23.84 ,23.79 ,23.78 ,23.77 ,23.75 ,23.82 ,23.88 ,23.79 ,23.78 ,23.79 ,23.77 ,23.66 ,23.67 ,23.8 ,23.82 ,23.81 ,23.81 ,23.76 ,23.82 ,23.79 ,23.8 ,23.77 ,23.65 ,23.7 ,23.62 ,23.58 ,23.62 ,23.53 ,23.54 ,23.63 ,23.56 ,23.59 ,23.66 ,23.65 ,23.71 ,23.7 ,23.66 ,23.58 ,23.48 ,23.48 ,23.41 ,23.38 ,23.44 ,23.46 ,23.55 ,23.43 ,23.44 ,23.47 ,23.41 ,23.39 ,23.45 ,23.46 ,23.5 ,23.59 ,23.73 ,23.65 ,23.66 ,23.63 ,23.62 ,23.74 ,23.77 ,23.71 ,23.76 ,23.79 ,23.73 ,23.69 ,23.71 ,23.76 ,23.75 ,23.7 ,23.68 ,23.66 ,23.76 ,23.81 ,23.76 ,23.79 ,23.67 ,23.73 ,23.81 ,23.77 ,23.75 ,23.76 ,23.71 ,23.65 ,23.65 ,23.71 ,23.7 ,23.67 ,23.65 ,23.67 ,23.61 ,23.59 ,23.71 ,23.75 ,23.71 ,23.66 ,23.66 ,23.7 ,23.67 ,23.65 ,23.6 ,23.59 ,23.71 ,23.71 ,23.67 ,23.62 ,23.7 ,23.67 ,23.67 ,23.73 ,23.74 ,23.74 ,23.58 ,23.58 ,23.58 ,23.65 ,23.64 ,23.49 ,23.59 ,23.5 ,23.45 ,23.39 ,23.39 ,23.38 ,23.43 ,23.47 ,23.33 ,23.28 ,23.36 ,23.49 ,23.48 ,23.52 ,23.48 ,23.45 ,23.46 ,23.42 ,23.38 ,23.44 ,23.34 ,23.25 ,23.34 ,23.32 ,23.2 ,23.25 ,23.32 ,23.43 ,23.38 ,23.34 ,23.36 ,23.34 ,23.25 ,23.31 ,23.29 ,23.23 ,23.24 ,23.36 ,23.43 ,23.29 ,23.24 ,23.39 ,23.42 ,23.29 ,23.26 ,23.45 ,23.43 ,23.26 ,23.23 ,23.27 ,23.27 ,23.23 ,23.29 ,23.18 ,23.2 ,23.26 ,23.33 ,23.4 ,23.34 ,23.27 ,23.23 ,23.18 ,23.16 ,23.24 ,23.24 ,23.12 ,23.17 ,23.12 ,23.09 ,23.02 ,23.08 ,23.06 ,23.1 ,23.07 ,22.94 ,22.91 ,22.99 ,23.06 ,22.96 ,22.99 ,23.04 ,22.96 ,23.11 ,23.04 ,23 ,23.02 ,23.09 ,23.02 ,23.02 ,22.99 ,22.91 ,22.95 ,23.02 ,22.97 ,22.89 ,
107,23.54 ,23.47 ,23.44 ,23.5 ,23.46 ,23.41 ,23.47 ,23.43 ,23.38 ,23.44 ,23.36 ,23.39 ,23.47 ,23.37 ,23.32 ,23.28 ,23.29 ,23.32 ,23.36 ,23.24 ,23.31 ,23.24 ,23.31 ,23.25 ,23.27 ,23.36 ,23.48 ,23.49 ,23.38 ,23.49 ,23.56 ,23.46 ,23.45 ,23.52 ,23.52 ,23.46 ,23.44 ,23.54 ,23.52 ,23.54 ,23.55 ,23.51 ,23.55 ,23.49 ,23.55 ,23.57 ,23.51 ,23.57 ,23.48 ,23.46 ,23.49 ,23.45 ,23.49 ,23.45 ,23.47 ,23.54 ,23.45 ,23.44 ,23.43 ,23.46 ,23.58 ,23.58 ,23.51 ,23.48 ,23.56 ,23.48 ,23.56 ,23.63 ,23.47 ,23.45 ,23.49 ,23.56 ,23.61 ,23.63 ,23.62 ,23.57 ,23.58 ,23.48 ,23.5 ,23.54 ,23.55 ,23.63 ,23.59 ,23.54 ,23.51 ,23.56 ,23.63 ,23.64 ,23.61 ,23.56 ,23.6 ,23.6 ,23.59 ,23.54 ,23.51 ,23.58 ,23.59 ,23.51 ,23.52 ,23.51 ,23.47 ,23.45 ,23.5 ,23.44 ,23.47 ,23.42 ,23.38 ,23.35 ,23.46 ,23.43 ,23.4 ,23.37 ,23.55 ,23.63 ,23.59 ,23.66 ,23.61 ,23.64 ,23.63 ,23.67 ,23.74 ,23.7 ,23.74 ,23.7 ,23.71 ,23.75 ,23.75 ,23.75 ,23.69 ,23.74 ,23.74 ,23.67 ,23.69 ,23.73 ,23.73 ,23.73 ,23.71 ,23.73 ,23.72 ,23.73 ,23.65 ,23.73 ,23.69 ,23.61 ,23.74 ,23.65 ,23.69 ,23.69 ,23.75 ,23.79 ,23.74 ,23.74 ,23.75 ,23.8 ,23.81 ,23.8 ,23.66 ,23.71 ,23.69 ,23.76 ,23.8 ,23.81 ,23.72 ,23.73 ,23.77 ,23.72 ,23.75 ,23.73 ,23.67 ,23.73 ,23.74 ,23.66 ,23.64 ,23.75 ,23.79 ,23.68 ,23.68 ,23.74 ,23.72 ,23.71 ,23.77 ,23.71 ,23.67 ,23.62 ,23.72 ,23.7 ,23.71 ,23.61 ,23.62 ,23.62 ,23.62 ,23.59 ,23.49 ,23.62 ,23.66 ,23.61 ,23.53 ,23.42 ,23.43 ,23.39 ,23.45 ,23.49 ,23.48 ,23.44 ,23.49 ,23.59 ,23.51 ,23.45 ,23.46 ,23.56 ,23.52 ,23.52 ,23.49 ,23.47 ,23.47 ,23.54 ,23.55 ,23.55 ,23.51 ,23.48 ,23.55 ,23.62 ,23.57 ,23.62 ,23.67 ,23.71 ,23.72 ,23.71 ,23.61 ,23.64 ,23.63 ,23.54 ,23.58 ,23.59 ,23.57 ,23.68 ,23.73 ,23.71 ,23.67 ,23.71 ,23.66 ,23.77 ,23.82 ,23.75 ,23.74 ,23.7 ,23.66 ,23.67 ,23.71 ,23.62 ,23.66 ,23.74 ,23.85 ,23.85 ,23.9 ,23.84 ,23.87 ,23.87 ,23.84 ,23.83 ,23.82 ,23.92 ,23.93 ,23.85 ,23.81 ,23.88 ,23.84 ,23.68 ,23.73 ,23.79 ,23.77 ,23.84 ,23.8 ,23.82 ,23.91 ,23.88 ,23.83 ,23.91 ,23.86 ,23.79 ,23.66 ,23.65 ,23.73 ,23.73 ,23.7 ,23.72 ,23.79 ,23.68 ,23.67 ,23.75 ,23.76 ,23.79 ,23.82 ,23.77 ,23.69 ,23.76 ,23.68 ,23.67 ,23.69 ,23.73 ,23.8 ,23.9 ,23.88 ,23.84 ,23.85 ,23.84 ,23.79 ,23.83 ,23.92 ,23.93 ,23.93 ,23.87 ,23.75 ,23.77 ,23.73 ,23.79 ,23.84 ,23.84 ,23.83 ,23.84 ,23.7 ,23.62 ,23.62 ,23.61 ,23.62 ,23.62 ,23.63 ,23.59 ,23.75 ,23.72 ,23.8 ,23.8 ,23.73 ,23.78 ,23.84 ,23.77 ,23.81 ,23.85 ,23.78 ,23.66 ,23.68 ,23.56 ,23.49 ,23.61 ,23.61 ,23.64 ,23.59 ,23.65 ,23.66 ,23.57 ,23.59 ,23.54 ,23.64 ,23.68 ,23.62 ,23.53 ,23.59 ,23.62 ,23.64 ,23.69 ,23.57 ,23.55 ,23.65 ,23.61 ,23.62 ,23.69 ,23.63 ,23.63 ,23.57 ,23.51 ,23.6 ,23.66 ,23.63 ,23.6 ,23.53 ,23.57 ,23.57 ,23.62 ,23.56 ,23.56 ,23.6 ,23.51 ,23.47 ,23.6 ,23.59 ,23.58 ,23.68 ,23.81 ,23.82 ,23.82 ,23.81 ,23.76 ,23.68 ,23.73 ,23.78 ,23.75 ,23.77 ,23.85 ,23.84 ,23.78 ,23.74 ,23.77 ,23.77 ,23.81 ,23.77 ,23.75 ,23.75 ,23.82 ,23.9 ,23.91 ,23.82 ,23.76 ,23.76 ,23.87 ,23.89 ,23.79 ,23.8 ,23.76 ,23.67 ,23.79 ,23.89 ,23.84 ,23.8 ,23.75 ,23.7 ,23.74 ,23.76 ,23.75 ,23.75 ,23.84 ,23.77 ,23.76 ,23.82 ,23.85 ,23.75 ,23.77 ,23.78 ,23.81 ,23.74 ,23.73 ,23.77 ,23.81 ,23.83 ,23.84 ,23.82 ,23.85 ,23.83 ,23.79 ,23.74 ,23.67 ,23.53 ,23.6 ,23.58 ,23.57 ,23.46 ,23.59 ,23.66 ,23.64 ,23.54 ,23.63 ,23.67 ,23.7 ,23.73 ,23.68 ,23.59 ,23.54 ,23.54 ,23.43 ,23.43 ,23.49 ,23.44 ,23.59 ,23.54 ,23.49 ,23.51 ,23.44 ,23.42 ,23.52 ,23.52 ,23.49 ,23.47 ,23.68 ,23.72 ,23.66 ,23.67 ,23.72 ,23.81 ,23.75 ,23.72 ,23.8 ,23.81 ,23.76 ,23.67 ,23.7 ,23.66 ,23.67 ,23.73 ,23.8 ,23.76 ,23.72 ,23.75 ,23.75 ,23.69 ,23.68 ,23.71 ,23.79 ,23.72 ,23.8 ,23.79 ,23.77 ,23.72 ,23.69 ,23.73 ,23.68 ,23.71 ,23.71 ,23.73 ,23.68 ,23.64 ,23.72 ,23.78 ,23.73 ,23.73 ,23.68 ,23.66 ,23.67 ,23.65 ,23.65 ,23.61 ,23.64 ,23.58 ,23.6 ,23.63 ,23.74 ,23.78 ,23.83 ,23.75 ,23.68 ,23.64 ,23.62 ,23.54 ,23.52 ,23.66 ,23.69 ,23.65 ,23.6 ,23.62 ,23.55 ,23.49 ,23.44 ,23.45 ,23.41 ,23.45 ,23.43 ,23.44 ,23.42 ,23.48 ,23.44 ,23.47 ,23.45 ,23.45 ,23.47 ,23.43 ,23.46 ,23.49 ,23.37 ,23.36 ,23.42 ,23.44 ,23.4 ,23.3 ,23.32 ,23.32 ,23.35 ,23.32 ,23.33 ,23.28 ,23.35 ,23.39 ,23.39 ,23.28 ,23.27 ,23.43 ,23.45 ,23.33 ,23.29 ,23.31 ,23.33 ,23.23 ,23.24 ,23.23 ,23.43 ,23.34 ,23.3 ,23.29 ,23.27 ,23.15 ,23.24 ,23.35 ,23.3 ,23.33 ,23.38 ,23.4 ,23.39 ,23.37 ,23.15 ,23.2 ,23.2 ,23.3 ,23.25 ,23.13 ,23.12 ,23.18 ,23.13 ,23.01 ,23.07 ,23.08 ,23.04 ,23.06 ,23.01 ,22.87 ,23.02 ,23.11 ,23.01 ,22.98 ,22.97 ,23 ,23.08 ,23.11 ,23.03 ,23.11 ,23.1 ,23.08 ,22.99 ,22.93 ,22.92 ,22.89 ,22.95 ,23.03 ,23.02 ,
108,23.49 ,23.5 ,23.36 ,23.45 ,23.46 ,23.42 ,23.47 ,23.41 ,23.43 ,23.46 ,23.3 ,23.36 ,23.36 ,23.27 ,23.3 ,23.3 ,23.29 ,23.28 ,23.28 ,23.29 ,23.25 ,23.31 ,23.33 ,23.26 ,23.34 ,23.44 ,23.49 ,23.5 ,23.43 ,23.45 ,23.44 ,23.45 ,23.43 ,23.48 ,23.45 ,23.46 ,23.47 ,23.5 ,23.52 ,23.52 ,23.57 ,23.52 ,23.47 ,23.44 ,23.48 ,23.52 ,23.48 ,23.58 ,23.62 ,23.47 ,23.47 ,23.42 ,23.46 ,23.39 ,23.45 ,23.52 ,23.41 ,23.48 ,23.51 ,23.49 ,23.57 ,23.59 ,23.56 ,23.57 ,23.49 ,23.38 ,23.47 ,23.54 ,23.48 ,23.43 ,23.45 ,23.49 ,23.61 ,23.63 ,23.63 ,23.53 ,23.53 ,23.52 ,23.46 ,23.47 ,23.44 ,23.51 ,23.48 ,23.52 ,23.54 ,23.57 ,23.59 ,23.56 ,23.58 ,23.57 ,23.62 ,23.54 ,23.48 ,23.61 ,23.52 ,23.54 ,23.58 ,23.49 ,23.48 ,23.55 ,23.55 ,23.47 ,23.51 ,23.44 ,23.48 ,23.46 ,23.45 ,23.38 ,23.4 ,23.42 ,23.41 ,23.52 ,23.57 ,23.54 ,23.63 ,23.71 ,23.65 ,23.67 ,23.71 ,23.7 ,23.7 ,23.67 ,23.72 ,23.69 ,23.63 ,23.69 ,23.69 ,23.71 ,23.73 ,23.71 ,23.7 ,23.72 ,23.62 ,23.68 ,23.7 ,23.75 ,23.7 ,23.7 ,23.7 ,23.78 ,23.65 ,23.67 ,23.64 ,23.56 ,23.72 ,23.77 ,23.78 ,23.76 ,23.76 ,23.78 ,23.69 ,23.69 ,23.82 ,23.86 ,23.76 ,23.71 ,23.73 ,23.71 ,23.68 ,23.77 ,23.82 ,23.79 ,23.78 ,23.71 ,23.76 ,23.74 ,23.74 ,23.74 ,23.7 ,23.69 ,23.7 ,23.67 ,23.65 ,23.67 ,23.8 ,23.72 ,23.72 ,23.72 ,23.71 ,23.69 ,23.7 ,23.71 ,23.69 ,23.64 ,23.66 ,23.66 ,23.69 ,23.66 ,23.63 ,23.55 ,23.6 ,23.55 ,23.51 ,23.5 ,23.56 ,23.55 ,23.53 ,23.51 ,23.48 ,23.36 ,23.4 ,23.49 ,23.53 ,23.43 ,23.48 ,23.52 ,23.46 ,23.42 ,23.43 ,23.56 ,23.51 ,23.49 ,23.47 ,23.48 ,23.49 ,23.49 ,23.62 ,23.57 ,23.55 ,23.57 ,23.6 ,23.64 ,23.66 ,23.68 ,23.69 ,23.7 ,23.74 ,23.6 ,23.52 ,23.6 ,23.6 ,23.57 ,23.57 ,23.6 ,23.54 ,23.65 ,23.7 ,23.68 ,23.72 ,23.71 ,23.75 ,23.81 ,23.86 ,23.7 ,23.72 ,23.78 ,23.7 ,23.66 ,23.65 ,23.56 ,23.63 ,23.65 ,23.76 ,23.78 ,23.84 ,23.87 ,23.83 ,23.9 ,23.84 ,23.79 ,23.75 ,23.79 ,23.82 ,23.87 ,23.88 ,23.82 ,23.79 ,23.69 ,23.67 ,23.7 ,23.76 ,23.8 ,23.82 ,23.75 ,23.84 ,23.86 ,23.87 ,23.86 ,23.84 ,23.74 ,23.72 ,23.7 ,23.68 ,23.65 ,23.66 ,23.69 ,23.72 ,23.64 ,23.63 ,23.67 ,23.67 ,23.75 ,23.74 ,23.79 ,23.68 ,23.72 ,23.67 ,23.69 ,23.69 ,23.76 ,23.86 ,23.89 ,23.85 ,23.85 ,23.83 ,23.87 ,23.77 ,23.84 ,23.89 ,23.87 ,23.84 ,23.86 ,23.74 ,23.78 ,23.84 ,23.85 ,23.81 ,23.92 ,23.87 ,23.87 ,23.71 ,23.65 ,23.66 ,23.73 ,23.68 ,23.63 ,23.65 ,23.7 ,23.8 ,23.84 ,23.74 ,23.71 ,23.72 ,23.77 ,23.87 ,23.81 ,23.79 ,23.82 ,23.79 ,23.7 ,23.63 ,23.56 ,23.43 ,23.53 ,23.63 ,23.6 ,23.57 ,23.53 ,23.54 ,23.52 ,23.52 ,23.54 ,23.59 ,23.64 ,23.68 ,23.56 ,23.55 ,23.58 ,23.58 ,23.63 ,23.54 ,23.55 ,23.68 ,23.67 ,23.63 ,23.63 ,23.58 ,23.6 ,23.62 ,23.56 ,23.71 ,23.63 ,23.57 ,23.57 ,23.51 ,23.53 ,23.49 ,23.51 ,23.53 ,23.52 ,23.58 ,23.51 ,23.48 ,23.55 ,23.64 ,23.6 ,23.69 ,23.84 ,23.84 ,23.79 ,23.82 ,23.74 ,23.77 ,23.72 ,23.76 ,23.81 ,23.79 ,23.81 ,23.84 ,23.7 ,23.78 ,23.8 ,23.78 ,23.85 ,23.91 ,23.78 ,23.77 ,23.82 ,23.85 ,23.83 ,23.83 ,23.75 ,23.71 ,23.78 ,23.94 ,23.86 ,23.77 ,23.77 ,23.7 ,23.75 ,23.81 ,23.86 ,23.81 ,23.76 ,23.68 ,23.72 ,23.77 ,23.76 ,23.78 ,23.75 ,23.77 ,23.69 ,23.77 ,23.84 ,23.82 ,23.8 ,23.83 ,23.85 ,23.77 ,23.78 ,23.75 ,23.81 ,23.8 ,23.76 ,23.77 ,23.72 ,23.74 ,23.71 ,23.63 ,23.63 ,23.48 ,23.48 ,23.51 ,23.54 ,23.55 ,23.67 ,23.72 ,23.6 ,23.55 ,23.6 ,23.63 ,23.69 ,23.77 ,23.68 ,23.63 ,23.55 ,23.51 ,23.47 ,23.39 ,23.52 ,23.41 ,23.53 ,23.54 ,23.46 ,23.46 ,23.47 ,23.43 ,23.57 ,23.56 ,23.48 ,23.46 ,23.59 ,23.69 ,23.65 ,23.73 ,23.79 ,23.79 ,23.68 ,23.67 ,23.69 ,23.75 ,23.75 ,23.76 ,23.71 ,23.61 ,23.69 ,23.71 ,23.73 ,23.67 ,23.64 ,23.69 ,23.76 ,23.71 ,23.7 ,23.76 ,23.75 ,23.61 ,23.72 ,23.77 ,23.77 ,23.64 ,23.69 ,23.67 ,23.69 ,23.65 ,23.76 ,23.74 ,23.7 ,23.67 ,23.66 ,23.7 ,23.72 ,23.68 ,23.68 ,23.67 ,23.65 ,23.68 ,23.67 ,23.67 ,23.71 ,23.59 ,23.62 ,23.69 ,23.71 ,23.67 ,23.74 ,23.74 ,23.68 ,23.69 ,23.67 ,23.64 ,23.6 ,23.6 ,23.62 ,23.63 ,23.63 ,23.53 ,23.51 ,23.46 ,23.5 ,23.42 ,23.38 ,23.42 ,23.48 ,23.43 ,23.36 ,23.41 ,23.34 ,23.39 ,23.41 ,23.38 ,23.35 ,23.36 ,23.45 ,23.45 ,23.36 ,23.34 ,23.29 ,23.41 ,23.44 ,23.34 ,23.26 ,23.36 ,23.37 ,23.35 ,23.32 ,23.3 ,23.32 ,23.29 ,23.35 ,23.3 ,23.3 ,23.39 ,23.45 ,23.4 ,23.33 ,23.4 ,23.31 ,23.28 ,23.3 ,23.23 ,23.25 ,23.39 ,23.34 ,23.26 ,23.33 ,23.2 ,23.21 ,23.33 ,23.32 ,23.33 ,23.35 ,23.38 ,23.34 ,23.35 ,23.21 ,23.09 ,23.1 ,23.23 ,23.24 ,23.14 ,23.07 ,23.06 ,23.11 ,23.06 ,23.1 ,23.1 ,23.03 ,23.02 ,23.01 ,22.87 ,22.95 ,23.17 ,23.13 ,23.1 ,22.97 ,22.96 ,23.05 ,23.08 ,23.05 ,23.02 ,23.04 ,23.05 ,22.97 ,22.9 ,22.9 ,22.92 ,22.95 ,22.94 ,22.94 ,
109,23.39 ,23.44 ,23.42 ,23.47 ,23.5 ,23.45 ,23.46 ,23.43 ,23.42 ,23.47 ,23.4 ,23.4 ,23.37 ,23.21 ,23.26 ,23.36 ,23.24 ,23.26 ,23.29 ,23.36 ,23.32 ,23.35 ,23.4 ,23.32 ,23.38 ,23.48 ,23.54 ,23.57 ,23.46 ,23.54 ,23.47 ,23.43 ,23.53 ,23.49 ,23.45 ,23.43 ,23.44 ,23.52 ,23.57 ,23.59 ,23.53 ,23.53 ,23.46 ,23.42 ,23.48 ,23.53 ,23.56 ,23.6 ,23.6 ,23.53 ,23.46 ,23.48 ,23.53 ,23.44 ,23.39 ,23.46 ,23.39 ,23.5 ,23.57 ,23.56 ,23.53 ,23.47 ,23.5 ,23.5 ,23.47 ,23.39 ,23.49 ,23.51 ,23.47 ,23.54 ,23.55 ,23.5 ,23.58 ,23.61 ,23.56 ,23.5 ,23.57 ,23.56 ,23.53 ,23.46 ,23.53 ,23.48 ,23.52 ,23.58 ,23.62 ,23.61 ,23.61 ,23.64 ,23.58 ,23.55 ,23.58 ,23.53 ,23.44 ,23.54 ,23.57 ,23.6 ,23.66 ,23.48 ,23.48 ,23.53 ,23.43 ,23.4 ,23.48 ,23.48 ,23.5 ,23.51 ,23.47 ,23.41 ,23.45 ,23.41 ,23.39 ,23.61 ,23.67 ,23.58 ,23.58 ,23.71 ,23.67 ,23.69 ,23.78 ,23.69 ,23.67 ,23.6 ,23.64 ,23.7 ,23.59 ,23.71 ,23.76 ,23.75 ,23.77 ,23.72 ,23.7 ,23.78 ,23.78 ,23.75 ,23.7 ,23.69 ,23.69 ,23.67 ,23.74 ,23.8 ,23.74 ,23.65 ,23.69 ,23.62 ,23.75 ,23.85 ,23.82 ,23.84 ,23.79 ,23.73 ,23.67 ,23.66 ,23.81 ,23.86 ,23.87 ,23.75 ,23.73 ,23.72 ,23.7 ,23.76 ,23.78 ,23.68 ,23.79 ,23.77 ,23.69 ,23.73 ,23.74 ,23.76 ,23.66 ,23.73 ,23.73 ,23.67 ,23.74 ,23.73 ,23.82 ,23.68 ,23.63 ,23.69 ,23.71 ,23.72 ,23.65 ,23.76 ,23.68 ,23.61 ,23.65 ,23.66 ,23.62 ,23.57 ,23.6 ,23.58 ,23.63 ,23.51 ,23.48 ,23.51 ,23.46 ,23.46 ,23.47 ,23.48 ,23.49 ,23.4 ,23.36 ,23.51 ,23.56 ,23.55 ,23.54 ,23.53 ,23.4 ,23.35 ,23.44 ,23.51 ,23.45 ,23.5 ,23.55 ,23.52 ,23.54 ,23.54 ,23.62 ,23.62 ,23.57 ,23.61 ,23.55 ,23.58 ,23.64 ,23.66 ,23.71 ,23.68 ,23.65 ,23.57 ,23.54 ,23.54 ,23.56 ,23.54 ,23.6 ,23.67 ,23.64 ,23.68 ,23.78 ,23.75 ,23.81 ,23.8 ,23.8 ,23.83 ,23.75 ,23.69 ,23.72 ,23.78 ,23.76 ,23.73 ,23.65 ,23.56 ,23.56 ,23.65 ,23.73 ,23.79 ,23.9 ,23.94 ,23.87 ,23.85 ,23.88 ,23.77 ,23.75 ,23.79 ,23.76 ,23.78 ,23.86 ,23.81 ,23.82 ,23.73 ,23.67 ,23.6 ,23.61 ,23.73 ,23.81 ,23.83 ,23.84 ,23.86 ,23.83 ,23.87 ,23.84 ,23.84 ,23.79 ,23.74 ,23.7 ,23.58 ,23.62 ,23.65 ,23.7 ,23.65 ,23.65 ,23.67 ,23.68 ,23.7 ,23.72 ,23.68 ,23.67 ,23.71 ,23.68 ,23.61 ,23.62 ,23.71 ,23.82 ,23.92 ,23.81 ,23.76 ,23.79 ,23.88 ,23.82 ,23.83 ,23.85 ,23.76 ,23.78 ,23.84 ,23.75 ,23.75 ,23.91 ,23.97 ,23.91 ,23.87 ,23.93 ,23.89 ,23.71 ,23.6 ,23.67 ,23.64 ,23.59 ,23.52 ,23.59 ,23.65 ,23.81 ,23.94 ,23.86 ,23.74 ,23.72 ,23.74 ,23.84 ,23.78 ,23.76 ,23.83 ,23.82 ,23.74 ,23.65 ,23.56 ,23.52 ,23.51 ,23.6 ,23.56 ,23.49 ,23.57 ,23.59 ,23.5 ,23.54 ,23.58 ,23.52 ,23.58 ,23.64 ,23.62 ,23.58 ,23.63 ,23.66 ,23.58 ,23.56 ,23.65 ,23.71 ,23.62 ,23.6 ,23.6 ,23.61 ,23.6 ,23.59 ,23.56 ,23.64 ,23.67 ,23.6 ,23.55 ,23.51 ,23.61 ,23.56 ,23.55 ,23.58 ,23.49 ,23.52 ,23.61 ,23.54 ,23.57 ,23.55 ,23.69 ,23.77 ,23.79 ,23.82 ,23.83 ,23.87 ,23.85 ,23.77 ,23.86 ,23.87 ,23.83 ,23.81 ,23.89 ,23.8 ,23.76 ,23.8 ,23.86 ,23.85 ,23.84 ,23.79 ,23.76 ,23.76 ,23.82 ,23.8 ,23.82 ,23.85 ,23.8 ,23.73 ,23.81 ,23.75 ,23.81 ,23.77 ,23.74 ,23.72 ,23.76 ,23.79 ,23.82 ,23.82 ,23.83 ,23.78 ,23.72 ,23.8 ,23.75 ,23.8 ,23.79 ,23.73 ,23.78 ,23.76 ,23.78 ,23.85 ,23.82 ,23.79 ,23.79 ,23.79 ,23.71 ,23.76 ,23.8 ,23.79 ,23.8 ,23.79 ,23.72 ,23.67 ,23.65 ,23.53 ,23.53 ,23.48 ,23.48 ,23.52 ,23.61 ,23.71 ,23.72 ,23.7 ,23.64 ,23.6 ,23.61 ,23.67 ,23.74 ,23.78 ,23.68 ,23.6 ,23.55 ,23.54 ,23.54 ,23.4 ,23.4 ,23.49 ,23.52 ,23.54 ,23.45 ,23.48 ,23.5 ,23.49 ,23.59 ,23.52 ,23.46 ,23.47 ,23.54 ,23.66 ,23.68 ,23.67 ,23.75 ,23.77 ,23.65 ,23.67 ,23.72 ,23.67 ,23.71 ,23.74 ,23.77 ,23.68 ,23.74 ,23.67 ,23.63 ,23.65 ,23.63 ,23.71 ,23.76 ,23.81 ,23.77 ,23.71 ,23.7 ,23.74 ,23.82 ,23.81 ,23.76 ,23.62 ,23.55 ,23.62 ,23.69 ,23.72 ,23.69 ,23.74 ,23.67 ,23.67 ,23.69 ,23.68 ,23.61 ,23.63 ,23.65 ,23.68 ,23.65 ,23.67 ,23.65 ,23.65 ,23.66 ,23.58 ,23.58 ,23.66 ,23.66 ,23.62 ,23.63 ,23.7 ,23.7 ,23.63 ,23.76 ,23.72 ,23.62 ,23.57 ,23.57 ,23.59 ,23.59 ,23.52 ,23.5 ,23.46 ,23.46 ,23.39 ,23.44 ,23.46 ,23.39 ,23.4 ,23.43 ,23.37 ,23.32 ,23.42 ,23.43 ,23.44 ,23.42 ,23.3 ,23.28 ,23.35 ,23.36 ,23.36 ,23.32 ,23.32 ,23.41 ,23.31 ,23.37 ,23.35 ,23.37 ,23.4 ,23.43 ,23.28 ,23.28 ,23.25 ,23.17 ,23.19 ,23.25 ,23.33 ,23.47 ,23.42 ,23.3 ,23.36 ,23.31 ,23.23 ,23.19 ,23.25 ,23.34 ,23.3 ,23.35 ,23.33 ,23.29 ,23.25 ,23.25 ,23.33 ,23.32 ,23.33 ,23.25 ,23.26 ,23.19 ,23.25 ,23.24 ,23.1 ,23.1 ,23.23 ,23.23 ,23.14 ,23.04 ,23.02 ,23.1 ,23.1 ,23.04 ,23.09 ,23.07 ,23.04 ,23.04 ,22.93 ,23.06 ,23.18 ,23.12 ,23.13 ,23.07 ,22.93 ,23.06 ,23.1 ,23.16 ,23.06 ,23.05 ,23.15 ,23.05 ,22.99 ,22.89 ,22.92 ,22.95 ,22.88 ,22.87 ,
110,23.47 ,23.45 ,23.38 ,23.43 ,23.4 ,23.31 ,23.41 ,23.46 ,23.37 ,23.49 ,23.45 ,23.38 ,23.33 ,23.22 ,23.3 ,23.31 ,23.2 ,23.26 ,23.34 ,23.36 ,23.3 ,23.38 ,23.42 ,23.42 ,23.4 ,23.5 ,23.42 ,23.43 ,23.44 ,23.49 ,23.54 ,23.49 ,23.51 ,23.51 ,23.43 ,23.42 ,23.44 ,23.51 ,23.61 ,23.67 ,23.54 ,23.53 ,23.52 ,23.55 ,23.58 ,23.57 ,23.61 ,23.55 ,23.49 ,23.51 ,23.48 ,23.47 ,23.51 ,23.48 ,23.44 ,23.46 ,23.47 ,23.48 ,23.56 ,23.49 ,23.47 ,23.44 ,23.43 ,23.45 ,23.52 ,23.44 ,23.52 ,23.49 ,23.52 ,23.46 ,23.52 ,23.5 ,23.55 ,23.64 ,23.6 ,23.54 ,23.6 ,23.53 ,23.52 ,23.51 ,23.55 ,23.5 ,23.5 ,23.59 ,23.58 ,23.56 ,23.57 ,23.59 ,23.59 ,23.51 ,23.5 ,23.57 ,23.47 ,23.51 ,23.56 ,23.59 ,23.68 ,23.55 ,23.46 ,23.45 ,23.41 ,23.46 ,23.54 ,23.51 ,23.47 ,23.42 ,23.42 ,23.39 ,23.51 ,23.47 ,23.47 ,23.59 ,23.74 ,23.69 ,23.6 ,23.63 ,23.65 ,23.73 ,23.71 ,23.7 ,23.69 ,23.68 ,23.66 ,23.76 ,23.7 ,23.75 ,23.81 ,23.76 ,23.69 ,23.74 ,23.72 ,23.74 ,23.79 ,23.79 ,23.67 ,23.74 ,23.73 ,23.7 ,23.75 ,23.8 ,23.67 ,23.69 ,23.72 ,23.75 ,23.7 ,23.77 ,23.76 ,23.76 ,23.71 ,23.73 ,23.69 ,23.79 ,23.78 ,23.81 ,23.78 ,23.76 ,23.68 ,23.74 ,23.74 ,23.8 ,23.78 ,23.71 ,23.74 ,23.79 ,23.7 ,23.69 ,23.71 ,23.82 ,23.72 ,23.74 ,23.75 ,23.72 ,23.7 ,23.78 ,23.79 ,23.72 ,23.71 ,23.74 ,23.75 ,23.74 ,23.66 ,23.76 ,23.65 ,23.53 ,23.6 ,23.65 ,23.66 ,23.61 ,23.59 ,23.57 ,23.62 ,23.6 ,23.6 ,23.5 ,23.46 ,23.49 ,23.47 ,23.55 ,23.5 ,23.46 ,23.4 ,23.38 ,23.45 ,23.48 ,23.57 ,23.6 ,23.47 ,23.44 ,23.44 ,23.5 ,23.49 ,23.46 ,23.55 ,23.55 ,23.54 ,23.6 ,23.67 ,23.73 ,23.64 ,23.58 ,23.56 ,23.65 ,23.7 ,23.73 ,23.64 ,23.55 ,23.56 ,23.55 ,23.56 ,23.58 ,23.54 ,23.58 ,23.64 ,23.67 ,23.62 ,23.68 ,23.84 ,23.77 ,23.76 ,23.78 ,23.81 ,23.71 ,23.7 ,23.71 ,23.75 ,23.78 ,23.72 ,23.72 ,23.68 ,23.62 ,23.68 ,23.67 ,23.77 ,23.77 ,23.82 ,23.88 ,23.88 ,23.83 ,23.81 ,23.85 ,23.76 ,23.78 ,23.73 ,23.7 ,23.76 ,23.83 ,23.87 ,23.78 ,23.65 ,23.67 ,23.61 ,23.69 ,23.77 ,23.84 ,23.89 ,23.85 ,23.76 ,23.79 ,23.85 ,23.84 ,23.77 ,23.64 ,23.66 ,23.67 ,23.69 ,23.61 ,23.67 ,23.6 ,23.65 ,23.66 ,23.67 ,23.64 ,23.67 ,23.68 ,23.68 ,23.74 ,23.67 ,23.67 ,23.67 ,23.76 ,23.8 ,23.95 ,23.95 ,23.85 ,23.8 ,23.88 ,23.87 ,23.81 ,23.82 ,23.77 ,23.83 ,23.88 ,23.74 ,23.71 ,23.85 ,23.98 ,23.97 ,23.87 ,23.86 ,23.85 ,23.66 ,23.61 ,23.6 ,23.56 ,23.61 ,23.49 ,23.55 ,23.59 ,23.78 ,23.92 ,23.89 ,23.77 ,23.78 ,23.76 ,23.82 ,23.81 ,23.82 ,23.87 ,23.85 ,23.79 ,23.68 ,23.6 ,23.54 ,23.53 ,23.63 ,23.69 ,23.56 ,23.57 ,23.65 ,23.6 ,23.5 ,23.57 ,23.57 ,23.59 ,23.71 ,23.66 ,23.64 ,23.63 ,23.57 ,23.64 ,23.64 ,23.63 ,23.65 ,23.63 ,23.65 ,23.54 ,23.62 ,23.58 ,23.49 ,23.56 ,23.6 ,23.61 ,23.61 ,23.58 ,23.48 ,23.57 ,23.61 ,23.58 ,23.59 ,23.47 ,23.51 ,23.53 ,23.55 ,23.55 ,23.63 ,23.7 ,23.75 ,23.69 ,23.67 ,23.75 ,23.81 ,23.85 ,23.81 ,23.87 ,23.84 ,23.76 ,23.79 ,23.86 ,23.83 ,23.75 ,23.86 ,23.91 ,23.86 ,23.83 ,23.73 ,23.72 ,23.81 ,23.85 ,23.78 ,23.79 ,23.85 ,23.82 ,23.8 ,23.84 ,23.86 ,23.71 ,23.7 ,23.74 ,23.79 ,23.8 ,23.79 ,23.72 ,23.77 ,23.78 ,23.73 ,23.77 ,23.78 ,23.8 ,23.83 ,23.89 ,23.83 ,23.88 ,23.93 ,23.81 ,23.76 ,23.84 ,23.75 ,23.74 ,23.82 ,23.71 ,23.75 ,23.7 ,23.78 ,23.71 ,23.74 ,23.68 ,23.67 ,23.61 ,23.53 ,23.49 ,23.47 ,23.55 ,23.7 ,23.71 ,23.68 ,23.81 ,23.72 ,23.69 ,23.64 ,23.67 ,23.67 ,23.71 ,23.74 ,23.66 ,23.65 ,23.56 ,23.56 ,23.51 ,23.38 ,23.4 ,23.43 ,23.47 ,23.56 ,23.49 ,23.42 ,23.47 ,23.45 ,23.49 ,23.46 ,23.46 ,23.47 ,23.62 ,23.71 ,23.71 ,23.67 ,23.66 ,23.67 ,23.68 ,23.68 ,23.71 ,23.74 ,23.77 ,23.69 ,23.65 ,23.7 ,23.77 ,23.73 ,23.75 ,23.73 ,23.69 ,23.73 ,23.69 ,23.73 ,23.73 ,23.73 ,23.75 ,23.77 ,23.86 ,23.79 ,23.72 ,23.69 ,23.58 ,23.63 ,23.74 ,23.74 ,23.75 ,23.64 ,23.55 ,23.6 ,23.68 ,23.71 ,23.63 ,23.57 ,23.63 ,23.62 ,23.61 ,23.61 ,23.57 ,23.68 ,23.68 ,23.63 ,23.68 ,23.64 ,23.73 ,23.74 ,23.65 ,23.76 ,23.7 ,23.59 ,23.55 ,23.65 ,23.53 ,23.53 ,23.62 ,23.57 ,23.5 ,23.37 ,23.51 ,23.47 ,23.39 ,23.4 ,23.41 ,23.52 ,23.38 ,23.33 ,23.46 ,23.39 ,23.43 ,23.41 ,23.46 ,23.41 ,23.46 ,23.37 ,23.3 ,23.31 ,23.34 ,23.31 ,23.38 ,23.39 ,23.37 ,23.34 ,23.35 ,23.35 ,23.37 ,23.28 ,23.41 ,23.24 ,23.26 ,23.35 ,23.28 ,23.1 ,23.21 ,23.33 ,23.38 ,23.42 ,23.33 ,23.3 ,23.31 ,23.19 ,23.13 ,23.26 ,23.36 ,23.33 ,23.32 ,23.34 ,23.46 ,23.34 ,23.13 ,23.28 ,23.33 ,23.34 ,23.34 ,23.21 ,23.13 ,23.27 ,23.27 ,23.27 ,23.19 ,23.23 ,23.3 ,23.12 ,23.06 ,23.07 ,23.03 ,23.03 ,23.05 ,23.07 ,23.13 ,23.04 ,22.99 ,22.97 ,23.06 ,23.21 ,23.01 ,23.11 ,23.19 ,22.99 ,23.05 ,23.07 ,23.11 ,23.11 ,23.14 ,23.19 ,23.08 ,22.96 ,22.95 ,23.03 ,23.03 ,23.02 ,22.91 ,
111,23.43 ,23.41 ,23.42 ,23.47 ,23.4 ,23.38 ,23.42 ,23.47 ,23.46 ,23.46 ,23.48 ,23.46 ,23.43 ,23.35 ,23.33 ,23.3 ,23.35 ,23.39 ,23.38 ,23.33 ,23.21 ,23.36 ,23.46 ,23.45 ,23.36 ,23.39 ,23.35 ,23.33 ,23.38 ,23.54 ,23.54 ,23.44 ,23.49 ,23.47 ,23.42 ,23.46 ,23.47 ,23.56 ,23.51 ,23.6 ,23.58 ,23.49 ,23.53 ,23.63 ,23.6 ,23.6 ,23.56 ,23.55 ,23.48 ,23.51 ,23.46 ,23.45 ,23.46 ,23.6 ,23.48 ,23.54 ,23.55 ,23.56 ,23.52 ,23.45 ,23.4 ,23.45 ,23.46 ,23.47 ,23.59 ,23.44 ,23.47 ,23.52 ,23.49 ,23.48 ,23.52 ,23.53 ,23.54 ,23.56 ,23.55 ,23.61 ,23.6 ,23.52 ,23.51 ,23.51 ,23.54 ,23.53 ,23.44 ,23.49 ,23.55 ,23.6 ,23.62 ,23.63 ,23.54 ,23.52 ,23.57 ,23.52 ,23.52 ,23.56 ,23.55 ,23.61 ,23.53 ,23.5 ,23.44 ,23.44 ,23.43 ,23.48 ,23.56 ,23.45 ,23.43 ,23.39 ,23.41 ,23.37 ,23.5 ,23.54 ,23.48 ,23.6 ,23.68 ,23.81 ,23.74 ,23.6 ,23.65 ,23.7 ,23.72 ,23.71 ,23.72 ,23.67 ,23.66 ,23.73 ,23.7 ,23.66 ,23.76 ,23.79 ,23.72 ,23.7 ,23.72 ,23.81 ,23.81 ,23.82 ,23.77 ,23.71 ,23.71 ,23.8 ,23.77 ,23.8 ,23.73 ,23.76 ,23.79 ,23.74 ,23.76 ,23.82 ,23.79 ,23.69 ,23.71 ,23.76 ,23.76 ,23.81 ,23.75 ,23.68 ,23.67 ,23.69 ,23.7 ,23.73 ,23.73 ,23.78 ,23.79 ,23.74 ,23.73 ,23.7 ,23.72 ,23.7 ,23.71 ,23.82 ,23.79 ,23.76 ,23.77 ,23.73 ,23.74 ,23.78 ,23.86 ,23.75 ,23.7 ,23.81 ,23.86 ,23.78 ,23.71 ,23.74 ,23.71 ,23.59 ,23.65 ,23.68 ,23.77 ,23.71 ,23.65 ,23.62 ,23.67 ,23.67 ,23.64 ,23.6 ,23.56 ,23.47 ,23.48 ,23.49 ,23.56 ,23.53 ,23.49 ,23.39 ,23.35 ,23.43 ,23.42 ,23.51 ,23.45 ,23.49 ,23.48 ,23.49 ,23.48 ,23.54 ,23.58 ,23.52 ,23.54 ,23.55 ,23.68 ,23.73 ,23.71 ,23.59 ,23.64 ,23.7 ,23.7 ,23.67 ,23.64 ,23.51 ,23.54 ,23.58 ,23.59 ,23.57 ,23.54 ,23.56 ,23.67 ,23.69 ,23.66 ,23.72 ,23.8 ,23.79 ,23.77 ,23.74 ,23.76 ,23.78 ,23.71 ,23.65 ,23.72 ,23.76 ,23.75 ,23.7 ,23.72 ,23.62 ,23.61 ,23.64 ,23.83 ,23.86 ,23.84 ,23.83 ,23.9 ,23.85 ,23.79 ,23.85 ,23.82 ,23.74 ,23.73 ,23.65 ,23.72 ,23.83 ,23.84 ,23.79 ,23.72 ,23.71 ,23.7 ,23.65 ,23.66 ,23.8 ,23.85 ,23.8 ,23.8 ,23.88 ,23.87 ,23.77 ,23.75 ,23.62 ,23.62 ,23.64 ,23.65 ,23.58 ,23.67 ,23.71 ,23.65 ,23.66 ,23.67 ,23.67 ,23.6 ,23.71 ,23.69 ,23.71 ,23.76 ,23.79 ,23.78 ,23.82 ,23.87 ,23.9 ,23.94 ,23.89 ,23.79 ,23.88 ,23.91 ,23.79 ,23.76 ,23.74 ,23.79 ,23.87 ,23.72 ,23.7 ,23.77 ,23.87 ,23.93 ,23.89 ,23.78 ,23.78 ,23.63 ,23.58 ,23.6 ,23.56 ,23.61 ,23.54 ,23.58 ,23.66 ,23.82 ,23.9 ,23.82 ,23.84 ,23.75 ,23.8 ,23.8 ,23.71 ,23.83 ,23.9 ,23.88 ,23.85 ,23.76 ,23.64 ,23.65 ,23.6 ,23.68 ,23.7 ,23.61 ,23.6 ,23.63 ,23.62 ,23.54 ,23.6 ,23.64 ,23.63 ,23.65 ,23.67 ,23.64 ,23.59 ,23.51 ,23.57 ,23.65 ,23.61 ,23.6 ,23.58 ,23.67 ,23.63 ,23.56 ,23.56 ,23.55 ,23.59 ,23.64 ,23.63 ,23.7 ,23.62 ,23.5 ,23.59 ,23.55 ,23.59 ,23.62 ,23.5 ,23.47 ,23.48 ,23.54 ,23.66 ,23.7 ,23.75 ,23.66 ,23.62 ,23.6 ,23.64 ,23.77 ,23.85 ,23.78 ,23.8 ,23.82 ,23.82 ,23.8 ,23.82 ,23.83 ,23.75 ,23.84 ,23.92 ,23.86 ,23.84 ,23.9 ,23.84 ,23.8 ,23.79 ,23.83 ,23.76 ,23.86 ,23.8 ,23.82 ,23.85 ,23.82 ,23.76 ,23.72 ,23.73 ,23.68 ,23.79 ,23.79 ,23.71 ,23.79 ,23.81 ,23.71 ,23.74 ,23.84 ,23.81 ,23.84 ,23.88 ,23.88 ,23.91 ,23.94 ,23.82 ,23.76 ,23.8 ,23.81 ,23.76 ,23.88 ,23.79 ,23.77 ,23.68 ,23.62 ,23.6 ,23.56 ,23.65 ,23.66 ,23.55 ,23.49 ,23.51 ,23.57 ,23.67 ,23.7 ,23.69 ,23.63 ,23.72 ,23.72 ,23.67 ,23.64 ,23.71 ,23.74 ,23.7 ,23.72 ,23.72 ,23.64 ,23.62 ,23.53 ,23.46 ,23.47 ,23.45 ,23.43 ,23.43 ,23.48 ,23.53 ,23.46 ,23.52 ,23.47 ,23.54 ,23.48 ,23.51 ,23.47 ,23.54 ,23.6 ,23.73 ,23.67 ,23.62 ,23.62 ,23.66 ,23.73 ,23.67 ,23.7 ,23.81 ,23.79 ,23.68 ,23.65 ,23.83 ,23.78 ,23.72 ,23.73 ,23.77 ,23.79 ,23.75 ,23.78 ,23.75 ,23.77 ,23.75 ,23.71 ,23.78 ,23.87 ,23.78 ,23.8 ,23.68 ,23.72 ,23.82 ,23.75 ,23.73 ,23.67 ,23.56 ,23.68 ,23.7 ,23.67 ,23.61 ,23.66 ,23.72 ,23.72 ,23.65 ,23.62 ,23.66 ,23.64 ,23.71 ,23.7 ,23.73 ,23.63 ,23.72 ,23.77 ,23.67 ,23.75 ,23.74 ,23.59 ,23.52 ,23.55 ,23.61 ,23.52 ,23.57 ,23.56 ,23.53 ,23.49 ,23.44 ,23.46 ,23.34 ,23.3 ,23.37 ,23.42 ,23.44 ,23.38 ,23.42 ,23.36 ,23.46 ,23.53 ,23.44 ,23.41 ,23.39 ,23.42 ,23.38 ,23.45 ,23.36 ,23.3 ,23.31 ,23.33 ,23.27 ,23.23 ,23.26 ,23.36 ,23.34 ,23.34 ,23.35 ,23.37 ,23.3 ,23.38 ,23.33 ,23.2 ,23.15 ,23.25 ,23.32 ,23.28 ,23.32 ,23.37 ,23.27 ,23.26 ,23.29 ,23.33 ,23.39 ,23.33 ,23.35 ,23.36 ,23.37 ,23.38 ,23.23 ,23.34 ,23.33 ,23.36 ,23.44 ,23.32 ,23.18 ,23.17 ,23.3 ,23.35 ,23.27 ,23.22 ,23.24 ,23.09 ,23.06 ,23.15 ,23.1 ,23.06 ,23.08 ,23.05 ,23.03 ,23.07 ,23.05 ,23.01 ,23.1 ,23.12 ,23.06 ,23.02 ,23.13 ,23.08 ,23.06 ,22.97 ,23.03 ,23.02 ,22.98 ,23.09 ,23.06 ,22.92 ,22.91 ,22.99 ,23 ,22.96 ,22.97 ,
112,23.45 ,23.38 ,23.43 ,23.48 ,23.45 ,23.51 ,23.52 ,23.46 ,23.49 ,23.48 ,23.46 ,23.49 ,23.44 ,23.29 ,23.33 ,23.36 ,23.33 ,23.36 ,23.37 ,23.34 ,23.24 ,23.27 ,23.4 ,23.36 ,23.43 ,23.34 ,23.43 ,23.39 ,23.39 ,23.51 ,23.55 ,23.49 ,23.44 ,23.55 ,23.52 ,23.49 ,23.49 ,23.6 ,23.53 ,23.53 ,23.61 ,23.53 ,23.53 ,23.58 ,23.51 ,23.44 ,23.51 ,23.52 ,23.56 ,23.48 ,23.51 ,23.5 ,23.48 ,23.56 ,23.5 ,23.51 ,23.54 ,23.52 ,23.51 ,23.49 ,23.48 ,23.47 ,23.52 ,23.49 ,23.52 ,23.46 ,23.52 ,23.5 ,23.43 ,23.42 ,23.57 ,23.6 ,23.53 ,23.48 ,23.45 ,23.5 ,23.59 ,23.63 ,23.53 ,23.45 ,23.54 ,23.52 ,23.46 ,23.41 ,23.55 ,23.56 ,23.67 ,23.71 ,23.58 ,23.43 ,23.58 ,23.59 ,23.5 ,23.54 ,23.54 ,23.58 ,23.5 ,23.43 ,23.42 ,23.38 ,23.39 ,23.49 ,23.5 ,23.45 ,23.42 ,23.46 ,23.48 ,23.37 ,23.44 ,23.47 ,23.54 ,23.62 ,23.6 ,23.62 ,23.68 ,23.61 ,23.63 ,23.65 ,23.64 ,23.7 ,23.68 ,23.63 ,23.68 ,23.7 ,23.68 ,23.69 ,23.69 ,23.77 ,23.71 ,23.72 ,23.62 ,23.78 ,23.72 ,23.74 ,23.79 ,23.66 ,23.68 ,23.8 ,23.74 ,23.72 ,23.72 ,23.74 ,23.74 ,23.73 ,23.71 ,23.76 ,23.75 ,23.64 ,23.67 ,23.72 ,23.77 ,23.83 ,23.75 ,23.62 ,23.74 ,23.74 ,23.76 ,23.7 ,23.71 ,23.77 ,23.74 ,23.71 ,23.79 ,23.75 ,23.77 ,23.75 ,23.72 ,23.75 ,23.79 ,23.82 ,23.83 ,23.77 ,23.68 ,23.74 ,23.87 ,23.8 ,23.78 ,23.79 ,23.79 ,23.74 ,23.71 ,23.7 ,23.64 ,23.52 ,23.6 ,23.67 ,23.73 ,23.69 ,23.61 ,23.6 ,23.68 ,23.65 ,23.63 ,23.63 ,23.61 ,23.46 ,23.42 ,23.53 ,23.55 ,23.53 ,23.48 ,23.39 ,23.4 ,23.44 ,23.39 ,23.45 ,23.43 ,23.45 ,23.46 ,23.55 ,23.49 ,23.47 ,23.5 ,23.52 ,23.52 ,23.52 ,23.57 ,23.67 ,23.63 ,23.65 ,23.68 ,23.71 ,23.7 ,23.66 ,23.63 ,23.57 ,23.57 ,23.55 ,23.54 ,23.56 ,23.54 ,23.55 ,23.59 ,23.67 ,23.69 ,23.72 ,23.71 ,23.67 ,23.74 ,23.77 ,23.67 ,23.77 ,23.77 ,23.7 ,23.75 ,23.8 ,23.74 ,23.73 ,23.69 ,23.67 ,23.63 ,23.6 ,23.76 ,23.92 ,23.9 ,23.88 ,23.91 ,23.89 ,23.84 ,23.89 ,23.85 ,23.77 ,23.79 ,23.69 ,23.66 ,23.67 ,23.81 ,23.75 ,23.79 ,23.74 ,23.72 ,23.79 ,23.69 ,23.8 ,23.84 ,23.86 ,23.86 ,23.88 ,23.84 ,23.79 ,23.7 ,23.63 ,23.66 ,23.62 ,23.59 ,23.61 ,23.66 ,23.67 ,23.67 ,23.7 ,23.77 ,23.77 ,23.67 ,23.71 ,23.68 ,23.67 ,23.71 ,23.82 ,23.84 ,23.86 ,23.85 ,23.9 ,23.85 ,23.81 ,23.85 ,23.85 ,23.79 ,23.81 ,23.79 ,23.69 ,23.76 ,23.83 ,23.77 ,23.76 ,23.77 ,23.87 ,23.88 ,23.84 ,23.75 ,23.77 ,23.68 ,23.56 ,23.59 ,23.59 ,23.65 ,23.63 ,23.63 ,23.75 ,23.8 ,23.84 ,23.78 ,23.7 ,23.74 ,23.75 ,23.84 ,23.7 ,23.75 ,23.85 ,23.78 ,23.8 ,23.76 ,23.64 ,23.63 ,23.64 ,23.67 ,23.65 ,23.65 ,23.61 ,23.62 ,23.6 ,23.59 ,23.61 ,23.61 ,23.64 ,23.62 ,23.58 ,23.61 ,23.58 ,23.57 ,23.56 ,23.6 ,23.55 ,23.59 ,23.65 ,23.62 ,23.59 ,23.61 ,23.59 ,23.58 ,23.6 ,23.56 ,23.55 ,23.63 ,23.7 ,23.54 ,23.55 ,23.56 ,23.64 ,23.66 ,23.59 ,23.52 ,23.51 ,23.59 ,23.64 ,23.71 ,23.64 ,23.63 ,23.67 ,23.6 ,23.65 ,23.73 ,23.83 ,23.82 ,23.8 ,23.81 ,23.85 ,23.88 ,23.83 ,23.85 ,23.81 ,23.75 ,23.74 ,23.77 ,23.86 ,23.9 ,23.8 ,23.74 ,23.79 ,23.79 ,23.84 ,23.84 ,23.8 ,23.79 ,23.82 ,23.77 ,23.69 ,23.77 ,23.76 ,23.68 ,23.68 ,23.72 ,23.65 ,23.78 ,23.83 ,23.78 ,23.74 ,23.74 ,23.78 ,23.81 ,23.8 ,23.78 ,23.84 ,23.89 ,23.87 ,23.82 ,23.78 ,23.78 ,23.8 ,23.86 ,23.84 ,23.72 ,23.71 ,23.62 ,23.52 ,23.44 ,23.54 ,23.5 ,23.54 ,23.52 ,23.55 ,23.67 ,23.78 ,23.73 ,23.73 ,23.64 ,23.72 ,23.68 ,23.63 ,23.59 ,23.65 ,23.7 ,23.65 ,23.74 ,23.76 ,23.66 ,23.55 ,23.55 ,23.42 ,23.53 ,23.49 ,23.37 ,23.41 ,23.46 ,23.53 ,23.51 ,23.54 ,23.46 ,23.47 ,23.48 ,23.42 ,23.5 ,23.51 ,23.51 ,23.59 ,23.66 ,23.66 ,23.7 ,23.68 ,23.73 ,23.75 ,23.66 ,23.66 ,23.77 ,23.74 ,23.7 ,23.77 ,23.79 ,23.76 ,23.75 ,23.71 ,23.77 ,23.79 ,23.77 ,23.78 ,23.83 ,23.77 ,23.71 ,23.8 ,23.79 ,23.76 ,23.74 ,23.71 ,23.71 ,23.74 ,23.79 ,23.74 ,23.68 ,23.61 ,23.72 ,23.69 ,23.59 ,23.62 ,23.69 ,23.82 ,23.73 ,23.61 ,23.62 ,23.69 ,23.72 ,23.71 ,23.64 ,23.71 ,23.69 ,23.66 ,23.73 ,23.66 ,23.67 ,23.72 ,23.63 ,23.52 ,23.54 ,23.57 ,23.53 ,23.53 ,23.5 ,23.47 ,23.43 ,23.44 ,23.42 ,23.34 ,23.26 ,23.45 ,23.49 ,23.39 ,23.45 ,23.54 ,23.35 ,23.42 ,23.52 ,23.45 ,23.43 ,23.49 ,23.4 ,23.33 ,23.46 ,23.39 ,23.35 ,23.33 ,23.3 ,23.31 ,23.28 ,23.25 ,23.38 ,23.42 ,23.38 ,23.39 ,23.28 ,23.33 ,23.36 ,23.36 ,23.16 ,23.11 ,23.27 ,23.35 ,23.27 ,23.36 ,23.37 ,23.28 ,23.32 ,23.34 ,23.31 ,23.3 ,23.34 ,23.4 ,23.34 ,23.39 ,23.26 ,23.2 ,23.26 ,23.26 ,23.29 ,23.37 ,23.34 ,23.23 ,23.19 ,23.29 ,23.39 ,23.25 ,23.16 ,23.27 ,23.1 ,23.04 ,23.02 ,23.05 ,23.01 ,23.02 ,23.05 ,23.02 ,23.06 ,23.07 ,23 ,23.13 ,23.16 ,22.99 ,23.04 ,23.04 ,23.09 ,23.1 ,22.94 ,22.94 ,23.03 ,22.94 ,23 ,23.03 ,22.96 ,22.95 ,22.88 ,22.9 ,22.87 ,22.8 ,
113,23.45 ,23.45 ,23.42 ,23.47 ,23.46 ,23.47 ,23.5 ,23.51 ,23.47 ,23.53 ,23.41 ,23.46 ,23.46 ,23.36 ,23.31 ,23.43 ,23.57 ,23.39 ,23.33 ,23.32 ,23.28 ,23.34 ,23.44 ,23.39 ,23.4 ,23.49 ,23.48 ,23.47 ,23.4 ,23.46 ,23.53 ,23.51 ,23.45 ,23.53 ,23.65 ,23.56 ,23.52 ,23.6 ,23.64 ,23.56 ,23.61 ,23.57 ,23.52 ,23.53 ,23.56 ,23.51 ,23.48 ,23.52 ,23.52 ,23.43 ,23.49 ,23.54 ,23.45 ,23.48 ,23.47 ,23.53 ,23.41 ,23.44 ,23.42 ,23.41 ,23.47 ,23.46 ,23.45 ,23.43 ,23.5 ,23.46 ,23.54 ,23.5 ,23.43 ,23.39 ,23.49 ,23.6 ,23.63 ,23.5 ,23.47 ,23.52 ,23.56 ,23.65 ,23.49 ,23.44 ,23.45 ,23.46 ,23.5 ,23.54 ,23.56 ,23.57 ,23.57 ,23.61 ,23.58 ,23.56 ,23.6 ,23.58 ,23.54 ,23.59 ,23.54 ,23.53 ,23.58 ,23.45 ,23.43 ,23.41 ,23.38 ,23.45 ,23.45 ,23.49 ,23.45 ,23.47 ,23.46 ,23.46 ,23.47 ,23.45 ,23.48 ,23.6 ,23.58 ,23.62 ,23.6 ,23.67 ,23.62 ,23.58 ,23.6 ,23.7 ,23.68 ,23.69 ,23.67 ,23.71 ,23.64 ,23.68 ,23.64 ,23.73 ,23.72 ,23.72 ,23.69 ,23.7 ,23.72 ,23.66 ,23.71 ,23.69 ,23.77 ,23.77 ,23.72 ,23.76 ,23.73 ,23.71 ,23.67 ,23.68 ,23.72 ,23.73 ,23.71 ,23.73 ,23.71 ,23.81 ,23.77 ,23.77 ,23.77 ,23.77 ,23.82 ,23.8 ,23.84 ,23.79 ,23.79 ,23.76 ,23.86 ,23.78 ,23.78 ,23.77 ,23.75 ,23.8 ,23.81 ,23.78 ,23.79 ,23.89 ,23.83 ,23.75 ,23.72 ,23.76 ,23.86 ,23.79 ,23.75 ,23.8 ,23.77 ,23.75 ,23.77 ,23.78 ,23.62 ,23.54 ,23.53 ,23.63 ,23.67 ,23.68 ,23.65 ,23.61 ,23.61 ,23.66 ,23.67 ,23.57 ,23.59 ,23.61 ,23.5 ,23.58 ,23.65 ,23.51 ,23.49 ,23.43 ,23.47 ,23.45 ,23.5 ,23.54 ,23.49 ,23.46 ,23.41 ,23.55 ,23.63 ,23.55 ,23.45 ,23.48 ,23.53 ,23.6 ,23.63 ,23.63 ,23.64 ,23.59 ,23.68 ,23.69 ,23.6 ,23.64 ,23.64 ,23.53 ,23.55 ,23.56 ,23.58 ,23.59 ,23.52 ,23.57 ,23.72 ,23.7 ,23.63 ,23.73 ,23.76 ,23.74 ,23.67 ,23.7 ,23.72 ,23.83 ,23.78 ,23.67 ,23.75 ,23.81 ,23.78 ,23.73 ,23.66 ,23.73 ,23.69 ,23.64 ,23.71 ,23.83 ,23.83 ,23.87 ,23.88 ,23.88 ,23.9 ,23.86 ,23.87 ,23.78 ,23.81 ,23.82 ,23.83 ,23.73 ,23.76 ,23.78 ,23.78 ,23.74 ,23.65 ,23.8 ,23.74 ,23.73 ,23.72 ,23.84 ,23.95 ,23.9 ,23.78 ,23.79 ,23.85 ,23.67 ,23.6 ,23.66 ,23.7 ,23.8 ,23.72 ,23.66 ,23.64 ,23.69 ,23.79 ,23.84 ,23.69 ,23.69 ,23.72 ,23.72 ,23.75 ,23.83 ,23.84 ,23.87 ,23.92 ,23.95 ,23.92 ,23.8 ,23.91 ,23.97 ,23.81 ,23.82 ,23.86 ,23.81 ,23.8 ,23.87 ,23.8 ,23.78 ,23.84 ,23.83 ,23.85 ,23.82 ,23.78 ,23.81 ,23.71 ,23.6 ,23.58 ,23.59 ,23.61 ,23.64 ,23.64 ,23.73 ,23.78 ,23.79 ,23.84 ,23.75 ,23.76 ,23.74 ,23.83 ,23.83 ,23.77 ,23.84 ,23.85 ,23.82 ,23.76 ,23.68 ,23.65 ,23.66 ,23.68 ,23.61 ,23.66 ,23.6 ,23.58 ,23.6 ,23.57 ,23.59 ,23.65 ,23.65 ,23.63 ,23.55 ,23.58 ,23.6 ,23.58 ,23.6 ,23.65 ,23.65 ,23.69 ,23.67 ,23.63 ,23.61 ,23.63 ,23.6 ,23.66 ,23.6 ,23.58 ,23.55 ,23.61 ,23.66 ,23.63 ,23.59 ,23.56 ,23.64 ,23.69 ,23.61 ,23.59 ,23.56 ,23.61 ,23.66 ,23.63 ,23.6 ,23.53 ,23.63 ,23.61 ,23.63 ,23.64 ,23.76 ,23.91 ,23.78 ,23.83 ,23.8 ,23.78 ,23.86 ,23.86 ,23.85 ,23.82 ,23.77 ,23.76 ,23.86 ,23.89 ,23.75 ,23.72 ,23.81 ,23.85 ,23.85 ,23.85 ,23.85 ,23.83 ,23.78 ,23.8 ,23.74 ,23.81 ,23.81 ,23.78 ,23.73 ,23.72 ,23.65 ,23.78 ,23.82 ,23.72 ,23.73 ,23.73 ,23.76 ,23.81 ,23.87 ,23.84 ,23.81 ,23.76 ,23.76 ,23.9 ,23.87 ,23.82 ,23.8 ,23.84 ,23.84 ,23.75 ,23.65 ,23.6 ,23.54 ,23.49 ,23.52 ,23.5 ,23.59 ,23.62 ,23.68 ,23.73 ,23.8 ,23.78 ,23.69 ,23.7 ,23.74 ,23.66 ,23.67 ,23.65 ,23.69 ,23.65 ,23.64 ,23.73 ,23.81 ,23.74 ,23.61 ,23.57 ,23.53 ,23.53 ,23.48 ,23.37 ,23.33 ,23.44 ,23.5 ,23.52 ,23.45 ,23.47 ,23.46 ,23.41 ,23.4 ,23.49 ,23.56 ,23.54 ,23.56 ,23.66 ,23.72 ,23.7 ,23.7 ,23.7 ,23.75 ,23.71 ,23.73 ,23.82 ,23.81 ,23.74 ,23.74 ,23.71 ,23.79 ,23.79 ,23.81 ,23.83 ,23.86 ,23.78 ,23.73 ,23.79 ,23.82 ,23.75 ,23.77 ,23.74 ,23.69 ,23.63 ,23.66 ,23.72 ,23.82 ,23.72 ,23.76 ,23.68 ,23.62 ,23.65 ,23.72 ,23.65 ,23.7 ,23.69 ,23.72 ,23.74 ,23.67 ,23.69 ,23.58 ,23.7 ,23.73 ,23.63 ,23.69 ,23.68 ,23.64 ,23.77 ,23.72 ,23.67 ,23.68 ,23.65 ,23.52 ,23.64 ,23.66 ,23.5 ,23.55 ,23.57 ,23.47 ,23.49 ,23.5 ,23.44 ,23.35 ,23.36 ,23.48 ,23.55 ,23.43 ,23.45 ,23.57 ,23.48 ,23.35 ,23.44 ,23.46 ,23.41 ,23.49 ,23.42 ,23.32 ,23.41 ,23.31 ,23.3 ,23.35 ,23.38 ,23.33 ,23.35 ,23.37 ,23.43 ,23.45 ,23.47 ,23.45 ,23.26 ,23.31 ,23.31 ,23.34 ,23.27 ,23.2 ,23.31 ,23.35 ,23.28 ,23.34 ,23.32 ,23.33 ,23.32 ,23.31 ,23.34 ,23.31 ,23.26 ,23.39 ,23.32 ,23.35 ,23.34 ,23.26 ,23.3 ,23.31 ,23.3 ,23.32 ,23.35 ,23.25 ,23.22 ,23.33 ,23.34 ,23.25 ,23.18 ,23.24 ,23.2 ,23.11 ,23.12 ,23.11 ,23.04 ,23.1 ,23.13 ,23.09 ,23.17 ,23.09 ,23 ,23.14 ,23.13 ,23.01 ,22.98 ,23.11 ,23.06 ,23.12 ,23 ,22.93 ,23 ,23.06 ,23.05 ,23.08 ,22.93 ,22.89 ,23 ,23.03 ,22.87 ,22.79 ,
114,23.48 ,23.46 ,23.41 ,23.49 ,23.51 ,23.5 ,23.47 ,23.45 ,23.48 ,23.53 ,23.4 ,23.34 ,23.48 ,23.36 ,23.32 ,23.44 ,23.4 ,23.33 ,23.4 ,23.41 ,23.33 ,23.3 ,23.37 ,23.38 ,23.38 ,23.44 ,23.45 ,23.48 ,23.47 ,23.5 ,23.51 ,23.45 ,23.46 ,23.58 ,23.58 ,23.56 ,23.5 ,23.62 ,23.65 ,23.59 ,23.57 ,23.6 ,23.52 ,23.52 ,23.54 ,23.56 ,23.51 ,23.47 ,23.52 ,23.46 ,23.37 ,23.45 ,23.57 ,23.49 ,23.45 ,23.58 ,23.47 ,23.42 ,23.46 ,23.47 ,23.49 ,23.46 ,23.48 ,23.5 ,23.54 ,23.45 ,23.53 ,23.49 ,23.49 ,23.54 ,23.49 ,23.49 ,23.57 ,23.56 ,23.53 ,23.53 ,23.63 ,23.55 ,23.5 ,23.48 ,23.48 ,23.44 ,23.47 ,23.53 ,23.57 ,23.57 ,23.59 ,23.54 ,23.53 ,23.57 ,23.63 ,23.56 ,23.5 ,23.62 ,23.62 ,23.6 ,23.59 ,23.51 ,23.44 ,23.42 ,23.43 ,23.39 ,23.42 ,23.35 ,23.4 ,23.43 ,23.39 ,23.49 ,23.53 ,23.53 ,23.52 ,23.63 ,23.65 ,23.63 ,23.58 ,23.65 ,23.71 ,23.6 ,23.66 ,23.68 ,23.71 ,23.76 ,23.66 ,23.67 ,23.65 ,23.65 ,23.58 ,23.64 ,23.68 ,23.66 ,23.66 ,23.71 ,23.7 ,23.74 ,23.64 ,23.69 ,23.75 ,23.74 ,23.69 ,23.72 ,23.73 ,23.68 ,23.7 ,23.7 ,23.7 ,23.81 ,23.75 ,23.73 ,23.71 ,23.78 ,23.83 ,23.76 ,23.75 ,23.82 ,23.79 ,23.74 ,23.74 ,23.8 ,23.76 ,23.72 ,23.7 ,23.82 ,23.84 ,23.83 ,23.74 ,23.78 ,23.83 ,23.84 ,23.81 ,23.83 ,23.87 ,23.75 ,23.69 ,23.76 ,23.85 ,23.76 ,23.73 ,23.75 ,23.81 ,23.75 ,23.78 ,23.75 ,23.67 ,23.6 ,23.58 ,23.62 ,23.61 ,23.52 ,23.62 ,23.63 ,23.6 ,23.68 ,23.71 ,23.59 ,23.56 ,23.66 ,23.66 ,23.58 ,23.6 ,23.49 ,23.48 ,23.5 ,23.45 ,23.41 ,23.47 ,23.56 ,23.47 ,23.47 ,23.42 ,23.55 ,23.61 ,23.56 ,23.51 ,23.45 ,23.51 ,23.59 ,23.63 ,23.75 ,23.62 ,23.58 ,23.64 ,23.73 ,23.62 ,23.52 ,23.61 ,23.55 ,23.58 ,23.56 ,23.57 ,23.6 ,23.58 ,23.65 ,23.74 ,23.68 ,23.53 ,23.67 ,23.79 ,23.77 ,23.67 ,23.66 ,23.69 ,23.81 ,23.81 ,23.68 ,23.72 ,23.74 ,23.8 ,23.73 ,23.75 ,23.72 ,23.66 ,23.66 ,23.7 ,23.77 ,23.86 ,23.91 ,23.92 ,23.93 ,23.9 ,23.8 ,23.92 ,23.84 ,23.86 ,23.93 ,23.91 ,23.82 ,23.74 ,23.73 ,23.73 ,23.68 ,23.64 ,23.65 ,23.68 ,23.66 ,23.7 ,23.77 ,23.84 ,23.88 ,23.78 ,23.75 ,23.9 ,23.78 ,23.63 ,23.62 ,23.71 ,23.77 ,23.79 ,23.67 ,23.68 ,23.73 ,23.77 ,23.74 ,23.74 ,23.7 ,23.76 ,23.74 ,23.7 ,23.77 ,23.84 ,23.89 ,23.87 ,23.9 ,23.91 ,23.82 ,23.9 ,23.95 ,23.86 ,23.86 ,23.86 ,23.81 ,23.83 ,23.91 ,23.84 ,23.72 ,23.79 ,23.82 ,23.8 ,23.84 ,23.85 ,23.84 ,23.65 ,23.58 ,23.58 ,23.54 ,23.54 ,23.63 ,23.65 ,23.73 ,23.76 ,23.83 ,23.92 ,23.87 ,23.79 ,23.73 ,23.84 ,23.87 ,23.83 ,23.79 ,23.85 ,23.84 ,23.74 ,23.73 ,23.67 ,23.66 ,23.64 ,23.72 ,23.66 ,23.6 ,23.61 ,23.62 ,23.59 ,23.62 ,23.7 ,23.62 ,23.62 ,23.57 ,23.65 ,23.69 ,23.62 ,23.61 ,23.62 ,23.57 ,23.66 ,23.67 ,23.61 ,23.56 ,23.69 ,23.64 ,23.63 ,23.58 ,23.58 ,23.65 ,23.65 ,23.61 ,23.62 ,23.55 ,23.55 ,23.6 ,23.6 ,23.65 ,23.64 ,23.62 ,23.59 ,23.64 ,23.61 ,23.5 ,23.54 ,23.57 ,23.62 ,23.62 ,23.6 ,23.66 ,23.77 ,23.77 ,23.78 ,23.76 ,23.72 ,23.78 ,23.86 ,23.8 ,23.81 ,23.76 ,23.81 ,23.84 ,23.82 ,23.8 ,23.72 ,23.74 ,23.81 ,23.88 ,23.88 ,23.8 ,23.85 ,23.85 ,23.75 ,23.74 ,23.85 ,23.84 ,23.81 ,23.71 ,23.73 ,23.76 ,23.79 ,23.87 ,23.71 ,23.75 ,23.8 ,23.76 ,23.8 ,23.86 ,23.89 ,23.84 ,23.8 ,23.83 ,23.9 ,23.87 ,23.89 ,23.81 ,23.79 ,23.77 ,23.71 ,23.6 ,23.6 ,23.57 ,23.51 ,23.62 ,23.65 ,23.67 ,23.67 ,23.67 ,23.69 ,23.68 ,23.73 ,23.74 ,23.73 ,23.79 ,23.68 ,23.66 ,23.71 ,23.76 ,23.68 ,23.65 ,23.62 ,23.75 ,23.74 ,23.73 ,23.59 ,23.57 ,23.5 ,23.43 ,23.42 ,23.46 ,23.49 ,23.47 ,23.41 ,23.45 ,23.43 ,23.44 ,23.43 ,23.48 ,23.45 ,23.53 ,23.56 ,23.56 ,23.61 ,23.72 ,23.67 ,23.7 ,23.68 ,23.73 ,23.74 ,23.76 ,23.76 ,23.8 ,23.76 ,23.73 ,23.73 ,23.81 ,23.8 ,23.8 ,23.81 ,23.8 ,23.74 ,23.64 ,23.67 ,23.78 ,23.72 ,23.81 ,23.8 ,23.71 ,23.67 ,23.68 ,23.66 ,23.83 ,23.77 ,23.71 ,23.74 ,23.63 ,23.61 ,23.62 ,23.72 ,23.76 ,23.74 ,23.71 ,23.78 ,23.72 ,23.63 ,23.67 ,23.67 ,23.72 ,23.64 ,23.67 ,23.62 ,23.65 ,23.73 ,23.75 ,23.68 ,23.7 ,23.65 ,23.53 ,23.55 ,23.62 ,23.51 ,23.54 ,23.54 ,23.48 ,23.42 ,23.58 ,23.46 ,23.42 ,23.4 ,23.41 ,23.49 ,23.47 ,23.51 ,23.53 ,23.41 ,23.36 ,23.34 ,23.39 ,23.35 ,23.35 ,23.34 ,23.33 ,23.36 ,23.25 ,23.38 ,23.41 ,23.38 ,23.31 ,23.35 ,23.37 ,23.39 ,23.4 ,23.47 ,23.42 ,23.27 ,23.35 ,23.35 ,23.29 ,23.23 ,23.25 ,23.35 ,23.3 ,23.26 ,23.3 ,23.27 ,23.35 ,23.3 ,23.26 ,23.31 ,23.36 ,23.3 ,23.37 ,23.32 ,23.28 ,23.34 ,23.31 ,23.33 ,23.41 ,23.29 ,23.27 ,23.31 ,23.19 ,23.16 ,23.34 ,23.29 ,23.26 ,23.19 ,23.18 ,23.21 ,23.18 ,23.11 ,23.15 ,23.06 ,23.02 ,23.09 ,23.05 ,23.04 ,23.16 ,23.09 ,23.12 ,23.1 ,23 ,23.04 ,23.08 ,23.04 ,23.14 ,23.1 ,22.98 ,22.97 ,23.07 ,23.06 ,23.06 ,22.98 ,22.96 ,23.11 ,23.14 ,22.97 ,22.87 ,
115,23.43 ,23.45 ,23.53 ,23.55 ,23.53 ,23.55 ,23.53 ,23.41 ,23.44 ,23.49 ,23.34 ,23.29 ,23.35 ,23.28 ,23.3 ,23.36 ,23.29 ,23.33 ,23.37 ,23.37 ,23.3 ,23.27 ,23.38 ,23.39 ,23.37 ,23.43 ,23.43 ,23.42 ,23.44 ,23.51 ,23.48 ,23.43 ,23.44 ,23.5 ,23.56 ,23.5 ,23.46 ,23.62 ,23.7 ,23.56 ,23.46 ,23.53 ,23.53 ,23.55 ,23.57 ,23.55 ,23.54 ,23.56 ,23.55 ,23.59 ,23.39 ,23.42 ,23.55 ,23.51 ,23.5 ,23.59 ,23.49 ,23.46 ,23.53 ,23.54 ,23.61 ,23.57 ,23.45 ,23.46 ,23.53 ,23.55 ,23.52 ,23.46 ,23.42 ,23.51 ,23.53 ,23.44 ,23.56 ,23.54 ,23.52 ,23.49 ,23.56 ,23.59 ,23.53 ,23.53 ,23.51 ,23.44 ,23.44 ,23.53 ,23.52 ,23.57 ,23.62 ,23.58 ,23.55 ,23.59 ,23.58 ,23.57 ,23.49 ,23.51 ,23.58 ,23.57 ,23.48 ,23.49 ,23.5 ,23.48 ,23.43 ,23.4 ,23.37 ,23.38 ,23.46 ,23.46 ,23.44 ,23.46 ,23.51 ,23.55 ,23.61 ,23.67 ,23.68 ,23.59 ,23.53 ,23.64 ,23.64 ,23.65 ,23.59 ,23.66 ,23.76 ,23.76 ,23.75 ,23.65 ,23.63 ,23.67 ,23.69 ,23.63 ,23.64 ,23.62 ,23.63 ,23.67 ,23.65 ,23.73 ,23.68 ,23.7 ,23.76 ,23.68 ,23.68 ,23.69 ,23.7 ,23.73 ,23.79 ,23.69 ,23.7 ,23.79 ,23.78 ,23.76 ,23.71 ,23.73 ,23.82 ,23.8 ,23.7 ,23.78 ,23.74 ,23.79 ,23.76 ,23.66 ,23.79 ,23.81 ,23.75 ,23.76 ,23.8 ,23.92 ,23.88 ,23.77 ,23.76 ,23.83 ,23.69 ,23.76 ,23.76 ,23.68 ,23.63 ,23.74 ,23.84 ,23.79 ,23.78 ,23.74 ,23.76 ,23.7 ,23.73 ,23.74 ,23.7 ,23.54 ,23.55 ,23.56 ,23.55 ,23.57 ,23.56 ,23.59 ,23.65 ,23.66 ,23.71 ,23.71 ,23.6 ,23.58 ,23.58 ,23.6 ,23.55 ,23.57 ,23.55 ,23.53 ,23.54 ,23.47 ,23.43 ,23.52 ,23.54 ,23.53 ,23.54 ,23.56 ,23.54 ,23.58 ,23.59 ,23.51 ,23.47 ,23.49 ,23.6 ,23.69 ,23.67 ,23.6 ,23.71 ,23.76 ,23.71 ,23.57 ,23.66 ,23.65 ,23.67 ,23.67 ,23.56 ,23.58 ,23.6 ,23.61 ,23.71 ,23.72 ,23.66 ,23.67 ,23.79 ,23.81 ,23.73 ,23.74 ,23.75 ,23.71 ,23.76 ,23.71 ,23.72 ,23.76 ,23.71 ,23.7 ,23.76 ,23.73 ,23.67 ,23.69 ,23.69 ,23.77 ,23.91 ,23.89 ,23.85 ,23.87 ,23.81 ,23.79 ,23.87 ,23.97 ,23.99 ,23.98 ,23.93 ,23.81 ,23.76 ,23.65 ,23.72 ,23.7 ,23.71 ,23.76 ,23.77 ,23.73 ,23.7 ,23.77 ,23.83 ,23.82 ,23.84 ,23.81 ,23.91 ,23.87 ,23.73 ,23.66 ,23.65 ,23.76 ,23.74 ,23.69 ,23.7 ,23.75 ,23.71 ,23.67 ,23.65 ,23.69 ,23.69 ,23.72 ,23.67 ,23.69 ,23.82 ,23.85 ,23.88 ,23.92 ,23.93 ,23.88 ,23.94 ,23.94 ,23.89 ,23.84 ,23.83 ,23.77 ,23.73 ,23.82 ,23.81 ,23.71 ,23.82 ,23.85 ,23.81 ,23.83 ,23.86 ,23.79 ,23.63 ,23.58 ,23.56 ,23.62 ,23.6 ,23.62 ,23.62 ,23.77 ,23.83 ,23.83 ,23.91 ,23.87 ,23.76 ,23.74 ,23.79 ,23.79 ,23.81 ,23.83 ,23.8 ,23.77 ,23.72 ,23.73 ,23.68 ,23.74 ,23.72 ,23.7 ,23.68 ,23.61 ,23.66 ,23.7 ,23.62 ,23.64 ,23.64 ,23.62 ,23.59 ,23.61 ,23.64 ,23.62 ,23.58 ,23.58 ,23.68 ,23.6 ,23.6 ,23.67 ,23.69 ,23.55 ,23.58 ,23.68 ,23.66 ,23.68 ,23.65 ,23.58 ,23.67 ,23.67 ,23.61 ,23.54 ,23.54 ,23.57 ,23.55 ,23.59 ,23.64 ,23.61 ,23.68 ,23.67 ,23.64 ,23.52 ,23.58 ,23.64 ,23.61 ,23.63 ,23.57 ,23.57 ,23.66 ,23.74 ,23.84 ,23.78 ,23.78 ,23.82 ,23.87 ,23.81 ,23.76 ,23.73 ,23.75 ,23.85 ,23.86 ,23.84 ,23.77 ,23.74 ,23.84 ,23.86 ,23.84 ,23.76 ,23.8 ,23.81 ,23.71 ,23.73 ,23.83 ,23.82 ,23.79 ,23.76 ,23.73 ,23.8 ,23.82 ,23.87 ,23.82 ,23.81 ,23.83 ,23.83 ,23.8 ,23.86 ,23.9 ,23.83 ,23.85 ,23.89 ,23.83 ,23.87 ,23.88 ,23.78 ,23.66 ,23.75 ,23.66 ,23.6 ,23.56 ,23.57 ,23.59 ,23.78 ,23.79 ,23.75 ,23.7 ,23.78 ,23.68 ,23.63 ,23.69 ,23.77 ,23.71 ,23.78 ,23.73 ,23.58 ,23.58 ,23.68 ,23.67 ,23.73 ,23.71 ,23.74 ,23.74 ,23.67 ,23.67 ,23.54 ,23.41 ,23.41 ,23.35 ,23.43 ,23.54 ,23.54 ,23.45 ,23.41 ,23.43 ,23.45 ,23.47 ,23.46 ,23.5 ,23.55 ,23.52 ,23.51 ,23.64 ,23.72 ,23.68 ,23.77 ,23.67 ,23.72 ,23.7 ,23.71 ,23.71 ,23.74 ,23.78 ,23.77 ,23.85 ,23.88 ,23.8 ,23.75 ,23.79 ,23.79 ,23.74 ,23.76 ,23.66 ,23.71 ,23.75 ,23.77 ,23.79 ,23.8 ,23.79 ,23.73 ,23.69 ,23.73 ,23.75 ,23.71 ,23.74 ,23.73 ,23.73 ,23.7 ,23.69 ,23.72 ,23.65 ,23.69 ,23.75 ,23.67 ,23.61 ,23.67 ,23.66 ,23.7 ,23.68 ,23.6 ,23.58 ,23.61 ,23.7 ,23.71 ,23.73 ,23.73 ,23.7 ,23.61 ,23.63 ,23.58 ,23.65 ,23.58 ,23.47 ,23.39 ,23.41 ,23.48 ,23.42 ,23.4 ,23.35 ,23.39 ,23.54 ,23.5 ,23.52 ,23.57 ,23.39 ,23.41 ,23.36 ,23.38 ,23.43 ,23.46 ,23.39 ,23.34 ,23.35 ,23.3 ,23.38 ,23.39 ,23.33 ,23.31 ,23.36 ,23.37 ,23.34 ,23.4 ,23.39 ,23.37 ,23.29 ,23.25 ,23.33 ,23.29 ,23.23 ,23.28 ,23.36 ,23.34 ,23.27 ,23.34 ,23.38 ,23.41 ,23.31 ,23.34 ,23.33 ,23.29 ,23.28 ,23.29 ,23.28 ,23.38 ,23.38 ,23.34 ,23.24 ,23.34 ,23.4 ,23.31 ,23.27 ,23.24 ,23.25 ,23.36 ,23.31 ,23.17 ,23.18 ,23.2 ,23.15 ,23.17 ,23.13 ,23.14 ,23.11 ,23.01 ,23.01 ,23.02 ,22.95 ,23.01 ,23.1 ,23.14 ,23.17 ,23.07 ,23.13 ,23.14 ,23.08 ,23.07 ,23.1 ,23.08 ,22.99 ,23.05 ,23.02 ,23.08 ,22.97 ,23 ,23.03 ,23.11 ,22.94 ,22.98 ,
116,23.42 ,23.38 ,23.45 ,23.48 ,23.46 ,23.51 ,23.56 ,23.42 ,23.45 ,23.44 ,23.24 ,23.26 ,23.39 ,23.29 ,23.3 ,23.36 ,23.29 ,23.39 ,23.4 ,23.25 ,23.26 ,23.36 ,23.46 ,23.41 ,23.35 ,23.45 ,23.51 ,23.4 ,23.39 ,23.48 ,23.46 ,23.43 ,23.46 ,23.53 ,23.56 ,23.53 ,23.42 ,23.58 ,23.63 ,23.49 ,23.49 ,23.47 ,23.46 ,23.55 ,23.53 ,23.59 ,23.56 ,23.64 ,23.6 ,23.59 ,23.51 ,23.48 ,23.58 ,23.55 ,23.55 ,23.54 ,23.43 ,23.41 ,23.5 ,23.52 ,23.58 ,23.57 ,23.58 ,23.44 ,23.6 ,23.57 ,23.53 ,23.56 ,23.42 ,23.42 ,23.5 ,23.42 ,23.54 ,23.53 ,23.49 ,23.51 ,23.53 ,23.58 ,23.62 ,23.54 ,23.59 ,23.55 ,23.55 ,23.56 ,23.5 ,23.52 ,23.66 ,23.63 ,23.56 ,23.46 ,23.51 ,23.49 ,23.5 ,23.56 ,23.5 ,23.52 ,23.44 ,23.4 ,23.47 ,23.44 ,23.4 ,23.37 ,23.36 ,23.45 ,23.44 ,23.45 ,23.37 ,23.43 ,23.52 ,23.57 ,23.55 ,23.57 ,23.55 ,23.6 ,23.6 ,23.67 ,23.6 ,23.63 ,23.68 ,23.66 ,23.8 ,23.75 ,23.72 ,23.73 ,23.72 ,23.69 ,23.77 ,23.67 ,23.65 ,23.65 ,23.66 ,23.72 ,23.66 ,23.71 ,23.65 ,23.74 ,23.84 ,23.79 ,23.73 ,23.75 ,23.74 ,23.71 ,23.76 ,23.71 ,23.71 ,23.76 ,23.73 ,23.75 ,23.78 ,23.74 ,23.8 ,23.68 ,23.65 ,23.7 ,23.76 ,23.75 ,23.78 ,23.62 ,23.7 ,23.79 ,23.78 ,23.76 ,23.77 ,23.85 ,23.88 ,23.82 ,23.74 ,23.76 ,23.69 ,23.79 ,23.76 ,23.62 ,23.67 ,23.69 ,23.83 ,23.77 ,23.7 ,23.72 ,23.73 ,23.68 ,23.61 ,23.68 ,23.65 ,23.48 ,23.44 ,23.55 ,23.51 ,23.52 ,23.48 ,23.48 ,23.63 ,23.6 ,23.59 ,23.68 ,23.65 ,23.61 ,23.56 ,23.64 ,23.58 ,23.57 ,23.61 ,23.54 ,23.55 ,23.56 ,23.48 ,23.47 ,23.51 ,23.48 ,23.44 ,23.53 ,23.55 ,23.55 ,23.59 ,23.55 ,23.54 ,23.5 ,23.55 ,23.59 ,23.55 ,23.66 ,23.67 ,23.73 ,23.76 ,23.7 ,23.72 ,23.67 ,23.67 ,23.69 ,23.61 ,23.63 ,23.74 ,23.69 ,23.76 ,23.72 ,23.68 ,23.7 ,23.69 ,23.74 ,23.75 ,23.76 ,23.73 ,23.69 ,23.74 ,23.67 ,23.67 ,23.75 ,23.74 ,23.67 ,23.74 ,23.75 ,23.75 ,23.65 ,23.71 ,23.8 ,23.86 ,23.86 ,23.89 ,23.89 ,23.75 ,23.82 ,23.87 ,23.84 ,23.85 ,23.9 ,23.91 ,23.84 ,23.88 ,23.78 ,23.68 ,23.71 ,23.71 ,23.8 ,23.81 ,23.86 ,23.74 ,23.68 ,23.8 ,23.87 ,23.86 ,23.86 ,23.88 ,23.9 ,23.76 ,23.64 ,23.66 ,23.77 ,23.81 ,23.72 ,23.67 ,23.71 ,23.74 ,23.68 ,23.65 ,23.74 ,23.73 ,23.73 ,23.77 ,23.7 ,23.76 ,23.87 ,23.91 ,23.97 ,23.98 ,23.92 ,23.88 ,23.95 ,23.86 ,23.86 ,23.87 ,23.9 ,23.86 ,23.8 ,23.86 ,23.74 ,23.85 ,23.88 ,23.82 ,23.79 ,23.84 ,23.77 ,23.66 ,23.57 ,23.46 ,23.56 ,23.56 ,23.59 ,23.59 ,23.73 ,23.85 ,23.86 ,23.82 ,23.83 ,23.75 ,23.8 ,23.81 ,23.83 ,23.81 ,23.88 ,23.78 ,23.75 ,23.66 ,23.72 ,23.79 ,23.84 ,23.77 ,23.66 ,23.64 ,23.62 ,23.65 ,23.64 ,23.59 ,23.6 ,23.65 ,23.56 ,23.62 ,23.6 ,23.58 ,23.52 ,23.59 ,23.55 ,23.61 ,23.61 ,23.57 ,23.59 ,23.7 ,23.62 ,23.65 ,23.69 ,23.68 ,23.71 ,23.72 ,23.61 ,23.67 ,23.66 ,23.5 ,23.54 ,23.56 ,23.56 ,23.59 ,23.64 ,23.61 ,23.61 ,23.6 ,23.66 ,23.62 ,23.63 ,23.57 ,23.62 ,23.65 ,23.61 ,23.58 ,23.56 ,23.6 ,23.68 ,23.79 ,23.86 ,23.91 ,23.86 ,23.83 ,23.85 ,23.83 ,23.8 ,23.79 ,23.86 ,23.86 ,23.84 ,23.79 ,23.77 ,23.85 ,23.93 ,23.83 ,23.73 ,23.7 ,23.81 ,23.76 ,23.82 ,23.83 ,23.79 ,23.78 ,23.77 ,23.74 ,23.8 ,23.82 ,23.82 ,23.86 ,23.83 ,23.84 ,23.81 ,23.84 ,23.86 ,23.88 ,23.82 ,23.83 ,23.73 ,23.67 ,23.74 ,23.76 ,23.73 ,23.69 ,23.69 ,23.66 ,23.59 ,23.55 ,23.65 ,23.71 ,23.8 ,23.81 ,23.69 ,23.65 ,23.7 ,23.67 ,23.68 ,23.65 ,23.66 ,23.72 ,23.76 ,23.68 ,23.53 ,23.56 ,23.62 ,23.65 ,23.67 ,23.73 ,23.63 ,23.7 ,23.57 ,23.64 ,23.6 ,23.43 ,23.41 ,23.37 ,23.44 ,23.5 ,23.53 ,23.51 ,23.45 ,23.47 ,23.48 ,23.53 ,23.51 ,23.51 ,23.62 ,23.54 ,23.55 ,23.66 ,23.67 ,23.65 ,23.62 ,23.64 ,23.68 ,23.64 ,23.79 ,23.73 ,23.7 ,23.73 ,23.79 ,23.84 ,23.87 ,23.81 ,23.74 ,23.84 ,23.81 ,23.79 ,23.83 ,23.74 ,23.73 ,23.76 ,23.84 ,23.71 ,23.67 ,23.74 ,23.63 ,23.74 ,23.81 ,23.76 ,23.7 ,23.73 ,23.64 ,23.65 ,23.71 ,23.73 ,23.73 ,23.61 ,23.62 ,23.65 ,23.61 ,23.62 ,23.74 ,23.66 ,23.66 ,23.64 ,23.59 ,23.55 ,23.67 ,23.71 ,23.68 ,23.72 ,23.81 ,23.74 ,23.57 ,23.57 ,23.56 ,23.64 ,23.63 ,23.61 ,23.46 ,23.37 ,23.53 ,23.51 ,23.52 ,23.4 ,23.38 ,23.51 ,23.45 ,23.48 ,23.4 ,23.41 ,23.36 ,23.33 ,23.4 ,23.44 ,23.49 ,23.41 ,23.37 ,23.36 ,23.33 ,23.36 ,23.34 ,23.32 ,23.39 ,23.34 ,23.36 ,23.35 ,23.37 ,23.42 ,23.44 ,23.36 ,23.29 ,23.37 ,23.24 ,23.17 ,23.23 ,23.32 ,23.28 ,23.28 ,23.37 ,23.36 ,23.4 ,23.37 ,23.41 ,23.33 ,23.32 ,23.3 ,23.38 ,23.4 ,23.31 ,23.32 ,23.35 ,23.29 ,23.24 ,23.35 ,23.32 ,23.25 ,23.28 ,23.29 ,23.29 ,23.38 ,23.26 ,23.22 ,23.26 ,23.16 ,23.12 ,23.04 ,23.14 ,23.13 ,23.13 ,23.12 ,23.01 ,22.99 ,22.98 ,22.99 ,23.17 ,23.16 ,23.16 ,23.09 ,23.18 ,23.14 ,23.1 ,23.03 ,23.01 ,23.08 ,23.06 ,23.02 ,23.05 ,23 ,22.94 ,23.04 ,23.04 ,22.96 ,22.88 ,
117,23.44 ,23.38 ,23.44 ,23.46 ,23.4 ,23.43 ,23.54 ,23.43 ,23.43 ,23.44 ,23.26 ,23.26 ,23.38 ,23.41 ,23.34 ,23.21 ,23.28 ,23.35 ,23.28 ,23.36 ,23.3 ,23.39 ,23.55 ,23.45 ,23.41 ,23.52 ,23.51 ,23.39 ,23.39 ,23.41 ,23.46 ,23.41 ,23.49 ,23.64 ,23.6 ,23.46 ,23.34 ,23.47 ,23.57 ,23.51 ,23.53 ,23.48 ,23.44 ,23.52 ,23.52 ,23.52 ,23.56 ,23.58 ,23.54 ,23.58 ,23.56 ,23.43 ,23.57 ,23.54 ,23.55 ,23.53 ,23.45 ,23.4 ,23.47 ,23.5 ,23.59 ,23.56 ,23.58 ,23.51 ,23.61 ,23.66 ,23.48 ,23.48 ,23.52 ,23.44 ,23.52 ,23.45 ,23.51 ,23.57 ,23.5 ,23.48 ,23.54 ,23.54 ,23.53 ,23.55 ,23.57 ,23.56 ,23.55 ,23.51 ,23.42 ,23.51 ,23.61 ,23.68 ,23.6 ,23.46 ,23.53 ,23.64 ,23.54 ,23.6 ,23.46 ,23.45 ,23.42 ,23.33 ,23.41 ,23.34 ,23.35 ,23.34 ,23.38 ,23.41 ,23.46 ,23.41 ,23.37 ,23.38 ,23.57 ,23.54 ,23.59 ,23.55 ,23.63 ,23.54 ,23.64 ,23.66 ,23.62 ,23.63 ,23.73 ,23.75 ,23.7 ,23.68 ,23.63 ,23.69 ,23.73 ,23.69 ,23.71 ,23.69 ,23.63 ,23.61 ,23.63 ,23.66 ,23.7 ,23.71 ,23.65 ,23.62 ,23.72 ,23.78 ,23.82 ,23.81 ,23.79 ,23.75 ,23.73 ,23.72 ,23.77 ,23.72 ,23.76 ,23.73 ,23.75 ,23.79 ,23.68 ,23.68 ,23.65 ,23.72 ,23.78 ,23.77 ,23.76 ,23.68 ,23.69 ,23.74 ,23.79 ,23.75 ,23.84 ,23.89 ,23.82 ,23.86 ,23.85 ,23.89 ,23.76 ,23.75 ,23.73 ,23.74 ,23.72 ,23.72 ,23.8 ,23.8 ,23.75 ,23.73 ,23.8 ,23.64 ,23.56 ,23.55 ,23.56 ,23.52 ,23.52 ,23.51 ,23.55 ,23.47 ,23.5 ,23.46 ,23.53 ,23.6 ,23.58 ,23.58 ,23.62 ,23.54 ,23.59 ,23.61 ,23.65 ,23.57 ,23.57 ,23.57 ,23.52 ,23.53 ,23.5 ,23.52 ,23.47 ,23.46 ,23.42 ,23.46 ,23.49 ,23.5 ,23.54 ,23.55 ,23.52 ,23.6 ,23.56 ,23.53 ,23.5 ,23.53 ,23.63 ,23.64 ,23.71 ,23.73 ,23.71 ,23.72 ,23.69 ,23.68 ,23.62 ,23.66 ,23.74 ,23.86 ,23.83 ,23.75 ,23.63 ,23.54 ,23.64 ,23.73 ,23.77 ,23.76 ,23.69 ,23.73 ,23.74 ,23.74 ,23.71 ,23.74 ,23.68 ,23.64 ,23.69 ,23.73 ,23.73 ,23.68 ,23.66 ,23.73 ,23.75 ,23.82 ,23.92 ,23.84 ,23.78 ,23.83 ,23.9 ,23.84 ,23.83 ,23.82 ,23.86 ,23.85 ,23.86 ,23.86 ,23.75 ,23.67 ,23.68 ,23.73 ,23.75 ,23.85 ,23.8 ,23.74 ,23.83 ,23.84 ,23.77 ,23.83 ,23.95 ,23.9 ,23.76 ,23.67 ,23.64 ,23.68 ,23.75 ,23.71 ,23.7 ,23.71 ,23.69 ,23.73 ,23.75 ,23.77 ,23.72 ,23.72 ,23.69 ,23.8 ,23.84 ,23.82 ,23.9 ,23.96 ,23.94 ,23.88 ,23.9 ,23.92 ,23.95 ,23.95 ,23.9 ,23.93 ,23.96 ,23.91 ,23.92 ,23.83 ,23.86 ,23.92 ,23.87 ,23.83 ,23.79 ,23.79 ,23.66 ,23.6 ,23.57 ,23.6 ,23.6 ,23.53 ,23.59 ,23.71 ,23.78 ,23.79 ,23.82 ,23.7 ,23.76 ,23.79 ,23.82 ,23.78 ,23.72 ,23.85 ,23.79 ,23.73 ,23.8 ,23.83 ,23.8 ,23.8 ,23.79 ,23.75 ,23.62 ,23.59 ,23.62 ,23.69 ,23.58 ,23.54 ,23.63 ,23.66 ,23.62 ,23.6 ,23.65 ,23.57 ,23.6 ,23.64 ,23.6 ,23.61 ,23.55 ,23.56 ,23.63 ,23.57 ,23.54 ,23.66 ,23.63 ,23.62 ,23.62 ,23.61 ,23.61 ,23.59 ,23.5 ,23.54 ,23.58 ,23.55 ,23.55 ,23.6 ,23.61 ,23.61 ,23.64 ,23.69 ,23.65 ,23.62 ,23.57 ,23.5 ,23.56 ,23.57 ,23.58 ,23.6 ,23.58 ,23.6 ,23.77 ,23.87 ,23.88 ,23.81 ,23.79 ,23.8 ,23.88 ,23.86 ,23.8 ,23.87 ,23.83 ,23.79 ,23.76 ,23.76 ,23.85 ,23.91 ,23.85 ,23.76 ,23.78 ,23.79 ,23.77 ,23.85 ,23.85 ,23.75 ,23.75 ,23.76 ,23.83 ,23.79 ,23.81 ,23.9 ,23.87 ,23.82 ,23.8 ,23.77 ,23.82 ,23.88 ,23.85 ,23.9 ,23.87 ,23.63 ,23.65 ,23.71 ,23.7 ,23.69 ,23.62 ,23.64 ,23.62 ,23.58 ,23.62 ,23.75 ,23.76 ,23.74 ,23.73 ,23.73 ,23.65 ,23.68 ,23.65 ,23.66 ,23.71 ,23.69 ,23.61 ,23.69 ,23.69 ,23.63 ,23.6 ,23.64 ,23.68 ,23.72 ,23.66 ,23.67 ,23.69 ,23.58 ,23.57 ,23.58 ,23.51 ,23.5 ,23.5 ,23.51 ,23.5 ,23.54 ,23.48 ,23.46 ,23.45 ,23.48 ,23.46 ,23.47 ,23.41 ,23.45 ,23.55 ,23.61 ,23.62 ,23.62 ,23.56 ,23.58 ,23.63 ,23.69 ,23.67 ,23.85 ,23.77 ,23.69 ,23.73 ,23.72 ,23.75 ,23.75 ,23.72 ,23.68 ,23.75 ,23.78 ,23.71 ,23.79 ,23.73 ,23.7 ,23.68 ,23.85 ,23.82 ,23.72 ,23.71 ,23.65 ,23.72 ,23.85 ,23.73 ,23.76 ,23.75 ,23.63 ,23.61 ,23.67 ,23.73 ,23.66 ,23.6 ,23.68 ,23.63 ,23.53 ,23.6 ,23.72 ,23.7 ,23.63 ,23.62 ,23.62 ,23.62 ,23.7 ,23.67 ,23.61 ,23.67 ,23.75 ,23.68 ,23.58 ,23.56 ,23.63 ,23.65 ,23.61 ,23.64 ,23.52 ,23.42 ,23.49 ,23.56 ,23.6 ,23.53 ,23.44 ,23.55 ,23.37 ,23.39 ,23.41 ,23.43 ,23.46 ,23.42 ,23.44 ,23.4 ,23.45 ,23.33 ,23.42 ,23.57 ,23.36 ,23.35 ,23.28 ,23.35 ,23.37 ,23.41 ,23.37 ,23.43 ,23.41 ,23.38 ,23.41 ,23.27 ,23.33 ,23.32 ,23.33 ,23.27 ,23.26 ,23.18 ,23.3 ,23.3 ,23.36 ,23.32 ,23.24 ,23.28 ,23.42 ,23.34 ,23.21 ,23.38 ,23.49 ,23.41 ,23.3 ,23.3 ,23.31 ,23.36 ,23.32 ,23.34 ,23.36 ,23.26 ,23.2 ,23.22 ,23.23 ,23.35 ,23.25 ,23.15 ,23.33 ,23.15 ,23.09 ,23.08 ,23.16 ,23.04 ,23.14 ,23.27 ,23.15 ,23.05 ,23.04 ,22.88 ,23.12 ,23.21 ,23.11 ,23.05 ,23.05 ,23.06 ,23.12 ,23.09 ,22.99 ,23 ,23.08 ,23.07 ,23.07 ,23.01 ,23.04 ,23.03 ,23.04 ,22.86 ,22.86 ,
118,23.46 ,23.43 ,23.5 ,23.56 ,23.45 ,23.47 ,23.52 ,23.51 ,23.47 ,23.39 ,23.3 ,23.35 ,23.33 ,23.25 ,23.18 ,23.28 ,23.32 ,23.34 ,23.31 ,23.36 ,23.4 ,23.4 ,23.57 ,23.53 ,23.46 ,23.51 ,23.5 ,23.45 ,23.49 ,23.44 ,23.48 ,23.41 ,23.47 ,23.64 ,23.57 ,23.57 ,23.47 ,23.49 ,23.57 ,23.53 ,23.57 ,23.52 ,23.41 ,23.47 ,23.54 ,23.56 ,23.59 ,23.54 ,23.55 ,23.54 ,23.49 ,23.49 ,23.59 ,23.55 ,23.58 ,23.54 ,23.43 ,23.48 ,23.49 ,23.53 ,23.61 ,23.59 ,23.52 ,23.51 ,23.57 ,23.5 ,23.46 ,23.48 ,23.46 ,23.55 ,23.55 ,23.49 ,23.56 ,23.57 ,23.58 ,23.58 ,23.62 ,23.49 ,23.54 ,23.51 ,23.61 ,23.5 ,23.47 ,23.55 ,23.55 ,23.6 ,23.64 ,23.62 ,23.59 ,23.51 ,23.53 ,23.63 ,23.61 ,23.56 ,23.48 ,23.49 ,23.44 ,23.29 ,23.36 ,23.38 ,23.34 ,23.44 ,23.45 ,23.38 ,23.46 ,23.52 ,23.4 ,23.41 ,23.63 ,23.66 ,23.68 ,23.74 ,23.74 ,23.68 ,23.62 ,23.65 ,23.62 ,23.6 ,23.65 ,23.73 ,23.65 ,23.62 ,23.6 ,23.72 ,23.77 ,23.73 ,23.72 ,23.79 ,23.76 ,23.69 ,23.65 ,23.75 ,23.68 ,23.76 ,23.79 ,23.69 ,23.68 ,23.75 ,23.77 ,23.75 ,23.74 ,23.79 ,23.77 ,23.7 ,23.77 ,23.8 ,23.72 ,23.65 ,23.72 ,23.81 ,23.7 ,23.74 ,23.7 ,23.7 ,23.81 ,23.78 ,23.76 ,23.78 ,23.84 ,23.77 ,23.76 ,23.77 ,23.81 ,23.85 ,23.83 ,23.85 ,23.86 ,23.82 ,23.73 ,23.76 ,23.76 ,23.77 ,23.77 ,23.81 ,23.8 ,23.8 ,23.81 ,23.73 ,23.74 ,23.63 ,23.51 ,23.53 ,23.53 ,23.44 ,23.5 ,23.54 ,23.55 ,23.5 ,23.52 ,23.53 ,23.54 ,23.51 ,23.63 ,23.55 ,23.61 ,23.56 ,23.6 ,23.62 ,23.61 ,23.51 ,23.56 ,23.56 ,23.6 ,23.57 ,23.58 ,23.54 ,23.41 ,23.43 ,23.52 ,23.52 ,23.54 ,23.53 ,23.47 ,23.49 ,23.54 ,23.58 ,23.56 ,23.54 ,23.54 ,23.59 ,23.62 ,23.56 ,23.68 ,23.83 ,23.73 ,23.75 ,23.75 ,23.66 ,23.66 ,23.61 ,23.67 ,23.77 ,23.77 ,23.71 ,23.6 ,23.53 ,23.69 ,23.75 ,23.75 ,23.76 ,23.68 ,23.71 ,23.76 ,23.73 ,23.75 ,23.79 ,23.77 ,23.67 ,23.69 ,23.67 ,23.71 ,23.69 ,23.65 ,23.68 ,23.71 ,23.75 ,23.87 ,23.88 ,23.8 ,23.81 ,23.82 ,23.85 ,23.95 ,23.84 ,23.82 ,23.84 ,23.86 ,23.87 ,23.8 ,23.76 ,23.73 ,23.76 ,23.7 ,23.74 ,23.78 ,23.72 ,23.76 ,23.79 ,23.75 ,23.83 ,23.84 ,23.84 ,23.72 ,23.68 ,23.64 ,23.75 ,23.78 ,23.74 ,23.76 ,23.75 ,23.7 ,23.69 ,23.73 ,23.75 ,23.74 ,23.69 ,23.76 ,23.85 ,23.92 ,23.86 ,23.87 ,23.87 ,23.89 ,23.83 ,23.88 ,23.98 ,23.98 ,23.93 ,23.89 ,23.91 ,23.95 ,23.99 ,23.97 ,23.99 ,23.88 ,23.87 ,23.85 ,23.84 ,23.82 ,23.76 ,23.59 ,23.57 ,23.61 ,23.61 ,23.61 ,23.52 ,23.52 ,23.63 ,23.73 ,23.82 ,23.78 ,23.74 ,23.71 ,23.81 ,23.77 ,23.72 ,23.65 ,23.77 ,23.79 ,23.72 ,23.86 ,23.91 ,23.79 ,23.85 ,23.85 ,23.77 ,23.7 ,23.62 ,23.59 ,23.66 ,23.65 ,23.6 ,23.65 ,23.68 ,23.62 ,23.62 ,23.63 ,23.62 ,23.57 ,23.65 ,23.65 ,23.63 ,23.59 ,23.55 ,23.67 ,23.59 ,23.51 ,23.62 ,23.68 ,23.57 ,23.6 ,23.61 ,23.61 ,23.64 ,23.54 ,23.61 ,23.62 ,23.5 ,23.57 ,23.61 ,23.6 ,23.6 ,23.65 ,23.73 ,23.65 ,23.63 ,23.59 ,23.55 ,23.57 ,23.58 ,23.58 ,23.59 ,23.6 ,23.56 ,23.64 ,23.8 ,23.82 ,23.78 ,23.82 ,23.85 ,23.9 ,23.88 ,23.77 ,23.89 ,23.86 ,23.76 ,23.77 ,23.79 ,23.85 ,23.85 ,23.79 ,23.79 ,23.8 ,23.8 ,23.83 ,23.87 ,23.82 ,23.74 ,23.74 ,23.78 ,23.87 ,23.83 ,23.85 ,23.84 ,23.81 ,23.8 ,23.83 ,23.83 ,23.82 ,23.83 ,23.82 ,23.76 ,23.82 ,23.72 ,23.71 ,23.76 ,23.68 ,23.63 ,23.64 ,23.66 ,23.68 ,23.67 ,23.69 ,23.72 ,23.76 ,23.77 ,23.75 ,23.69 ,23.68 ,23.73 ,23.71 ,23.68 ,23.75 ,23.71 ,23.59 ,23.65 ,23.73 ,23.67 ,23.65 ,23.67 ,23.77 ,23.7 ,23.66 ,23.69 ,23.76 ,23.63 ,23.61 ,23.67 ,23.57 ,23.52 ,23.49 ,23.47 ,23.47 ,23.53 ,23.56 ,23.54 ,23.44 ,23.51 ,23.51 ,23.43 ,23.48 ,23.48 ,23.55 ,23.64 ,23.65 ,23.64 ,23.66 ,23.69 ,23.74 ,23.75 ,23.71 ,23.8 ,23.74 ,23.73 ,23.75 ,23.81 ,23.76 ,23.65 ,23.7 ,23.68 ,23.71 ,23.68 ,23.74 ,23.8 ,23.75 ,23.79 ,23.72 ,23.82 ,23.91 ,23.78 ,23.71 ,23.7 ,23.71 ,23.78 ,23.71 ,23.74 ,23.74 ,23.7 ,23.74 ,23.76 ,23.78 ,23.8 ,23.74 ,23.79 ,23.67 ,23.6 ,23.63 ,23.71 ,23.77 ,23.77 ,23.67 ,23.69 ,23.74 ,23.75 ,23.74 ,23.61 ,23.67 ,23.65 ,23.65 ,23.59 ,23.65 ,23.6 ,23.67 ,23.65 ,23.66 ,23.6 ,23.54 ,23.52 ,23.53 ,23.52 ,23.52 ,23.49 ,23.48 ,23.41 ,23.33 ,23.44 ,23.4 ,23.46 ,23.45 ,23.52 ,23.45 ,23.46 ,23.39 ,23.28 ,23.5 ,23.36 ,23.26 ,23.26 ,23.27 ,23.29 ,23.33 ,23.36 ,23.39 ,23.37 ,23.33 ,23.35 ,23.32 ,23.35 ,23.33 ,23.23 ,23.25 ,23.28 ,23.29 ,23.31 ,23.4 ,23.34 ,23.27 ,23.26 ,23.33 ,23.38 ,23.28 ,23.28 ,23.32 ,23.43 ,23.43 ,23.34 ,23.29 ,23.27 ,23.39 ,23.25 ,23.3 ,23.46 ,23.33 ,23.23 ,23.23 ,23.31 ,23.33 ,23.19 ,23.13 ,23.29 ,23.25 ,23.09 ,23.18 ,23.15 ,23.06 ,23.17 ,23.28 ,23.23 ,23.13 ,23.05 ,22.93 ,23.02 ,23.11 ,23.01 ,23.02 ,22.98 ,22.96 ,23.04 ,23.08 ,23.09 ,23.04 ,23.18 ,23.14 ,23.01 ,23.01 ,23.02 ,22.93 ,22.9 ,22.87 ,22.85 ,
119,23.53 ,23.49 ,23.48 ,23.5 ,23.56 ,23.52 ,23.48 ,23.44 ,23.47 ,23.39 ,23.24 ,23.2 ,23.16 ,23.12 ,23.2 ,23.32 ,23.36 ,23.36 ,23.39 ,23.34 ,23.33 ,23.37 ,23.51 ,23.48 ,23.43 ,23.4 ,23.42 ,23.45 ,23.56 ,23.53 ,23.54 ,23.56 ,23.56 ,23.57 ,23.53 ,23.52 ,23.58 ,23.57 ,23.57 ,23.5 ,23.53 ,23.55 ,23.54 ,23.48 ,23.57 ,23.58 ,23.59 ,23.6 ,23.53 ,23.56 ,23.5 ,23.54 ,23.57 ,23.5 ,23.48 ,23.51 ,23.51 ,23.55 ,23.52 ,23.47 ,23.53 ,23.62 ,23.51 ,23.52 ,23.6 ,23.61 ,23.57 ,23.53 ,23.53 ,23.48 ,23.5 ,23.53 ,23.61 ,23.59 ,23.62 ,23.64 ,23.57 ,23.48 ,23.53 ,23.6 ,23.58 ,23.62 ,23.49 ,23.51 ,23.61 ,23.64 ,23.56 ,23.61 ,23.6 ,23.48 ,23.54 ,23.58 ,23.65 ,23.49 ,23.44 ,23.51 ,23.52 ,23.33 ,23.3 ,23.4 ,23.37 ,23.41 ,23.47 ,23.43 ,23.43 ,23.51 ,23.43 ,23.44 ,23.62 ,23.71 ,23.75 ,23.69 ,23.72 ,23.67 ,23.65 ,23.65 ,23.59 ,23.57 ,23.69 ,23.73 ,23.71 ,23.66 ,23.59 ,23.72 ,23.68 ,23.73 ,23.77 ,23.83 ,23.82 ,23.79 ,23.82 ,23.86 ,23.79 ,23.72 ,23.77 ,23.75 ,23.68 ,23.72 ,23.75 ,23.78 ,23.71 ,23.71 ,23.77 ,23.74 ,23.73 ,23.83 ,23.75 ,23.59 ,23.69 ,23.86 ,23.82 ,23.76 ,23.8 ,23.8 ,23.79 ,23.82 ,23.77 ,23.77 ,23.76 ,23.73 ,23.71 ,23.77 ,23.77 ,23.78 ,23.87 ,23.81 ,23.82 ,23.84 ,23.73 ,23.75 ,23.83 ,23.81 ,23.75 ,23.76 ,23.88 ,23.81 ,23.72 ,23.68 ,23.71 ,23.64 ,23.43 ,23.49 ,23.52 ,23.52 ,23.53 ,23.53 ,23.59 ,23.5 ,23.52 ,23.54 ,23.59 ,23.55 ,23.6 ,23.65 ,23.64 ,23.58 ,23.58 ,23.64 ,23.62 ,23.53 ,23.6 ,23.62 ,23.6 ,23.55 ,23.62 ,23.57 ,23.49 ,23.42 ,23.58 ,23.63 ,23.59 ,23.58 ,23.51 ,23.47 ,23.55 ,23.55 ,23.59 ,23.62 ,23.59 ,23.62 ,23.61 ,23.69 ,23.73 ,23.78 ,23.78 ,23.71 ,23.68 ,23.68 ,23.71 ,23.65 ,23.65 ,23.68 ,23.7 ,23.65 ,23.66 ,23.65 ,23.68 ,23.7 ,23.68 ,23.7 ,23.74 ,23.76 ,23.73 ,23.63 ,23.73 ,23.75 ,23.67 ,23.64 ,23.76 ,23.75 ,23.66 ,23.64 ,23.7 ,23.71 ,23.79 ,23.78 ,23.87 ,23.92 ,23.9 ,23.88 ,23.84 ,23.89 ,23.9 ,23.84 ,23.86 ,23.9 ,23.9 ,23.84 ,23.85 ,23.89 ,23.8 ,23.87 ,23.86 ,23.79 ,23.75 ,23.69 ,23.67 ,23.74 ,23.8 ,23.83 ,23.81 ,23.8 ,23.82 ,23.71 ,23.7 ,23.72 ,23.78 ,23.77 ,23.75 ,23.78 ,23.74 ,23.71 ,23.67 ,23.69 ,23.74 ,23.79 ,23.81 ,23.82 ,23.87 ,23.87 ,23.93 ,23.84 ,23.82 ,23.9 ,23.91 ,23.95 ,23.91 ,23.94 ,23.9 ,23.89 ,23.93 ,23.88 ,23.95 ,23.99 ,23.94 ,23.82 ,23.87 ,23.87 ,23.85 ,23.72 ,23.55 ,23.52 ,23.59 ,23.63 ,23.56 ,23.52 ,23.54 ,23.69 ,23.72 ,23.76 ,23.78 ,23.71 ,23.74 ,23.69 ,23.74 ,23.76 ,23.69 ,23.73 ,23.83 ,23.84 ,23.85 ,23.87 ,23.79 ,23.82 ,23.92 ,23.79 ,23.67 ,23.67 ,23.73 ,23.64 ,23.6 ,23.6 ,23.66 ,23.72 ,23.63 ,23.6 ,23.58 ,23.6 ,23.58 ,23.63 ,23.62 ,23.56 ,23.57 ,23.6 ,23.68 ,23.6 ,23.56 ,23.63 ,23.66 ,23.62 ,23.63 ,23.6 ,23.67 ,23.62 ,23.56 ,23.6 ,23.61 ,23.57 ,23.57 ,23.64 ,23.61 ,23.56 ,23.6 ,23.7 ,23.66 ,23.62 ,23.66 ,23.63 ,23.56 ,23.57 ,23.59 ,23.66 ,23.64 ,23.59 ,23.59 ,23.75 ,23.79 ,23.81 ,23.8 ,23.79 ,23.84 ,23.83 ,23.81 ,23.85 ,23.94 ,23.85 ,23.77 ,23.75 ,23.85 ,23.94 ,23.86 ,23.76 ,23.74 ,23.77 ,23.82 ,23.88 ,23.81 ,23.66 ,23.67 ,23.84 ,23.87 ,23.84 ,23.88 ,23.75 ,23.75 ,23.81 ,23.86 ,23.88 ,23.8 ,23.81 ,23.86 ,23.73 ,23.72 ,23.68 ,23.61 ,23.63 ,23.63 ,23.58 ,23.6 ,23.74 ,23.75 ,23.71 ,23.75 ,23.71 ,23.68 ,23.83 ,23.81 ,23.71 ,23.66 ,23.67 ,23.72 ,23.75 ,23.76 ,23.68 ,23.68 ,23.79 ,23.8 ,23.77 ,23.73 ,23.64 ,23.7 ,23.75 ,23.67 ,23.7 ,23.83 ,23.74 ,23.66 ,23.68 ,23.61 ,23.56 ,23.46 ,23.44 ,23.5 ,23.48 ,23.51 ,23.55 ,23.46 ,23.45 ,23.5 ,23.42 ,23.46 ,23.62 ,23.5 ,23.53 ,23.62 ,23.7 ,23.74 ,23.76 ,23.73 ,23.68 ,23.66 ,23.73 ,23.77 ,23.75 ,23.8 ,23.85 ,23.87 ,23.68 ,23.76 ,23.76 ,23.76 ,23.67 ,23.73 ,23.79 ,23.76 ,23.88 ,23.83 ,23.76 ,23.79 ,23.72 ,23.66 ,23.64 ,23.72 ,23.75 ,23.71 ,23.71 ,23.71 ,23.69 ,23.72 ,23.73 ,23.67 ,23.79 ,23.79 ,23.77 ,23.74 ,23.63 ,23.73 ,23.69 ,23.76 ,23.81 ,23.74 ,23.67 ,23.56 ,23.63 ,23.67 ,23.77 ,23.8 ,23.7 ,23.63 ,23.59 ,23.67 ,23.58 ,23.6 ,23.7 ,23.66 ,23.63 ,23.5 ,23.51 ,23.53 ,23.55 ,23.5 ,23.62 ,23.61 ,23.51 ,23.48 ,23.42 ,23.39 ,23.48 ,23.45 ,23.45 ,23.45 ,23.5 ,23.44 ,23.34 ,23.33 ,23.26 ,23.21 ,23.34 ,23.34 ,23.39 ,23.36 ,23.39 ,23.42 ,23.28 ,23.29 ,23.36 ,23.29 ,23.43 ,23.46 ,23.3 ,23.31 ,23.31 ,23.29 ,23.36 ,23.35 ,23.41 ,23.35 ,23.36 ,23.29 ,23.28 ,23.24 ,23.33 ,23.35 ,23.3 ,23.34 ,23.32 ,23.32 ,23.31 ,23.31 ,23.29 ,23.32 ,23.38 ,23.43 ,23.19 ,23.2 ,23.32 ,23.36 ,23.2 ,23.22 ,23.35 ,23.25 ,23.17 ,23.16 ,23.22 ,23.16 ,23.2 ,23.19 ,23.14 ,23.15 ,23.16 ,23.07 ,23.14 ,23.16 ,23.06 ,23.03 ,23.18 ,23.06 ,22.99 ,22.99 ,23.11 ,23.14 ,23.29 ,23.14 ,23 ,22.94 ,23.01 ,23.01 ,22.98 ,22.95 ,22.89 ,
120,23.51 ,23.5 ,23.54 ,23.45 ,23.49 ,23.5 ,23.48 ,23.43 ,23.35 ,23.36 ,23.14 ,23.11 ,23.18 ,23.09 ,23.23 ,23.36 ,23.32 ,23.39 ,23.51 ,23.33 ,23.31 ,23.35 ,23.5 ,23.6 ,23.46 ,23.4 ,23.44 ,23.48 ,23.52 ,23.57 ,23.53 ,23.51 ,23.54 ,23.57 ,23.57 ,23.51 ,23.54 ,23.62 ,23.6 ,23.52 ,23.49 ,23.56 ,23.57 ,23.57 ,23.53 ,23.52 ,23.58 ,23.56 ,23.59 ,23.56 ,23.5 ,23.47 ,23.52 ,23.49 ,23.43 ,23.56 ,23.51 ,23.42 ,23.51 ,23.48 ,23.42 ,23.52 ,23.51 ,23.54 ,23.58 ,23.56 ,23.59 ,23.58 ,23.5 ,23.48 ,23.47 ,23.56 ,23.56 ,23.57 ,23.58 ,23.62 ,23.56 ,23.48 ,23.48 ,23.52 ,23.56 ,23.55 ,23.54 ,23.52 ,23.54 ,23.59 ,23.58 ,23.63 ,23.57 ,23.48 ,23.53 ,23.54 ,23.58 ,23.51 ,23.45 ,23.51 ,23.45 ,23.37 ,23.37 ,23.41 ,23.45 ,23.45 ,23.46 ,23.49 ,23.47 ,23.47 ,23.49 ,23.51 ,23.58 ,23.6 ,23.7 ,23.68 ,23.62 ,23.65 ,23.62 ,23.67 ,23.62 ,23.57 ,23.67 ,23.74 ,23.68 ,23.64 ,23.67 ,23.75 ,23.77 ,23.68 ,23.84 ,23.82 ,23.68 ,23.73 ,23.78 ,23.79 ,23.71 ,23.76 ,23.79 ,23.77 ,23.68 ,23.71 ,23.73 ,23.76 ,23.73 ,23.69 ,23.75 ,23.78 ,23.79 ,23.79 ,23.8 ,23.72 ,23.77 ,23.86 ,23.84 ,23.73 ,23.76 ,23.81 ,23.75 ,23.76 ,23.79 ,23.76 ,23.79 ,23.72 ,23.7 ,23.77 ,23.75 ,23.81 ,23.84 ,23.83 ,23.81 ,23.84 ,23.73 ,23.73 ,23.72 ,23.75 ,23.78 ,23.81 ,23.95 ,23.88 ,23.72 ,23.71 ,23.68 ,23.62 ,23.45 ,23.53 ,23.53 ,23.55 ,23.58 ,23.53 ,23.56 ,23.51 ,23.55 ,23.51 ,23.54 ,23.45 ,23.47 ,23.59 ,23.6 ,23.55 ,23.56 ,23.7 ,23.66 ,23.56 ,23.61 ,23.61 ,23.59 ,23.56 ,23.57 ,23.56 ,23.52 ,23.51 ,23.5 ,23.56 ,23.6 ,23.51 ,23.55 ,23.57 ,23.46 ,23.5 ,23.57 ,23.66 ,23.67 ,23.59 ,23.62 ,23.69 ,23.81 ,23.8 ,23.79 ,23.74 ,23.66 ,23.7 ,23.72 ,23.68 ,23.63 ,23.67 ,23.73 ,23.76 ,23.7 ,23.71 ,23.7 ,23.63 ,23.68 ,23.7 ,23.73 ,23.77 ,23.8 ,23.61 ,23.68 ,23.75 ,23.62 ,23.63 ,23.75 ,23.78 ,23.73 ,23.6 ,23.68 ,23.66 ,23.7 ,23.84 ,23.85 ,23.89 ,23.91 ,23.91 ,23.87 ,23.96 ,24.02 ,23.92 ,23.97 ,23.96 ,23.87 ,23.85 ,23.91 ,23.92 ,23.86 ,23.88 ,23.88 ,23.84 ,23.75 ,23.65 ,23.68 ,23.75 ,23.73 ,23.75 ,23.8 ,23.81 ,23.84 ,23.67 ,23.62 ,23.65 ,23.74 ,23.72 ,23.71 ,23.75 ,23.8 ,23.7 ,23.69 ,23.77 ,23.79 ,23.88 ,23.84 ,23.81 ,23.83 ,23.86 ,23.92 ,23.93 ,23.9 ,23.9 ,24.01 ,23.99 ,23.92 ,23.87 ,23.94 ,23.87 ,23.9 ,23.92 ,23.93 ,23.93 ,23.95 ,23.86 ,23.86 ,23.86 ,23.83 ,23.76 ,23.54 ,23.55 ,23.57 ,23.6 ,23.57 ,23.54 ,23.61 ,23.73 ,23.74 ,23.74 ,23.74 ,23.81 ,23.77 ,23.76 ,23.79 ,23.75 ,23.77 ,23.8 ,23.87 ,23.87 ,23.87 ,23.77 ,23.79 ,23.84 ,23.86 ,23.84 ,23.69 ,23.69 ,23.71 ,23.68 ,23.53 ,23.61 ,23.63 ,23.65 ,23.54 ,23.57 ,23.6 ,23.64 ,23.54 ,23.53 ,23.61 ,23.62 ,23.59 ,23.6 ,23.64 ,23.55 ,23.54 ,23.64 ,23.61 ,23.58 ,23.59 ,23.58 ,23.62 ,23.59 ,23.54 ,23.64 ,23.63 ,23.65 ,23.6 ,23.6 ,23.63 ,23.57 ,23.55 ,23.64 ,23.59 ,23.6 ,23.55 ,23.6 ,23.58 ,23.59 ,23.6 ,23.63 ,23.6 ,23.55 ,23.63 ,23.72 ,23.75 ,23.79 ,23.87 ,23.81 ,23.81 ,23.88 ,23.87 ,23.84 ,23.83 ,23.81 ,23.74 ,23.81 ,23.9 ,23.99 ,23.89 ,23.76 ,23.75 ,23.82 ,23.8 ,23.78 ,23.78 ,23.77 ,23.76 ,23.85 ,23.91 ,23.85 ,23.93 ,23.86 ,23.86 ,23.8 ,23.78 ,23.89 ,23.9 ,23.8 ,23.77 ,23.77 ,23.61 ,23.53 ,23.54 ,23.6 ,23.58 ,23.63 ,23.68 ,23.73 ,23.74 ,23.69 ,23.79 ,23.78 ,23.68 ,23.8 ,23.77 ,23.67 ,23.67 ,23.69 ,23.67 ,23.73 ,23.81 ,23.71 ,23.72 ,23.78 ,23.79 ,23.77 ,23.8 ,23.7 ,23.67 ,23.7 ,23.67 ,23.73 ,23.79 ,23.79 ,23.67 ,23.67 ,23.61 ,23.59 ,23.51 ,23.5 ,23.53 ,23.49 ,23.48 ,23.48 ,23.45 ,23.49 ,23.44 ,23.39 ,23.53 ,23.54 ,23.49 ,23.51 ,23.51 ,23.63 ,23.72 ,23.71 ,23.72 ,23.67 ,23.59 ,23.79 ,23.82 ,23.76 ,23.82 ,23.79 ,23.83 ,23.76 ,23.79 ,23.79 ,23.81 ,23.76 ,23.76 ,23.79 ,23.77 ,23.91 ,23.77 ,23.76 ,23.75 ,23.7 ,23.68 ,23.67 ,23.76 ,23.8 ,23.73 ,23.76 ,23.72 ,23.64 ,23.64 ,23.73 ,23.65 ,23.75 ,23.78 ,23.75 ,23.67 ,23.64 ,23.78 ,23.73 ,23.69 ,23.77 ,23.74 ,23.71 ,23.53 ,23.64 ,23.67 ,23.68 ,23.82 ,23.79 ,23.69 ,23.64 ,23.66 ,23.6 ,23.54 ,23.59 ,23.58 ,23.52 ,23.51 ,23.58 ,23.54 ,23.57 ,23.43 ,23.5 ,23.62 ,23.58 ,23.53 ,23.47 ,23.47 ,23.5 ,23.45 ,23.44 ,23.39 ,23.46 ,23.42 ,23.38 ,23.3 ,23.24 ,23.25 ,23.31 ,23.44 ,23.41 ,23.43 ,23.39 ,23.43 ,23.35 ,23.28 ,23.4 ,23.35 ,23.36 ,23.46 ,23.46 ,23.32 ,23.36 ,23.37 ,23.41 ,23.31 ,23.41 ,23.39 ,23.36 ,23.33 ,23.27 ,23.37 ,23.38 ,23.38 ,23.29 ,23.26 ,23.3 ,23.24 ,23.3 ,23.32 ,23.33 ,23.39 ,23.33 ,23.4 ,23.18 ,23.13 ,23.26 ,23.28 ,23.22 ,23.21 ,23.27 ,23.26 ,23.15 ,23.18 ,23.17 ,23.22 ,23.21 ,23.11 ,23.07 ,23.02 ,23.09 ,23.07 ,23.12 ,23.15 ,23.1 ,23.02 ,23.1 ,23.06 ,23.08 ,23.04 ,23.05 ,23.12 ,23.26 ,23.14 ,23.05 ,23.05 ,22.97 ,23 ,23.06 ,23.04 ,22.94 ,
121,23.49 ,23.44 ,23.54 ,23.54 ,23.49 ,23.43 ,23.54 ,23.51 ,23.41 ,23.28 ,23.24 ,23.13 ,23.22 ,23.19 ,23.21 ,23.31 ,23.28 ,23.27 ,23.4 ,23.41 ,23.32 ,23.41 ,23.5 ,23.51 ,23.44 ,23.41 ,23.36 ,23.38 ,23.48 ,23.55 ,23.55 ,23.45 ,23.48 ,23.55 ,23.59 ,23.51 ,23.48 ,23.56 ,23.54 ,23.5 ,23.48 ,23.53 ,23.52 ,23.54 ,23.54 ,23.55 ,23.58 ,23.51 ,23.55 ,23.52 ,23.52 ,23.48 ,23.56 ,23.47 ,23.45 ,23.48 ,23.5 ,23.44 ,23.48 ,23.52 ,23.45 ,23.44 ,23.36 ,23.46 ,23.55 ,23.45 ,23.48 ,23.51 ,23.45 ,23.44 ,23.5 ,23.53 ,23.56 ,23.5 ,23.52 ,23.54 ,23.64 ,23.56 ,23.54 ,23.46 ,23.53 ,23.53 ,23.49 ,23.54 ,23.58 ,23.64 ,23.66 ,23.63 ,23.55 ,23.47 ,23.56 ,23.52 ,23.51 ,23.48 ,23.48 ,23.52 ,23.42 ,23.35 ,23.43 ,23.44 ,23.33 ,23.39 ,23.43 ,23.38 ,23.48 ,23.47 ,23.54 ,23.64 ,23.68 ,23.62 ,23.63 ,23.6 ,23.61 ,23.63 ,23.65 ,23.65 ,23.69 ,23.66 ,23.73 ,23.68 ,23.59 ,23.61 ,23.69 ,23.79 ,23.78 ,23.79 ,23.78 ,23.78 ,23.68 ,23.64 ,23.73 ,23.76 ,23.7 ,23.76 ,23.81 ,23.8 ,23.76 ,23.76 ,23.74 ,23.75 ,23.73 ,23.69 ,23.76 ,23.74 ,23.75 ,23.74 ,23.77 ,23.8 ,23.8 ,23.82 ,23.76 ,23.72 ,23.74 ,23.82 ,23.78 ,23.8 ,23.74 ,23.73 ,23.79 ,23.85 ,23.76 ,23.71 ,23.77 ,23.82 ,23.89 ,23.77 ,23.8 ,23.86 ,23.73 ,23.76 ,23.75 ,23.71 ,23.78 ,23.87 ,23.95 ,23.84 ,23.78 ,23.66 ,23.62 ,23.56 ,23.49 ,23.51 ,23.53 ,23.5 ,23.56 ,23.5 ,23.52 ,23.48 ,23.54 ,23.5 ,23.5 ,23.49 ,23.43 ,23.46 ,23.45 ,23.46 ,23.44 ,23.58 ,23.64 ,23.58 ,23.54 ,23.6 ,23.58 ,23.65 ,23.62 ,23.63 ,23.55 ,23.54 ,23.45 ,23.4 ,23.57 ,23.57 ,23.52 ,23.55 ,23.52 ,23.53 ,23.61 ,23.57 ,23.56 ,23.59 ,23.58 ,23.68 ,23.75 ,23.86 ,23.84 ,23.76 ,23.71 ,23.7 ,23.68 ,23.63 ,23.6 ,23.59 ,23.66 ,23.74 ,23.71 ,23.71 ,23.71 ,23.62 ,23.68 ,23.7 ,23.63 ,23.67 ,23.74 ,23.63 ,23.65 ,23.76 ,23.74 ,23.7 ,23.74 ,23.72 ,23.65 ,23.62 ,23.68 ,23.71 ,23.65 ,23.7 ,23.78 ,23.83 ,23.91 ,23.83 ,23.87 ,23.96 ,24.04 ,23.9 ,23.94 ,23.91 ,23.84 ,23.81 ,23.94 ,23.94 ,23.86 ,23.85 ,23.92 ,23.9 ,23.86 ,23.79 ,23.76 ,23.78 ,23.71 ,23.71 ,23.78 ,23.8 ,23.76 ,23.7 ,23.65 ,23.69 ,23.73 ,23.74 ,23.75 ,23.73 ,23.82 ,23.82 ,23.73 ,23.79 ,23.81 ,23.89 ,23.83 ,23.83 ,23.81 ,23.78 ,23.85 ,23.89 ,23.89 ,23.87 ,23.92 ,23.99 ,23.91 ,23.87 ,23.95 ,23.92 ,23.84 ,23.91 ,23.9 ,23.91 ,23.92 ,23.87 ,23.87 ,23.87 ,23.77 ,23.78 ,23.59 ,23.53 ,23.61 ,23.56 ,23.54 ,23.5 ,23.61 ,23.69 ,23.66 ,23.74 ,23.72 ,23.79 ,23.79 ,23.74 ,23.83 ,23.72 ,23.78 ,23.82 ,23.86 ,23.79 ,23.82 ,23.8 ,23.76 ,23.87 ,23.85 ,23.81 ,23.76 ,23.71 ,23.61 ,23.6 ,23.6 ,23.61 ,23.69 ,23.62 ,23.51 ,23.56 ,23.59 ,23.64 ,23.61 ,23.52 ,23.6 ,23.6 ,23.56 ,23.54 ,23.66 ,23.58 ,23.53 ,23.66 ,23.62 ,23.61 ,23.61 ,23.63 ,23.65 ,23.67 ,23.58 ,23.61 ,23.67 ,23.6 ,23.57 ,23.53 ,23.58 ,23.59 ,23.62 ,23.66 ,23.56 ,23.57 ,23.63 ,23.62 ,23.58 ,23.6 ,23.6 ,23.65 ,23.68 ,23.61 ,23.62 ,23.67 ,23.78 ,23.86 ,23.89 ,23.81 ,23.85 ,23.91 ,23.88 ,23.79 ,23.81 ,23.74 ,23.77 ,23.85 ,23.95 ,23.89 ,23.85 ,23.68 ,23.69 ,23.78 ,23.8 ,23.68 ,23.71 ,23.81 ,23.86 ,23.9 ,23.79 ,23.84 ,23.92 ,23.85 ,23.76 ,23.81 ,23.82 ,23.78 ,23.79 ,23.75 ,23.67 ,23.62 ,23.61 ,23.52 ,23.63 ,23.7 ,23.75 ,23.74 ,23.75 ,23.72 ,23.71 ,23.72 ,23.79 ,23.8 ,23.77 ,23.82 ,23.73 ,23.67 ,23.74 ,23.66 ,23.66 ,23.73 ,23.8 ,23.73 ,23.66 ,23.69 ,23.74 ,23.73 ,23.75 ,23.76 ,23.67 ,23.63 ,23.62 ,23.68 ,23.72 ,23.72 ,23.7 ,23.69 ,23.64 ,23.56 ,23.5 ,23.4 ,23.4 ,23.45 ,23.46 ,23.46 ,23.51 ,23.48 ,23.37 ,23.4 ,23.5 ,23.54 ,23.52 ,23.53 ,23.54 ,23.64 ,23.72 ,23.72 ,23.68 ,23.7 ,23.67 ,23.72 ,23.78 ,23.7 ,23.79 ,23.68 ,23.78 ,23.83 ,23.78 ,23.78 ,23.75 ,23.83 ,23.81 ,23.79 ,23.8 ,23.85 ,23.79 ,23.81 ,23.81 ,23.64 ,23.62 ,23.67 ,23.69 ,23.82 ,23.83 ,23.77 ,23.66 ,23.68 ,23.69 ,23.71 ,23.75 ,23.67 ,23.69 ,23.7 ,23.67 ,23.68 ,23.71 ,23.63 ,23.63 ,23.73 ,23.71 ,23.66 ,23.65 ,23.7 ,23.76 ,23.7 ,23.75 ,23.67 ,23.58 ,23.63 ,23.72 ,23.65 ,23.52 ,23.49 ,23.54 ,23.52 ,23.52 ,23.61 ,23.54 ,23.4 ,23.45 ,23.49 ,23.57 ,23.57 ,23.47 ,23.45 ,23.44 ,23.51 ,23.43 ,23.44 ,23.4 ,23.42 ,23.35 ,23.41 ,23.4 ,23.24 ,23.28 ,23.36 ,23.43 ,23.34 ,23.39 ,23.44 ,23.43 ,23.44 ,23.37 ,23.38 ,23.28 ,23.3 ,23.4 ,23.41 ,23.25 ,23.32 ,23.46 ,23.48 ,23.39 ,23.37 ,23.42 ,23.4 ,23.38 ,23.39 ,23.4 ,23.4 ,23.36 ,23.34 ,23.27 ,23.33 ,23.31 ,23.27 ,23.61 ,23.3 ,23.31 ,23.3 ,23.33 ,23.25 ,23.13 ,23.17 ,23.16 ,23.15 ,23.16 ,23.2 ,23.19 ,23.17 ,23.01 ,23.15 ,23.1 ,23.16 ,23.2 ,23.13 ,23.08 ,22.94 ,22.93 ,23.02 ,23.06 ,22.99 ,23 ,23 ,22.99 ,23.17 ,23.08 ,22.99 ,23.08 ,23.11 ,23.12 ,23.03 ,23.01 ,23.02 ,22.98 ,23.01 ,23.06 ,22.98 ,
122,23.43 ,23.41 ,23.4 ,23.54 ,23.48 ,23.44 ,23.45 ,23.48 ,23.43 ,23.44 ,23.37 ,23.24 ,23.22 ,23.2 ,23.17 ,23.27 ,23.2 ,23.3 ,23.32 ,23.31 ,23.34 ,23.41 ,23.56 ,23.43 ,23.35 ,23.44 ,23.43 ,23.42 ,23.47 ,23.51 ,23.58 ,23.47 ,23.42 ,23.48 ,23.51 ,23.49 ,23.49 ,23.62 ,23.55 ,23.44 ,23.44 ,23.5 ,23.49 ,23.45 ,23.46 ,23.48 ,23.52 ,23.48 ,23.39 ,23.48 ,23.54 ,23.57 ,23.56 ,23.48 ,23.42 ,23.49 ,23.47 ,23.46 ,23.47 ,23.47 ,23.53 ,23.46 ,23.33 ,23.41 ,23.52 ,23.49 ,23.53 ,23.55 ,23.45 ,23.47 ,23.5 ,23.58 ,23.61 ,23.56 ,23.59 ,23.57 ,23.61 ,23.53 ,23.5 ,23.45 ,23.57 ,23.51 ,23.56 ,23.61 ,23.59 ,23.61 ,23.61 ,23.55 ,23.55 ,23.49 ,23.52 ,23.52 ,23.46 ,23.45 ,23.47 ,23.49 ,23.38 ,23.34 ,23.35 ,23.42 ,23.37 ,23.39 ,23.4 ,23.31 ,23.43 ,23.46 ,23.52 ,23.63 ,23.65 ,23.57 ,23.54 ,23.6 ,23.57 ,23.63 ,23.66 ,23.61 ,23.63 ,23.65 ,23.72 ,23.68 ,23.63 ,23.6 ,23.65 ,23.71 ,23.73 ,23.76 ,23.66 ,23.68 ,23.75 ,23.68 ,23.73 ,23.81 ,23.72 ,23.68 ,23.8 ,23.71 ,23.7 ,23.71 ,23.75 ,23.72 ,23.68 ,23.71 ,23.71 ,23.69 ,23.72 ,23.86 ,23.8 ,23.8 ,23.77 ,23.75 ,23.75 ,23.73 ,23.75 ,23.82 ,23.79 ,23.77 ,23.69 ,23.64 ,23.78 ,23.82 ,23.83 ,23.72 ,23.69 ,23.81 ,23.82 ,23.76 ,23.76 ,23.78 ,23.74 ,23.78 ,23.83 ,23.8 ,23.79 ,23.84 ,23.91 ,23.86 ,23.74 ,23.62 ,23.54 ,23.55 ,23.53 ,23.51 ,23.52 ,23.5 ,23.54 ,23.53 ,23.54 ,23.51 ,23.55 ,23.55 ,23.5 ,23.52 ,23.49 ,23.45 ,23.51 ,23.49 ,23.46 ,23.48 ,23.56 ,23.56 ,23.6 ,23.6 ,23.58 ,23.59 ,23.6 ,23.64 ,23.59 ,23.48 ,23.5 ,23.47 ,23.47 ,23.48 ,23.5 ,23.52 ,23.59 ,23.62 ,23.58 ,23.56 ,23.5 ,23.56 ,23.63 ,23.63 ,23.69 ,23.75 ,23.81 ,23.73 ,23.74 ,23.73 ,23.55 ,23.63 ,23.62 ,23.63 ,23.64 ,23.67 ,23.73 ,23.71 ,23.74 ,23.64 ,23.63 ,23.68 ,23.66 ,23.69 ,23.73 ,23.55 ,23.6 ,23.74 ,23.67 ,23.68 ,23.64 ,23.65 ,23.65 ,23.64 ,23.68 ,23.73 ,23.72 ,23.69 ,23.76 ,23.77 ,23.83 ,23.84 ,23.86 ,23.92 ,23.98 ,23.92 ,23.94 ,23.89 ,23.86 ,23.84 ,23.89 ,23.91 ,23.85 ,23.85 ,23.87 ,23.89 ,23.89 ,23.79 ,23.77 ,23.81 ,23.76 ,23.72 ,23.76 ,23.8 ,23.75 ,23.73 ,23.72 ,23.71 ,23.7 ,23.74 ,23.82 ,23.76 ,23.77 ,23.76 ,23.75 ,23.73 ,23.73 ,23.8 ,23.78 ,23.76 ,23.7 ,23.7 ,23.86 ,23.9 ,23.9 ,23.91 ,23.91 ,23.89 ,23.91 ,23.93 ,23.94 ,23.93 ,23.93 ,23.91 ,23.9 ,23.87 ,23.87 ,23.85 ,23.85 ,23.84 ,23.77 ,23.7 ,23.55 ,23.53 ,23.63 ,23.6 ,23.54 ,23.52 ,23.65 ,23.71 ,23.74 ,23.76 ,23.76 ,23.73 ,23.77 ,23.78 ,23.84 ,23.77 ,23.81 ,23.84 ,23.83 ,23.82 ,23.84 ,23.84 ,23.78 ,23.84 ,23.79 ,23.73 ,23.75 ,23.71 ,23.63 ,23.65 ,23.63 ,23.62 ,23.63 ,23.65 ,23.58 ,23.56 ,23.62 ,23.61 ,23.6 ,23.59 ,23.59 ,23.63 ,23.55 ,23.57 ,23.63 ,23.63 ,23.55 ,23.6 ,23.59 ,23.54 ,23.61 ,23.65 ,23.65 ,23.67 ,23.56 ,23.52 ,23.56 ,23.57 ,23.55 ,23.55 ,23.56 ,23.64 ,23.58 ,23.69 ,23.63 ,23.64 ,23.66 ,23.59 ,23.53 ,23.54 ,23.58 ,23.59 ,23.61 ,23.6 ,23.61 ,23.73 ,23.86 ,23.92 ,23.87 ,23.81 ,23.83 ,23.87 ,23.85 ,23.86 ,23.81 ,23.72 ,23.76 ,23.87 ,23.88 ,23.85 ,23.8 ,23.67 ,23.67 ,23.74 ,23.78 ,23.75 ,23.68 ,23.82 ,23.83 ,23.9 ,23.86 ,23.83 ,23.9 ,23.91 ,23.74 ,23.83 ,23.81 ,23.68 ,23.7 ,23.64 ,23.64 ,23.65 ,23.64 ,23.64 ,23.65 ,23.78 ,23.75 ,23.78 ,23.74 ,23.71 ,23.76 ,23.72 ,23.74 ,23.77 ,23.76 ,23.81 ,23.77 ,23.69 ,23.7 ,23.71 ,23.64 ,23.75 ,23.74 ,23.76 ,23.63 ,23.71 ,23.73 ,23.69 ,23.69 ,23.68 ,23.64 ,23.64 ,23.66 ,23.71 ,23.78 ,23.67 ,23.72 ,23.74 ,23.7 ,23.62 ,23.45 ,23.41 ,23.34 ,23.37 ,23.46 ,23.44 ,23.48 ,23.49 ,23.45 ,23.43 ,23.48 ,23.52 ,23.51 ,23.51 ,23.49 ,23.55 ,23.62 ,23.68 ,23.72 ,23.73 ,23.78 ,23.73 ,23.66 ,23.69 ,23.71 ,23.7 ,23.79 ,23.8 ,23.71 ,23.78 ,23.74 ,23.79 ,23.78 ,23.72 ,23.73 ,23.72 ,23.76 ,23.76 ,23.73 ,23.68 ,23.72 ,23.67 ,23.68 ,23.76 ,23.8 ,23.82 ,23.76 ,23.63 ,23.73 ,23.79 ,23.75 ,23.7 ,23.65 ,23.76 ,23.71 ,23.67 ,23.73 ,23.66 ,23.58 ,23.68 ,23.63 ,23.62 ,23.58 ,23.68 ,23.73 ,23.71 ,23.74 ,23.66 ,23.55 ,23.58 ,23.63 ,23.62 ,23.6 ,23.57 ,23.54 ,23.5 ,23.52 ,23.59 ,23.56 ,23.46 ,23.42 ,23.59 ,23.58 ,23.45 ,23.47 ,23.42 ,23.4 ,23.45 ,23.46 ,23.5 ,23.37 ,23.35 ,23.26 ,23.39 ,23.42 ,23.26 ,23.28 ,23.31 ,23.39 ,23.39 ,23.35 ,23.34 ,23.27 ,23.28 ,23.4 ,23.46 ,23.28 ,23.27 ,23.36 ,23.31 ,23.25 ,23.38 ,23.36 ,23.44 ,23.31 ,23.24 ,23.35 ,23.35 ,23.25 ,23.24 ,23.36 ,23.39 ,23.32 ,23.34 ,23.35 ,23.27 ,23.36 ,23.33 ,23.47 ,23.34 ,23.24 ,23.24 ,23.31 ,23.28 ,23.23 ,23.21 ,23.2 ,23.19 ,23.27 ,23.23 ,23.19 ,23.16 ,23.05 ,23.04 ,23.08 ,23.07 ,23.06 ,23.06 ,23.1 ,23.02 ,23.06 ,23.06 ,23.18 ,23.12 ,23.05 ,23.11 ,23.01 ,23.09 ,23.13 ,23 ,23.02 ,23.08 ,23.09 ,23.04 ,22.98 ,23.06 ,23.03 ,23.05 ,23.02 ,22.93 ,
123,23.46 ,23.33 ,23.4 ,23.46 ,23.43 ,23.33 ,23.38 ,23.43 ,23.45 ,23.44 ,23.36 ,23.27 ,23.28 ,23.18 ,23.2 ,23.24 ,23.2 ,23.27 ,23.33 ,23.3 ,23.31 ,23.44 ,23.57 ,23.45 ,23.44 ,23.52 ,23.47 ,23.43 ,23.48 ,23.52 ,23.55 ,23.49 ,23.48 ,23.49 ,23.51 ,23.55 ,23.55 ,23.61 ,23.63 ,23.51 ,23.41 ,23.61 ,23.6 ,23.49 ,23.48 ,23.5 ,23.51 ,23.43 ,23.45 ,23.46 ,23.48 ,23.46 ,23.58 ,23.54 ,23.49 ,23.49 ,23.49 ,23.52 ,23.48 ,23.51 ,23.51 ,23.57 ,23.39 ,23.43 ,23.52 ,23.46 ,23.47 ,23.53 ,23.54 ,23.53 ,23.53 ,23.56 ,23.57 ,23.6 ,23.55 ,23.61 ,23.63 ,23.54 ,23.47 ,23.4 ,23.48 ,23.52 ,23.54 ,23.64 ,23.61 ,23.69 ,23.71 ,23.62 ,23.55 ,23.57 ,23.62 ,23.54 ,23.46 ,23.43 ,23.46 ,23.51 ,23.4 ,23.37 ,23.37 ,23.4 ,23.36 ,23.4 ,23.4 ,23.35 ,23.41 ,23.52 ,23.56 ,23.66 ,23.66 ,23.65 ,23.67 ,23.62 ,23.64 ,23.67 ,23.69 ,23.67 ,23.68 ,23.62 ,23.61 ,23.62 ,23.68 ,23.66 ,23.63 ,23.63 ,23.74 ,23.68 ,23.68 ,23.68 ,23.69 ,23.65 ,23.72 ,23.76 ,23.75 ,23.77 ,23.78 ,23.73 ,23.61 ,23.74 ,23.79 ,23.75 ,23.66 ,23.74 ,23.69 ,23.64 ,23.75 ,23.87 ,23.88 ,23.84 ,23.83 ,23.76 ,23.79 ,23.77 ,23.76 ,23.81 ,23.71 ,23.72 ,23.72 ,23.7 ,23.75 ,23.79 ,23.78 ,23.72 ,23.76 ,23.8 ,23.82 ,23.72 ,23.81 ,23.83 ,23.71 ,23.79 ,23.85 ,23.75 ,23.74 ,23.82 ,23.88 ,23.83 ,23.73 ,23.54 ,23.51 ,23.57 ,23.52 ,23.58 ,23.54 ,23.48 ,23.57 ,23.62 ,23.54 ,23.48 ,23.53 ,23.51 ,23.57 ,23.57 ,23.58 ,23.52 ,23.56 ,23.52 ,23.47 ,23.55 ,23.55 ,23.61 ,23.62 ,23.61 ,23.56 ,23.49 ,23.53 ,23.65 ,23.57 ,23.5 ,23.61 ,23.53 ,23.4 ,23.45 ,23.51 ,23.56 ,23.61 ,23.6 ,23.59 ,23.58 ,23.61 ,23.64 ,23.78 ,23.8 ,23.69 ,23.76 ,23.8 ,23.77 ,23.74 ,23.8 ,23.7 ,23.73 ,23.69 ,23.65 ,23.66 ,23.65 ,23.73 ,23.67 ,23.82 ,23.76 ,23.63 ,23.63 ,23.62 ,23.68 ,23.72 ,23.62 ,23.6 ,23.73 ,23.69 ,23.64 ,23.64 ,23.62 ,23.64 ,23.62 ,23.65 ,23.74 ,23.8 ,23.8 ,23.82 ,23.84 ,23.8 ,23.84 ,23.92 ,23.94 ,23.96 ,23.93 ,23.97 ,23.93 ,23.86 ,23.86 ,23.87 ,23.88 ,23.8 ,23.81 ,23.86 ,23.88 ,23.93 ,23.79 ,23.72 ,23.82 ,23.77 ,23.7 ,23.75 ,23.78 ,23.79 ,23.83 ,23.78 ,23.65 ,23.72 ,23.7 ,23.84 ,23.89 ,23.75 ,23.7 ,23.72 ,23.81 ,23.74 ,23.83 ,23.82 ,23.77 ,23.66 ,23.69 ,23.86 ,23.93 ,23.92 ,23.97 ,23.85 ,23.81 ,23.86 ,23.92 ,23.93 ,23.86 ,23.96 ,24.03 ,23.95 ,23.93 ,23.92 ,23.96 ,23.94 ,23.89 ,23.84 ,23.72 ,23.55 ,23.54 ,23.62 ,23.67 ,23.67 ,23.58 ,23.66 ,23.7 ,23.75 ,23.7 ,23.76 ,23.76 ,23.81 ,23.82 ,23.86 ,23.77 ,23.87 ,23.89 ,23.88 ,23.85 ,23.92 ,23.9 ,23.78 ,23.8 ,23.84 ,23.79 ,23.78 ,23.8 ,23.72 ,23.66 ,23.69 ,23.61 ,23.62 ,23.64 ,23.56 ,23.59 ,23.58 ,23.65 ,23.59 ,23.62 ,23.65 ,23.72 ,23.67 ,23.56 ,23.61 ,23.61 ,23.58 ,23.62 ,23.64 ,23.6 ,23.63 ,23.65 ,23.64 ,23.63 ,23.55 ,23.57 ,23.58 ,23.56 ,23.55 ,23.58 ,23.6 ,23.64 ,23.66 ,23.63 ,23.69 ,23.62 ,23.67 ,23.62 ,23.6 ,23.53 ,23.54 ,23.54 ,23.62 ,23.67 ,23.7 ,23.77 ,23.75 ,23.77 ,23.76 ,23.78 ,23.8 ,23.83 ,23.84 ,23.95 ,23.91 ,23.8 ,23.77 ,23.86 ,23.87 ,23.87 ,23.84 ,23.79 ,23.75 ,23.75 ,23.67 ,23.77 ,23.82 ,23.85 ,23.82 ,23.87 ,23.9 ,23.87 ,23.84 ,23.89 ,23.79 ,23.77 ,23.79 ,23.63 ,23.58 ,23.63 ,23.61 ,23.67 ,23.72 ,23.74 ,23.76 ,23.81 ,23.77 ,23.76 ,23.79 ,23.75 ,23.77 ,23.87 ,23.75 ,23.73 ,23.7 ,23.78 ,23.79 ,23.73 ,23.74 ,23.8 ,23.75 ,23.8 ,23.77 ,23.78 ,23.73 ,23.86 ,23.79 ,23.69 ,23.72 ,23.83 ,23.74 ,23.71 ,23.7 ,23.78 ,23.81 ,23.72 ,23.76 ,23.7 ,23.68 ,23.66 ,23.53 ,23.53 ,23.55 ,23.47 ,23.51 ,23.54 ,23.47 ,23.5 ,23.49 ,23.52 ,23.54 ,23.6 ,23.45 ,23.46 ,23.53 ,23.46 ,23.48 ,23.61 ,23.72 ,23.76 ,23.74 ,23.71 ,23.6 ,23.71 ,23.78 ,23.76 ,23.76 ,23.85 ,23.79 ,23.8 ,23.73 ,23.73 ,23.8 ,23.73 ,23.69 ,23.73 ,23.65 ,23.83 ,23.82 ,23.72 ,23.69 ,23.74 ,23.7 ,23.82 ,23.74 ,23.75 ,23.77 ,23.68 ,23.73 ,23.76 ,23.77 ,23.64 ,23.67 ,23.77 ,23.75 ,23.74 ,23.75 ,23.72 ,23.64 ,23.63 ,23.62 ,23.63 ,23.59 ,23.61 ,23.68 ,23.63 ,23.66 ,23.66 ,23.65 ,23.58 ,23.57 ,23.56 ,23.55 ,23.54 ,23.55 ,23.54 ,23.51 ,23.61 ,23.66 ,23.66 ,23.56 ,23.56 ,23.53 ,23.44 ,23.49 ,23.39 ,23.42 ,23.44 ,23.43 ,23.45 ,23.42 ,23.41 ,23.32 ,23.33 ,23.46 ,23.41 ,23.42 ,23.43 ,23.38 ,23.4 ,23.33 ,23.35 ,23.34 ,23.32 ,23.29 ,23.37 ,23.39 ,23.4 ,23.47 ,23.42 ,23.32 ,23.34 ,23.3 ,23.35 ,23.33 ,23.29 ,23.37 ,23.37 ,23.28 ,23.21 ,23.26 ,23.48 ,23.38 ,23.32 ,23.37 ,23.35 ,23.3 ,23.35 ,23.38 ,23.33 ,23.26 ,23.33 ,23.35 ,23.32 ,23.28 ,23.26 ,23.29 ,23.19 ,23.21 ,23.29 ,23.26 ,23.19 ,23.17 ,23.18 ,23.12 ,23.04 ,23.01 ,23.06 ,23.12 ,23.1 ,23.08 ,23.14 ,23.23 ,23.15 ,23.16 ,23.16 ,23.21 ,23.12 ,23.05 ,23.06 ,23.07 ,23.16 ,23.07 ,22.99 ,23.03 ,23.1 ,23.09 ,23.02 ,22.93 ,22.9 ,
124,23.46 ,23.44 ,23.44 ,23.49 ,23.38 ,23.35 ,23.35 ,23.43 ,23.35 ,23.37 ,23.31 ,23.31 ,23.32 ,23.23 ,23.14 ,23.21 ,23.13 ,23.2 ,23.29 ,23.32 ,23.38 ,23.43 ,23.49 ,23.39 ,23.49 ,23.51 ,23.42 ,23.42 ,23.46 ,23.51 ,23.58 ,23.55 ,23.52 ,23.52 ,23.46 ,23.45 ,23.57 ,23.62 ,23.62 ,23.53 ,23.45 ,23.53 ,23.54 ,23.44 ,23.55 ,23.59 ,23.54 ,23.46 ,23.49 ,23.57 ,23.49 ,23.48 ,23.54 ,23.54 ,23.49 ,23.51 ,23.53 ,23.51 ,23.51 ,23.5 ,23.57 ,23.54 ,23.47 ,23.41 ,23.51 ,23.44 ,23.51 ,23.5 ,23.54 ,23.6 ,23.56 ,23.55 ,23.53 ,23.51 ,23.53 ,23.57 ,23.58 ,23.5 ,23.44 ,23.4 ,23.43 ,23.53 ,23.52 ,23.55 ,23.56 ,23.62 ,23.7 ,23.64 ,23.59 ,23.51 ,23.58 ,23.53 ,23.45 ,23.41 ,23.38 ,23.48 ,23.41 ,23.37 ,23.44 ,23.4 ,23.4 ,23.31 ,23.37 ,23.43 ,23.45 ,23.49 ,23.53 ,23.62 ,23.71 ,23.67 ,23.74 ,23.69 ,23.66 ,23.61 ,23.66 ,23.71 ,23.72 ,23.67 ,23.65 ,23.7 ,23.74 ,23.68 ,23.7 ,23.76 ,23.67 ,23.67 ,23.72 ,23.76 ,23.7 ,23.63 ,23.66 ,23.82 ,23.71 ,23.69 ,23.73 ,23.66 ,23.66 ,23.68 ,23.76 ,23.79 ,23.77 ,23.78 ,23.78 ,23.69 ,23.75 ,23.82 ,23.82 ,23.81 ,23.85 ,23.83 ,23.84 ,23.82 ,23.76 ,23.82 ,23.74 ,23.75 ,23.77 ,23.8 ,23.82 ,23.77 ,23.77 ,23.74 ,23.83 ,23.81 ,23.8 ,23.76 ,23.8 ,23.84 ,23.71 ,23.74 ,23.81 ,23.78 ,23.71 ,23.72 ,23.82 ,23.72 ,23.59 ,23.53 ,23.45 ,23.53 ,23.56 ,23.59 ,23.51 ,23.42 ,23.48 ,23.63 ,23.53 ,23.41 ,23.47 ,23.46 ,23.61 ,23.57 ,23.51 ,23.45 ,23.53 ,23.51 ,23.44 ,23.57 ,23.6 ,23.52 ,23.61 ,23.62 ,23.57 ,23.55 ,23.46 ,23.58 ,23.54 ,23.52 ,23.59 ,23.62 ,23.46 ,23.4 ,23.45 ,23.51 ,23.56 ,23.49 ,23.55 ,23.62 ,23.7 ,23.73 ,23.77 ,23.83 ,23.85 ,23.78 ,23.77 ,23.75 ,23.77 ,23.75 ,23.74 ,23.77 ,23.79 ,23.7 ,23.71 ,23.63 ,23.65 ,23.7 ,23.79 ,23.69 ,23.63 ,23.64 ,23.67 ,23.75 ,23.79 ,23.66 ,23.57 ,23.64 ,23.64 ,23.66 ,23.66 ,23.66 ,23.65 ,23.63 ,23.65 ,23.72 ,23.82 ,23.82 ,23.82 ,23.82 ,23.75 ,23.79 ,23.9 ,23.9 ,23.92 ,23.93 ,23.88 ,23.84 ,23.82 ,23.85 ,23.87 ,23.83 ,23.8 ,23.81 ,23.89 ,23.88 ,23.92 ,23.87 ,23.71 ,23.72 ,23.78 ,23.74 ,23.81 ,23.74 ,23.76 ,23.87 ,23.76 ,23.68 ,23.74 ,23.77 ,23.79 ,23.88 ,23.84 ,23.76 ,23.69 ,23.78 ,23.81 ,23.85 ,23.81 ,23.79 ,23.75 ,23.75 ,23.8 ,23.86 ,23.9 ,23.9 ,23.87 ,23.88 ,23.89 ,23.92 ,23.92 ,23.91 ,23.9 ,23.99 ,23.97 ,24.02 ,23.98 ,23.94 ,23.92 ,23.9 ,23.85 ,23.69 ,23.59 ,23.66 ,23.61 ,23.64 ,23.67 ,23.69 ,23.75 ,23.72 ,23.76 ,23.7 ,23.74 ,23.71 ,23.81 ,23.81 ,23.81 ,23.77 ,23.73 ,23.8 ,23.83 ,23.83 ,23.87 ,23.96 ,23.88 ,23.8 ,23.83 ,23.8 ,23.8 ,23.76 ,23.74 ,23.62 ,23.57 ,23.55 ,23.62 ,23.67 ,23.63 ,23.56 ,23.57 ,23.54 ,23.61 ,23.63 ,23.67 ,23.7 ,23.67 ,23.62 ,23.63 ,23.58 ,23.53 ,23.62 ,23.6 ,23.59 ,23.59 ,23.65 ,23.66 ,23.68 ,23.59 ,23.6 ,23.6 ,23.6 ,23.55 ,23.56 ,23.58 ,23.57 ,23.62 ,23.7 ,23.72 ,23.71 ,23.66 ,23.71 ,23.59 ,23.53 ,23.53 ,23.58 ,23.64 ,23.69 ,23.69 ,23.66 ,23.64 ,23.65 ,23.69 ,23.79 ,23.78 ,23.85 ,23.82 ,23.83 ,23.88 ,23.91 ,23.81 ,23.86 ,23.85 ,23.81 ,23.82 ,23.78 ,23.79 ,23.83 ,23.75 ,23.78 ,23.8 ,23.87 ,23.83 ,23.86 ,23.81 ,23.84 ,23.82 ,23.76 ,23.71 ,23.69 ,23.68 ,23.58 ,23.51 ,23.6 ,23.58 ,23.66 ,23.75 ,23.76 ,23.76 ,23.8 ,23.87 ,23.83 ,23.87 ,23.8 ,23.76 ,23.81 ,23.8 ,23.68 ,23.74 ,23.86 ,23.85 ,23.68 ,23.7 ,23.73 ,23.78 ,23.75 ,23.8 ,23.78 ,23.71 ,23.8 ,23.8 ,23.71 ,23.78 ,23.85 ,23.82 ,23.73 ,23.69 ,23.72 ,23.77 ,23.72 ,23.71 ,23.59 ,23.58 ,23.66 ,23.54 ,23.51 ,23.55 ,23.5 ,23.5 ,23.49 ,23.39 ,23.43 ,23.49 ,23.52 ,23.53 ,23.52 ,23.41 ,23.5 ,23.51 ,23.55 ,23.51 ,23.6 ,23.71 ,23.72 ,23.65 ,23.72 ,23.64 ,23.69 ,23.72 ,23.76 ,23.8 ,23.79 ,23.79 ,23.81 ,23.75 ,23.71 ,23.75 ,23.73 ,23.64 ,23.74 ,23.63 ,23.71 ,23.85 ,23.73 ,23.64 ,23.69 ,23.72 ,23.77 ,23.8 ,23.77 ,23.77 ,23.67 ,23.59 ,23.65 ,23.72 ,23.73 ,23.62 ,23.72 ,23.74 ,23.62 ,23.59 ,23.61 ,23.64 ,23.72 ,23.65 ,23.57 ,23.56 ,23.6 ,23.6 ,23.58 ,23.62 ,23.68 ,23.63 ,23.64 ,23.6 ,23.46 ,23.54 ,23.58 ,23.54 ,23.53 ,23.46 ,23.54 ,23.65 ,23.56 ,23.54 ,23.5 ,23.5 ,23.5 ,23.47 ,23.38 ,23.38 ,23.42 ,23.37 ,23.45 ,23.4 ,23.43 ,23.34 ,23.3 ,23.45 ,23.41 ,23.39 ,23.41 ,23.44 ,23.46 ,23.34 ,23.3 ,23.42 ,23.41 ,23.31 ,23.29 ,23.27 ,23.28 ,23.38 ,23.46 ,23.32 ,23.35 ,23.39 ,23.35 ,23.38 ,23.39 ,23.41 ,23.43 ,23.31 ,23.36 ,23.27 ,23.37 ,23.35 ,23.27 ,23.32 ,23.32 ,23.27 ,23.33 ,23.41 ,23.21 ,23.21 ,23.36 ,23.35 ,23.32 ,23.33 ,23.31 ,23.2 ,23.13 ,23.2 ,23.28 ,23.22 ,23.18 ,23.14 ,23.12 ,23.1 ,23.08 ,23.05 ,23.18 ,23.14 ,23.13 ,23.14 ,23.09 ,23.11 ,23.04 ,23.11 ,23.13 ,23.09 ,23.17 ,23.02 ,23.01 ,23.1 ,23.21 ,23.16 ,23.12 ,22.96 ,23.01 ,23.07 ,22.96 ,22.9 ,22.9 ,
125,23.4 ,23.42 ,23.44 ,23.54 ,23.42 ,23.32 ,23.33 ,23.36 ,23.39 ,23.4 ,23.32 ,23.33 ,23.31 ,23.16 ,23.12 ,23.12 ,23.09 ,23.16 ,23.3 ,23.36 ,23.36 ,23.37 ,23.49 ,23.43 ,23.5 ,23.54 ,23.41 ,23.52 ,23.49 ,23.53 ,23.53 ,23.48 ,23.37 ,23.34 ,23.34 ,23.34 ,23.48 ,23.58 ,23.54 ,23.52 ,23.48 ,23.43 ,23.39 ,23.37 ,23.46 ,23.49 ,23.44 ,23.47 ,23.47 ,23.5 ,23.48 ,23.42 ,23.5 ,23.46 ,23.55 ,23.48 ,23.46 ,23.45 ,23.47 ,23.52 ,23.58 ,23.56 ,23.48 ,23.44 ,23.49 ,23.5 ,23.52 ,23.5 ,23.47 ,23.52 ,23.52 ,23.55 ,23.55 ,23.49 ,23.57 ,23.52 ,23.63 ,23.53 ,23.39 ,23.48 ,23.49 ,23.54 ,23.61 ,23.5 ,23.51 ,23.6 ,23.57 ,23.58 ,23.64 ,23.56 ,23.56 ,23.49 ,23.4 ,23.38 ,23.43 ,23.52 ,23.39 ,23.28 ,23.34 ,23.41 ,23.38 ,23.36 ,23.39 ,23.41 ,23.48 ,23.6 ,23.65 ,23.66 ,23.68 ,23.65 ,23.69 ,23.73 ,23.67 ,23.64 ,23.67 ,23.69 ,23.69 ,23.64 ,23.56 ,23.66 ,23.77 ,23.71 ,23.65 ,23.82 ,23.73 ,23.73 ,23.71 ,23.65 ,23.7 ,23.73 ,23.7 ,23.83 ,23.76 ,23.69 ,23.66 ,23.66 ,23.71 ,23.68 ,23.68 ,23.81 ,23.76 ,23.74 ,23.7 ,23.71 ,23.76 ,23.81 ,23.79 ,23.72 ,23.8 ,23.86 ,23.85 ,23.81 ,23.77 ,23.77 ,23.71 ,23.63 ,23.67 ,23.71 ,23.8 ,23.84 ,23.77 ,23.75 ,23.79 ,23.78 ,23.72 ,23.7 ,23.72 ,23.82 ,23.82 ,23.8 ,23.77 ,23.78 ,23.73 ,23.73 ,23.8 ,23.68 ,23.54 ,23.52 ,23.54 ,23.5 ,23.59 ,23.58 ,23.46 ,23.39 ,23.47 ,23.59 ,23.56 ,23.43 ,23.42 ,23.4 ,23.52 ,23.52 ,23.45 ,23.45 ,23.54 ,23.54 ,23.49 ,23.52 ,23.56 ,23.52 ,23.47 ,23.6 ,23.61 ,23.55 ,23.49 ,23.51 ,23.51 ,23.54 ,23.57 ,23.66 ,23.53 ,23.49 ,23.39 ,23.43 ,23.46 ,23.41 ,23.51 ,23.61 ,23.74 ,23.78 ,23.72 ,23.74 ,23.79 ,23.77 ,23.79 ,23.81 ,23.83 ,23.82 ,23.8 ,23.76 ,23.74 ,23.71 ,23.74 ,23.66 ,23.65 ,23.67 ,23.72 ,23.65 ,23.7 ,23.69 ,23.65 ,23.71 ,23.74 ,23.63 ,23.54 ,23.55 ,23.63 ,23.62 ,23.69 ,23.69 ,23.71 ,23.69 ,23.7 ,23.69 ,23.71 ,23.76 ,23.69 ,23.73 ,23.65 ,23.71 ,23.83 ,23.82 ,23.85 ,23.88 ,23.85 ,23.86 ,23.87 ,23.82 ,23.86 ,23.83 ,23.82 ,23.87 ,23.91 ,23.94 ,23.95 ,23.91 ,23.83 ,23.72 ,23.72 ,23.82 ,23.8 ,23.74 ,23.75 ,23.79 ,23.7 ,23.66 ,23.68 ,23.72 ,23.81 ,23.81 ,23.84 ,23.78 ,23.68 ,23.7 ,23.76 ,23.8 ,23.82 ,23.8 ,23.72 ,23.69 ,23.74 ,23.78 ,23.91 ,23.94 ,23.95 ,23.96 ,23.87 ,23.93 ,23.89 ,23.87 ,23.95 ,23.94 ,23.91 ,23.93 ,23.95 ,23.92 ,23.85 ,23.82 ,23.76 ,23.69 ,23.59 ,23.61 ,23.59 ,23.58 ,23.63 ,23.62 ,23.76 ,23.69 ,23.7 ,23.73 ,23.81 ,23.78 ,23.69 ,23.79 ,23.71 ,23.75 ,23.73 ,23.75 ,23.79 ,23.8 ,23.82 ,23.88 ,23.84 ,23.82 ,23.87 ,23.87 ,23.82 ,23.81 ,23.75 ,23.62 ,23.56 ,23.55 ,23.67 ,23.73 ,23.63 ,23.56 ,23.55 ,23.59 ,23.56 ,23.6 ,23.66 ,23.64 ,23.65 ,23.61 ,23.57 ,23.6 ,23.48 ,23.61 ,23.61 ,23.56 ,23.62 ,23.63 ,23.61 ,23.59 ,23.6 ,23.59 ,23.61 ,23.54 ,23.6 ,23.56 ,23.56 ,23.54 ,23.57 ,23.58 ,23.65 ,23.67 ,23.64 ,23.59 ,23.51 ,23.53 ,23.6 ,23.67 ,23.6 ,23.56 ,23.54 ,23.47 ,23.57 ,23.66 ,23.66 ,23.76 ,23.83 ,23.84 ,23.83 ,23.84 ,23.8 ,23.81 ,23.82 ,23.85 ,23.89 ,23.77 ,23.86 ,23.77 ,23.71 ,23.76 ,23.76 ,23.75 ,23.8 ,23.84 ,23.86 ,23.94 ,23.83 ,23.78 ,23.82 ,23.72 ,23.63 ,23.58 ,23.51 ,23.53 ,23.6 ,23.66 ,23.62 ,23.65 ,23.7 ,23.66 ,23.71 ,23.79 ,23.82 ,23.75 ,23.76 ,23.79 ,23.72 ,23.72 ,23.7 ,23.72 ,23.7 ,23.81 ,23.74 ,23.63 ,23.72 ,23.76 ,23.76 ,23.68 ,23.76 ,23.84 ,23.65 ,23.69 ,23.72 ,23.73 ,23.68 ,23.69 ,23.71 ,23.72 ,23.62 ,23.72 ,23.73 ,23.67 ,23.69 ,23.6 ,23.54 ,23.67 ,23.64 ,23.6 ,23.55 ,23.48 ,23.36 ,23.41 ,23.39 ,23.32 ,23.45 ,23.48 ,23.47 ,23.42 ,23.38 ,23.45 ,23.49 ,23.56 ,23.62 ,23.63 ,23.59 ,23.59 ,23.69 ,23.76 ,23.7 ,23.75 ,23.74 ,23.79 ,23.81 ,23.76 ,23.71 ,23.79 ,23.78 ,23.67 ,23.68 ,23.65 ,23.68 ,23.65 ,23.64 ,23.73 ,23.79 ,23.69 ,23.68 ,23.66 ,23.72 ,23.73 ,23.75 ,23.67 ,23.76 ,23.67 ,23.62 ,23.69 ,23.75 ,23.67 ,23.64 ,23.71 ,23.74 ,23.64 ,23.55 ,23.56 ,23.65 ,23.72 ,23.66 ,23.6 ,23.53 ,23.6 ,23.69 ,23.65 ,23.69 ,23.57 ,23.62 ,23.64 ,23.6 ,23.56 ,23.61 ,23.6 ,23.55 ,23.53 ,23.47 ,23.54 ,23.58 ,23.56 ,23.5 ,23.46 ,23.41 ,23.45 ,23.47 ,23.44 ,23.35 ,23.44 ,23.46 ,23.47 ,23.43 ,23.45 ,23.37 ,23.35 ,23.4 ,23.31 ,23.32 ,23.37 ,23.42 ,23.4 ,23.33 ,23.27 ,23.3 ,23.34 ,23.34 ,23.3 ,23.28 ,23.3 ,23.29 ,23.34 ,23.28 ,23.33 ,23.41 ,23.35 ,23.34 ,23.46 ,23.33 ,23.31 ,23.31 ,23.29 ,23.31 ,23.36 ,23.32 ,23.25 ,23.3 ,23.33 ,23.31 ,23.25 ,23.27 ,23.29 ,23.33 ,23.33 ,23.36 ,23.27 ,23.24 ,23.23 ,23.26 ,23.14 ,23.16 ,23.29 ,23.15 ,23.09 ,23.06 ,23.14 ,23.03 ,23.06 ,23.01 ,23.06 ,23.15 ,23.03 ,23.03 ,23.14 ,23.07 ,23.01 ,23.09 ,23.01 ,22.97 ,23.07 ,23.04 ,23.06 ,22.99 ,23.11 ,23.13 ,23.13 ,23 ,22.96 ,23.03 ,23.03 ,22.98 ,22.92 ,
126,23.44 ,23.38 ,23.41 ,23.52 ,23.54 ,23.38 ,23.38 ,23.35 ,23.36 ,23.48 ,23.28 ,23.25 ,23.27 ,23.11 ,23.09 ,23.09 ,23.07 ,23.17 ,23.27 ,23.33 ,23.29 ,23.31 ,23.39 ,23.47 ,23.5 ,23.59 ,23.49 ,23.43 ,23.5 ,23.52 ,23.55 ,23.42 ,23.31 ,23.33 ,23.26 ,23.31 ,23.37 ,23.41 ,23.47 ,23.4 ,23.42 ,23.51 ,23.45 ,23.41 ,23.47 ,23.54 ,23.46 ,23.49 ,23.52 ,23.43 ,23.42 ,23.4 ,23.53 ,23.51 ,23.48 ,23.53 ,23.49 ,23.48 ,23.52 ,23.57 ,23.64 ,23.55 ,23.47 ,23.42 ,23.43 ,23.44 ,23.55 ,23.47 ,23.45 ,23.48 ,23.47 ,23.5 ,23.5 ,23.52 ,23.59 ,23.52 ,23.6 ,23.58 ,23.48 ,23.55 ,23.52 ,23.51 ,23.59 ,23.55 ,23.55 ,23.62 ,23.65 ,23.57 ,23.59 ,23.56 ,23.52 ,23.48 ,23.45 ,23.42 ,23.43 ,23.47 ,23.33 ,23.3 ,23.35 ,23.4 ,23.42 ,23.46 ,23.45 ,23.38 ,23.48 ,23.55 ,23.7 ,23.68 ,23.66 ,23.6 ,23.65 ,23.73 ,23.72 ,23.66 ,23.65 ,23.67 ,23.67 ,23.66 ,23.62 ,23.65 ,23.74 ,23.71 ,23.68 ,23.75 ,23.76 ,23.78 ,23.76 ,23.68 ,23.69 ,23.64 ,23.69 ,23.78 ,23.76 ,23.76 ,23.75 ,23.74 ,23.71 ,23.69 ,23.76 ,23.86 ,23.71 ,23.71 ,23.76 ,23.67 ,23.83 ,23.81 ,23.74 ,23.71 ,23.65 ,23.74 ,23.82 ,23.77 ,23.78 ,23.78 ,23.64 ,23.64 ,23.67 ,23.69 ,23.72 ,23.78 ,23.82 ,23.79 ,23.74 ,23.81 ,23.81 ,23.73 ,23.72 ,23.76 ,23.76 ,23.78 ,23.73 ,23.71 ,23.71 ,23.76 ,23.81 ,23.68 ,23.49 ,23.5 ,23.51 ,23.49 ,23.53 ,23.53 ,23.49 ,23.47 ,23.45 ,23.54 ,23.49 ,23.38 ,23.46 ,23.56 ,23.58 ,23.58 ,23.58 ,23.55 ,23.57 ,23.58 ,23.55 ,23.55 ,23.53 ,23.51 ,23.52 ,23.58 ,23.56 ,23.48 ,23.59 ,23.58 ,23.49 ,23.56 ,23.53 ,23.6 ,23.62 ,23.56 ,23.46 ,23.42 ,23.41 ,23.46 ,23.62 ,23.76 ,23.82 ,23.8 ,23.73 ,23.75 ,23.68 ,23.75 ,23.82 ,23.78 ,23.85 ,23.85 ,23.89 ,23.84 ,23.85 ,23.82 ,23.84 ,23.72 ,23.66 ,23.7 ,23.68 ,23.67 ,23.74 ,23.68 ,23.69 ,23.74 ,23.7 ,23.59 ,23.58 ,23.59 ,23.57 ,23.59 ,23.72 ,23.69 ,23.7 ,23.7 ,23.67 ,23.68 ,23.68 ,23.72 ,23.76 ,23.76 ,23.72 ,23.65 ,23.68 ,23.69 ,23.81 ,23.78 ,23.85 ,23.87 ,23.89 ,23.86 ,23.87 ,23.92 ,23.8 ,23.81 ,23.84 ,23.88 ,23.98 ,23.89 ,23.89 ,23.87 ,23.74 ,23.72 ,23.78 ,23.76 ,23.8 ,23.76 ,23.71 ,23.6 ,23.63 ,23.69 ,23.79 ,23.82 ,23.8 ,23.81 ,23.71 ,23.69 ,23.78 ,23.82 ,23.81 ,23.79 ,23.76 ,23.71 ,23.78 ,23.85 ,23.91 ,23.94 ,23.99 ,23.98 ,23.94 ,23.9 ,23.88 ,23.86 ,23.94 ,23.94 ,23.85 ,23.89 ,23.93 ,23.86 ,23.75 ,23.71 ,23.72 ,23.67 ,23.6 ,23.56 ,23.64 ,23.68 ,23.7 ,23.64 ,23.71 ,23.71 ,23.68 ,23.68 ,23.71 ,23.7 ,23.64 ,23.7 ,23.74 ,23.7 ,23.79 ,23.85 ,23.81 ,23.77 ,23.79 ,23.83 ,23.79 ,23.81 ,23.89 ,23.9 ,23.88 ,23.88 ,23.84 ,23.73 ,23.61 ,23.62 ,23.72 ,23.77 ,23.68 ,23.66 ,23.59 ,23.64 ,23.58 ,23.61 ,23.64 ,23.7 ,23.7 ,23.68 ,23.65 ,23.59 ,23.58 ,23.6 ,23.58 ,23.53 ,23.69 ,23.66 ,23.63 ,23.63 ,23.58 ,23.63 ,23.61 ,23.63 ,23.62 ,23.57 ,23.54 ,23.54 ,23.52 ,23.56 ,23.61 ,23.61 ,23.59 ,23.58 ,23.5 ,23.51 ,23.56 ,23.62 ,23.66 ,23.52 ,23.47 ,23.49 ,23.58 ,23.7 ,23.71 ,23.68 ,23.76 ,23.82 ,23.91 ,23.96 ,23.84 ,23.67 ,23.72 ,23.83 ,23.81 ,23.71 ,23.83 ,23.77 ,23.75 ,23.79 ,23.76 ,23.76 ,23.81 ,23.9 ,23.92 ,23.9 ,23.89 ,23.79 ,23.75 ,23.7 ,23.59 ,23.67 ,23.66 ,23.67 ,23.68 ,23.76 ,23.76 ,23.77 ,23.8 ,23.66 ,23.65 ,23.71 ,23.78 ,23.73 ,23.66 ,23.76 ,23.68 ,23.67 ,23.73 ,23.68 ,23.72 ,23.75 ,23.67 ,23.64 ,23.76 ,23.78 ,23.7 ,23.67 ,23.69 ,23.79 ,23.66 ,23.76 ,23.69 ,23.67 ,23.64 ,23.65 ,23.7 ,23.7 ,23.68 ,23.67 ,23.65 ,23.63 ,23.65 ,23.7 ,23.62 ,23.6 ,23.6 ,23.54 ,23.57 ,23.5 ,23.42 ,23.4 ,23.39 ,23.39 ,23.44 ,23.4 ,23.48 ,23.47 ,23.44 ,23.46 ,23.46 ,23.53 ,23.59 ,23.6 ,23.56 ,23.61 ,23.7 ,23.74 ,23.68 ,23.74 ,23.84 ,23.86 ,23.83 ,23.79 ,23.76 ,23.72 ,23.71 ,23.72 ,23.73 ,23.65 ,23.62 ,23.67 ,23.64 ,23.72 ,23.71 ,23.71 ,23.65 ,23.62 ,23.71 ,23.75 ,23.65 ,23.7 ,23.69 ,23.64 ,23.69 ,23.79 ,23.73 ,23.57 ,23.68 ,23.75 ,23.71 ,23.69 ,23.64 ,23.67 ,23.68 ,23.7 ,23.75 ,23.74 ,23.64 ,23.61 ,23.69 ,23.64 ,23.7 ,23.73 ,23.7 ,23.64 ,23.65 ,23.6 ,23.54 ,23.49 ,23.48 ,23.55 ,23.5 ,23.55 ,23.51 ,23.48 ,23.43 ,23.42 ,23.46 ,23.42 ,23.49 ,23.47 ,23.45 ,23.46 ,23.54 ,23.49 ,23.41 ,23.37 ,23.31 ,23.27 ,23.35 ,23.32 ,23.32 ,23.37 ,23.45 ,23.4 ,23.35 ,23.36 ,23.38 ,23.38 ,23.39 ,23.38 ,23.28 ,23.31 ,23.37 ,23.27 ,23.19 ,23.24 ,23.32 ,23.48 ,23.43 ,23.4 ,23.36 ,23.22 ,23.31 ,23.29 ,23.23 ,23.36 ,23.39 ,23.29 ,23.34 ,23.4 ,23.31 ,23.27 ,23.3 ,23.28 ,23.4 ,23.28 ,23.34 ,23.33 ,23.19 ,23.21 ,23.25 ,23.16 ,23.26 ,23.27 ,23.17 ,23.14 ,23.17 ,23.17 ,23.07 ,23.03 ,23.07 ,23.07 ,23.1 ,23.04 ,22.95 ,23.03 ,23.17 ,23.14 ,23.17 ,23.06 ,23.04 ,23.09 ,23.06 ,23.05 ,23.07 ,23.07 ,23.16 ,23.14 ,23.05 ,22.96 ,23.05 ,23.02 ,23.06 ,22.98 ,
127,23.48 ,23.39 ,23.53 ,23.52 ,23.46 ,23.47 ,23.5 ,23.46 ,23.33 ,23.44 ,23.33 ,23.19 ,23.18 ,23.11 ,23.08 ,23 ,22.99 ,23.1 ,23.16 ,23.18 ,23.28 ,23.35 ,23.39 ,23.44 ,23.5 ,23.63 ,23.6 ,23.45 ,23.57 ,23.59 ,23.55 ,23.42 ,23.33 ,23.35 ,23.36 ,23.43 ,23.46 ,23.51 ,23.59 ,23.51 ,23.37 ,23.5 ,23.59 ,23.51 ,23.51 ,23.61 ,23.57 ,23.62 ,23.52 ,23.45 ,23.48 ,23.44 ,23.54 ,23.59 ,23.48 ,23.49 ,23.53 ,23.59 ,23.58 ,23.57 ,23.53 ,23.51 ,23.51 ,23.49 ,23.49 ,23.46 ,23.54 ,23.58 ,23.47 ,23.45 ,23.49 ,23.54 ,23.53 ,23.56 ,23.61 ,23.53 ,23.55 ,23.56 ,23.51 ,23.52 ,23.48 ,23.48 ,23.51 ,23.55 ,23.54 ,23.6 ,23.66 ,23.58 ,23.49 ,23.51 ,23.49 ,23.51 ,23.5 ,23.41 ,23.37 ,23.51 ,23.43 ,23.43 ,23.44 ,23.42 ,23.42 ,23.51 ,23.49 ,23.4 ,23.48 ,23.59 ,23.71 ,23.64 ,23.66 ,23.64 ,23.63 ,23.66 ,23.64 ,23.61 ,23.64 ,23.74 ,23.65 ,23.63 ,23.68 ,23.65 ,23.64 ,23.69 ,23.64 ,23.71 ,23.76 ,23.82 ,23.79 ,23.7 ,23.73 ,23.65 ,23.67 ,23.75 ,23.71 ,23.67 ,23.71 ,23.72 ,23.71 ,23.77 ,23.82 ,23.82 ,23.79 ,23.67 ,23.83 ,23.81 ,23.76 ,23.79 ,23.76 ,23.67 ,23.74 ,23.76 ,23.79 ,23.74 ,23.75 ,23.75 ,23.68 ,23.69 ,23.78 ,23.79 ,23.74 ,23.75 ,23.8 ,23.79 ,23.79 ,23.79 ,23.85 ,23.78 ,23.77 ,23.81 ,23.74 ,23.8 ,23.78 ,23.73 ,23.78 ,23.76 ,23.73 ,23.54 ,23.5 ,23.49 ,23.44 ,23.45 ,23.55 ,23.58 ,23.54 ,23.51 ,23.48 ,23.47 ,23.46 ,23.44 ,23.55 ,23.6 ,23.61 ,23.57 ,23.59 ,23.56 ,23.6 ,23.54 ,23.58 ,23.63 ,23.56 ,23.5 ,23.53 ,23.59 ,23.56 ,23.57 ,23.59 ,23.62 ,23.53 ,23.57 ,23.53 ,23.58 ,23.62 ,23.65 ,23.58 ,23.46 ,23.41 ,23.43 ,23.68 ,23.83 ,23.82 ,23.85 ,23.81 ,23.8 ,23.69 ,23.8 ,23.91 ,23.81 ,23.85 ,23.84 ,23.82 ,23.8 ,23.88 ,23.92 ,23.83 ,23.76 ,23.72 ,23.7 ,23.7 ,23.73 ,23.76 ,23.73 ,23.76 ,23.75 ,23.66 ,23.6 ,23.65 ,23.68 ,23.6 ,23.61 ,23.71 ,23.73 ,23.67 ,23.69 ,23.74 ,23.7 ,23.64 ,23.69 ,23.82 ,23.9 ,23.74 ,23.66 ,23.61 ,23.69 ,23.75 ,23.81 ,23.88 ,23.88 ,23.85 ,23.87 ,23.86 ,23.95 ,23.86 ,23.77 ,23.78 ,23.89 ,24 ,23.92 ,23.8 ,23.87 ,23.84 ,23.79 ,23.76 ,23.78 ,23.8 ,23.75 ,23.76 ,23.68 ,23.66 ,23.69 ,23.78 ,23.84 ,23.78 ,23.72 ,23.72 ,23.77 ,23.76 ,23.76 ,23.71 ,23.8 ,23.82 ,23.88 ,23.84 ,23.93 ,23.87 ,23.94 ,24.02 ,24.06 ,23.96 ,23.94 ,23.96 ,23.91 ,23.92 ,23.91 ,23.88 ,23.92 ,23.92 ,23.89 ,23.73 ,23.69 ,23.66 ,23.66 ,23.65 ,23.65 ,23.69 ,23.73 ,23.74 ,23.72 ,23.76 ,23.75 ,23.7 ,23.71 ,23.74 ,23.75 ,23.7 ,23.76 ,23.78 ,23.74 ,23.77 ,23.82 ,23.77 ,23.71 ,23.75 ,23.83 ,23.8 ,23.83 ,23.82 ,23.8 ,23.8 ,23.86 ,23.85 ,23.74 ,23.69 ,23.62 ,23.69 ,23.76 ,23.79 ,23.77 ,23.74 ,23.71 ,23.6 ,23.61 ,23.68 ,23.73 ,23.69 ,23.66 ,23.65 ,23.58 ,23.57 ,23.65 ,23.66 ,23.58 ,23.66 ,23.62 ,23.69 ,23.7 ,23.62 ,23.62 ,23.58 ,23.57 ,23.63 ,23.65 ,23.58 ,23.54 ,23.51 ,23.52 ,23.56 ,23.54 ,23.59 ,23.62 ,23.55 ,23.51 ,23.58 ,23.59 ,23.61 ,23.6 ,23.56 ,23.6 ,23.63 ,23.68 ,23.71 ,23.65 ,23.72 ,23.78 ,23.83 ,23.9 ,23.78 ,23.7 ,23.71 ,23.8 ,23.75 ,23.7 ,23.8 ,23.78 ,23.77 ,23.82 ,23.81 ,23.86 ,23.92 ,23.91 ,23.89 ,23.89 ,23.84 ,23.69 ,23.64 ,23.7 ,23.57 ,23.69 ,23.82 ,23.79 ,23.86 ,23.83 ,23.8 ,23.74 ,23.83 ,23.7 ,23.71 ,23.83 ,23.81 ,23.79 ,23.79 ,23.7 ,23.7 ,23.7 ,23.83 ,23.78 ,23.77 ,23.81 ,23.74 ,23.73 ,23.77 ,23.76 ,23.67 ,23.73 ,23.7 ,23.72 ,23.69 ,23.84 ,23.82 ,23.64 ,23.65 ,23.67 ,23.63 ,23.74 ,23.72 ,23.71 ,23.63 ,23.59 ,23.65 ,23.69 ,23.73 ,23.65 ,23.6 ,23.64 ,23.55 ,23.61 ,23.47 ,23.44 ,23.44 ,23.52 ,23.53 ,23.44 ,23.48 ,23.46 ,23.46 ,23.54 ,23.46 ,23.46 ,23.57 ,23.6 ,23.56 ,23.67 ,23.68 ,23.63 ,23.75 ,23.82 ,23.82 ,23.87 ,23.81 ,23.8 ,23.68 ,23.74 ,23.73 ,23.75 ,23.74 ,23.61 ,23.82 ,23.75 ,23.67 ,23.67 ,23.7 ,23.74 ,23.75 ,23.7 ,23.72 ,23.81 ,23.72 ,23.78 ,23.67 ,23.57 ,23.6 ,23.71 ,23.72 ,23.66 ,23.71 ,23.75 ,23.69 ,23.67 ,23.67 ,23.69 ,23.71 ,23.74 ,23.71 ,23.75 ,23.72 ,23.7 ,23.61 ,23.67 ,23.71 ,23.74 ,23.68 ,23.7 ,23.64 ,23.59 ,23.57 ,23.56 ,23.57 ,23.57 ,23.58 ,23.62 ,23.58 ,23.54 ,23.45 ,23.47 ,23.49 ,23.52 ,23.52 ,23.52 ,23.48 ,23.53 ,23.42 ,23.37 ,23.38 ,23.37 ,23.3 ,23.33 ,23.29 ,23.35 ,23.39 ,23.35 ,23.43 ,23.38 ,23.35 ,23.4 ,23.39 ,23.34 ,23.39 ,23.45 ,23.38 ,23.4 ,23.44 ,23.35 ,23.19 ,23.22 ,23.37 ,23.41 ,23.42 ,23.31 ,23.35 ,23.37 ,23.37 ,23.36 ,23.29 ,23.36 ,23.37 ,23.39 ,23.31 ,23.38 ,23.39 ,23.25 ,23.32 ,23.35 ,23.35 ,23.31 ,23.4 ,23.42 ,23.23 ,23.3 ,23.26 ,23.08 ,23.28 ,23.31 ,23.2 ,23.17 ,23.15 ,23.26 ,23.1 ,23.1 ,23.11 ,23.12 ,23.07 ,22.99 ,23.01 ,23.09 ,23.11 ,23.15 ,23.16 ,23.18 ,23.07 ,23.13 ,23.07 ,23.13 ,23.07 ,23.17 ,23.18 ,23.13 ,23.1 ,23.03 ,23.1 ,23.13 ,23.09 ,22.99 ,
128,23.52 ,23.43 ,23.53 ,23.62 ,23.48 ,23.48 ,23.44 ,23.37 ,23.39 ,23.37 ,23.3 ,23.21 ,23.14 ,23.04 ,23.06 ,23 ,22.95 ,23.04 ,23.15 ,23.22 ,23.32 ,23.42 ,23.37 ,23.36 ,23.48 ,23.59 ,23.58 ,23.46 ,23.56 ,23.59 ,23.56 ,23.39 ,23.34 ,23.32 ,23.37 ,23.5 ,23.6 ,23.59 ,23.62 ,23.57 ,23.54 ,23.5 ,23.51 ,23.52 ,23.57 ,23.57 ,23.52 ,23.58 ,23.47 ,23.44 ,23.43 ,23.44 ,23.55 ,23.58 ,23.57 ,23.54 ,23.53 ,23.65 ,23.56 ,23.48 ,23.54 ,23.54 ,23.51 ,23.55 ,23.59 ,23.51 ,23.54 ,23.57 ,23.52 ,23.53 ,23.54 ,23.57 ,23.55 ,23.59 ,23.64 ,23.61 ,23.49 ,23.41 ,23.53 ,23.48 ,23.49 ,23.51 ,23.53 ,23.59 ,23.55 ,23.56 ,23.63 ,23.59 ,23.47 ,23.47 ,23.53 ,23.55 ,23.52 ,23.45 ,23.42 ,23.44 ,23.47 ,23.44 ,23.45 ,23.41 ,23.41 ,23.45 ,23.41 ,23.41 ,23.49 ,23.66 ,23.69 ,23.65 ,23.65 ,23.69 ,23.65 ,23.63 ,23.62 ,23.68 ,23.69 ,23.73 ,23.68 ,23.57 ,23.61 ,23.67 ,23.61 ,23.6 ,23.64 ,23.68 ,23.68 ,23.81 ,23.8 ,23.72 ,23.73 ,23.72 ,23.72 ,23.72 ,23.66 ,23.68 ,23.74 ,23.72 ,23.75 ,23.8 ,23.86 ,23.77 ,23.79 ,23.77 ,23.74 ,23.75 ,23.82 ,23.79 ,23.77 ,23.71 ,23.77 ,23.86 ,23.78 ,23.79 ,23.77 ,23.71 ,23.75 ,23.68 ,23.7 ,23.89 ,23.83 ,23.87 ,23.86 ,23.82 ,23.84 ,23.78 ,23.77 ,23.7 ,23.73 ,23.8 ,23.76 ,23.83 ,23.88 ,23.8 ,23.74 ,23.69 ,23.6 ,23.45 ,23.4 ,23.41 ,23.4 ,23.38 ,23.54 ,23.58 ,23.56 ,23.55 ,23.52 ,23.5 ,23.52 ,23.5 ,23.56 ,23.59 ,23.61 ,23.51 ,23.61 ,23.55 ,23.51 ,23.48 ,23.5 ,23.52 ,23.56 ,23.48 ,23.5 ,23.52 ,23.59 ,23.64 ,23.61 ,23.58 ,23.57 ,23.5 ,23.49 ,23.65 ,23.69 ,23.71 ,23.67 ,23.55 ,23.55 ,23.59 ,23.72 ,23.84 ,23.85 ,23.87 ,23.91 ,23.83 ,23.76 ,23.79 ,23.9 ,23.81 ,23.84 ,23.84 ,23.79 ,23.85 ,23.84 ,23.87 ,23.91 ,23.83 ,23.81 ,23.83 ,23.83 ,23.76 ,23.72 ,23.67 ,23.78 ,23.75 ,23.74 ,23.72 ,23.77 ,23.72 ,23.64 ,23.61 ,23.69 ,23.68 ,23.73 ,23.64 ,23.73 ,23.76 ,23.81 ,23.78 ,23.79 ,23.86 ,23.77 ,23.71 ,23.69 ,23.72 ,23.8 ,23.76 ,23.91 ,23.93 ,23.85 ,23.88 ,23.88 ,23.91 ,23.8 ,23.77 ,23.72 ,23.81 ,23.86 ,23.78 ,23.79 ,23.77 ,23.79 ,23.84 ,23.8 ,23.79 ,23.74 ,23.7 ,23.69 ,23.74 ,23.74 ,23.69 ,23.72 ,23.81 ,23.78 ,23.75 ,23.74 ,23.78 ,23.76 ,23.75 ,23.79 ,23.82 ,23.83 ,23.89 ,23.92 ,23.89 ,23.85 ,23.87 ,23.94 ,23.96 ,23.93 ,23.98 ,23.94 ,23.94 ,23.97 ,23.99 ,23.92 ,23.92 ,23.88 ,23.82 ,23.81 ,23.74 ,23.64 ,23.67 ,23.69 ,23.72 ,23.72 ,23.76 ,23.8 ,23.8 ,23.79 ,23.82 ,23.73 ,23.75 ,23.81 ,23.79 ,23.78 ,23.77 ,23.8 ,23.71 ,23.68 ,23.79 ,23.82 ,23.78 ,23.71 ,23.75 ,23.77 ,23.8 ,23.79 ,23.75 ,23.81 ,23.79 ,23.87 ,23.79 ,23.72 ,23.63 ,23.63 ,23.79 ,23.86 ,23.88 ,23.71 ,23.71 ,23.58 ,23.61 ,23.6 ,23.68 ,23.69 ,23.63 ,23.63 ,23.64 ,23.63 ,23.64 ,23.63 ,23.65 ,23.66 ,23.61 ,23.61 ,23.64 ,23.65 ,23.64 ,23.48 ,23.46 ,23.54 ,23.61 ,23.56 ,23.53 ,23.58 ,23.65 ,23.56 ,23.66 ,23.65 ,23.68 ,23.67 ,23.64 ,23.56 ,23.57 ,23.64 ,23.6 ,23.59 ,23.6 ,23.61 ,23.63 ,23.63 ,23.63 ,23.68 ,23.82 ,23.89 ,23.86 ,23.76 ,23.69 ,23.69 ,23.69 ,23.77 ,23.67 ,23.75 ,23.76 ,23.78 ,23.87 ,23.85 ,23.83 ,23.81 ,23.82 ,23.83 ,23.76 ,23.68 ,23.59 ,23.62 ,23.77 ,23.71 ,23.7 ,23.82 ,23.85 ,23.85 ,23.92 ,23.78 ,23.74 ,23.79 ,23.77 ,23.74 ,23.85 ,23.8 ,23.78 ,23.81 ,23.7 ,23.73 ,23.78 ,23.85 ,23.82 ,23.77 ,23.76 ,23.69 ,23.71 ,23.73 ,23.75 ,23.76 ,23.76 ,23.73 ,23.74 ,23.77 ,23.81 ,23.74 ,23.69 ,23.68 ,23.75 ,23.66 ,23.72 ,23.75 ,23.73 ,23.66 ,23.68 ,23.68 ,23.7 ,23.71 ,23.74 ,23.72 ,23.64 ,23.69 ,23.66 ,23.55 ,23.49 ,23.52 ,23.57 ,23.44 ,23.48 ,23.56 ,23.54 ,23.47 ,23.6 ,23.5 ,23.46 ,23.67 ,23.68 ,23.65 ,23.71 ,23.66 ,23.71 ,23.74 ,23.82 ,23.78 ,23.78 ,23.72 ,23.75 ,23.66 ,23.65 ,23.76 ,23.73 ,23.72 ,23.59 ,23.7 ,23.81 ,23.7 ,23.64 ,23.71 ,23.71 ,23.71 ,23.76 ,23.74 ,23.74 ,23.76 ,23.68 ,23.65 ,23.59 ,23.68 ,23.68 ,23.65 ,23.72 ,23.74 ,23.73 ,23.67 ,23.68 ,23.71 ,23.69 ,23.64 ,23.69 ,23.63 ,23.65 ,23.65 ,23.68 ,23.65 ,23.68 ,23.71 ,23.64 ,23.65 ,23.6 ,23.62 ,23.63 ,23.64 ,23.64 ,23.69 ,23.62 ,23.59 ,23.63 ,23.66 ,23.6 ,23.48 ,23.52 ,23.56 ,23.57 ,23.53 ,23.52 ,23.42 ,23.51 ,23.45 ,23.33 ,23.38 ,23.41 ,23.31 ,23.36 ,23.3 ,23.33 ,23.47 ,23.39 ,23.45 ,23.49 ,23.45 ,23.45 ,23.44 ,23.38 ,23.39 ,23.46 ,23.4 ,23.35 ,23.44 ,23.34 ,23.24 ,23.31 ,23.37 ,23.39 ,23.32 ,23.4 ,23.39 ,23.3 ,23.4 ,23.35 ,23.29 ,23.35 ,23.36 ,23.39 ,23.37 ,23.35 ,23.32 ,23.23 ,23.22 ,23.35 ,23.32 ,23.32 ,23.36 ,23.35 ,23.26 ,23.22 ,23.27 ,23.15 ,23.18 ,23.28 ,23.11 ,23.11 ,23.15 ,23.2 ,23.12 ,23.15 ,23.19 ,23.06 ,23.11 ,23.07 ,23.05 ,23.13 ,23.2 ,23.11 ,23.13 ,23.11 ,23.04 ,23.13 ,23.11 ,23.08 ,23.13 ,23.21 ,23.08 ,23.02 ,22.98 ,23.06 ,23.08 ,23.08 ,22.99 ,22.97 ,
129,23.47 ,23.48 ,23.44 ,23.49 ,23.43 ,23.48 ,23.44 ,23.43 ,23.29 ,23.34 ,23.21 ,23.07 ,23.04 ,23.04 ,23.02 ,22.99 ,23.01 ,23.11 ,23.18 ,23.25 ,23.32 ,23.37 ,23.33 ,23.4 ,23.44 ,23.54 ,23.51 ,23.47 ,23.42 ,23.47 ,23.55 ,23.42 ,23.31 ,23.29 ,23.35 ,23.47 ,23.58 ,23.55 ,23.55 ,23.56 ,23.53 ,23.52 ,23.46 ,23.43 ,23.44 ,23.56 ,23.51 ,23.55 ,23.48 ,23.52 ,23.41 ,23.41 ,23.48 ,23.52 ,23.56 ,23.5 ,23.43 ,23.58 ,23.51 ,23.46 ,23.49 ,23.55 ,23.49 ,23.52 ,23.61 ,23.54 ,23.54 ,23.56 ,23.54 ,23.56 ,23.53 ,23.57 ,23.52 ,23.65 ,23.58 ,23.59 ,23.6 ,23.49 ,23.58 ,23.59 ,23.58 ,23.58 ,23.56 ,23.53 ,23.57 ,23.56 ,23.54 ,23.57 ,23.55 ,23.42 ,23.45 ,23.52 ,23.47 ,23.36 ,23.34 ,23.5 ,23.43 ,23.41 ,23.41 ,23.4 ,23.34 ,23.43 ,23.41 ,23.38 ,23.56 ,23.71 ,23.66 ,23.66 ,23.65 ,23.62 ,23.58 ,23.55 ,23.62 ,23.66 ,23.73 ,23.71 ,23.65 ,23.56 ,23.62 ,23.75 ,23.71 ,23.68 ,23.69 ,23.78 ,23.69 ,23.66 ,23.77 ,23.73 ,23.75 ,23.74 ,23.67 ,23.76 ,23.71 ,23.72 ,23.74 ,23.72 ,23.77 ,23.81 ,23.76 ,23.69 ,23.76 ,23.73 ,23.72 ,23.72 ,23.76 ,23.78 ,23.77 ,23.74 ,23.72 ,23.77 ,23.74 ,23.73 ,23.77 ,23.77 ,23.74 ,23.69 ,23.66 ,23.73 ,23.83 ,23.82 ,23.87 ,23.83 ,23.81 ,23.84 ,23.81 ,23.73 ,23.71 ,23.83 ,23.76 ,23.81 ,23.82 ,23.78 ,23.72 ,23.67 ,23.6 ,23.43 ,23.37 ,23.35 ,23.4 ,23.38 ,23.43 ,23.56 ,23.45 ,23.48 ,23.51 ,23.48 ,23.49 ,23.52 ,23.54 ,23.53 ,23.58 ,23.56 ,23.61 ,23.59 ,23.45 ,23.5 ,23.5 ,23.55 ,23.52 ,23.57 ,23.44 ,23.44 ,23.52 ,23.56 ,23.6 ,23.61 ,23.51 ,23.43 ,23.49 ,23.61 ,23.65 ,23.63 ,23.61 ,23.52 ,23.53 ,23.64 ,23.76 ,23.76 ,23.82 ,23.86 ,23.86 ,23.83 ,23.81 ,23.85 ,23.94 ,23.88 ,23.9 ,23.79 ,23.76 ,23.84 ,23.79 ,23.83 ,23.92 ,23.87 ,23.82 ,23.87 ,23.79 ,23.67 ,23.64 ,23.67 ,23.68 ,23.67 ,23.66 ,23.74 ,23.77 ,23.75 ,23.71 ,23.68 ,23.69 ,23.63 ,23.64 ,23.66 ,23.7 ,23.79 ,23.8 ,23.79 ,23.73 ,23.77 ,23.79 ,23.71 ,23.69 ,23.75 ,23.82 ,23.81 ,23.86 ,23.92 ,23.88 ,23.9 ,23.91 ,23.88 ,23.74 ,23.74 ,23.71 ,23.78 ,23.79 ,23.73 ,23.77 ,23.76 ,23.72 ,23.7 ,23.73 ,23.72 ,23.67 ,23.71 ,23.66 ,23.74 ,23.79 ,23.79 ,23.7 ,23.73 ,23.75 ,23.79 ,23.77 ,23.72 ,23.71 ,23.73 ,23.76 ,23.78 ,23.74 ,23.81 ,23.8 ,23.85 ,23.84 ,23.82 ,23.83 ,23.89 ,23.91 ,23.97 ,23.97 ,23.94 ,23.94 ,23.99 ,23.97 ,23.9 ,23.84 ,23.72 ,23.83 ,23.8 ,23.65 ,23.68 ,23.73 ,23.65 ,23.64 ,23.72 ,23.75 ,23.77 ,23.75 ,23.79 ,23.79 ,23.73 ,23.73 ,23.74 ,23.79 ,23.83 ,23.79 ,23.73 ,23.72 ,23.8 ,23.85 ,23.8 ,23.73 ,23.71 ,23.68 ,23.76 ,23.81 ,23.78 ,23.86 ,23.88 ,23.84 ,23.81 ,23.72 ,23.62 ,23.61 ,23.69 ,23.78 ,23.81 ,23.76 ,23.76 ,23.67 ,23.59 ,23.6 ,23.63 ,23.65 ,23.61 ,23.64 ,23.62 ,23.63 ,23.55 ,23.58 ,23.6 ,23.57 ,23.6 ,23.66 ,23.66 ,23.66 ,23.66 ,23.47 ,23.49 ,23.57 ,23.55 ,23.58 ,23.64 ,23.62 ,23.68 ,23.64 ,23.62 ,23.68 ,23.63 ,23.6 ,23.66 ,23.68 ,23.64 ,23.61 ,23.63 ,23.58 ,23.54 ,23.57 ,23.63 ,23.7 ,23.6 ,23.71 ,23.81 ,23.84 ,23.83 ,23.79 ,23.74 ,23.69 ,23.67 ,23.68 ,23.66 ,23.75 ,23.76 ,23.83 ,23.89 ,23.82 ,23.8 ,23.77 ,23.76 ,23.71 ,23.7 ,23.58 ,23.55 ,23.65 ,23.79 ,23.8 ,23.75 ,23.83 ,23.83 ,23.8 ,23.84 ,23.72 ,23.72 ,23.81 ,23.81 ,23.71 ,23.84 ,23.86 ,23.77 ,23.72 ,23.67 ,23.67 ,23.73 ,23.77 ,23.8 ,23.74 ,23.76 ,23.67 ,23.67 ,23.68 ,23.75 ,23.73 ,23.74 ,23.75 ,23.74 ,23.79 ,23.8 ,23.71 ,23.68 ,23.72 ,23.81 ,23.72 ,23.71 ,23.69 ,23.7 ,23.75 ,23.72 ,23.7 ,23.65 ,23.73 ,23.71 ,23.72 ,23.72 ,23.66 ,23.66 ,23.6 ,23.53 ,23.53 ,23.55 ,23.36 ,23.31 ,23.52 ,23.56 ,23.47 ,23.54 ,23.58 ,23.5 ,23.61 ,23.62 ,23.63 ,23.64 ,23.66 ,23.69 ,23.73 ,23.8 ,23.67 ,23.72 ,23.77 ,23.75 ,23.72 ,23.69 ,23.77 ,23.71 ,23.7 ,23.69 ,23.68 ,23.76 ,23.73 ,23.7 ,23.66 ,23.66 ,23.63 ,23.67 ,23.69 ,23.76 ,23.76 ,23.74 ,23.72 ,23.71 ,23.72 ,23.7 ,23.65 ,23.7 ,23.61 ,23.68 ,23.65 ,23.59 ,23.61 ,23.65 ,23.69 ,23.6 ,23.58 ,23.61 ,23.64 ,23.6 ,23.57 ,23.64 ,23.72 ,23.74 ,23.65 ,23.58 ,23.54 ,23.56 ,23.65 ,23.67 ,23.69 ,23.64 ,23.59 ,23.65 ,23.66 ,23.62 ,23.52 ,23.51 ,23.5 ,23.5 ,23.49 ,23.39 ,23.41 ,23.47 ,23.43 ,23.47 ,23.43 ,23.38 ,23.31 ,23.37 ,23.41 ,23.36 ,23.42 ,23.41 ,23.47 ,23.53 ,23.45 ,23.44 ,23.45 ,23.4 ,23.47 ,23.47 ,23.33 ,23.32 ,23.34 ,23.3 ,23.22 ,23.35 ,23.44 ,23.36 ,23.36 ,23.42 ,23.46 ,23.3 ,23.29 ,23.27 ,23.24 ,23.31 ,23.33 ,23.36 ,23.35 ,23.31 ,23.24 ,23.29 ,23.33 ,23.35 ,23.34 ,23.39 ,23.37 ,23.28 ,23.23 ,23.23 ,23.22 ,23.07 ,23.08 ,23.19 ,23.14 ,23.08 ,23.15 ,23.2 ,23.12 ,23.18 ,23.18 ,23.03 ,23.07 ,23.17 ,23.11 ,23.13 ,23.17 ,23.08 ,23.05 ,23.09 ,23.09 ,23.22 ,23.14 ,23.05 ,23.06 ,23.18 ,23.14 ,23.14 ,22.95 ,22.89 ,23.02 ,23.06 ,22.97 ,22.93 ,
130,23.52 ,23.48 ,23.5 ,23.51 ,23.41 ,23.39 ,23.43 ,23.42 ,23.26 ,23.26 ,23.18 ,23.06 ,23.01 ,22.96 ,22.95 ,22.92 ,22.97 ,23.06 ,23.13 ,23.26 ,23.28 ,23.37 ,23.44 ,23.44 ,23.42 ,23.55 ,23.53 ,23.46 ,23.49 ,23.45 ,23.48 ,23.37 ,23.25 ,23.18 ,23.3 ,23.39 ,23.48 ,23.47 ,23.48 ,23.59 ,23.56 ,23.57 ,23.57 ,23.49 ,23.47 ,23.54 ,23.57 ,23.63 ,23.52 ,23.52 ,23.56 ,23.53 ,23.52 ,23.53 ,23.54 ,23.53 ,23.48 ,23.48 ,23.54 ,23.52 ,23.57 ,23.54 ,23.52 ,23.52 ,23.52 ,23.49 ,23.54 ,23.54 ,23.55 ,23.53 ,23.53 ,23.53 ,23.57 ,23.56 ,23.55 ,23.6 ,23.61 ,23.59 ,23.59 ,23.57 ,23.66 ,23.63 ,23.59 ,23.58 ,23.61 ,23.57 ,23.59 ,23.6 ,23.58 ,23.46 ,23.45 ,23.59 ,23.54 ,23.41 ,23.32 ,23.43 ,23.42 ,23.36 ,23.42 ,23.39 ,23.39 ,23.34 ,23.42 ,23.41 ,23.54 ,23.71 ,23.65 ,23.56 ,23.66 ,23.58 ,23.56 ,23.62 ,23.66 ,23.62 ,23.58 ,23.71 ,23.75 ,23.65 ,23.7 ,23.67 ,23.73 ,23.7 ,23.69 ,23.67 ,23.72 ,23.71 ,23.76 ,23.78 ,23.75 ,23.69 ,23.69 ,23.75 ,23.78 ,23.66 ,23.64 ,23.66 ,23.7 ,23.74 ,23.74 ,23.72 ,23.77 ,23.66 ,23.72 ,23.74 ,23.72 ,23.82 ,23.85 ,23.8 ,23.82 ,23.8 ,23.7 ,23.72 ,23.77 ,23.79 ,23.83 ,23.82 ,23.74 ,23.74 ,23.84 ,23.83 ,23.77 ,23.8 ,23.84 ,23.87 ,23.91 ,23.78 ,23.76 ,23.82 ,23.78 ,23.74 ,23.81 ,23.74 ,23.69 ,23.66 ,23.6 ,23.4 ,23.38 ,23.36 ,23.41 ,23.38 ,23.47 ,23.59 ,23.47 ,23.4 ,23.57 ,23.52 ,23.46 ,23.47 ,23.52 ,23.46 ,23.47 ,23.56 ,23.61 ,23.57 ,23.52 ,23.6 ,23.57 ,23.52 ,23.53 ,23.54 ,23.52 ,23.48 ,23.5 ,23.47 ,23.54 ,23.64 ,23.51 ,23.44 ,23.47 ,23.56 ,23.61 ,23.56 ,23.55 ,23.51 ,23.5 ,23.61 ,23.68 ,23.73 ,23.84 ,23.83 ,23.86 ,23.83 ,23.79 ,23.82 ,23.88 ,23.81 ,23.89 ,23.82 ,23.81 ,23.79 ,23.76 ,23.81 ,23.92 ,23.92 ,23.85 ,23.84 ,23.8 ,23.76 ,23.63 ,23.69 ,23.7 ,23.75 ,23.7 ,23.66 ,23.71 ,23.69 ,23.67 ,23.68 ,23.74 ,23.65 ,23.7 ,23.66 ,23.74 ,23.81 ,23.81 ,23.75 ,23.69 ,23.73 ,23.8 ,23.72 ,23.73 ,23.78 ,23.82 ,23.86 ,23.83 ,23.89 ,23.86 ,23.83 ,23.91 ,23.86 ,23.79 ,23.72 ,23.73 ,23.76 ,23.8 ,23.79 ,23.79 ,23.66 ,23.66 ,23.68 ,23.65 ,23.68 ,23.67 ,23.66 ,23.66 ,23.67 ,23.75 ,23.76 ,23.72 ,23.73 ,23.79 ,23.77 ,23.71 ,23.64 ,23.63 ,23.71 ,23.7 ,23.69 ,23.68 ,23.65 ,23.69 ,23.72 ,23.75 ,23.75 ,23.77 ,23.79 ,23.81 ,23.87 ,23.95 ,23.9 ,23.89 ,23.98 ,23.97 ,23.82 ,23.85 ,23.83 ,23.8 ,23.8 ,23.74 ,23.78 ,23.73 ,23.67 ,23.62 ,23.69 ,23.74 ,23.73 ,23.76 ,23.81 ,23.76 ,23.72 ,23.78 ,23.69 ,23.72 ,23.83 ,23.8 ,23.71 ,23.74 ,23.75 ,23.86 ,23.81 ,23.7 ,23.77 ,23.76 ,23.76 ,23.78 ,23.79 ,23.89 ,23.91 ,23.8 ,23.83 ,23.76 ,23.69 ,23.57 ,23.64 ,23.76 ,23.75 ,23.72 ,23.77 ,23.69 ,23.57 ,23.63 ,23.64 ,23.66 ,23.65 ,23.69 ,23.6 ,23.54 ,23.62 ,23.57 ,23.58 ,23.56 ,23.58 ,23.62 ,23.63 ,23.56 ,23.61 ,23.58 ,23.6 ,23.61 ,23.56 ,23.6 ,23.65 ,23.7 ,23.67 ,23.69 ,23.7 ,23.61 ,23.62 ,23.59 ,23.6 ,23.62 ,23.68 ,23.67 ,23.59 ,23.6 ,23.59 ,23.63 ,23.61 ,23.66 ,23.62 ,23.68 ,23.76 ,23.72 ,23.69 ,23.7 ,23.69 ,23.76 ,23.75 ,23.73 ,23.63 ,23.7 ,23.75 ,23.84 ,23.87 ,23.78 ,23.78 ,23.75 ,23.7 ,23.64 ,23.63 ,23.61 ,23.64 ,23.71 ,23.81 ,23.76 ,23.77 ,23.71 ,23.73 ,23.76 ,23.82 ,23.79 ,23.73 ,23.82 ,23.79 ,23.81 ,23.77 ,23.81 ,23.85 ,23.76 ,23.71 ,23.76 ,23.76 ,23.72 ,23.67 ,23.69 ,23.8 ,23.73 ,23.68 ,23.67 ,23.69 ,23.7 ,23.76 ,23.79 ,23.72 ,23.77 ,23.83 ,23.77 ,23.76 ,23.71 ,23.76 ,23.75 ,23.75 ,23.68 ,23.61 ,23.73 ,23.72 ,23.73 ,23.67 ,23.74 ,23.74 ,23.65 ,23.71 ,23.63 ,23.58 ,23.56 ,23.53 ,23.52 ,23.54 ,23.46 ,23.41 ,23.53 ,23.56 ,23.46 ,23.51 ,23.59 ,23.5 ,23.5 ,23.57 ,23.57 ,23.63 ,23.7 ,23.75 ,23.75 ,23.74 ,23.63 ,23.76 ,23.8 ,23.78 ,23.8 ,23.8 ,23.74 ,23.74 ,23.79 ,23.77 ,23.72 ,23.72 ,23.71 ,23.65 ,23.65 ,23.57 ,23.63 ,23.63 ,23.65 ,23.72 ,23.75 ,23.73 ,23.74 ,23.7 ,23.7 ,23.66 ,23.58 ,23.71 ,23.61 ,23.61 ,23.63 ,23.64 ,23.55 ,23.59 ,23.58 ,23.6 ,23.68 ,23.7 ,23.66 ,23.64 ,23.57 ,23.67 ,23.68 ,23.75 ,23.7 ,23.59 ,23.58 ,23.56 ,23.64 ,23.73 ,23.7 ,23.67 ,23.55 ,23.68 ,23.73 ,23.63 ,23.58 ,23.55 ,23.52 ,23.46 ,23.51 ,23.45 ,23.44 ,23.43 ,23.42 ,23.44 ,23.49 ,23.44 ,23.32 ,23.37 ,23.52 ,23.41 ,23.36 ,23.32 ,23.42 ,23.47 ,23.49 ,23.48 ,23.4 ,23.39 ,23.38 ,23.49 ,23.4 ,23.32 ,23.26 ,23.29 ,23.34 ,23.4 ,23.33 ,23.26 ,23.3 ,23.33 ,23.42 ,23.35 ,23.3 ,23.32 ,23.3 ,23.32 ,23.29 ,23.35 ,23.34 ,23.29 ,23.28 ,23.31 ,23.32 ,23.38 ,23.44 ,23.48 ,23.39 ,23.26 ,23.27 ,23.26 ,23.24 ,23.09 ,23.09 ,23.16 ,23.23 ,23.24 ,23.22 ,23.14 ,23.07 ,23.13 ,23.2 ,23.06 ,22.97 ,23.04 ,23.16 ,23.23 ,23.24 ,23.12 ,23.09 ,23.34 ,23.23 ,23.23 ,23.12 ,23.15 ,23.05 ,23.16 ,23.11 ,23.2 ,23.04 ,22.95 ,23.04 ,23.17 ,22.98 ,22.94 ,
131,23.4 ,23.42 ,23.48 ,23.56 ,23.49 ,23.37 ,23.38 ,23.32 ,23.21 ,23.19 ,23.11 ,23.02 ,23.03 ,22.93 ,22.92 ,23.02 ,22.95 ,23.13 ,23.21 ,23.22 ,23.28 ,23.37 ,23.55 ,23.5 ,23.37 ,23.48 ,23.5 ,23.44 ,23.41 ,23.44 ,23.39 ,23.26 ,23.2 ,23.17 ,23.25 ,23.4 ,23.48 ,23.57 ,23.56 ,23.51 ,23.56 ,23.57 ,23.52 ,23.5 ,23.53 ,23.56 ,23.63 ,23.61 ,23.55 ,23.52 ,23.52 ,23.52 ,23.58 ,23.49 ,23.48 ,23.57 ,23.64 ,23.62 ,23.58 ,23.57 ,23.52 ,23.54 ,23.56 ,23.52 ,23.51 ,23.52 ,23.54 ,23.57 ,23.47 ,23.51 ,23.54 ,23.52 ,23.55 ,23.52 ,23.47 ,23.5 ,23.58 ,23.61 ,23.56 ,23.59 ,23.63 ,23.64 ,23.59 ,23.6 ,23.65 ,23.62 ,23.65 ,23.63 ,23.5 ,23.52 ,23.59 ,23.51 ,23.55 ,23.52 ,23.44 ,23.45 ,23.42 ,23.34 ,23.39 ,23.45 ,23.41 ,23.4 ,23.45 ,23.55 ,23.6 ,23.64 ,23.65 ,23.63 ,23.7 ,23.69 ,23.64 ,23.68 ,23.65 ,23.64 ,23.56 ,23.68 ,23.74 ,23.7 ,23.7 ,23.64 ,23.71 ,23.67 ,23.64 ,23.7 ,23.66 ,23.69 ,23.82 ,23.78 ,23.73 ,23.64 ,23.7 ,23.86 ,23.8 ,23.66 ,23.68 ,23.74 ,23.74 ,23.72 ,23.75 ,23.73 ,23.75 ,23.68 ,23.77 ,23.79 ,23.82 ,23.83 ,23.8 ,23.76 ,23.78 ,23.79 ,23.73 ,23.68 ,23.75 ,23.78 ,23.79 ,23.83 ,23.75 ,23.73 ,23.78 ,23.85 ,23.77 ,23.79 ,23.84 ,23.87 ,23.81 ,23.77 ,23.79 ,23.87 ,23.78 ,23.72 ,23.78 ,23.75 ,23.64 ,23.63 ,23.54 ,23.4 ,23.3 ,23.27 ,23.33 ,23.31 ,23.39 ,23.56 ,23.55 ,23.39 ,23.54 ,23.56 ,23.54 ,23.5 ,23.48 ,23.42 ,23.44 ,23.52 ,23.54 ,23.53 ,23.56 ,23.58 ,23.54 ,23.55 ,23.55 ,23.51 ,23.52 ,23.54 ,23.48 ,23.49 ,23.55 ,23.67 ,23.54 ,23.45 ,23.47 ,23.54 ,23.6 ,23.56 ,23.55 ,23.54 ,23.6 ,23.6 ,23.69 ,23.71 ,23.79 ,23.78 ,23.8 ,23.88 ,23.82 ,23.77 ,23.77 ,23.82 ,23.8 ,23.81 ,23.81 ,23.85 ,23.83 ,23.84 ,23.84 ,23.96 ,23.85 ,23.86 ,23.91 ,23.85 ,23.69 ,23.68 ,23.75 ,23.82 ,23.71 ,23.54 ,23.64 ,23.69 ,23.67 ,23.69 ,23.76 ,23.71 ,23.71 ,23.65 ,23.69 ,23.77 ,23.81 ,23.77 ,23.72 ,23.77 ,23.78 ,23.77 ,23.74 ,23.78 ,23.83 ,23.81 ,23.84 ,23.75 ,23.76 ,23.71 ,23.82 ,23.81 ,23.73 ,23.69 ,23.66 ,23.74 ,23.72 ,23.77 ,23.75 ,23.71 ,23.6 ,23.64 ,23.66 ,23.65 ,23.67 ,23.64 ,23.54 ,23.56 ,23.67 ,23.72 ,23.66 ,23.63 ,23.65 ,23.73 ,23.65 ,23.58 ,23.65 ,23.75 ,23.74 ,23.73 ,23.66 ,23.66 ,23.65 ,23.63 ,23.64 ,23.72 ,23.75 ,23.71 ,23.65 ,23.68 ,23.8 ,23.8 ,23.86 ,24.05 ,23.97 ,23.88 ,23.88 ,23.86 ,23.81 ,23.73 ,23.74 ,23.76 ,23.71 ,23.65 ,23.64 ,23.63 ,23.73 ,23.79 ,23.79 ,23.82 ,23.74 ,23.72 ,23.81 ,23.77 ,23.82 ,23.85 ,23.78 ,23.73 ,23.71 ,23.72 ,23.72 ,23.8 ,23.72 ,23.71 ,23.83 ,23.85 ,23.8 ,23.79 ,23.88 ,23.91 ,23.83 ,23.82 ,23.82 ,23.76 ,23.66 ,23.62 ,23.78 ,23.72 ,23.64 ,23.62 ,23.7 ,23.7 ,23.71 ,23.64 ,23.64 ,23.69 ,23.72 ,23.62 ,23.5 ,23.58 ,23.6 ,23.48 ,23.54 ,23.57 ,23.55 ,23.61 ,23.54 ,23.57 ,23.58 ,23.71 ,23.62 ,23.5 ,23.57 ,23.65 ,23.58 ,23.65 ,23.58 ,23.57 ,23.57 ,23.6 ,23.58 ,23.51 ,23.52 ,23.57 ,23.63 ,23.51 ,23.5 ,23.54 ,23.67 ,23.67 ,23.66 ,23.6 ,23.74 ,23.76 ,23.75 ,23.72 ,23.73 ,23.72 ,23.79 ,23.87 ,23.83 ,23.76 ,23.74 ,23.75 ,23.77 ,23.87 ,23.79 ,23.73 ,23.69 ,23.64 ,23.63 ,23.59 ,23.61 ,23.71 ,23.84 ,23.84 ,23.78 ,23.75 ,23.76 ,23.72 ,23.79 ,23.81 ,23.75 ,23.79 ,23.83 ,23.73 ,23.77 ,23.8 ,23.79 ,23.84 ,23.84 ,23.76 ,23.79 ,23.8 ,23.71 ,23.72 ,23.69 ,23.77 ,23.76 ,23.69 ,23.67 ,23.72 ,23.67 ,23.77 ,23.82 ,23.73 ,23.74 ,23.76 ,23.77 ,23.71 ,23.61 ,23.68 ,23.8 ,23.77 ,23.65 ,23.65 ,23.7 ,23.78 ,23.74 ,23.71 ,23.68 ,23.77 ,23.73 ,23.69 ,23.58 ,23.62 ,23.6 ,23.53 ,23.46 ,23.53 ,23.5 ,23.41 ,23.48 ,23.5 ,23.42 ,23.52 ,23.45 ,23.47 ,23.47 ,23.45 ,23.52 ,23.62 ,23.75 ,23.79 ,23.75 ,23.74 ,23.61 ,23.68 ,23.79 ,23.73 ,23.82 ,23.79 ,23.69 ,23.63 ,23.79 ,23.81 ,23.79 ,23.69 ,23.64 ,23.63 ,23.62 ,23.58 ,23.5 ,23.61 ,23.72 ,23.77 ,23.82 ,23.74 ,23.63 ,23.58 ,23.67 ,23.68 ,23.6 ,23.66 ,23.74 ,23.68 ,23.65 ,23.61 ,23.65 ,23.56 ,23.55 ,23.55 ,23.59 ,23.69 ,23.62 ,23.59 ,23.52 ,23.62 ,23.62 ,23.67 ,23.62 ,23.58 ,23.61 ,23.59 ,23.58 ,23.68 ,23.71 ,23.63 ,23.5 ,23.56 ,23.64 ,23.6 ,23.56 ,23.63 ,23.48 ,23.43 ,23.48 ,23.53 ,23.41 ,23.35 ,23.34 ,23.4 ,23.36 ,23.43 ,23.34 ,23.26 ,23.36 ,23.3 ,23.31 ,23.38 ,23.39 ,23.45 ,23.48 ,23.44 ,23.39 ,23.44 ,23.36 ,23.43 ,23.38 ,23.27 ,23.26 ,23.34 ,23.32 ,23.35 ,23.3 ,23.28 ,23.3 ,23.34 ,23.39 ,23.34 ,23.25 ,23.32 ,23.35 ,23.31 ,23.34 ,23.29 ,23.24 ,23.27 ,23.28 ,23.23 ,23.34 ,23.28 ,23.25 ,23.38 ,23.28 ,23.22 ,23.23 ,23.26 ,23.23 ,23.13 ,23.16 ,23.23 ,23.19 ,23.22 ,23.25 ,23.21 ,23.11 ,23.2 ,23.19 ,23.14 ,23.11 ,23.08 ,23.05 ,23.19 ,23.2 ,23.1 ,23.11 ,23.11 ,23.13 ,23.1 ,23.05 ,23.08 ,23.07 ,23.08 ,23.11 ,23.19 ,23.14 ,22.97 ,23.06 ,23.04 ,23.01 ,22.9 ,
132,23.4 ,23.44 ,23.61 ,23.54 ,23.55 ,23.43 ,23.41 ,23.32 ,23.26 ,23.16 ,22.98 ,22.99 ,23.09 ,23.02 ,22.97 ,23.02 ,23.03 ,23.06 ,23.17 ,23.21 ,23.28 ,23.41 ,23.48 ,23.5 ,23.48 ,23.43 ,23.41 ,23.45 ,23.47 ,23.49 ,23.42 ,23.24 ,23.15 ,23.24 ,23.26 ,23.43 ,23.47 ,23.62 ,23.62 ,23.48 ,23.48 ,23.51 ,23.47 ,23.43 ,23.48 ,23.58 ,23.58 ,23.56 ,23.59 ,23.55 ,23.45 ,23.41 ,23.56 ,23.5 ,23.43 ,23.56 ,23.55 ,23.65 ,23.57 ,23.56 ,23.52 ,23.53 ,23.58 ,23.53 ,23.52 ,23.6 ,23.56 ,23.51 ,23.5 ,23.48 ,23.54 ,23.59 ,23.61 ,23.61 ,23.55 ,23.51 ,23.5 ,23.51 ,23.45 ,23.59 ,23.62 ,23.61 ,23.55 ,23.59 ,23.58 ,23.67 ,23.67 ,23.66 ,23.49 ,23.35 ,23.46 ,23.52 ,23.47 ,23.48 ,23.46 ,23.48 ,23.38 ,23.27 ,23.37 ,23.43 ,23.35 ,23.37 ,23.49 ,23.58 ,23.74 ,23.65 ,23.61 ,23.69 ,23.71 ,23.74 ,23.64 ,23.61 ,23.65 ,23.66 ,23.7 ,23.65 ,23.71 ,23.69 ,23.72 ,23.66 ,23.72 ,23.68 ,23.69 ,23.74 ,23.72 ,23.69 ,23.7 ,23.73 ,23.71 ,23.6 ,23.61 ,23.77 ,23.81 ,23.72 ,23.7 ,23.74 ,23.75 ,23.7 ,23.72 ,23.8 ,23.73 ,23.69 ,23.81 ,23.75 ,23.76 ,23.88 ,23.71 ,23.71 ,23.74 ,23.74 ,23.69 ,23.72 ,23.73 ,23.8 ,23.7 ,23.72 ,23.77 ,23.72 ,23.76 ,23.76 ,23.81 ,23.76 ,23.78 ,23.76 ,23.74 ,23.75 ,23.78 ,23.89 ,23.79 ,23.84 ,23.76 ,23.71 ,23.61 ,23.52 ,23.53 ,23.4 ,23.33 ,23.33 ,23.32 ,23.4 ,23.45 ,23.52 ,23.54 ,23.53 ,23.54 ,23.64 ,23.59 ,23.58 ,23.48 ,23.48 ,23.53 ,23.49 ,23.51 ,23.55 ,23.55 ,23.61 ,23.56 ,23.55 ,23.58 ,23.52 ,23.55 ,23.62 ,23.49 ,23.47 ,23.51 ,23.63 ,23.55 ,23.55 ,23.49 ,23.55 ,23.58 ,23.55 ,23.58 ,23.49 ,23.57 ,23.6 ,23.69 ,23.71 ,23.74 ,23.74 ,23.8 ,23.81 ,23.85 ,23.86 ,23.86 ,23.85 ,23.87 ,23.88 ,23.84 ,23.78 ,23.87 ,23.84 ,23.89 ,23.9 ,23.9 ,23.88 ,23.9 ,23.85 ,23.7 ,23.7 ,23.82 ,23.83 ,23.7 ,23.57 ,23.68 ,23.74 ,23.71 ,23.74 ,23.76 ,23.73 ,23.83 ,23.77 ,23.74 ,23.77 ,23.78 ,23.73 ,23.71 ,23.8 ,23.75 ,23.76 ,23.72 ,23.74 ,23.83 ,23.8 ,23.78 ,23.71 ,23.73 ,23.69 ,23.75 ,23.79 ,23.7 ,23.69 ,23.76 ,23.75 ,23.77 ,23.7 ,23.71 ,23.7 ,23.55 ,23.6 ,23.65 ,23.66 ,23.65 ,23.62 ,23.53 ,23.55 ,23.67 ,23.66 ,23.67 ,23.7 ,23.66 ,23.66 ,23.58 ,23.56 ,23.7 ,23.76 ,23.67 ,23.69 ,23.62 ,23.62 ,23.69 ,23.73 ,23.63 ,23.7 ,23.71 ,23.74 ,23.68 ,23.69 ,23.71 ,23.72 ,23.83 ,23.97 ,23.95 ,23.9 ,23.86 ,23.81 ,23.82 ,23.78 ,23.72 ,23.67 ,23.72 ,23.61 ,23.65 ,23.73 ,23.77 ,23.84 ,23.85 ,23.81 ,23.75 ,23.75 ,23.81 ,23.74 ,23.81 ,23.82 ,23.76 ,23.67 ,23.71 ,23.72 ,23.76 ,23.69 ,23.69 ,23.68 ,23.8 ,23.79 ,23.8 ,23.8 ,23.85 ,23.91 ,23.85 ,23.87 ,23.84 ,23.73 ,23.62 ,23.58 ,23.67 ,23.71 ,23.64 ,23.64 ,23.7 ,23.71 ,23.64 ,23.63 ,23.62 ,23.66 ,23.69 ,23.61 ,23.58 ,23.64 ,23.6 ,23.58 ,23.6 ,23.51 ,23.57 ,23.64 ,23.55 ,23.58 ,23.63 ,23.63 ,23.64 ,23.58 ,23.54 ,23.63 ,23.58 ,23.62 ,23.54 ,23.56 ,23.62 ,23.68 ,23.61 ,23.53 ,23.55 ,23.59 ,23.64 ,23.57 ,23.56 ,23.56 ,23.73 ,23.7 ,23.7 ,23.66 ,23.71 ,23.78 ,23.77 ,23.82 ,23.77 ,23.86 ,23.84 ,23.87 ,23.87 ,23.81 ,23.81 ,23.82 ,23.76 ,23.8 ,23.77 ,23.71 ,23.63 ,23.61 ,23.63 ,23.62 ,23.68 ,23.71 ,23.84 ,23.84 ,23.78 ,23.76 ,23.81 ,23.78 ,23.83 ,23.78 ,23.7 ,23.8 ,23.87 ,23.77 ,23.74 ,23.79 ,23.76 ,23.73 ,23.79 ,23.76 ,23.73 ,23.78 ,23.72 ,23.68 ,23.75 ,23.74 ,23.7 ,23.7 ,23.76 ,23.8 ,23.79 ,23.8 ,23.84 ,23.72 ,23.69 ,23.76 ,23.69 ,23.66 ,23.6 ,23.63 ,23.76 ,23.78 ,23.71 ,23.71 ,23.73 ,23.68 ,23.76 ,23.71 ,23.71 ,23.73 ,23.75 ,23.72 ,23.69 ,23.74 ,23.62 ,23.56 ,23.49 ,23.49 ,23.42 ,23.48 ,23.49 ,23.52 ,23.45 ,23.46 ,23.45 ,23.45 ,23.49 ,23.48 ,23.51 ,23.61 ,23.69 ,23.78 ,23.7 ,23.76 ,23.75 ,23.7 ,23.76 ,23.75 ,23.68 ,23.73 ,23.78 ,23.69 ,23.74 ,23.8 ,23.75 ,23.7 ,23.64 ,23.75 ,23.75 ,23.64 ,23.58 ,23.6 ,23.72 ,23.8 ,23.79 ,23.83 ,23.7 ,23.6 ,23.67 ,23.73 ,23.67 ,23.72 ,23.72 ,23.7 ,23.65 ,23.53 ,23.61 ,23.57 ,23.55 ,23.6 ,23.49 ,23.53 ,23.57 ,23.56 ,23.57 ,23.61 ,23.64 ,23.68 ,23.67 ,23.66 ,23.72 ,23.63 ,23.67 ,23.68 ,23.63 ,23.65 ,23.51 ,23.56 ,23.61 ,23.58 ,23.51 ,23.58 ,23.51 ,23.47 ,23.43 ,23.46 ,23.46 ,23.41 ,23.4 ,23.44 ,23.34 ,23.36 ,23.29 ,23.34 ,23.36 ,23.25 ,23.26 ,23.36 ,23.33 ,23.27 ,23.31 ,23.39 ,23.42 ,23.41 ,23.42 ,23.43 ,23.35 ,23.27 ,23.31 ,23.35 ,23.35 ,23.31 ,23.32 ,23.31 ,23.31 ,23.36 ,23.34 ,23.34 ,23.32 ,23.25 ,23.3 ,23.27 ,23.27 ,23.37 ,23.27 ,23.29 ,23.38 ,23.31 ,23.39 ,23.39 ,23.36 ,23.38 ,23.37 ,23.3 ,23.24 ,23.23 ,23.32 ,23.16 ,23.12 ,23.26 ,23.18 ,23.19 ,23.16 ,23.22 ,23.16 ,23.21 ,23.25 ,23.1 ,23.06 ,23.17 ,23 ,23.04 ,23.18 ,23.13 ,23.15 ,23.18 ,23.08 ,23.04 ,22.91 ,23 ,23.12 ,23.12 ,23.11 ,23.1 ,23.05 ,22.97 ,22.97 ,22.93 ,22.99 ,22.97 ,
133,23.42 ,23.41 ,23.51 ,23.49 ,23.43 ,23.41 ,23.35 ,23.28 ,23.17 ,23.11 ,22.91 ,22.92 ,23.07 ,23.1 ,23.04 ,23.12 ,23.11 ,23.12 ,23.16 ,23.22 ,23.34 ,23.5 ,23.54 ,23.55 ,23.52 ,23.41 ,23.46 ,23.54 ,23.48 ,23.47 ,23.42 ,23.3 ,23.24 ,23.21 ,23.31 ,23.47 ,23.54 ,23.59 ,23.67 ,23.51 ,23.48 ,23.56 ,23.56 ,23.5 ,23.43 ,23.58 ,23.56 ,23.54 ,23.58 ,23.52 ,23.44 ,23.46 ,23.53 ,23.51 ,23.49 ,23.49 ,23.49 ,23.61 ,23.51 ,23.47 ,23.48 ,23.58 ,23.56 ,23.57 ,23.61 ,23.62 ,23.61 ,23.5 ,23.53 ,23.58 ,23.5 ,23.51 ,23.58 ,23.67 ,23.59 ,23.54 ,23.58 ,23.56 ,23.53 ,23.56 ,23.55 ,23.52 ,23.46 ,23.55 ,23.6 ,23.62 ,23.64 ,23.68 ,23.63 ,23.47 ,23.45 ,23.46 ,23.48 ,23.46 ,23.37 ,23.49 ,23.45 ,23.33 ,23.39 ,23.38 ,23.38 ,23.48 ,23.53 ,23.58 ,23.73 ,23.68 ,23.66 ,23.69 ,23.71 ,23.7 ,23.67 ,23.69 ,23.68 ,23.67 ,23.72 ,23.68 ,23.74 ,23.72 ,23.74 ,23.69 ,23.72 ,23.67 ,23.62 ,23.72 ,23.73 ,23.79 ,23.75 ,23.72 ,23.72 ,23.63 ,23.66 ,23.79 ,23.76 ,23.7 ,23.71 ,23.8 ,23.77 ,23.75 ,23.67 ,23.87 ,23.74 ,23.71 ,23.78 ,23.77 ,23.75 ,23.86 ,23.73 ,23.68 ,23.78 ,23.79 ,23.79 ,23.74 ,23.67 ,23.71 ,23.72 ,23.72 ,23.77 ,23.76 ,23.78 ,23.73 ,23.8 ,23.8 ,23.77 ,23.69 ,23.76 ,23.8 ,23.82 ,23.89 ,23.78 ,23.87 ,23.8 ,23.62 ,23.55 ,23.48 ,23.53 ,23.48 ,23.42 ,23.37 ,23.38 ,23.41 ,23.46 ,23.53 ,23.55 ,23.55 ,23.6 ,23.6 ,23.59 ,23.55 ,23.54 ,23.52 ,23.58 ,23.48 ,23.49 ,23.5 ,23.61 ,23.61 ,23.58 ,23.54 ,23.56 ,23.59 ,23.6 ,23.55 ,23.5 ,23.43 ,23.48 ,23.57 ,23.51 ,23.55 ,23.53 ,23.56 ,23.63 ,23.6 ,23.63 ,23.59 ,23.58 ,23.64 ,23.77 ,23.78 ,23.71 ,23.73 ,23.75 ,23.71 ,23.79 ,23.8 ,23.92 ,23.91 ,23.97 ,23.9 ,23.79 ,23.78 ,23.82 ,23.79 ,23.87 ,23.89 ,23.9 ,23.92 ,23.93 ,23.79 ,23.77 ,23.73 ,23.77 ,23.8 ,23.78 ,23.74 ,23.72 ,23.72 ,23.69 ,23.72 ,23.76 ,23.75 ,23.82 ,23.81 ,23.78 ,23.76 ,23.76 ,23.7 ,23.75 ,23.75 ,23.71 ,23.74 ,23.81 ,23.73 ,23.74 ,23.76 ,23.69 ,23.66 ,23.69 ,23.69 ,23.7 ,23.76 ,23.7 ,23.73 ,23.77 ,23.78 ,23.74 ,23.69 ,23.66 ,23.65 ,23.6 ,23.6 ,23.67 ,23.7 ,23.68 ,23.64 ,23.62 ,23.64 ,23.7 ,23.66 ,23.66 ,23.69 ,23.68 ,23.62 ,23.56 ,23.56 ,23.65 ,23.7 ,23.75 ,23.75 ,23.64 ,23.57 ,23.67 ,23.71 ,23.64 ,23.69 ,23.7 ,23.72 ,23.69 ,23.7 ,23.67 ,23.66 ,23.78 ,23.88 ,23.85 ,23.86 ,23.79 ,23.79 ,23.83 ,23.86 ,23.83 ,23.76 ,23.71 ,23.61 ,23.66 ,23.85 ,23.79 ,23.81 ,23.82 ,23.82 ,23.85 ,23.8 ,23.8 ,23.78 ,23.74 ,23.81 ,23.81 ,23.74 ,23.73 ,23.82 ,23.81 ,23.8 ,23.78 ,23.72 ,23.8 ,23.82 ,23.86 ,23.93 ,23.85 ,23.87 ,23.84 ,23.79 ,23.84 ,23.69 ,23.61 ,23.6 ,23.69 ,23.7 ,23.6 ,23.7 ,23.83 ,23.76 ,23.65 ,23.63 ,23.62 ,23.57 ,23.63 ,23.66 ,23.59 ,23.64 ,23.68 ,23.61 ,23.62 ,23.62 ,23.6 ,23.71 ,23.58 ,23.56 ,23.62 ,23.62 ,23.6 ,23.6 ,23.57 ,23.61 ,23.55 ,23.62 ,23.66 ,23.59 ,23.59 ,23.61 ,23.63 ,23.62 ,23.59 ,23.61 ,23.55 ,23.63 ,23.66 ,23.61 ,23.65 ,23.68 ,23.61 ,23.62 ,23.64 ,23.74 ,23.83 ,23.88 ,23.83 ,23.81 ,23.85 ,23.82 ,23.88 ,23.82 ,23.8 ,23.8 ,23.81 ,23.78 ,23.68 ,23.69 ,23.65 ,23.69 ,23.74 ,23.75 ,23.75 ,23.76 ,23.8 ,23.74 ,23.79 ,23.77 ,23.78 ,23.71 ,23.78 ,23.8 ,23.74 ,23.83 ,23.86 ,23.77 ,23.81 ,23.79 ,23.77 ,23.74 ,23.71 ,23.7 ,23.72 ,23.84 ,23.8 ,23.66 ,23.68 ,23.8 ,23.71 ,23.71 ,23.72 ,23.71 ,23.77 ,23.78 ,23.83 ,23.81 ,23.71 ,23.78 ,23.73 ,23.75 ,23.72 ,23.71 ,23.71 ,23.78 ,23.74 ,23.76 ,23.69 ,23.59 ,23.75 ,23.72 ,23.61 ,23.69 ,23.67 ,23.76 ,23.78 ,23.75 ,23.64 ,23.61 ,23.57 ,23.54 ,23.54 ,23.52 ,23.58 ,23.5 ,23.55 ,23.54 ,23.48 ,23.41 ,23.51 ,23.47 ,23.49 ,23.58 ,23.65 ,23.75 ,23.72 ,23.76 ,23.75 ,23.79 ,23.76 ,23.73 ,23.71 ,23.75 ,23.82 ,23.78 ,23.8 ,23.81 ,23.76 ,23.64 ,23.68 ,23.84 ,23.83 ,23.71 ,23.66 ,23.61 ,23.62 ,23.79 ,23.72 ,23.75 ,23.77 ,23.63 ,23.56 ,23.68 ,23.74 ,23.68 ,23.63 ,23.72 ,23.69 ,23.57 ,23.5 ,23.56 ,23.66 ,23.71 ,23.59 ,23.56 ,23.55 ,23.62 ,23.6 ,23.64 ,23.67 ,23.62 ,23.66 ,23.71 ,23.65 ,23.58 ,23.7 ,23.71 ,23.69 ,23.59 ,23.59 ,23.66 ,23.73 ,23.64 ,23.64 ,23.53 ,23.6 ,23.5 ,23.45 ,23.39 ,23.44 ,23.48 ,23.48 ,23.48 ,23.43 ,23.4 ,23.23 ,23.32 ,23.43 ,23.33 ,23.35 ,23.37 ,23.33 ,23.28 ,23.34 ,23.36 ,23.47 ,23.47 ,23.4 ,23.37 ,23.32 ,23.28 ,23.29 ,23.36 ,23.36 ,23.31 ,23.36 ,23.35 ,23.29 ,23.43 ,23.42 ,23.42 ,23.4 ,23.35 ,23.31 ,23.36 ,23.43 ,23.41 ,23.35 ,23.35 ,23.43 ,23.42 ,23.37 ,23.42 ,23.4 ,23.39 ,23.34 ,23.27 ,23.29 ,23.24 ,23.38 ,23.21 ,23.24 ,23.37 ,23.29 ,23.17 ,23.16 ,23.2 ,23.26 ,23.26 ,23.2 ,23.04 ,22.93 ,23.05 ,23.08 ,23.09 ,23.21 ,23.25 ,23.29 ,23.3 ,23.19 ,23.05 ,22.98 ,23.11 ,23.12 ,23.2 ,23.11 ,23.06 ,22.99 ,22.94 ,22.97 ,22.91 ,22.95 ,22.95 ,
134,23.45 ,23.35 ,23.4 ,23.42 ,23.43 ,23.44 ,23.39 ,23.31 ,23.18 ,23.13 ,22.9 ,22.96 ,23.1 ,23.1 ,23.11 ,23.14 ,23.09 ,23.18 ,23.27 ,23.29 ,23.32 ,23.43 ,23.52 ,23.45 ,23.45 ,23.38 ,23.51 ,23.58 ,23.57 ,23.42 ,23.43 ,23.34 ,23.26 ,23.21 ,23.3 ,23.55 ,23.55 ,23.56 ,23.68 ,23.57 ,23.44 ,23.53 ,23.55 ,23.46 ,23.46 ,23.54 ,23.55 ,23.54 ,23.55 ,23.47 ,23.43 ,23.45 ,23.49 ,23.48 ,23.46 ,23.51 ,23.48 ,23.54 ,23.54 ,23.5 ,23.45 ,23.51 ,23.58 ,23.61 ,23.6 ,23.57 ,23.64 ,23.47 ,23.47 ,23.54 ,23.48 ,23.44 ,23.52 ,23.6 ,23.55 ,23.51 ,23.57 ,23.54 ,23.61 ,23.64 ,23.58 ,23.53 ,23.5 ,23.57 ,23.61 ,23.6 ,23.61 ,23.61 ,23.59 ,23.58 ,23.5 ,23.43 ,23.42 ,23.37 ,23.37 ,23.44 ,23.44 ,23.44 ,23.38 ,23.38 ,23.36 ,23.43 ,23.53 ,23.59 ,23.75 ,23.78 ,23.71 ,23.73 ,23.74 ,23.74 ,23.7 ,23.71 ,23.72 ,23.63 ,23.62 ,23.77 ,23.69 ,23.64 ,23.67 ,23.71 ,23.72 ,23.69 ,23.66 ,23.73 ,23.77 ,23.78 ,23.8 ,23.77 ,23.7 ,23.65 ,23.71 ,23.79 ,23.75 ,23.69 ,23.69 ,23.75 ,23.77 ,23.74 ,23.78 ,23.76 ,23.74 ,23.73 ,23.79 ,23.76 ,23.77 ,23.78 ,23.7 ,23.75 ,23.74 ,23.77 ,23.88 ,23.83 ,23.73 ,23.77 ,23.75 ,23.79 ,23.77 ,23.78 ,23.76 ,23.79 ,23.79 ,23.78 ,23.73 ,23.68 ,23.76 ,23.79 ,23.75 ,23.88 ,23.81 ,23.8 ,23.78 ,23.6 ,23.47 ,23.49 ,23.55 ,23.48 ,23.43 ,23.46 ,23.45 ,23.49 ,23.44 ,23.47 ,23.52 ,23.53 ,23.56 ,23.59 ,23.52 ,23.55 ,23.55 ,23.56 ,23.57 ,23.51 ,23.49 ,23.45 ,23.62 ,23.6 ,23.53 ,23.6 ,23.66 ,23.62 ,23.67 ,23.62 ,23.58 ,23.52 ,23.52 ,23.52 ,23.52 ,23.65 ,23.63 ,23.58 ,23.67 ,23.71 ,23.74 ,23.73 ,23.64 ,23.64 ,23.76 ,23.79 ,23.75 ,23.72 ,23.71 ,23.65 ,23.67 ,23.71 ,23.86 ,23.9 ,23.91 ,23.87 ,23.82 ,23.85 ,23.81 ,23.74 ,23.88 ,23.91 ,23.87 ,23.87 ,23.9 ,23.83 ,23.75 ,23.79 ,23.78 ,23.76 ,23.75 ,23.7 ,23.75 ,23.76 ,23.73 ,23.68 ,23.66 ,23.73 ,23.81 ,23.78 ,23.76 ,23.73 ,23.77 ,23.77 ,23.76 ,23.77 ,23.76 ,23.72 ,23.7 ,23.7 ,23.67 ,23.71 ,23.7 ,23.65 ,23.62 ,23.64 ,23.69 ,23.71 ,23.68 ,23.81 ,23.8 ,23.83 ,23.75 ,23.64 ,23.65 ,23.68 ,23.68 ,23.64 ,23.66 ,23.68 ,23.62 ,23.66 ,23.62 ,23.65 ,23.68 ,23.65 ,23.66 ,23.61 ,23.63 ,23.57 ,23.59 ,23.62 ,23.65 ,23.68 ,23.67 ,23.66 ,23.6 ,23.52 ,23.6 ,23.58 ,23.68 ,23.77 ,23.71 ,23.71 ,23.66 ,23.59 ,23.64 ,23.63 ,23.67 ,23.81 ,23.74 ,23.74 ,23.75 ,23.75 ,23.79 ,23.79 ,23.85 ,23.81 ,23.65 ,23.66 ,23.68 ,23.76 ,23.79 ,23.77 ,23.81 ,23.87 ,23.85 ,23.82 ,23.75 ,23.68 ,23.77 ,23.8 ,23.88 ,23.81 ,23.76 ,23.79 ,23.8 ,23.82 ,23.83 ,23.74 ,23.71 ,23.8 ,23.79 ,23.76 ,23.8 ,23.79 ,23.85 ,23.77 ,23.76 ,23.65 ,23.56 ,23.67 ,23.73 ,23.68 ,23.52 ,23.64 ,23.8 ,23.8 ,23.76 ,23.64 ,23.67 ,23.61 ,23.58 ,23.61 ,23.64 ,23.64 ,23.62 ,23.7 ,23.61 ,23.6 ,23.63 ,23.65 ,23.61 ,23.56 ,23.56 ,23.57 ,23.59 ,23.62 ,23.56 ,23.55 ,23.54 ,23.61 ,23.68 ,23.66 ,23.56 ,23.53 ,23.58 ,23.68 ,23.58 ,23.58 ,23.54 ,23.57 ,23.63 ,23.59 ,23.59 ,23.69 ,23.58 ,23.59 ,23.62 ,23.7 ,23.79 ,23.93 ,23.86 ,23.81 ,23.78 ,23.83 ,23.78 ,23.87 ,23.73 ,23.71 ,23.79 ,23.67 ,23.57 ,23.59 ,23.71 ,23.73 ,23.74 ,23.83 ,23.78 ,23.75 ,23.74 ,23.78 ,23.77 ,23.78 ,23.77 ,23.77 ,23.73 ,23.91 ,23.87 ,23.83 ,23.81 ,23.71 ,23.75 ,23.82 ,23.79 ,23.81 ,23.74 ,23.72 ,23.71 ,23.79 ,23.81 ,23.73 ,23.73 ,23.78 ,23.78 ,23.71 ,23.63 ,23.7 ,23.71 ,23.71 ,23.74 ,23.75 ,23.65 ,23.71 ,23.75 ,23.79 ,23.8 ,23.74 ,23.7 ,23.72 ,23.68 ,23.66 ,23.72 ,23.64 ,23.68 ,23.7 ,23.63 ,23.65 ,23.64 ,23.66 ,23.76 ,23.73 ,23.66 ,23.6 ,23.55 ,23.58 ,23.55 ,23.51 ,23.5 ,23.52 ,23.55 ,23.61 ,23.44 ,23.39 ,23.54 ,23.56 ,23.5 ,23.63 ,23.61 ,23.75 ,23.78 ,23.81 ,23.73 ,23.71 ,23.74 ,23.73 ,23.67 ,23.73 ,23.73 ,23.76 ,23.82 ,23.73 ,23.72 ,23.73 ,23.71 ,23.83 ,23.7 ,23.81 ,23.75 ,23.67 ,23.7 ,23.75 ,23.72 ,23.68 ,23.81 ,23.69 ,23.57 ,23.67 ,23.73 ,23.64 ,23.57 ,23.71 ,23.73 ,23.63 ,23.57 ,23.65 ,23.65 ,23.62 ,23.6 ,23.56 ,23.63 ,23.59 ,23.61 ,23.69 ,23.73 ,23.66 ,23.62 ,23.65 ,23.58 ,23.62 ,23.67 ,23.77 ,23.76 ,23.68 ,23.49 ,23.69 ,23.73 ,23.72 ,23.56 ,23.57 ,23.63 ,23.52 ,23.5 ,23.45 ,23.41 ,23.38 ,23.39 ,23.45 ,23.49 ,23.42 ,23.35 ,23.39 ,23.48 ,23.31 ,23.27 ,23.4 ,23.43 ,23.35 ,23.41 ,23.38 ,23.43 ,23.54 ,23.49 ,23.31 ,23.21 ,23.22 ,23.43 ,23.39 ,23.32 ,23.35 ,23.36 ,23.39 ,23.33 ,23.33 ,23.33 ,23.4 ,23.41 ,23.34 ,23.34 ,23.32 ,23.42 ,23.37 ,23.33 ,23.39 ,23.39 ,23.37 ,23.31 ,23.35 ,23.41 ,23.31 ,23.28 ,23.22 ,23.21 ,23.27 ,23.25 ,23.19 ,23.2 ,23.35 ,23.32 ,23.17 ,23.11 ,23.24 ,23.22 ,23.16 ,23.23 ,23.12 ,23.04 ,23.06 ,23.17 ,23.11 ,23.07 ,23.08 ,23.11 ,23.19 ,23.1 ,23.14 ,23.03 ,23.18 ,23.19 ,23.18 ,23.21 ,23.1 ,23.05 ,22.99 ,22.98 ,23.03 ,22.97 ,22.94 ,
135,23.42 ,23.36 ,23.41 ,23.41 ,23.39 ,23.42 ,23.39 ,23.31 ,23.21 ,23.05 ,22.88 ,22.95 ,23.16 ,23.05 ,23.08 ,23 ,23.06 ,23.23 ,23.3 ,23.25 ,23.37 ,23.4 ,23.49 ,23.48 ,23.44 ,23.49 ,23.44 ,23.43 ,23.55 ,23.46 ,23.47 ,23.37 ,23.28 ,23.27 ,23.34 ,23.52 ,23.56 ,23.57 ,23.63 ,23.6 ,23.57 ,23.53 ,23.52 ,23.49 ,23.56 ,23.58 ,23.49 ,23.5 ,23.55 ,23.44 ,23.46 ,23.42 ,23.52 ,23.44 ,23.51 ,23.6 ,23.58 ,23.54 ,23.55 ,23.52 ,23.47 ,23.49 ,23.52 ,23.54 ,23.58 ,23.48 ,23.59 ,23.54 ,23.43 ,23.5 ,23.51 ,23.48 ,23.58 ,23.6 ,23.56 ,23.52 ,23.6 ,23.49 ,23.56 ,23.59 ,23.63 ,23.56 ,23.5 ,23.47 ,23.66 ,23.63 ,23.64 ,23.55 ,23.52 ,23.53 ,23.49 ,23.43 ,23.4 ,23.41 ,23.43 ,23.46 ,23.32 ,23.38 ,23.38 ,23.39 ,23.43 ,23.41 ,23.51 ,23.64 ,23.74 ,23.68 ,23.67 ,23.61 ,23.7 ,23.79 ,23.73 ,23.65 ,23.6 ,23.58 ,23.59 ,23.65 ,23.67 ,23.59 ,23.67 ,23.61 ,23.67 ,23.67 ,23.63 ,23.76 ,23.69 ,23.68 ,23.84 ,23.81 ,23.75 ,23.7 ,23.73 ,23.77 ,23.72 ,23.76 ,23.72 ,23.65 ,23.75 ,23.79 ,23.82 ,23.76 ,23.71 ,23.76 ,23.8 ,23.8 ,23.82 ,23.87 ,23.83 ,23.83 ,23.86 ,23.85 ,23.81 ,23.83 ,23.81 ,23.81 ,23.77 ,23.79 ,23.8 ,23.82 ,23.8 ,23.8 ,23.85 ,23.8 ,23.78 ,23.76 ,23.78 ,23.78 ,23.76 ,23.82 ,23.76 ,23.77 ,23.78 ,23.63 ,23.54 ,23.53 ,23.54 ,23.51 ,23.49 ,23.42 ,23.43 ,23.47 ,23.46 ,23.48 ,23.47 ,23.49 ,23.58 ,23.55 ,23.61 ,23.54 ,23.61 ,23.53 ,23.51 ,23.57 ,23.55 ,23.46 ,23.52 ,23.59 ,23.46 ,23.53 ,23.7 ,23.65 ,23.66 ,23.65 ,23.62 ,23.57 ,23.51 ,23.5 ,23.54 ,23.6 ,23.6 ,23.64 ,23.71 ,23.79 ,23.84 ,23.77 ,23.69 ,23.63 ,23.78 ,23.78 ,23.78 ,23.69 ,23.72 ,23.74 ,23.73 ,23.7 ,23.75 ,23.84 ,23.91 ,23.84 ,23.77 ,23.84 ,23.82 ,23.8 ,23.91 ,23.89 ,23.86 ,23.86 ,23.91 ,23.91 ,23.77 ,23.76 ,23.8 ,23.8 ,23.77 ,23.71 ,23.78 ,23.82 ,23.83 ,23.82 ,23.74 ,23.74 ,23.78 ,23.74 ,23.71 ,23.76 ,23.78 ,23.78 ,23.8 ,23.81 ,23.71 ,23.65 ,23.66 ,23.61 ,23.6 ,23.66 ,23.68 ,23.64 ,23.63 ,23.62 ,23.63 ,23.67 ,23.66 ,23.75 ,23.79 ,23.83 ,23.68 ,23.62 ,23.59 ,23.66 ,23.75 ,23.71 ,23.61 ,23.59 ,23.62 ,23.62 ,23.68 ,23.62 ,23.63 ,23.59 ,23.62 ,23.64 ,23.65 ,23.65 ,23.52 ,23.55 ,23.65 ,23.69 ,23.63 ,23.62 ,23.6 ,23.64 ,23.63 ,23.58 ,23.62 ,23.74 ,23.68 ,23.65 ,23.68 ,23.63 ,23.66 ,23.63 ,23.7 ,23.74 ,23.7 ,23.69 ,23.71 ,23.74 ,23.68 ,23.69 ,23.75 ,23.78 ,23.64 ,23.64 ,23.74 ,23.79 ,23.78 ,23.79 ,23.87 ,23.87 ,23.82 ,23.75 ,23.74 ,23.74 ,23.75 ,23.82 ,23.88 ,23.81 ,23.76 ,23.73 ,23.7 ,23.74 ,23.71 ,23.7 ,23.71 ,23.8 ,23.8 ,23.71 ,23.75 ,23.76 ,23.72 ,23.64 ,23.67 ,23.64 ,23.56 ,23.6 ,23.64 ,23.61 ,23.58 ,23.69 ,23.76 ,23.73 ,23.78 ,23.75 ,23.71 ,23.58 ,23.62 ,23.56 ,23.49 ,23.63 ,23.58 ,23.65 ,23.69 ,23.63 ,23.6 ,23.69 ,23.62 ,23.6 ,23.58 ,23.67 ,23.62 ,23.62 ,23.67 ,23.58 ,23.59 ,23.56 ,23.62 ,23.61 ,23.6 ,23.58 ,23.59 ,23.62 ,23.64 ,23.58 ,23.58 ,23.61 ,23.62 ,23.63 ,23.61 ,23.67 ,23.57 ,23.61 ,23.62 ,23.73 ,23.73 ,23.8 ,23.84 ,23.84 ,23.8 ,23.77 ,23.79 ,23.73 ,23.68 ,23.6 ,23.67 ,23.66 ,23.66 ,23.66 ,23.82 ,23.81 ,23.71 ,23.82 ,23.79 ,23.86 ,23.85 ,23.8 ,23.81 ,23.8 ,23.83 ,23.79 ,23.83 ,23.86 ,23.82 ,23.82 ,23.89 ,23.81 ,23.74 ,23.76 ,23.75 ,23.83 ,23.75 ,23.75 ,23.76 ,23.85 ,23.83 ,23.82 ,23.84 ,23.83 ,23.74 ,23.73 ,23.64 ,23.69 ,23.75 ,23.77 ,23.71 ,23.73 ,23.65 ,23.69 ,23.69 ,23.76 ,23.75 ,23.78 ,23.81 ,23.76 ,23.67 ,23.66 ,23.73 ,23.69 ,23.68 ,23.68 ,23.69 ,23.59 ,23.66 ,23.69 ,23.79 ,23.83 ,23.68 ,23.58 ,23.52 ,23.56 ,23.56 ,23.48 ,23.49 ,23.54 ,23.57 ,23.58 ,23.53 ,23.47 ,23.56 ,23.59 ,23.56 ,23.6 ,23.65 ,23.7 ,23.78 ,23.86 ,23.77 ,23.71 ,23.76 ,23.79 ,23.71 ,23.75 ,23.72 ,23.71 ,23.79 ,23.67 ,23.74 ,23.81 ,23.7 ,23.78 ,23.74 ,23.78 ,23.74 ,23.61 ,23.69 ,23.79 ,23.75 ,23.79 ,23.77 ,23.66 ,23.61 ,23.66 ,23.7 ,23.67 ,23.72 ,23.73 ,23.68 ,23.58 ,23.6 ,23.65 ,23.68 ,23.66 ,23.61 ,23.64 ,23.57 ,23.54 ,23.52 ,23.58 ,23.78 ,23.77 ,23.64 ,23.64 ,23.68 ,23.6 ,23.63 ,23.7 ,23.74 ,23.64 ,23.56 ,23.74 ,23.8 ,23.79 ,23.57 ,23.5 ,23.58 ,23.54 ,23.51 ,23.56 ,23.41 ,23.47 ,23.37 ,23.38 ,23.41 ,23.41 ,23.33 ,23.39 ,23.45 ,23.33 ,23.31 ,23.38 ,23.38 ,23.45 ,23.39 ,23.41 ,23.35 ,23.5 ,23.47 ,23.41 ,23.33 ,23.32 ,23.37 ,23.33 ,23.24 ,23.27 ,23.4 ,23.33 ,23.4 ,23.36 ,23.38 ,23.38 ,23.37 ,23.31 ,23.35 ,23.36 ,23.38 ,23.44 ,23.3 ,23.36 ,23.35 ,23.3 ,23.35 ,23.31 ,23.39 ,23.38 ,23.36 ,23.22 ,23.23 ,23.26 ,23.27 ,23.19 ,23.22 ,23.25 ,23.29 ,23.19 ,23.13 ,23.2 ,23.14 ,23.18 ,23.17 ,23.15 ,23.07 ,23.04 ,23.15 ,23.18 ,23.17 ,23.07 ,23.13 ,23.03 ,23.07 ,23.23 ,23.09 ,23.08 ,23.18 ,23.16 ,23.21 ,23.17 ,23.12 ,23.01 ,23.02 ,23.07 ,23.02 ,22.93 ,
136,23.35 ,23.38 ,23.4 ,23.42 ,23.39 ,23.35 ,23.38 ,23.18 ,23.13 ,23.03 ,22.97 ,23 ,23.05 ,23.09 ,23.1 ,23.03 ,23.03 ,23.22 ,23.31 ,23.37 ,23.34 ,23.45 ,23.51 ,23.53 ,23.47 ,23.5 ,23.5 ,23.5 ,23.53 ,23.48 ,23.47 ,23.38 ,23.27 ,23.36 ,23.39 ,23.48 ,23.56 ,23.6 ,23.66 ,23.68 ,23.6 ,23.58 ,23.5 ,23.48 ,23.54 ,23.61 ,23.62 ,23.52 ,23.52 ,23.46 ,23.42 ,23.48 ,23.47 ,23.5 ,23.48 ,23.64 ,23.64 ,23.53 ,23.56 ,23.59 ,23.53 ,23.52 ,23.57 ,23.54 ,23.54 ,23.47 ,23.55 ,23.52 ,23.51 ,23.48 ,23.58 ,23.61 ,23.66 ,23.6 ,23.56 ,23.58 ,23.58 ,23.47 ,23.58 ,23.6 ,23.56 ,23.48 ,23.52 ,23.57 ,23.62 ,23.53 ,23.61 ,23.59 ,23.57 ,23.49 ,23.46 ,23.44 ,23.38 ,23.47 ,23.45 ,23.53 ,23.36 ,23.32 ,23.43 ,23.41 ,23.48 ,23.45 ,23.56 ,23.66 ,23.69 ,23.64 ,23.65 ,23.57 ,23.62 ,23.69 ,23.65 ,23.65 ,23.59 ,23.58 ,23.6 ,23.64 ,23.65 ,23.64 ,23.68 ,23.69 ,23.65 ,23.68 ,23.63 ,23.71 ,23.68 ,23.6 ,23.85 ,23.83 ,23.78 ,23.64 ,23.64 ,23.74 ,23.68 ,23.74 ,23.77 ,23.71 ,23.78 ,23.85 ,23.76 ,23.79 ,23.79 ,23.75 ,23.8 ,23.77 ,23.72 ,23.82 ,23.81 ,23.78 ,23.81 ,23.83 ,23.75 ,23.76 ,23.84 ,23.8 ,23.73 ,23.73 ,23.8 ,23.91 ,23.84 ,23.82 ,23.79 ,23.77 ,23.79 ,23.81 ,23.86 ,23.85 ,23.79 ,23.78 ,23.73 ,23.78 ,23.75 ,23.63 ,23.53 ,23.53 ,23.59 ,23.46 ,23.54 ,23.51 ,23.46 ,23.45 ,23.48 ,23.5 ,23.46 ,23.41 ,23.61 ,23.58 ,23.58 ,23.52 ,23.56 ,23.55 ,23.53 ,23.57 ,23.56 ,23.5 ,23.5 ,23.49 ,23.48 ,23.53 ,23.58 ,23.66 ,23.7 ,23.69 ,23.59 ,23.54 ,23.58 ,23.52 ,23.54 ,23.63 ,23.6 ,23.6 ,23.73 ,23.69 ,23.73 ,23.77 ,23.72 ,23.67 ,23.67 ,23.7 ,23.77 ,23.7 ,23.69 ,23.77 ,23.77 ,23.78 ,23.76 ,23.81 ,23.81 ,23.81 ,23.75 ,23.73 ,23.77 ,23.79 ,23.91 ,23.9 ,23.84 ,23.86 ,23.93 ,23.88 ,23.79 ,23.82 ,23.81 ,23.83 ,23.75 ,23.68 ,23.74 ,23.82 ,23.89 ,23.81 ,23.83 ,23.82 ,23.77 ,23.72 ,23.76 ,23.83 ,23.85 ,23.83 ,23.89 ,23.81 ,23.69 ,23.58 ,23.58 ,23.62 ,23.68 ,23.62 ,23.6 ,23.66 ,23.62 ,23.61 ,23.58 ,23.62 ,23.66 ,23.7 ,23.67 ,23.67 ,23.63 ,23.59 ,23.6 ,23.68 ,23.69 ,23.68 ,23.65 ,23.65 ,23.59 ,23.63 ,23.71 ,23.64 ,23.59 ,23.59 ,23.58 ,23.61 ,23.64 ,23.65 ,23.49 ,23.59 ,23.72 ,23.69 ,23.61 ,23.62 ,23.57 ,23.65 ,23.69 ,23.62 ,23.66 ,23.69 ,23.61 ,23.63 ,23.72 ,23.66 ,23.66 ,23.66 ,23.69 ,23.69 ,23.67 ,23.69 ,23.67 ,23.62 ,23.67 ,23.66 ,23.7 ,23.73 ,23.67 ,23.52 ,23.69 ,23.81 ,23.77 ,23.8 ,23.79 ,23.73 ,23.8 ,23.78 ,23.77 ,23.74 ,23.78 ,23.83 ,23.91 ,23.82 ,23.77 ,23.72 ,23.71 ,23.73 ,23.73 ,23.7 ,23.72 ,23.8 ,23.73 ,23.7 ,23.7 ,23.72 ,23.71 ,23.68 ,23.63 ,23.68 ,23.63 ,23.55 ,23.53 ,23.58 ,23.64 ,23.72 ,23.82 ,23.79 ,23.78 ,23.84 ,23.73 ,23.6 ,23.69 ,23.59 ,23.52 ,23.56 ,23.6 ,23.62 ,23.73 ,23.72 ,23.64 ,23.61 ,23.6 ,23.58 ,23.6 ,23.66 ,23.62 ,23.55 ,23.6 ,23.6 ,23.66 ,23.66 ,23.63 ,23.6 ,23.59 ,23.68 ,23.59 ,23.54 ,23.56 ,23.61 ,23.61 ,23.65 ,23.65 ,23.63 ,23.62 ,23.58 ,23.56 ,23.6 ,23.63 ,23.68 ,23.71 ,23.74 ,23.77 ,23.76 ,23.73 ,23.67 ,23.8 ,23.78 ,23.74 ,23.69 ,23.7 ,23.69 ,23.74 ,23.73 ,23.84 ,23.84 ,23.8 ,23.83 ,23.85 ,23.83 ,23.85 ,23.82 ,23.78 ,23.89 ,23.86 ,23.75 ,23.8 ,23.81 ,23.75 ,23.76 ,23.87 ,23.82 ,23.75 ,23.79 ,23.78 ,23.79 ,23.76 ,23.73 ,23.78 ,23.85 ,23.87 ,23.76 ,23.81 ,23.79 ,23.67 ,23.67 ,23.7 ,23.65 ,23.67 ,23.72 ,23.7 ,23.72 ,23.68 ,23.75 ,23.68 ,23.65 ,23.72 ,23.76 ,23.82 ,23.78 ,23.71 ,23.73 ,23.68 ,23.73 ,23.72 ,23.75 ,23.69 ,23.72 ,23.73 ,23.73 ,23.73 ,23.8 ,23.68 ,23.56 ,23.55 ,23.57 ,23.46 ,23.46 ,23.52 ,23.56 ,23.5 ,23.48 ,23.48 ,23.53 ,23.55 ,23.49 ,23.52 ,23.61 ,23.67 ,23.76 ,23.77 ,23.83 ,23.75 ,23.69 ,23.81 ,23.78 ,23.64 ,23.68 ,23.72 ,23.7 ,23.76 ,23.68 ,23.69 ,23.77 ,23.71 ,23.73 ,23.79 ,23.83 ,23.77 ,23.67 ,23.68 ,23.71 ,23.77 ,23.74 ,23.67 ,23.64 ,23.65 ,23.65 ,23.65 ,23.64 ,23.69 ,23.71 ,23.67 ,23.61 ,23.6 ,23.59 ,23.63 ,23.69 ,23.59 ,23.64 ,23.62 ,23.6 ,23.63 ,23.64 ,23.68 ,23.7 ,23.6 ,23.53 ,23.66 ,23.6 ,23.6 ,23.59 ,23.56 ,23.62 ,23.56 ,23.7 ,23.8 ,23.69 ,23.57 ,23.53 ,23.58 ,23.56 ,23.58 ,23.61 ,23.57 ,23.46 ,23.42 ,23.34 ,23.39 ,23.41 ,23.4 ,23.4 ,23.36 ,23.3 ,23.44 ,23.42 ,23.45 ,23.5 ,23.39 ,23.38 ,23.4 ,23.37 ,23.41 ,23.4 ,23.35 ,23.35 ,23.41 ,23.35 ,23.24 ,23.22 ,23.37 ,23.44 ,23.32 ,23.28 ,23.41 ,23.35 ,23.38 ,23.27 ,23.32 ,23.42 ,23.48 ,23.42 ,23.35 ,23.4 ,23.41 ,23.24 ,23.32 ,23.3 ,23.39 ,23.44 ,23.4 ,23.33 ,23.23 ,23.22 ,23.31 ,23.25 ,23.22 ,23.28 ,23.33 ,23.27 ,23.16 ,23.16 ,23.09 ,23.23 ,23.29 ,23.18 ,23.09 ,23.14 ,23.15 ,23.13 ,23.26 ,23.21 ,23.1 ,23.11 ,23.03 ,23.22 ,23.19 ,23.09 ,23.09 ,23.07 ,23.13 ,23.09 ,23.08 ,23.03 ,22.99 ,23.02 ,22.97 ,23.01 ,
137,23.4 ,23.35 ,23.4 ,23.41 ,23.4 ,23.37 ,23.36 ,23.22 ,23.13 ,23 ,23.05 ,23.04 ,23.07 ,23.05 ,23.09 ,23.11 ,23.13 ,23.2 ,23.25 ,23.3 ,23.34 ,23.44 ,23.52 ,23.45 ,23.5 ,23.53 ,23.55 ,23.52 ,23.48 ,23.45 ,23.48 ,23.36 ,23.31 ,23.3 ,23.42 ,23.49 ,23.6 ,23.6 ,23.59 ,23.67 ,23.64 ,23.58 ,23.52 ,23.51 ,23.53 ,23.54 ,23.72 ,23.67 ,23.65 ,23.56 ,23.49 ,23.51 ,23.51 ,23.54 ,23.52 ,23.52 ,23.51 ,23.47 ,23.45 ,23.51 ,23.52 ,23.56 ,23.54 ,23.5 ,23.55 ,23.51 ,23.57 ,23.58 ,23.52 ,23.56 ,23.56 ,23.59 ,23.54 ,23.5 ,23.64 ,23.7 ,23.61 ,23.47 ,23.54 ,23.61 ,23.53 ,23.5 ,23.55 ,23.71 ,23.65 ,23.59 ,23.55 ,23.61 ,23.58 ,23.44 ,23.4 ,23.41 ,23.36 ,23.43 ,23.45 ,23.51 ,23.38 ,23.37 ,23.39 ,23.48 ,23.5 ,23.52 ,23.53 ,23.54 ,23.66 ,23.63 ,23.71 ,23.64 ,23.65 ,23.66 ,23.59 ,23.67 ,23.67 ,23.62 ,23.62 ,23.76 ,23.77 ,23.67 ,23.66 ,23.72 ,23.71 ,23.62 ,23.73 ,23.8 ,23.73 ,23.76 ,23.82 ,23.87 ,23.76 ,23.67 ,23.64 ,23.74 ,23.65 ,23.69 ,23.81 ,23.81 ,23.84 ,23.81 ,23.79 ,23.84 ,23.74 ,23.74 ,23.78 ,23.69 ,23.72 ,23.75 ,23.72 ,23.68 ,23.75 ,23.78 ,23.78 ,23.75 ,23.79 ,23.81 ,23.76 ,23.7 ,23.8 ,23.86 ,23.88 ,23.9 ,23.84 ,23.79 ,23.79 ,23.82 ,23.88 ,23.81 ,23.81 ,23.83 ,23.78 ,23.72 ,23.65 ,23.56 ,23.51 ,23.49 ,23.56 ,23.54 ,23.51 ,23.47 ,23.46 ,23.47 ,23.46 ,23.48 ,23.46 ,23.46 ,23.59 ,23.61 ,23.58 ,23.56 ,23.54 ,23.59 ,23.59 ,23.55 ,23.55 ,23.5 ,23.56 ,23.58 ,23.47 ,23.53 ,23.56 ,23.53 ,23.59 ,23.64 ,23.58 ,23.59 ,23.62 ,23.64 ,23.73 ,23.71 ,23.71 ,23.71 ,23.67 ,23.73 ,23.7 ,23.7 ,23.7 ,23.74 ,23.72 ,23.7 ,23.71 ,23.78 ,23.74 ,23.76 ,23.77 ,23.76 ,23.85 ,23.82 ,23.76 ,23.79 ,23.82 ,23.79 ,23.77 ,23.75 ,23.86 ,23.92 ,23.9 ,23.82 ,23.85 ,23.86 ,23.84 ,23.84 ,23.78 ,23.78 ,23.75 ,23.73 ,23.74 ,23.79 ,23.84 ,23.79 ,23.79 ,23.81 ,23.83 ,23.76 ,23.72 ,23.77 ,23.81 ,23.83 ,23.77 ,23.74 ,23.71 ,23.63 ,23.5 ,23.58 ,23.62 ,23.64 ,23.58 ,23.58 ,23.57 ,23.59 ,23.63 ,23.63 ,23.61 ,23.62 ,23.61 ,23.63 ,23.67 ,23.6 ,23.57 ,23.63 ,23.64 ,23.65 ,23.65 ,23.67 ,23.64 ,23.64 ,23.64 ,23.63 ,23.54 ,23.52 ,23.59 ,23.58 ,23.55 ,23.57 ,23.53 ,23.65 ,23.7 ,23.68 ,23.65 ,23.6 ,23.58 ,23.59 ,23.65 ,23.63 ,23.65 ,23.73 ,23.69 ,23.68 ,23.73 ,23.74 ,23.7 ,23.68 ,23.72 ,23.69 ,23.66 ,23.72 ,23.64 ,23.58 ,23.62 ,23.65 ,23.78 ,23.72 ,23.63 ,23.5 ,23.59 ,23.75 ,23.77 ,23.76 ,23.76 ,23.73 ,23.73 ,23.77 ,23.83 ,23.82 ,23.85 ,23.83 ,23.79 ,23.84 ,23.74 ,23.69 ,23.7 ,23.77 ,23.81 ,23.71 ,23.67 ,23.79 ,23.7 ,23.64 ,23.7 ,23.7 ,23.76 ,23.76 ,23.64 ,23.57 ,23.63 ,23.6 ,23.53 ,23.56 ,23.71 ,23.72 ,23.72 ,23.83 ,23.84 ,23.84 ,23.81 ,23.66 ,23.71 ,23.69 ,23.64 ,23.61 ,23.63 ,23.58 ,23.55 ,23.68 ,23.72 ,23.65 ,23.6 ,23.55 ,23.58 ,23.61 ,23.63 ,23.58 ,23.55 ,23.58 ,23.6 ,23.64 ,23.66 ,23.6 ,23.61 ,23.7 ,23.67 ,23.57 ,23.58 ,23.64 ,23.65 ,23.6 ,23.67 ,23.68 ,23.65 ,23.61 ,23.58 ,23.6 ,23.63 ,23.67 ,23.71 ,23.79 ,23.82 ,23.77 ,23.73 ,23.74 ,23.78 ,23.78 ,23.81 ,23.71 ,23.69 ,23.75 ,23.78 ,23.77 ,23.79 ,23.82 ,23.85 ,23.85 ,23.82 ,23.79 ,23.8 ,23.83 ,23.75 ,23.87 ,23.85 ,23.82 ,23.75 ,23.75 ,23.73 ,23.74 ,23.74 ,23.69 ,23.77 ,23.8 ,23.83 ,23.73 ,23.7 ,23.74 ,23.73 ,23.8 ,23.82 ,23.72 ,23.75 ,23.85 ,23.78 ,23.74 ,23.69 ,23.7 ,23.69 ,23.72 ,23.75 ,23.72 ,23.65 ,23.74 ,23.74 ,23.66 ,23.7 ,23.78 ,23.8 ,23.76 ,23.74 ,23.73 ,23.73 ,23.71 ,23.75 ,23.77 ,23.73 ,23.74 ,23.76 ,23.71 ,23.67 ,23.74 ,23.69 ,23.54 ,23.6 ,23.66 ,23.49 ,23.43 ,23.54 ,23.59 ,23.46 ,23.43 ,23.53 ,23.53 ,23.56 ,23.47 ,23.45 ,23.66 ,23.64 ,23.62 ,23.68 ,23.7 ,23.65 ,23.67 ,23.75 ,23.71 ,23.67 ,23.73 ,23.74 ,23.68 ,23.76 ,23.66 ,23.76 ,23.74 ,23.72 ,23.8 ,23.79 ,23.68 ,23.7 ,23.69 ,23.66 ,23.7 ,23.76 ,23.77 ,23.61 ,23.61 ,23.63 ,23.63 ,23.58 ,23.65 ,23.65 ,23.69 ,23.65 ,23.58 ,23.57 ,23.61 ,23.55 ,23.69 ,23.61 ,23.6 ,23.56 ,23.66 ,23.7 ,23.62 ,23.61 ,23.61 ,23.59 ,23.56 ,23.68 ,23.68 ,23.7 ,23.67 ,23.66 ,23.59 ,23.56 ,23.66 ,23.71 ,23.63 ,23.53 ,23.53 ,23.58 ,23.52 ,23.5 ,23.49 ,23.48 ,23.35 ,23.33 ,23.4 ,23.32 ,23.31 ,23.39 ,23.43 ,23.36 ,23.26 ,23.44 ,23.46 ,23.47 ,23.43 ,23.39 ,23.36 ,23.43 ,23.39 ,23.33 ,23.43 ,23.3 ,23.29 ,23.39 ,23.4 ,23.23 ,23.29 ,23.33 ,23.4 ,23.32 ,23.37 ,23.42 ,23.36 ,23.34 ,23.34 ,23.27 ,23.3 ,23.44 ,23.42 ,23.4 ,23.41 ,23.44 ,23.27 ,23.25 ,23.31 ,23.4 ,23.34 ,23.33 ,23.38 ,23.34 ,23.37 ,23.28 ,23.24 ,23.27 ,23.25 ,23.25 ,23.17 ,23.19 ,23.26 ,23.14 ,23.12 ,23.2 ,23.11 ,23.09 ,23.2 ,23.11 ,23.11 ,23.21 ,23.23 ,23.16 ,23.17 ,23.06 ,23.12 ,23.17 ,23.17 ,23.11 ,23.13 ,23.17 ,23.09 ,23.06 ,23.07 ,23.06 ,23.07 ,23 ,22.98 ,
138,23.35 ,23.3 ,23.32 ,23.38 ,23.27 ,23.27 ,23.38 ,23.24 ,23.15 ,22.98 ,22.97 ,23.07 ,23.09 ,23.04 ,23.07 ,23.04 ,23.11 ,23.22 ,23.29 ,23.31 ,23.35 ,23.47 ,23.51 ,23.44 ,23.41 ,23.59 ,23.55 ,23.46 ,23.44 ,23.49 ,23.47 ,23.4 ,23.33 ,23.33 ,23.39 ,23.57 ,23.64 ,23.57 ,23.5 ,23.46 ,23.51 ,23.53 ,23.56 ,23.54 ,23.47 ,23.51 ,23.62 ,23.68 ,23.6 ,23.53 ,23.49 ,23.51 ,23.58 ,23.59 ,23.53 ,23.49 ,23.41 ,23.52 ,23.54 ,23.57 ,23.5 ,23.56 ,23.58 ,23.49 ,23.55 ,23.5 ,23.61 ,23.64 ,23.5 ,23.61 ,23.65 ,23.6 ,23.59 ,23.6 ,23.71 ,23.81 ,23.68 ,23.52 ,23.54 ,23.54 ,23.51 ,23.52 ,23.53 ,23.58 ,23.58 ,23.51 ,23.57 ,23.57 ,23.53 ,23.43 ,23.38 ,23.44 ,23.48 ,23.43 ,23.33 ,23.45 ,23.37 ,23.33 ,23.44 ,23.53 ,23.56 ,23.54 ,23.55 ,23.57 ,23.66 ,23.6 ,23.59 ,23.66 ,23.68 ,23.66 ,23.62 ,23.65 ,23.74 ,23.67 ,23.7 ,23.75 ,23.77 ,23.64 ,23.68 ,23.73 ,23.79 ,23.67 ,23.67 ,23.78 ,23.73 ,23.78 ,23.83 ,23.85 ,23.82 ,23.66 ,23.65 ,23.78 ,23.74 ,23.74 ,23.78 ,23.77 ,23.77 ,23.75 ,23.8 ,23.86 ,23.76 ,23.7 ,23.8 ,23.79 ,23.76 ,23.76 ,23.71 ,23.7 ,23.74 ,23.88 ,23.79 ,23.76 ,23.81 ,23.89 ,23.8 ,23.73 ,23.72 ,23.73 ,23.76 ,23.87 ,23.82 ,23.77 ,23.79 ,23.78 ,23.86 ,23.81 ,23.81 ,23.85 ,23.73 ,23.72 ,23.64 ,23.5 ,23.5 ,23.5 ,23.5 ,23.6 ,23.53 ,23.42 ,23.41 ,23.44 ,23.47 ,23.46 ,23.46 ,23.39 ,23.48 ,23.56 ,23.6 ,23.52 ,23.51 ,23.54 ,23.62 ,23.65 ,23.6 ,23.58 ,23.53 ,23.63 ,23.48 ,23.49 ,23.62 ,23.62 ,23.61 ,23.65 ,23.63 ,23.59 ,23.6 ,23.75 ,23.89 ,23.88 ,23.77 ,23.73 ,23.65 ,23.62 ,23.7 ,23.65 ,23.7 ,23.84 ,23.84 ,23.77 ,23.73 ,23.79 ,23.79 ,23.83 ,23.76 ,23.74 ,23.84 ,23.77 ,23.76 ,23.79 ,23.84 ,23.76 ,23.69 ,23.73 ,23.83 ,23.83 ,23.8 ,23.88 ,23.85 ,23.89 ,23.96 ,23.94 ,23.78 ,23.79 ,23.8 ,23.71 ,23.71 ,23.68 ,23.75 ,23.74 ,23.81 ,23.83 ,23.78 ,23.79 ,23.81 ,23.85 ,23.84 ,23.77 ,23.66 ,23.64 ,23.67 ,23.64 ,23.55 ,23.61 ,23.6 ,23.63 ,23.64 ,23.59 ,23.56 ,23.57 ,23.62 ,23.63 ,23.59 ,23.63 ,23.59 ,23.61 ,23.63 ,23.6 ,23.62 ,23.59 ,23.6 ,23.65 ,23.64 ,23.56 ,23.66 ,23.74 ,23.66 ,23.61 ,23.6 ,23.59 ,23.59 ,23.56 ,23.56 ,23.61 ,23.64 ,23.66 ,23.66 ,23.69 ,23.64 ,23.61 ,23.69 ,23.75 ,23.71 ,23.7 ,23.61 ,23.73 ,23.8 ,23.74 ,23.67 ,23.7 ,23.75 ,23.64 ,23.7 ,23.78 ,23.65 ,23.68 ,23.68 ,23.66 ,23.63 ,23.62 ,23.74 ,23.73 ,23.59 ,23.52 ,23.63 ,23.79 ,23.8 ,23.82 ,23.81 ,23.81 ,23.76 ,23.77 ,23.82 ,23.81 ,23.78 ,23.85 ,23.84 ,23.85 ,23.8 ,23.75 ,23.76 ,23.75 ,23.78 ,23.74 ,23.65 ,23.71 ,23.77 ,23.7 ,23.71 ,23.75 ,23.67 ,23.72 ,23.61 ,23.62 ,23.58 ,23.51 ,23.55 ,23.55 ,23.62 ,23.8 ,23.79 ,23.83 ,23.83 ,23.89 ,23.88 ,23.76 ,23.67 ,23.72 ,23.63 ,23.62 ,23.67 ,23.62 ,23.59 ,23.6 ,23.72 ,23.69 ,23.52 ,23.54 ,23.54 ,23.58 ,23.63 ,23.55 ,23.58 ,23.56 ,23.52 ,23.59 ,23.7 ,23.65 ,23.63 ,23.64 ,23.61 ,23.56 ,23.56 ,23.63 ,23.61 ,23.54 ,23.61 ,23.65 ,23.61 ,23.59 ,23.63 ,23.59 ,23.58 ,23.63 ,23.7 ,23.79 ,23.78 ,23.72 ,23.7 ,23.72 ,23.83 ,23.83 ,23.82 ,23.79 ,23.69 ,23.72 ,23.82 ,23.81 ,23.82 ,23.78 ,23.85 ,23.79 ,23.78 ,23.81 ,23.78 ,23.79 ,23.8 ,23.87 ,23.85 ,23.84 ,23.89 ,23.83 ,23.81 ,23.78 ,23.78 ,23.74 ,23.73 ,23.81 ,23.87 ,23.84 ,23.72 ,23.69 ,23.76 ,23.74 ,23.72 ,23.8 ,23.79 ,23.81 ,23.87 ,23.83 ,23.73 ,23.69 ,23.72 ,23.8 ,23.83 ,23.77 ,23.61 ,23.67 ,23.72 ,23.59 ,23.66 ,23.84 ,23.79 ,23.8 ,23.81 ,23.76 ,23.64 ,23.65 ,23.66 ,23.74 ,23.63 ,23.66 ,23.72 ,23.73 ,23.72 ,23.81 ,23.71 ,23.59 ,23.58 ,23.58 ,23.5 ,23.45 ,23.56 ,23.58 ,23.52 ,23.43 ,23.48 ,23.6 ,23.54 ,23.53 ,23.46 ,23.57 ,23.61 ,23.63 ,23.69 ,23.73 ,23.75 ,23.73 ,23.76 ,23.81 ,23.76 ,23.81 ,23.76 ,23.7 ,23.72 ,23.73 ,23.79 ,23.77 ,23.76 ,23.83 ,23.9 ,23.74 ,23.68 ,23.6 ,23.58 ,23.69 ,23.72 ,23.63 ,23.63 ,23.62 ,23.58 ,23.61 ,23.57 ,23.59 ,23.64 ,23.67 ,23.68 ,23.59 ,23.58 ,23.61 ,23.54 ,23.59 ,23.58 ,23.63 ,23.59 ,23.65 ,23.71 ,23.6 ,23.59 ,23.71 ,23.71 ,23.64 ,23.63 ,23.7 ,23.68 ,23.62 ,23.74 ,23.68 ,23.64 ,23.65 ,23.7 ,23.69 ,23.62 ,23.57 ,23.5 ,23.5 ,23.52 ,23.41 ,23.39 ,23.41 ,23.34 ,23.45 ,23.44 ,23.33 ,23.28 ,23.31 ,23.33 ,23.28 ,23.38 ,23.37 ,23.44 ,23.36 ,23.35 ,23.33 ,23.4 ,23.43 ,23.44 ,23.46 ,23.37 ,23.37 ,23.37 ,23.37 ,23.21 ,23.28 ,23.39 ,23.34 ,23.33 ,23.4 ,23.42 ,23.34 ,23.41 ,23.4 ,23.24 ,23.28 ,23.43 ,23.39 ,23.39 ,23.38 ,23.29 ,23.28 ,23.28 ,23.3 ,23.37 ,23.31 ,23.27 ,23.34 ,23.27 ,23.33 ,23.27 ,23.18 ,23.29 ,23.34 ,23.22 ,23.21 ,23.13 ,23.22 ,23.24 ,23.14 ,23.23 ,23.21 ,23.18 ,23.13 ,23.08 ,23.09 ,23.22 ,23.2 ,23.15 ,23.12 ,23.12 ,23.15 ,23.12 ,23.21 ,23.23 ,23.15 ,23.07 ,23.11 ,23.12 ,23.12 ,23.02 ,22.98 ,23 ,23.02 ,
139,23.35 ,23.35 ,23.37 ,23.36 ,23.25 ,23.17 ,23.25 ,23.28 ,23.15 ,23.01 ,23 ,23.07 ,23.06 ,23.04 ,23.04 ,23.04 ,23.05 ,23.18 ,23.39 ,23.49 ,23.38 ,23.39 ,23.46 ,23.45 ,23.44 ,23.5 ,23.44 ,23.42 ,23.38 ,23.54 ,23.54 ,23.33 ,23.22 ,23.33 ,23.49 ,23.56 ,23.54 ,23.49 ,23.49 ,23.53 ,23.48 ,23.49 ,23.48 ,23.47 ,23.41 ,23.49 ,23.51 ,23.56 ,23.55 ,23.53 ,23.51 ,23.46 ,23.6 ,23.6 ,23.57 ,23.5 ,23.44 ,23.47 ,23.53 ,23.54 ,23.44 ,23.47 ,23.58 ,23.51 ,23.53 ,23.5 ,23.61 ,23.68 ,23.58 ,23.52 ,23.65 ,23.69 ,23.65 ,23.66 ,23.69 ,23.69 ,23.7 ,23.58 ,23.59 ,23.53 ,23.55 ,23.52 ,23.54 ,23.6 ,23.54 ,23.51 ,23.5 ,23.55 ,23.54 ,23.46 ,23.38 ,23.33 ,23.53 ,23.45 ,23.38 ,23.42 ,23.51 ,23.32 ,23.42 ,23.51 ,23.51 ,23.57 ,23.58 ,23.6 ,23.66 ,23.57 ,23.58 ,23.6 ,23.67 ,23.73 ,23.67 ,23.7 ,23.68 ,23.71 ,23.67 ,23.71 ,23.72 ,23.64 ,23.71 ,23.7 ,23.79 ,23.76 ,23.68 ,23.79 ,23.73 ,23.74 ,23.82 ,23.78 ,23.77 ,23.63 ,23.64 ,23.81 ,23.72 ,23.65 ,23.73 ,23.71 ,23.69 ,23.79 ,23.79 ,23.81 ,23.84 ,23.77 ,23.82 ,23.75 ,23.75 ,23.81 ,23.76 ,23.73 ,23.75 ,23.87 ,23.81 ,23.78 ,23.8 ,23.91 ,23.8 ,23.8 ,23.74 ,23.74 ,23.84 ,23.83 ,23.81 ,23.78 ,23.77 ,23.76 ,23.82 ,23.86 ,23.87 ,23.89 ,23.7 ,23.59 ,23.65 ,23.54 ,23.47 ,23.51 ,23.51 ,23.56 ,23.57 ,23.47 ,23.42 ,23.37 ,23.47 ,23.54 ,23.46 ,23.3 ,23.43 ,23.54 ,23.54 ,23.42 ,23.5 ,23.55 ,23.61 ,23.63 ,23.67 ,23.63 ,23.58 ,23.64 ,23.58 ,23.59 ,23.68 ,23.62 ,23.62 ,23.61 ,23.64 ,23.56 ,23.51 ,23.64 ,23.73 ,23.83 ,23.83 ,23.75 ,23.78 ,23.7 ,23.67 ,23.74 ,23.74 ,23.82 ,23.82 ,23.81 ,23.74 ,23.75 ,23.85 ,23.81 ,23.72 ,23.73 ,23.88 ,23.86 ,23.81 ,23.79 ,23.8 ,23.71 ,23.68 ,23.75 ,23.73 ,23.86 ,23.76 ,23.82 ,23.93 ,23.93 ,23.93 ,23.92 ,23.82 ,23.76 ,23.75 ,23.71 ,23.76 ,23.76 ,23.81 ,23.8 ,23.84 ,23.79 ,23.78 ,23.82 ,23.8 ,23.82 ,23.9 ,23.77 ,23.69 ,23.65 ,23.56 ,23.61 ,23.57 ,23.64 ,23.69 ,23.69 ,23.69 ,23.62 ,23.58 ,23.64 ,23.59 ,23.57 ,23.58 ,23.59 ,23.57 ,23.62 ,23.64 ,23.67 ,23.66 ,23.59 ,23.54 ,23.58 ,23.59 ,23.59 ,23.56 ,23.57 ,23.65 ,23.62 ,23.64 ,23.54 ,23.58 ,23.58 ,23.53 ,23.6 ,23.58 ,23.68 ,23.66 ,23.67 ,23.67 ,23.66 ,23.67 ,23.61 ,23.67 ,23.63 ,23.63 ,23.71 ,23.7 ,23.65 ,23.7 ,23.7 ,23.73 ,23.64 ,23.62 ,23.76 ,23.62 ,23.63 ,23.65 ,23.67 ,23.62 ,23.62 ,23.59 ,23.66 ,23.6 ,23.57 ,23.64 ,23.81 ,23.78 ,23.79 ,23.9 ,23.94 ,23.84 ,23.87 ,23.83 ,23.77 ,23.78 ,23.76 ,23.87 ,23.85 ,23.87 ,23.83 ,23.81 ,23.71 ,23.71 ,23.71 ,23.67 ,23.69 ,23.78 ,23.75 ,23.75 ,23.76 ,23.69 ,23.69 ,23.62 ,23.6 ,23.54 ,23.55 ,23.58 ,23.6 ,23.63 ,23.81 ,23.92 ,23.87 ,23.84 ,23.84 ,23.93 ,23.79 ,23.68 ,23.61 ,23.6 ,23.6 ,23.61 ,23.64 ,23.65 ,23.64 ,23.61 ,23.58 ,23.51 ,23.57 ,23.63 ,23.59 ,23.65 ,23.52 ,23.55 ,23.58 ,23.62 ,23.67 ,23.66 ,23.66 ,23.61 ,23.57 ,23.61 ,23.6 ,23.55 ,23.55 ,23.57 ,23.56 ,23.56 ,23.56 ,23.62 ,23.51 ,23.55 ,23.48 ,23.51 ,23.59 ,23.7 ,23.83 ,23.74 ,23.7 ,23.67 ,23.7 ,23.82 ,23.88 ,23.78 ,23.76 ,23.73 ,23.79 ,23.79 ,23.76 ,23.81 ,23.78 ,23.8 ,23.85 ,23.77 ,23.81 ,23.77 ,23.8 ,23.76 ,23.8 ,23.9 ,23.84 ,23.85 ,23.86 ,23.77 ,23.75 ,23.81 ,23.79 ,23.79 ,23.77 ,23.82 ,23.91 ,23.81 ,23.68 ,23.77 ,23.81 ,23.81 ,23.75 ,23.81 ,23.82 ,23.72 ,23.67 ,23.69 ,23.67 ,23.71 ,23.74 ,23.86 ,23.77 ,23.57 ,23.64 ,23.62 ,23.63 ,23.63 ,23.72 ,23.78 ,23.72 ,23.69 ,23.81 ,23.73 ,23.64 ,23.7 ,23.72 ,23.76 ,23.7 ,23.68 ,23.69 ,23.74 ,23.88 ,23.71 ,23.49 ,23.52 ,23.49 ,23.52 ,23.53 ,23.55 ,23.57 ,23.49 ,23.44 ,23.47 ,23.51 ,23.52 ,23.49 ,23.46 ,23.47 ,23.53 ,23.68 ,23.7 ,23.78 ,23.71 ,23.71 ,23.76 ,23.81 ,23.82 ,23.84 ,23.76 ,23.65 ,23.77 ,23.73 ,23.8 ,23.74 ,23.82 ,23.82 ,23.77 ,23.81 ,23.68 ,23.59 ,23.63 ,23.72 ,23.7 ,23.63 ,23.7 ,23.63 ,23.52 ,23.62 ,23.59 ,23.58 ,23.58 ,23.66 ,23.66 ,23.56 ,23.54 ,23.61 ,23.53 ,23.56 ,23.56 ,23.67 ,23.72 ,23.75 ,23.72 ,23.64 ,23.64 ,23.73 ,23.66 ,23.61 ,23.67 ,23.67 ,23.57 ,23.6 ,23.68 ,23.7 ,23.62 ,23.58 ,23.6 ,23.69 ,23.7 ,23.62 ,23.47 ,23.46 ,23.55 ,23.45 ,23.36 ,23.41 ,23.47 ,23.45 ,23.46 ,23.34 ,23.31 ,23.27 ,23.29 ,23.3 ,23.34 ,23.33 ,23.41 ,23.39 ,23.29 ,23.35 ,23.36 ,23.45 ,23.53 ,23.52 ,23.32 ,23.33 ,23.39 ,23.44 ,23.37 ,23.23 ,23.28 ,23.34 ,23.33 ,23.42 ,23.43 ,23.36 ,23.3 ,23.32 ,23.27 ,23.31 ,23.37 ,23.42 ,23.37 ,23.37 ,23.34 ,23.28 ,23.38 ,23.26 ,23.28 ,23.33 ,23.32 ,23.35 ,23.33 ,23.41 ,23.37 ,23.25 ,23.33 ,23.3 ,23.24 ,23.21 ,23.17 ,23.08 ,23.14 ,23.2 ,23.14 ,23.1 ,23.08 ,23.11 ,23.06 ,23.1 ,23.16 ,23.15 ,23.15 ,23.03 ,23.05 ,23.24 ,23.12 ,23.08 ,23.15 ,23.15 ,23.09 ,23 ,23.09 ,23.03 ,23.09 ,23.11 ,22.96 ,22.89 ,
140,23.29 ,23.33 ,23.34 ,23.32 ,23.2 ,23.22 ,23.25 ,23.18 ,23.11 ,23.02 ,22.97 ,22.97 ,23.07 ,22.98 ,23.02 ,22.95 ,23.06 ,23.22 ,23.32 ,23.44 ,23.34 ,23.38 ,23.47 ,23.51 ,23.55 ,23.51 ,23.39 ,23.42 ,23.4 ,23.43 ,23.53 ,23.46 ,23.23 ,23.28 ,23.48 ,23.63 ,23.5 ,23.49 ,23.55 ,23.47 ,23.46 ,23.5 ,23.51 ,23.5 ,23.46 ,23.48 ,23.52 ,23.5 ,23.51 ,23.6 ,23.57 ,23.47 ,23.58 ,23.59 ,23.51 ,23.6 ,23.45 ,23.47 ,23.43 ,23.5 ,23.46 ,23.46 ,23.56 ,23.48 ,23.47 ,23.57 ,23.58 ,23.61 ,23.55 ,23.49 ,23.53 ,23.57 ,23.57 ,23.53 ,23.6 ,23.55 ,23.59 ,23.57 ,23.55 ,23.55 ,23.59 ,23.54 ,23.53 ,23.49 ,23.52 ,23.54 ,23.56 ,23.55 ,23.54 ,23.45 ,23.42 ,23.4 ,23.46 ,23.51 ,23.41 ,23.43 ,23.46 ,23.33 ,23.37 ,23.4 ,23.49 ,23.57 ,23.66 ,23.61 ,23.66 ,23.65 ,23.58 ,23.59 ,23.71 ,23.69 ,23.62 ,23.64 ,23.66 ,23.58 ,23.63 ,23.64 ,23.75 ,23.73 ,23.71 ,23.75 ,23.72 ,23.76 ,23.68 ,23.75 ,23.8 ,23.73 ,23.73 ,23.76 ,23.71 ,23.62 ,23.71 ,23.83 ,23.71 ,23.59 ,23.7 ,23.72 ,23.71 ,23.78 ,23.78 ,23.82 ,23.8 ,23.73 ,23.76 ,23.74 ,23.77 ,23.79 ,23.78 ,23.76 ,23.8 ,23.9 ,23.84 ,23.83 ,23.81 ,23.82 ,23.74 ,23.75 ,23.83 ,23.74 ,23.78 ,23.8 ,23.83 ,23.75 ,23.73 ,23.72 ,23.79 ,23.77 ,23.9 ,23.91 ,23.72 ,23.59 ,23.55 ,23.56 ,23.51 ,23.55 ,23.57 ,23.49 ,23.52 ,23.51 ,23.5 ,23.36 ,23.4 ,23.5 ,23.46 ,23.33 ,23.45 ,23.51 ,23.55 ,23.48 ,23.52 ,23.61 ,23.55 ,23.52 ,23.6 ,23.66 ,23.64 ,23.67 ,23.61 ,23.53 ,23.59 ,23.56 ,23.49 ,23.55 ,23.61 ,23.55 ,23.52 ,23.63 ,23.64 ,23.71 ,23.77 ,23.76 ,23.78 ,23.75 ,23.72 ,23.69 ,23.68 ,23.73 ,23.78 ,23.72 ,23.69 ,23.69 ,23.83 ,23.83 ,23.71 ,23.69 ,23.82 ,23.82 ,23.8 ,23.76 ,23.74 ,23.72 ,23.7 ,23.74 ,23.8 ,23.81 ,23.84 ,23.82 ,23.93 ,23.94 ,23.94 ,23.88 ,23.8 ,23.8 ,23.76 ,23.74 ,23.78 ,23.8 ,23.77 ,23.75 ,23.77 ,23.76 ,23.76 ,23.77 ,23.71 ,23.75 ,23.82 ,23.81 ,23.7 ,23.7 ,23.55 ,23.54 ,23.48 ,23.5 ,23.71 ,23.75 ,23.68 ,23.67 ,23.64 ,23.64 ,23.55 ,23.52 ,23.5 ,23.61 ,23.6 ,23.59 ,23.62 ,23.6 ,23.63 ,23.63 ,23.58 ,23.57 ,23.68 ,23.64 ,23.57 ,23.57 ,23.61 ,23.57 ,23.69 ,23.6 ,23.52 ,23.57 ,23.56 ,23.62 ,23.6 ,23.66 ,23.71 ,23.72 ,23.75 ,23.71 ,23.62 ,23.54 ,23.57 ,23.58 ,23.58 ,23.69 ,23.69 ,23.6 ,23.67 ,23.71 ,23.64 ,23.61 ,23.55 ,23.69 ,23.64 ,23.66 ,23.66 ,23.62 ,23.61 ,23.52 ,23.58 ,23.63 ,23.58 ,23.59 ,23.59 ,23.74 ,23.76 ,23.76 ,23.88 ,23.87 ,23.77 ,23.83 ,23.81 ,23.76 ,23.76 ,23.74 ,23.83 ,23.8 ,23.73 ,23.81 ,23.8 ,23.78 ,23.7 ,23.7 ,23.69 ,23.79 ,23.83 ,23.79 ,23.71 ,23.71 ,23.69 ,23.65 ,23.67 ,23.65 ,23.63 ,23.63 ,23.62 ,23.66 ,23.7 ,23.8 ,23.86 ,23.82 ,23.8 ,23.75 ,23.87 ,23.82 ,23.73 ,23.54 ,23.6 ,23.73 ,23.63 ,23.61 ,23.64 ,23.64 ,23.64 ,23.6 ,23.58 ,23.62 ,23.66 ,23.63 ,23.63 ,23.55 ,23.57 ,23.57 ,23.63 ,23.64 ,23.6 ,23.65 ,23.6 ,23.6 ,23.58 ,23.65 ,23.55 ,23.54 ,23.62 ,23.54 ,23.52 ,23.63 ,23.67 ,23.58 ,23.56 ,23.53 ,23.52 ,23.61 ,23.66 ,23.76 ,23.73 ,23.71 ,23.73 ,23.71 ,23.8 ,23.81 ,23.82 ,23.69 ,23.65 ,23.78 ,23.8 ,23.77 ,23.79 ,23.8 ,23.81 ,23.84 ,23.88 ,23.84 ,23.82 ,23.8 ,23.71 ,23.79 ,23.83 ,23.76 ,23.76 ,23.86 ,23.79 ,23.72 ,23.79 ,23.78 ,23.79 ,23.82 ,23.76 ,23.88 ,23.82 ,23.74 ,23.74 ,23.73 ,23.78 ,23.71 ,23.72 ,23.8 ,23.78 ,23.71 ,23.68 ,23.73 ,23.75 ,23.76 ,23.81 ,23.78 ,23.66 ,23.67 ,23.67 ,23.65 ,23.64 ,23.71 ,23.74 ,23.73 ,23.71 ,23.72 ,23.81 ,23.78 ,23.68 ,23.72 ,23.75 ,23.73 ,23.64 ,23.63 ,23.69 ,23.77 ,23.71 ,23.56 ,23.52 ,23.49 ,23.56 ,23.59 ,23.55 ,23.54 ,23.52 ,23.59 ,23.52 ,23.52 ,23.54 ,23.52 ,23.49 ,23.48 ,23.52 ,23.67 ,23.63 ,23.68 ,23.6 ,23.69 ,23.77 ,23.75 ,23.8 ,23.86 ,23.8 ,23.71 ,23.72 ,23.72 ,23.72 ,23.78 ,23.76 ,23.82 ,23.76 ,23.75 ,23.79 ,23.69 ,23.68 ,23.69 ,23.71 ,23.69 ,23.7 ,23.62 ,23.56 ,23.67 ,23.57 ,23.62 ,23.61 ,23.64 ,23.65 ,23.58 ,23.51 ,23.65 ,23.71 ,23.63 ,23.62 ,23.69 ,23.73 ,23.63 ,23.66 ,23.66 ,23.7 ,23.72 ,23.67 ,23.62 ,23.74 ,23.62 ,23.59 ,23.73 ,23.67 ,23.62 ,23.51 ,23.61 ,23.64 ,23.6 ,23.59 ,23.53 ,23.51 ,23.53 ,23.52 ,23.42 ,23.32 ,23.43 ,23.45 ,23.43 ,23.39 ,23.39 ,23.37 ,23.37 ,23.36 ,23.34 ,23.32 ,23.37 ,23.45 ,23.51 ,23.41 ,23.38 ,23.38 ,23.36 ,23.4 ,23.31 ,23.24 ,23.3 ,23.33 ,23.36 ,23.35 ,23.3 ,23.33 ,23.46 ,23.4 ,23.39 ,23.41 ,23.38 ,23.35 ,23.36 ,23.31 ,23.32 ,23.3 ,23.33 ,23.37 ,23.36 ,23.37 ,23.34 ,23.38 ,23.43 ,23.36 ,23.36 ,23.37 ,23.45 ,23.33 ,23.25 ,23.3 ,23.23 ,23.31 ,23.24 ,23.22 ,23.14 ,23.13 ,23.14 ,23.1 ,23.21 ,23.23 ,23.09 ,23.06 ,23.07 ,23.12 ,23.14 ,23.21 ,23.14 ,23.12 ,23.14 ,23.06 ,23.23 ,23.23 ,23.1 ,23.08 ,23.06 ,23.13 ,23.1 ,23.1 ,23.09 ,23.13 ,23.07 ,22.91 ,22.9 ,
141,23.43 ,23.32 ,23.29 ,23.31 ,23.26 ,23.19 ,23.26 ,23.18 ,23.08 ,23.01 ,23.02 ,23.02 ,22.99 ,23.02 ,22.97 ,23.07 ,23.1 ,23.21 ,23.31 ,23.4 ,23.42 ,23.43 ,23.49 ,23.53 ,23.44 ,23.5 ,23.43 ,23.4 ,23.43 ,23.47 ,23.52 ,23.48 ,23.32 ,23.32 ,23.44 ,23.52 ,23.52 ,23.65 ,23.68 ,23.51 ,23.46 ,23.45 ,23.54 ,23.57 ,23.52 ,23.46 ,23.51 ,23.5 ,23.46 ,23.52 ,23.59 ,23.53 ,23.51 ,23.5 ,23.52 ,23.6 ,23.53 ,23.51 ,23.55 ,23.53 ,23.54 ,23.48 ,23.49 ,23.54 ,23.58 ,23.49 ,23.54 ,23.57 ,23.6 ,23.51 ,23.5 ,23.46 ,23.52 ,23.58 ,23.55 ,23.55 ,23.64 ,23.55 ,23.53 ,23.61 ,23.61 ,23.55 ,23.51 ,23.55 ,23.47 ,23.55 ,23.57 ,23.51 ,23.48 ,23.51 ,23.45 ,23.52 ,23.48 ,23.45 ,23.42 ,23.43 ,23.4 ,23.38 ,23.44 ,23.46 ,23.45 ,23.57 ,23.61 ,23.66 ,23.69 ,23.59 ,23.63 ,23.62 ,23.63 ,23.62 ,23.6 ,23.61 ,23.62 ,23.62 ,23.65 ,23.72 ,23.7 ,23.7 ,23.67 ,23.77 ,23.72 ,23.75 ,23.77 ,23.77 ,23.75 ,23.73 ,23.68 ,23.72 ,23.76 ,23.72 ,23.71 ,23.8 ,23.73 ,23.74 ,23.77 ,23.73 ,23.69 ,23.75 ,23.81 ,23.83 ,23.79 ,23.74 ,23.73 ,23.67 ,23.78 ,23.72 ,23.7 ,23.78 ,23.75 ,23.87 ,23.83 ,23.81 ,23.84 ,23.76 ,23.7 ,23.69 ,23.76 ,23.71 ,23.79 ,23.82 ,23.83 ,23.75 ,23.73 ,23.81 ,23.84 ,23.78 ,23.8 ,23.84 ,23.66 ,23.57 ,23.62 ,23.57 ,23.5 ,23.5 ,23.58 ,23.51 ,23.48 ,23.49 ,23.51 ,23.44 ,23.4 ,23.47 ,23.35 ,23.41 ,23.47 ,23.49 ,23.48 ,23.5 ,23.54 ,23.61 ,23.63 ,23.6 ,23.59 ,23.58 ,23.67 ,23.67 ,23.59 ,23.51 ,23.53 ,23.49 ,23.46 ,23.45 ,23.55 ,23.56 ,23.54 ,23.62 ,23.7 ,23.66 ,23.7 ,23.73 ,23.73 ,23.7 ,23.77 ,23.71 ,23.72 ,23.75 ,23.79 ,23.75 ,23.74 ,23.71 ,23.77 ,23.84 ,23.76 ,23.66 ,23.74 ,23.77 ,23.74 ,23.8 ,23.81 ,23.75 ,23.61 ,23.69 ,23.79 ,23.76 ,23.84 ,23.92 ,23.97 ,23.92 ,23.87 ,23.85 ,23.85 ,23.92 ,23.84 ,23.75 ,23.71 ,23.71 ,23.73 ,23.79 ,23.76 ,23.68 ,23.69 ,23.73 ,23.59 ,23.61 ,23.71 ,23.76 ,23.69 ,23.6 ,23.58 ,23.42 ,23.43 ,23.49 ,23.65 ,23.73 ,23.61 ,23.6 ,23.67 ,23.66 ,23.57 ,23.59 ,23.59 ,23.68 ,23.7 ,23.62 ,23.67 ,23.57 ,23.62 ,23.68 ,23.58 ,23.61 ,23.67 ,23.61 ,23.6 ,23.64 ,23.6 ,23.59 ,23.7 ,23.6 ,23.51 ,23.52 ,23.55 ,23.57 ,23.58 ,23.61 ,23.65 ,23.65 ,23.8 ,23.78 ,23.64 ,23.61 ,23.59 ,23.57 ,23.59 ,23.65 ,23.67 ,23.67 ,23.68 ,23.69 ,23.69 ,23.6 ,23.59 ,23.66 ,23.7 ,23.64 ,23.67 ,23.6 ,23.57 ,23.57 ,23.55 ,23.59 ,23.53 ,23.54 ,23.63 ,23.73 ,23.73 ,23.72 ,23.84 ,23.86 ,23.78 ,23.8 ,23.8 ,23.76 ,23.76 ,23.74 ,23.81 ,23.75 ,23.62 ,23.72 ,23.86 ,23.8 ,23.71 ,23.72 ,23.76 ,23.82 ,23.81 ,23.79 ,23.73 ,23.68 ,23.68 ,23.69 ,23.71 ,23.69 ,23.69 ,23.67 ,23.63 ,23.71 ,23.78 ,23.82 ,23.84 ,23.75 ,23.81 ,23.77 ,23.81 ,23.79 ,23.75 ,23.61 ,23.61 ,23.66 ,23.63 ,23.6 ,23.66 ,23.6 ,23.66 ,23.66 ,23.59 ,23.61 ,23.56 ,23.65 ,23.62 ,23.62 ,23.6 ,23.53 ,23.52 ,23.62 ,23.62 ,23.68 ,23.72 ,23.66 ,23.67 ,23.61 ,23.59 ,23.57 ,23.64 ,23.56 ,23.55 ,23.64 ,23.67 ,23.66 ,23.61 ,23.58 ,23.58 ,23.69 ,23.72 ,23.63 ,23.74 ,23.81 ,23.78 ,23.84 ,23.85 ,23.77 ,23.82 ,23.78 ,23.76 ,23.76 ,23.78 ,23.76 ,23.74 ,23.81 ,23.85 ,23.82 ,23.89 ,23.89 ,23.83 ,23.79 ,23.75 ,23.85 ,23.8 ,23.73 ,23.79 ,23.86 ,23.81 ,23.74 ,23.71 ,23.75 ,23.79 ,23.79 ,23.77 ,23.82 ,23.84 ,23.8 ,23.75 ,23.75 ,23.68 ,23.65 ,23.66 ,23.79 ,23.78 ,23.74 ,23.72 ,23.82 ,23.72 ,23.69 ,23.77 ,23.7 ,23.7 ,23.82 ,23.72 ,23.68 ,23.68 ,23.7 ,23.71 ,23.78 ,23.76 ,23.73 ,23.8 ,23.77 ,23.74 ,23.72 ,23.73 ,23.71 ,23.66 ,23.66 ,23.7 ,23.69 ,23.65 ,23.71 ,23.63 ,23.55 ,23.53 ,23.55 ,23.46 ,23.53 ,23.53 ,23.64 ,23.57 ,23.47 ,23.58 ,23.43 ,23.41 ,23.49 ,23.57 ,23.65 ,23.69 ,23.75 ,23.7 ,23.72 ,23.73 ,23.72 ,23.78 ,23.79 ,23.79 ,23.74 ,23.77 ,23.79 ,23.74 ,23.77 ,23.77 ,23.77 ,23.82 ,23.74 ,23.74 ,23.75 ,23.71 ,23.69 ,23.67 ,23.64 ,23.66 ,23.62 ,23.6 ,23.69 ,23.73 ,23.63 ,23.7 ,23.67 ,23.63 ,23.63 ,23.58 ,23.67 ,23.65 ,23.69 ,23.7 ,23.66 ,23.69 ,23.58 ,23.69 ,23.72 ,23.73 ,23.76 ,23.76 ,23.67 ,23.74 ,23.7 ,23.68 ,23.78 ,23.81 ,23.74 ,23.51 ,23.59 ,23.7 ,23.7 ,23.67 ,23.56 ,23.55 ,23.55 ,23.49 ,23.45 ,23.39 ,23.47 ,23.48 ,23.48 ,23.42 ,23.41 ,23.41 ,23.4 ,23.43 ,23.37 ,23.37 ,23.34 ,23.4 ,23.54 ,23.47 ,23.38 ,23.36 ,23.39 ,23.37 ,23.34 ,23.28 ,23.35 ,23.32 ,23.3 ,23.32 ,23.3 ,23.39 ,23.46 ,23.51 ,23.51 ,23.42 ,23.3 ,23.25 ,23.4 ,23.46 ,23.36 ,23.34 ,23.31 ,23.32 ,23.36 ,23.39 ,23.33 ,23.29 ,23.33 ,23.39 ,23.29 ,23.29 ,23.38 ,23.29 ,23.15 ,23.24 ,23.21 ,23.2 ,23.3 ,23.18 ,23.16 ,23.15 ,23.18 ,23.12 ,23.1 ,23.14 ,23.17 ,23.1 ,23.15 ,23.07 ,23.17 ,23.22 ,23.12 ,23.12 ,23.2 ,23.16 ,23.13 ,23.17 ,23.18 ,23.11 ,23.15 ,23.11 ,23.21 ,23.1 ,23.11 ,23.14 ,23.07 ,22.96 ,22.94 ,
142,23.4 ,23.35 ,23.32 ,23.31 ,23.28 ,23.26 ,23.31 ,23.2 ,23.02 ,22.98 ,22.97 ,22.99 ,23.03 ,22.99 ,22.93 ,23.08 ,23.1 ,23.22 ,23.33 ,23.43 ,23.44 ,23.51 ,23.53 ,23.4 ,23.47 ,23.49 ,23.5 ,23.37 ,23.41 ,23.43 ,23.46 ,23.45 ,23.37 ,23.4 ,23.44 ,23.46 ,23.56 ,23.66 ,23.6 ,23.52 ,23.52 ,23.46 ,23.43 ,23.48 ,23.47 ,23.55 ,23.52 ,23.53 ,23.48 ,23.45 ,23.43 ,23.49 ,23.54 ,23.57 ,23.54 ,23.54 ,23.49 ,23.53 ,23.53 ,23.46 ,23.53 ,23.5 ,23.49 ,23.51 ,23.6 ,23.55 ,23.49 ,23.55 ,23.58 ,23.48 ,23.51 ,23.54 ,23.56 ,23.61 ,23.67 ,23.62 ,23.66 ,23.56 ,23.48 ,23.56 ,23.57 ,23.53 ,23.52 ,23.56 ,23.61 ,23.59 ,23.63 ,23.56 ,23.47 ,23.5 ,23.48 ,23.48 ,23.41 ,23.43 ,23.47 ,23.45 ,23.46 ,23.43 ,23.46 ,23.53 ,23.51 ,23.57 ,23.61 ,23.6 ,23.67 ,23.65 ,23.69 ,23.67 ,23.62 ,23.58 ,23.6 ,23.61 ,23.61 ,23.73 ,23.72 ,23.72 ,23.73 ,23.67 ,23.64 ,23.71 ,23.67 ,23.63 ,23.74 ,23.83 ,23.77 ,23.72 ,23.73 ,23.8 ,23.75 ,23.72 ,23.64 ,23.73 ,23.8 ,23.82 ,23.81 ,23.76 ,23.79 ,23.81 ,23.79 ,23.78 ,23.71 ,23.71 ,23.72 ,23.69 ,23.72 ,23.76 ,23.74 ,23.82 ,23.73 ,23.75 ,23.82 ,23.73 ,23.8 ,23.79 ,23.77 ,23.73 ,23.73 ,23.72 ,23.74 ,23.83 ,23.78 ,23.78 ,23.83 ,23.85 ,23.85 ,23.84 ,23.78 ,23.75 ,23.64 ,23.56 ,23.59 ,23.54 ,23.54 ,23.55 ,23.53 ,23.44 ,23.5 ,23.52 ,23.48 ,23.43 ,23.45 ,23.48 ,23.45 ,23.4 ,23.44 ,23.45 ,23.46 ,23.48 ,23.53 ,23.55 ,23.56 ,23.58 ,23.62 ,23.59 ,23.57 ,23.61 ,23.58 ,23.49 ,23.45 ,23.46 ,23.59 ,23.53 ,23.44 ,23.49 ,23.55 ,23.61 ,23.63 ,23.58 ,23.59 ,23.72 ,23.7 ,23.7 ,23.78 ,23.75 ,23.8 ,23.77 ,23.81 ,23.75 ,23.77 ,23.77 ,23.72 ,23.74 ,23.74 ,23.71 ,23.75 ,23.79 ,23.69 ,23.75 ,23.8 ,23.77 ,23.65 ,23.71 ,23.85 ,23.86 ,23.91 ,23.97 ,23.94 ,23.83 ,23.8 ,23.89 ,23.9 ,23.93 ,23.82 ,23.71 ,23.73 ,23.67 ,23.67 ,23.77 ,23.76 ,23.65 ,23.55 ,23.53 ,23.57 ,23.59 ,23.62 ,23.63 ,23.62 ,23.61 ,23.49 ,23.42 ,23.49 ,23.52 ,23.6 ,23.59 ,23.52 ,23.58 ,23.72 ,23.71 ,23.64 ,23.6 ,23.67 ,23.69 ,23.67 ,23.65 ,23.66 ,23.64 ,23.64 ,23.65 ,23.63 ,23.62 ,23.56 ,23.56 ,23.59 ,23.66 ,23.64 ,23.64 ,23.63 ,23.55 ,23.49 ,23.59 ,23.6 ,23.54 ,23.53 ,23.62 ,23.57 ,23.63 ,23.65 ,23.72 ,23.68 ,23.66 ,23.66 ,23.62 ,23.61 ,23.65 ,23.65 ,23.65 ,23.68 ,23.7 ,23.67 ,23.6 ,23.6 ,23.66 ,23.67 ,23.62 ,23.59 ,23.59 ,23.59 ,23.61 ,23.61 ,23.56 ,23.53 ,23.55 ,23.63 ,23.63 ,23.75 ,23.75 ,23.78 ,23.77 ,23.75 ,23.73 ,23.71 ,23.72 ,23.7 ,23.73 ,23.86 ,23.79 ,23.71 ,23.75 ,23.86 ,23.85 ,23.8 ,23.77 ,23.72 ,23.8 ,23.82 ,23.73 ,23.7 ,23.71 ,23.62 ,23.67 ,23.62 ,23.69 ,23.7 ,23.75 ,23.7 ,23.75 ,23.78 ,23.8 ,23.81 ,23.84 ,23.91 ,23.85 ,23.93 ,23.85 ,23.81 ,23.64 ,23.61 ,23.59 ,23.57 ,23.58 ,23.61 ,23.51 ,23.56 ,23.63 ,23.55 ,23.61 ,23.54 ,23.49 ,23.54 ,23.49 ,23.58 ,23.53 ,23.54 ,23.58 ,23.62 ,23.68 ,23.69 ,23.63 ,23.69 ,23.57 ,23.59 ,23.61 ,23.62 ,23.52 ,23.5 ,23.59 ,23.58 ,23.54 ,23.6 ,23.61 ,23.59 ,23.7 ,23.68 ,23.6 ,23.72 ,23.83 ,23.83 ,23.85 ,23.85 ,23.78 ,23.83 ,23.86 ,23.78 ,23.75 ,23.69 ,23.72 ,23.78 ,23.78 ,23.77 ,23.8 ,23.81 ,23.83 ,23.83 ,23.8 ,23.72 ,23.78 ,23.78 ,23.69 ,23.72 ,23.83 ,23.86 ,23.76 ,23.74 ,23.72 ,23.72 ,23.78 ,23.84 ,23.86 ,23.9 ,23.84 ,23.75 ,23.76 ,23.69 ,23.65 ,23.67 ,23.71 ,23.72 ,23.7 ,23.73 ,23.8 ,23.74 ,23.7 ,23.72 ,23.74 ,23.71 ,23.82 ,23.72 ,23.71 ,23.71 ,23.74 ,23.73 ,23.77 ,23.76 ,23.67 ,23.79 ,23.8 ,23.67 ,23.72 ,23.71 ,23.74 ,23.67 ,23.71 ,23.75 ,23.72 ,23.64 ,23.63 ,23.69 ,23.66 ,23.58 ,23.57 ,23.48 ,23.49 ,23.54 ,23.62 ,23.61 ,23.5 ,23.47 ,23.42 ,23.37 ,23.49 ,23.52 ,23.63 ,23.72 ,23.79 ,23.7 ,23.73 ,23.73 ,23.72 ,23.78 ,23.75 ,23.8 ,23.78 ,23.77 ,23.8 ,23.8 ,23.74 ,23.71 ,23.77 ,23.8 ,23.72 ,23.74 ,23.71 ,23.74 ,23.73 ,23.7 ,23.59 ,23.67 ,23.65 ,23.7 ,23.72 ,23.76 ,23.71 ,23.61 ,23.72 ,23.72 ,23.7 ,23.66 ,23.73 ,23.74 ,23.63 ,23.67 ,23.61 ,23.61 ,23.66 ,23.75 ,23.66 ,23.57 ,23.65 ,23.71 ,23.69 ,23.66 ,23.7 ,23.69 ,23.67 ,23.78 ,23.77 ,23.62 ,23.58 ,23.63 ,23.62 ,23.67 ,23.64 ,23.62 ,23.52 ,23.49 ,23.44 ,23.52 ,23.54 ,23.41 ,23.42 ,23.33 ,23.37 ,23.34 ,23.37 ,23.4 ,23.28 ,23.31 ,23.33 ,23.3 ,23.41 ,23.45 ,23.41 ,23.42 ,23.34 ,23.41 ,23.4 ,23.32 ,23.32 ,23.42 ,23.36 ,23.25 ,23.32 ,23.43 ,23.45 ,23.43 ,23.4 ,23.33 ,23.33 ,23.33 ,23.29 ,23.32 ,23.4 ,23.29 ,23.36 ,23.37 ,23.37 ,23.34 ,23.22 ,23.16 ,23.27 ,23.27 ,23.24 ,23.34 ,23.34 ,23.23 ,23.23 ,23.27 ,23.17 ,23.17 ,23.21 ,23.16 ,23.08 ,23.12 ,23.2 ,23.08 ,23.13 ,23.13 ,23.12 ,23.12 ,23.06 ,23.02 ,23.02 ,23.13 ,23.07 ,23.07 ,23.2 ,23.17 ,23.1 ,22.97 ,23.04 ,23.22 ,23.28 ,23.25 ,23.11 ,23.16 ,23.08 ,23.06 ,23.08 ,23.04 ,22.97 ,
143,23.34 ,23.23 ,23.25 ,23.25 ,23.18 ,23.24 ,23.28 ,23.15 ,23.02 ,22.99 ,22.94 ,22.94 ,23.01 ,23 ,22.98 ,23.13 ,23.16 ,23.29 ,23.37 ,23.41 ,23.39 ,23.44 ,23.54 ,23.51 ,23.42 ,23.52 ,23.47 ,23.32 ,23.35 ,23.4 ,23.48 ,23.47 ,23.36 ,23.39 ,23.44 ,23.56 ,23.53 ,23.62 ,23.65 ,23.53 ,23.52 ,23.48 ,23.41 ,23.41 ,23.53 ,23.6 ,23.61 ,23.55 ,23.52 ,23.53 ,23.48 ,23.5 ,23.58 ,23.49 ,23.45 ,23.47 ,23.49 ,23.51 ,23.44 ,23.42 ,23.5 ,23.53 ,23.58 ,23.57 ,23.54 ,23.53 ,23.5 ,23.56 ,23.59 ,23.51 ,23.49 ,23.6 ,23.56 ,23.57 ,23.63 ,23.64 ,23.59 ,23.57 ,23.54 ,23.51 ,23.58 ,23.49 ,23.52 ,23.57 ,23.65 ,23.61 ,23.64 ,23.62 ,23.47 ,23.4 ,23.4 ,23.43 ,23.36 ,23.33 ,23.45 ,23.49 ,23.38 ,23.33 ,23.38 ,23.49 ,23.55 ,23.55 ,23.63 ,23.57 ,23.63 ,23.67 ,23.62 ,23.6 ,23.69 ,23.66 ,23.66 ,23.58 ,23.58 ,23.69 ,23.67 ,23.69 ,23.71 ,23.72 ,23.62 ,23.68 ,23.6 ,23.63 ,23.66 ,23.78 ,23.78 ,23.68 ,23.77 ,23.8 ,23.76 ,23.71 ,23.68 ,23.74 ,23.77 ,23.81 ,23.8 ,23.7 ,23.77 ,23.8 ,23.77 ,23.77 ,23.72 ,23.72 ,23.77 ,23.73 ,23.74 ,23.81 ,23.85 ,23.77 ,23.79 ,23.75 ,23.83 ,23.75 ,23.79 ,23.81 ,23.69 ,23.73 ,23.83 ,23.83 ,23.79 ,23.74 ,23.73 ,23.69 ,23.76 ,23.85 ,23.81 ,23.82 ,23.79 ,23.69 ,23.59 ,23.55 ,23.58 ,23.5 ,23.59 ,23.65 ,23.52 ,23.5 ,23.61 ,23.58 ,23.46 ,23.44 ,23.41 ,23.4 ,23.4 ,23.34 ,23.46 ,23.47 ,23.44 ,23.41 ,23.51 ,23.51 ,23.52 ,23.57 ,23.58 ,23.53 ,23.55 ,23.59 ,23.58 ,23.62 ,23.56 ,23.53 ,23.62 ,23.64 ,23.55 ,23.39 ,23.4 ,23.54 ,23.66 ,23.59 ,23.6 ,23.65 ,23.61 ,23.62 ,23.79 ,23.8 ,23.75 ,23.84 ,23.86 ,23.84 ,23.79 ,23.82 ,23.76 ,23.71 ,23.68 ,23.8 ,23.79 ,23.71 ,23.73 ,23.76 ,23.81 ,23.78 ,23.77 ,23.75 ,23.85 ,23.88 ,23.89 ,23.92 ,23.88 ,23.86 ,23.87 ,23.85 ,23.85 ,23.91 ,23.92 ,23.76 ,23.81 ,23.72 ,23.66 ,23.77 ,23.7 ,23.59 ,23.52 ,23.39 ,23.48 ,23.53 ,23.61 ,23.62 ,23.64 ,23.66 ,23.55 ,23.46 ,23.47 ,23.49 ,23.51 ,23.61 ,23.59 ,23.58 ,23.65 ,23.65 ,23.65 ,23.6 ,23.53 ,23.6 ,23.64 ,23.68 ,23.59 ,23.62 ,23.68 ,23.64 ,23.66 ,23.65 ,23.61 ,23.54 ,23.6 ,23.66 ,23.61 ,23.65 ,23.65 ,23.58 ,23.52 ,23.58 ,23.6 ,23.54 ,23.54 ,23.6 ,23.58 ,23.67 ,23.68 ,23.66 ,23.63 ,23.61 ,23.65 ,23.66 ,23.62 ,23.63 ,23.64 ,23.65 ,23.71 ,23.71 ,23.66 ,23.6 ,23.58 ,23.68 ,23.6 ,23.62 ,23.62 ,23.67 ,23.6 ,23.59 ,23.64 ,23.63 ,23.49 ,23.56 ,23.63 ,23.63 ,23.62 ,23.69 ,23.74 ,23.75 ,23.68 ,23.69 ,23.68 ,23.76 ,23.81 ,23.77 ,23.86 ,23.78 ,23.73 ,23.85 ,23.91 ,23.82 ,23.78 ,23.79 ,23.73 ,23.83 ,23.92 ,23.75 ,23.68 ,23.71 ,23.64 ,23.62 ,23.66 ,23.61 ,23.64 ,23.75 ,23.74 ,23.73 ,23.75 ,23.82 ,23.79 ,23.81 ,23.85 ,23.95 ,23.89 ,23.86 ,23.85 ,23.67 ,23.57 ,23.59 ,23.63 ,23.58 ,23.55 ,23.49 ,23.6 ,23.65 ,23.55 ,23.55 ,23.64 ,23.56 ,23.54 ,23.45 ,23.48 ,23.56 ,23.54 ,23.6 ,23.55 ,23.62 ,23.66 ,23.63 ,23.63 ,23.61 ,23.61 ,23.64 ,23.58 ,23.51 ,23.48 ,23.48 ,23.57 ,23.55 ,23.56 ,23.58 ,23.58 ,23.59 ,23.6 ,23.67 ,23.72 ,23.8 ,23.77 ,23.79 ,23.81 ,23.68 ,23.8 ,23.79 ,23.75 ,23.84 ,23.78 ,23.74 ,23.83 ,23.83 ,23.75 ,23.74 ,23.77 ,23.87 ,23.78 ,23.76 ,23.69 ,23.74 ,23.74 ,23.71 ,23.74 ,23.83 ,23.78 ,23.76 ,23.85 ,23.81 ,23.77 ,23.78 ,23.88 ,23.89 ,23.88 ,23.86 ,23.74 ,23.75 ,23.74 ,23.71 ,23.73 ,23.74 ,23.69 ,23.67 ,23.69 ,23.72 ,23.76 ,23.78 ,23.75 ,23.71 ,23.72 ,23.8 ,23.72 ,23.72 ,23.77 ,23.71 ,23.71 ,23.73 ,23.71 ,23.66 ,23.75 ,23.77 ,23.65 ,23.65 ,23.69 ,23.64 ,23.66 ,23.75 ,23.76 ,23.67 ,23.67 ,23.74 ,23.67 ,23.57 ,23.52 ,23.53 ,23.59 ,23.57 ,23.47 ,23.45 ,23.52 ,23.55 ,23.51 ,23.52 ,23.47 ,23.54 ,23.58 ,23.61 ,23.73 ,23.68 ,23.59 ,23.65 ,23.69 ,23.64 ,23.65 ,23.73 ,23.74 ,23.7 ,23.68 ,23.74 ,23.84 ,23.75 ,23.72 ,23.83 ,23.75 ,23.72 ,23.78 ,23.74 ,23.68 ,23.69 ,23.64 ,23.75 ,23.66 ,23.6 ,23.68 ,23.7 ,23.66 ,23.64 ,23.68 ,23.75 ,23.76 ,23.69 ,23.68 ,23.65 ,23.73 ,23.69 ,23.69 ,23.69 ,23.59 ,23.68 ,23.64 ,23.55 ,23.59 ,23.6 ,23.66 ,23.65 ,23.66 ,23.75 ,23.69 ,23.63 ,23.69 ,23.6 ,23.62 ,23.66 ,23.55 ,23.64 ,23.62 ,23.72 ,23.54 ,23.41 ,23.51 ,23.58 ,23.51 ,23.45 ,23.41 ,23.46 ,23.25 ,23.26 ,23.33 ,23.3 ,23.35 ,23.29 ,23.36 ,23.41 ,23.44 ,23.35 ,23.34 ,23.46 ,23.47 ,23.44 ,23.41 ,23.37 ,23.28 ,23.34 ,23.5 ,23.41 ,23.26 ,23.28 ,23.39 ,23.45 ,23.37 ,23.36 ,23.35 ,23.26 ,23.32 ,23.35 ,23.34 ,23.43 ,23.3 ,23.37 ,23.37 ,23.39 ,23.38 ,23.25 ,23.25 ,23.36 ,23.4 ,23.35 ,23.34 ,23.36 ,23.24 ,23.34 ,23.32 ,23.23 ,23.23 ,23.27 ,23.21 ,23.18 ,23.14 ,23.14 ,23.1 ,23.15 ,23.2 ,23.16 ,23.09 ,23.02 ,23.04 ,23.06 ,23.17 ,23.05 ,23.07 ,23.11 ,23.13 ,23.2 ,23.03 ,23.06 ,23.22 ,23.24 ,23.27 ,23.13 ,23.13 ,23.15 ,22.99 ,23.07 ,23.04 ,22.95 ,
144,23.4 ,23.27 ,23.32 ,23.26 ,23.23 ,23.28 ,23.28 ,23.13 ,23.01 ,23.07 ,22.96 ,22.97 ,23.03 ,23.01 ,22.98 ,23.1 ,23.29 ,23.38 ,23.44 ,23.35 ,23.37 ,23.44 ,23.52 ,23.43 ,23.43 ,23.42 ,23.45 ,23.43 ,23.38 ,23.5 ,23.51 ,23.47 ,23.42 ,23.42 ,23.38 ,23.45 ,23.5 ,23.55 ,23.62 ,23.54 ,23.57 ,23.54 ,23.56 ,23.47 ,23.51 ,23.65 ,23.61 ,23.59 ,23.49 ,23.53 ,23.53 ,23.6 ,23.57 ,23.52 ,23.49 ,23.53 ,23.52 ,23.55 ,23.52 ,23.46 ,23.5 ,23.54 ,23.55 ,23.57 ,23.55 ,23.5 ,23.56 ,23.54 ,23.57 ,23.55 ,23.53 ,23.59 ,23.65 ,23.57 ,23.63 ,23.62 ,23.59 ,23.59 ,23.66 ,23.58 ,23.62 ,23.59 ,23.49 ,23.61 ,23.63 ,23.56 ,23.64 ,23.58 ,23.45 ,23.42 ,23.4 ,23.44 ,23.43 ,23.3 ,23.33 ,23.4 ,23.4 ,23.38 ,23.48 ,23.52 ,23.56 ,23.65 ,23.59 ,23.56 ,23.66 ,23.65 ,23.65 ,23.6 ,23.59 ,23.64 ,23.69 ,23.67 ,23.62 ,23.7 ,23.68 ,23.66 ,23.66 ,23.7 ,23.62 ,23.68 ,23.68 ,23.65 ,23.68 ,23.72 ,23.72 ,23.69 ,23.75 ,23.82 ,23.79 ,23.69 ,23.74 ,23.81 ,23.77 ,23.81 ,23.76 ,23.73 ,23.73 ,23.74 ,23.78 ,23.8 ,23.82 ,23.78 ,23.78 ,23.74 ,23.79 ,23.82 ,23.83 ,23.77 ,23.84 ,23.82 ,23.72 ,23.76 ,23.81 ,23.81 ,23.68 ,23.72 ,23.81 ,23.79 ,23.76 ,23.75 ,23.75 ,23.8 ,23.83 ,23.81 ,23.83 ,23.82 ,23.72 ,23.69 ,23.57 ,23.55 ,23.56 ,23.46 ,23.49 ,23.62 ,23.61 ,23.59 ,23.58 ,23.57 ,23.47 ,23.41 ,23.39 ,23.48 ,23.37 ,23.29 ,23.4 ,23.49 ,23.4 ,23.41 ,23.52 ,23.54 ,23.51 ,23.57 ,23.57 ,23.47 ,23.51 ,23.51 ,23.54 ,23.56 ,23.59 ,23.57 ,23.51 ,23.54 ,23.5 ,23.4 ,23.37 ,23.47 ,23.69 ,23.72 ,23.66 ,23.65 ,23.57 ,23.58 ,23.7 ,23.79 ,23.78 ,23.77 ,23.86 ,23.89 ,23.89 ,23.88 ,23.87 ,23.81 ,23.72 ,23.77 ,23.88 ,23.75 ,23.78 ,23.83 ,23.83 ,23.79 ,23.8 ,23.79 ,23.79 ,23.86 ,23.9 ,23.85 ,23.88 ,23.89 ,23.85 ,23.84 ,23.85 ,23.9 ,23.99 ,23.86 ,23.8 ,23.8 ,23.67 ,23.64 ,23.6 ,23.53 ,23.47 ,23.41 ,23.39 ,23.35 ,23.46 ,23.61 ,23.67 ,23.69 ,23.58 ,23.57 ,23.59 ,23.49 ,23.46 ,23.51 ,23.56 ,23.59 ,23.63 ,23.6 ,23.61 ,23.69 ,23.58 ,23.59 ,23.6 ,23.63 ,23.6 ,23.61 ,23.64 ,23.67 ,23.65 ,23.65 ,23.68 ,23.61 ,23.66 ,23.7 ,23.66 ,23.62 ,23.67 ,23.63 ,23.61 ,23.58 ,23.53 ,23.53 ,23.5 ,23.58 ,23.65 ,23.69 ,23.67 ,23.62 ,23.56 ,23.62 ,23.61 ,23.65 ,23.6 ,23.62 ,23.62 ,23.64 ,23.67 ,23.65 ,23.62 ,23.54 ,23.59 ,23.73 ,23.68 ,23.66 ,23.68 ,23.61 ,23.64 ,23.6 ,23.63 ,23.6 ,23.57 ,23.6 ,23.65 ,23.64 ,23.59 ,23.58 ,23.62 ,23.62 ,23.69 ,23.69 ,23.77 ,23.81 ,23.91 ,23.85 ,23.85 ,23.82 ,23.8 ,23.81 ,23.9 ,23.87 ,23.8 ,23.78 ,23.67 ,23.77 ,23.78 ,23.67 ,23.68 ,23.67 ,23.66 ,23.63 ,23.7 ,23.71 ,23.72 ,23.81 ,23.82 ,23.81 ,23.82 ,23.84 ,23.83 ,23.79 ,23.79 ,23.88 ,23.91 ,23.86 ,23.89 ,23.81 ,23.64 ,23.64 ,23.69 ,23.65 ,23.63 ,23.57 ,23.68 ,23.72 ,23.58 ,23.49 ,23.58 ,23.6 ,23.64 ,23.59 ,23.52 ,23.58 ,23.62 ,23.69 ,23.56 ,23.55 ,23.66 ,23.68 ,23.6 ,23.59 ,23.61 ,23.59 ,23.59 ,23.53 ,23.51 ,23.53 ,23.61 ,23.63 ,23.65 ,23.67 ,23.67 ,23.64 ,23.63 ,23.66 ,23.75 ,23.74 ,23.79 ,23.78 ,23.86 ,23.77 ,23.79 ,23.8 ,23.78 ,23.88 ,23.87 ,23.77 ,23.8 ,23.85 ,23.8 ,23.85 ,23.88 ,23.92 ,23.86 ,23.79 ,23.82 ,23.84 ,23.82 ,23.76 ,23.77 ,23.88 ,23.84 ,23.74 ,23.75 ,23.81 ,23.84 ,23.8 ,23.86 ,23.88 ,23.82 ,23.79 ,23.78 ,23.77 ,23.76 ,23.71 ,23.76 ,23.76 ,23.75 ,23.72 ,23.65 ,23.68 ,23.74 ,23.84 ,23.74 ,23.75 ,23.69 ,23.67 ,23.72 ,23.81 ,23.79 ,23.73 ,23.68 ,23.73 ,23.67 ,23.62 ,23.69 ,23.71 ,23.68 ,23.69 ,23.69 ,23.66 ,23.63 ,23.69 ,23.73 ,23.72 ,23.63 ,23.7 ,23.69 ,23.56 ,23.51 ,23.51 ,23.51 ,23.5 ,23.47 ,23.43 ,23.45 ,23.49 ,23.54 ,23.55 ,23.54 ,23.6 ,23.63 ,23.59 ,23.62 ,23.66 ,23.67 ,23.71 ,23.74 ,23.66 ,23.65 ,23.69 ,23.77 ,23.77 ,23.75 ,23.75 ,23.82 ,23.74 ,23.75 ,23.86 ,23.82 ,23.74 ,23.72 ,23.65 ,23.72 ,23.7 ,23.73 ,23.73 ,23.71 ,23.67 ,23.73 ,23.72 ,23.72 ,23.65 ,23.68 ,23.8 ,23.75 ,23.71 ,23.67 ,23.67 ,23.61 ,23.69 ,23.64 ,23.72 ,23.66 ,23.71 ,23.63 ,23.55 ,23.66 ,23.61 ,23.6 ,23.62 ,23.61 ,23.73 ,23.71 ,23.6 ,23.69 ,23.62 ,23.53 ,23.66 ,23.58 ,23.6 ,23.64 ,23.71 ,23.66 ,23.51 ,23.6 ,23.49 ,23.46 ,23.47 ,23.44 ,23.37 ,23.33 ,23.34 ,23.38 ,23.35 ,23.37 ,23.22 ,23.31 ,23.32 ,23.35 ,23.39 ,23.33 ,23.35 ,23.43 ,23.53 ,23.57 ,23.52 ,23.34 ,23.31 ,23.38 ,23.39 ,23.21 ,23.28 ,23.33 ,23.37 ,23.46 ,23.46 ,23.45 ,23.31 ,23.34 ,23.34 ,23.38 ,23.46 ,23.41 ,23.36 ,23.33 ,23.35 ,23.31 ,23.32 ,23.29 ,23.35 ,23.34 ,23.39 ,23.32 ,23.29 ,23.24 ,23.3 ,23.36 ,23.28 ,23.31 ,23.26 ,23.21 ,23.15 ,23.07 ,23.17 ,23.13 ,23.23 ,23.22 ,23.19 ,23.16 ,23.12 ,23.07 ,23.15 ,23.21 ,23.13 ,23.08 ,23.15 ,23.16 ,23.09 ,23.05 ,23.09 ,23.13 ,23.18 ,23.18 ,23.16 ,23.11 ,23.09 ,23.08 ,23.09 ,23.07 ,23.05 ,
145,23.44 ,23.28 ,23.35 ,23.32 ,23.24 ,23.27 ,23.28 ,23.1 ,23.03 ,23.04 ,22.98 ,22.96 ,23.01 ,23 ,22.99 ,23.08 ,23.2 ,23.35 ,23.5 ,23.57 ,23.39 ,23.49 ,23.51 ,23.49 ,23.46 ,23.53 ,23.52 ,23.41 ,23.45 ,23.55 ,23.46 ,23.38 ,23.44 ,23.47 ,23.47 ,23.45 ,23.5 ,23.5 ,23.58 ,23.52 ,23.5 ,23.59 ,23.59 ,23.54 ,23.49 ,23.61 ,23.64 ,23.58 ,23.6 ,23.54 ,23.49 ,23.54 ,23.56 ,23.5 ,23.56 ,23.57 ,23.58 ,23.6 ,23.57 ,23.54 ,23.53 ,23.57 ,23.57 ,23.61 ,23.54 ,23.58 ,23.66 ,23.57 ,23.51 ,23.53 ,23.52 ,23.59 ,23.62 ,23.58 ,23.58 ,23.61 ,23.58 ,23.54 ,23.71 ,23.63 ,23.59 ,23.61 ,23.6 ,23.55 ,23.64 ,23.61 ,23.63 ,23.53 ,23.49 ,23.47 ,23.4 ,23.47 ,23.46 ,23.33 ,23.33 ,23.38 ,23.46 ,23.41 ,23.48 ,23.59 ,23.56 ,23.66 ,23.68 ,23.61 ,23.69 ,23.64 ,23.68 ,23.64 ,23.62 ,23.58 ,23.64 ,23.7 ,23.7 ,23.73 ,23.73 ,23.68 ,23.69 ,23.71 ,23.73 ,23.75 ,23.72 ,23.69 ,23.69 ,23.75 ,23.68 ,23.74 ,23.78 ,23.79 ,23.77 ,23.73 ,23.79 ,23.83 ,23.77 ,23.79 ,23.79 ,23.72 ,23.74 ,23.77 ,23.83 ,23.79 ,23.82 ,23.8 ,23.77 ,23.76 ,23.76 ,23.84 ,23.8 ,23.73 ,23.76 ,23.84 ,23.81 ,23.72 ,23.83 ,23.73 ,23.69 ,23.73 ,23.82 ,23.8 ,23.78 ,23.74 ,23.78 ,23.81 ,23.85 ,23.84 ,23.83 ,23.76 ,23.75 ,23.74 ,23.52 ,23.58 ,23.59 ,23.55 ,23.48 ,23.53 ,23.69 ,23.7 ,23.66 ,23.51 ,23.47 ,23.43 ,23.46 ,23.45 ,23.38 ,23.34 ,23.38 ,23.37 ,23.4 ,23.46 ,23.57 ,23.54 ,23.58 ,23.61 ,23.61 ,23.58 ,23.57 ,23.55 ,23.45 ,23.53 ,23.52 ,23.47 ,23.47 ,23.44 ,23.49 ,23.48 ,23.49 ,23.51 ,23.65 ,23.63 ,23.65 ,23.64 ,23.57 ,23.56 ,23.53 ,23.72 ,23.8 ,23.74 ,23.88 ,23.88 ,23.88 ,23.82 ,23.88 ,23.88 ,23.81 ,23.78 ,23.91 ,23.81 ,23.85 ,23.82 ,23.86 ,23.81 ,23.82 ,23.82 ,23.79 ,23.81 ,23.88 ,23.91 ,23.91 ,23.87 ,23.85 ,23.84 ,23.86 ,23.97 ,24.01 ,23.9 ,23.86 ,23.8 ,23.7 ,23.47 ,23.47 ,23.55 ,23.5 ,23.36 ,23.38 ,23.32 ,23.39 ,23.49 ,23.68 ,23.66 ,23.64 ,23.58 ,23.6 ,23.53 ,23.46 ,23.4 ,23.4 ,23.46 ,23.55 ,23.64 ,23.6 ,23.61 ,23.56 ,23.67 ,23.62 ,23.63 ,23.6 ,23.63 ,23.6 ,23.63 ,23.66 ,23.58 ,23.6 ,23.59 ,23.63 ,23.66 ,23.63 ,23.59 ,23.65 ,23.62 ,23.64 ,23.65 ,23.65 ,23.57 ,23.55 ,23.58 ,23.65 ,23.76 ,23.65 ,23.6 ,23.6 ,23.7 ,23.66 ,23.64 ,23.62 ,23.62 ,23.64 ,23.63 ,23.65 ,23.67 ,23.66 ,23.61 ,23.67 ,23.77 ,23.72 ,23.7 ,23.73 ,23.62 ,23.58 ,23.64 ,23.61 ,23.59 ,23.57 ,23.63 ,23.7 ,23.64 ,23.64 ,23.67 ,23.59 ,23.67 ,23.7 ,23.71 ,23.8 ,23.88 ,23.86 ,23.82 ,23.85 ,23.85 ,23.86 ,23.86 ,23.78 ,23.8 ,23.83 ,23.78 ,23.72 ,23.7 ,23.71 ,23.66 ,23.69 ,23.7 ,23.61 ,23.64 ,23.66 ,23.71 ,23.8 ,23.79 ,23.8 ,23.83 ,23.83 ,23.81 ,23.8 ,23.84 ,23.9 ,23.93 ,23.97 ,23.92 ,23.85 ,23.83 ,23.75 ,23.67 ,23.63 ,23.64 ,23.58 ,23.62 ,23.69 ,23.66 ,23.55 ,23.47 ,23.57 ,23.66 ,23.63 ,23.54 ,23.54 ,23.53 ,23.55 ,23.66 ,23.63 ,23.6 ,23.6 ,23.64 ,23.63 ,23.53 ,23.63 ,23.69 ,23.55 ,23.53 ,23.58 ,23.61 ,23.65 ,23.73 ,23.7 ,23.65 ,23.67 ,23.7 ,23.65 ,23.7 ,23.65 ,23.73 ,23.75 ,23.83 ,23.87 ,23.78 ,23.82 ,23.87 ,23.78 ,23.81 ,23.79 ,23.79 ,23.75 ,23.84 ,23.81 ,23.78 ,23.81 ,23.82 ,23.82 ,23.79 ,23.81 ,23.9 ,23.87 ,23.8 ,23.77 ,23.8 ,23.84 ,23.78 ,23.77 ,23.72 ,23.73 ,23.81 ,23.84 ,23.85 ,23.82 ,23.77 ,23.79 ,23.78 ,23.71 ,23.65 ,23.71 ,23.82 ,23.81 ,23.69 ,23.63 ,23.76 ,23.72 ,23.78 ,23.75 ,23.74 ,23.76 ,23.72 ,23.69 ,23.75 ,23.75 ,23.78 ,23.77 ,23.73 ,23.66 ,23.72 ,23.67 ,23.71 ,23.68 ,23.68 ,23.65 ,23.74 ,23.71 ,23.7 ,23.7 ,23.72 ,23.67 ,23.64 ,23.65 ,23.65 ,23.55 ,23.61 ,23.5 ,23.49 ,23.48 ,23.48 ,23.5 ,23.51 ,23.51 ,23.52 ,23.48 ,23.49 ,23.5 ,23.53 ,23.6 ,23.66 ,23.57 ,23.64 ,23.73 ,23.8 ,23.74 ,23.74 ,23.74 ,23.82 ,23.84 ,23.74 ,23.79 ,23.77 ,23.71 ,23.78 ,23.78 ,23.73 ,23.7 ,23.67 ,23.72 ,23.82 ,23.7 ,23.75 ,23.72 ,23.71 ,23.71 ,23.73 ,23.68 ,23.69 ,23.64 ,23.68 ,23.68 ,23.77 ,23.78 ,23.72 ,23.67 ,23.71 ,23.63 ,23.6 ,23.55 ,23.7 ,23.74 ,23.7 ,23.71 ,23.66 ,23.59 ,23.65 ,23.66 ,23.61 ,23.66 ,23.73 ,23.71 ,23.64 ,23.52 ,23.54 ,23.56 ,23.59 ,23.56 ,23.62 ,23.7 ,23.62 ,23.47 ,23.41 ,23.46 ,23.56 ,23.51 ,23.42 ,23.37 ,23.41 ,23.41 ,23.38 ,23.34 ,23.27 ,23.3 ,23.31 ,23.32 ,23.37 ,23.3 ,23.29 ,23.37 ,23.5 ,23.54 ,23.42 ,23.33 ,23.4 ,23.45 ,23.35 ,23.21 ,23.22 ,23.29 ,23.4 ,23.36 ,23.45 ,23.49 ,23.35 ,23.36 ,23.33 ,23.34 ,23.44 ,23.46 ,23.4 ,23.23 ,23.28 ,23.32 ,23.26 ,23.32 ,23.34 ,23.3 ,23.28 ,23.29 ,23.28 ,23.3 ,23.3 ,23.34 ,23.28 ,23.22 ,23.21 ,23.12 ,23.1 ,23.07 ,23.14 ,23.17 ,23.19 ,23.24 ,23.16 ,23.12 ,23.03 ,22.99 ,23.06 ,23.13 ,23.19 ,23.11 ,23.08 ,23.11 ,23.13 ,23.05 ,23.16 ,23.2 ,23.19 ,23.24 ,23.16 ,23.08 ,23.06 ,23.11 ,23.13 ,22.99 ,22.97 ,
146,23.45 ,23.39 ,23.36 ,23.35 ,23.28 ,23.28 ,23.2 ,23.04 ,22.96 ,22.94 ,23.01 ,23.05 ,23.01 ,22.98 ,23.02 ,23.12 ,23.24 ,23.31 ,23.51 ,23.52 ,23.43 ,23.43 ,23.49 ,23.43 ,23.46 ,23.53 ,23.55 ,23.47 ,23.41 ,23.5 ,23.44 ,23.35 ,23.41 ,23.47 ,23.52 ,23.53 ,23.56 ,23.6 ,23.61 ,23.52 ,23.45 ,23.52 ,23.56 ,23.43 ,23.43 ,23.54 ,23.63 ,23.7 ,23.57 ,23.5 ,23.47 ,23.49 ,23.55 ,23.58 ,23.52 ,23.56 ,23.5 ,23.5 ,23.52 ,23.49 ,23.55 ,23.55 ,23.57 ,23.55 ,23.56 ,23.55 ,23.64 ,23.62 ,23.56 ,23.54 ,23.55 ,23.57 ,23.61 ,23.59 ,23.55 ,23.55 ,23.57 ,23.5 ,23.57 ,23.59 ,23.51 ,23.57 ,23.59 ,23.56 ,23.53 ,23.64 ,23.68 ,23.64 ,23.5 ,23.5 ,23.47 ,23.46 ,23.45 ,23.45 ,23.38 ,23.46 ,23.48 ,23.48 ,23.51 ,23.53 ,23.61 ,23.66 ,23.74 ,23.63 ,23.63 ,23.63 ,23.64 ,23.6 ,23.62 ,23.61 ,23.64 ,23.64 ,23.63 ,23.66 ,23.71 ,23.7 ,23.74 ,23.73 ,23.73 ,23.78 ,23.81 ,23.76 ,23.68 ,23.81 ,23.79 ,23.77 ,23.84 ,23.75 ,23.7 ,23.69 ,23.74 ,23.87 ,23.78 ,23.76 ,23.73 ,23.69 ,23.65 ,23.71 ,23.8 ,23.79 ,23.81 ,23.76 ,23.81 ,23.76 ,23.71 ,23.78 ,23.77 ,23.79 ,23.78 ,23.84 ,23.85 ,23.78 ,23.83 ,23.78 ,23.72 ,23.74 ,23.8 ,23.82 ,23.8 ,23.79 ,23.77 ,23.82 ,23.79 ,23.84 ,23.8 ,23.77 ,23.75 ,23.72 ,23.52 ,23.54 ,23.59 ,23.59 ,23.58 ,23.55 ,23.68 ,23.67 ,23.6 ,23.56 ,23.53 ,23.46 ,23.45 ,23.49 ,23.36 ,23.39 ,23.41 ,23.33 ,23.39 ,23.53 ,23.59 ,23.54 ,23.61 ,23.61 ,23.57 ,23.54 ,23.59 ,23.59 ,23.53 ,23.49 ,23.53 ,23.5 ,23.54 ,23.5 ,23.51 ,23.52 ,23.52 ,23.52 ,23.61 ,23.61 ,23.65 ,23.73 ,23.69 ,23.55 ,23.55 ,23.6 ,23.63 ,23.65 ,23.82 ,23.95 ,23.88 ,23.79 ,23.8 ,23.86 ,23.8 ,23.82 ,23.82 ,23.83 ,23.8 ,23.81 ,23.87 ,23.88 ,23.86 ,23.87 ,23.89 ,23.82 ,23.86 ,23.96 ,23.98 ,23.88 ,23.85 ,23.83 ,23.85 ,23.96 ,24 ,23.84 ,23.83 ,23.82 ,23.62 ,23.42 ,23.5 ,23.53 ,23.49 ,23.37 ,23.35 ,23.36 ,23.31 ,23.4 ,23.56 ,23.59 ,23.64 ,23.61 ,23.64 ,23.59 ,23.56 ,23.48 ,23.46 ,23.42 ,23.42 ,23.59 ,23.67 ,23.6 ,23.6 ,23.64 ,23.62 ,23.62 ,23.64 ,23.63 ,23.65 ,23.69 ,23.59 ,23.54 ,23.63 ,23.61 ,23.62 ,23.63 ,23.66 ,23.62 ,23.61 ,23.6 ,23.6 ,23.61 ,23.61 ,23.6 ,23.59 ,23.62 ,23.6 ,23.67 ,23.71 ,23.67 ,23.6 ,23.61 ,23.67 ,23.69 ,23.63 ,23.63 ,23.7 ,23.72 ,23.64 ,23.69 ,23.66 ,23.66 ,23.69 ,23.76 ,23.65 ,23.69 ,23.72 ,23.62 ,23.65 ,23.65 ,23.56 ,23.54 ,23.55 ,23.57 ,23.61 ,23.69 ,23.68 ,23.69 ,23.58 ,23.61 ,23.68 ,23.73 ,23.76 ,23.78 ,23.79 ,23.85 ,23.88 ,23.85 ,23.84 ,23.89 ,23.87 ,23.76 ,23.82 ,23.81 ,23.79 ,23.73 ,23.69 ,23.63 ,23.7 ,23.75 ,23.66 ,23.63 ,23.7 ,23.69 ,23.78 ,23.79 ,23.75 ,23.81 ,23.79 ,23.77 ,23.82 ,23.84 ,23.82 ,23.94 ,23.96 ,23.89 ,23.79 ,23.77 ,23.72 ,23.69 ,23.56 ,23.62 ,23.64 ,23.63 ,23.69 ,23.63 ,23.56 ,23.53 ,23.59 ,23.67 ,23.69 ,23.54 ,23.51 ,23.47 ,23.49 ,23.6 ,23.67 ,23.66 ,23.61 ,23.63 ,23.62 ,23.57 ,23.54 ,23.7 ,23.67 ,23.58 ,23.58 ,23.54 ,23.62 ,23.72 ,23.68 ,23.6 ,23.65 ,23.64 ,23.57 ,23.64 ,23.63 ,23.62 ,23.74 ,23.77 ,23.79 ,23.85 ,23.86 ,23.85 ,23.78 ,23.79 ,23.79 ,23.85 ,23.84 ,23.81 ,23.76 ,23.75 ,23.76 ,23.76 ,23.77 ,23.78 ,23.81 ,23.8 ,23.84 ,23.81 ,23.74 ,23.72 ,23.82 ,23.82 ,23.78 ,23.75 ,23.72 ,23.72 ,23.76 ,23.75 ,23.79 ,23.78 ,23.81 ,23.81 ,23.79 ,23.73 ,23.7 ,23.79 ,23.85 ,23.77 ,23.62 ,23.8 ,23.71 ,23.76 ,23.8 ,23.75 ,23.75 ,23.79 ,23.71 ,23.67 ,23.73 ,23.76 ,23.69 ,23.78 ,23.71 ,23.7 ,23.75 ,23.76 ,23.67 ,23.6 ,23.6 ,23.63 ,23.69 ,23.76 ,23.78 ,23.8 ,23.72 ,23.67 ,23.63 ,23.55 ,23.48 ,23.57 ,23.55 ,23.55 ,23.52 ,23.49 ,23.47 ,23.44 ,23.47 ,23.51 ,23.52 ,23.55 ,23.5 ,23.56 ,23.6 ,23.59 ,23.58 ,23.65 ,23.67 ,23.78 ,23.77 ,23.75 ,23.79 ,23.7 ,23.79 ,23.78 ,23.67 ,23.75 ,23.8 ,23.81 ,23.83 ,23.79 ,23.77 ,23.72 ,23.7 ,23.8 ,23.82 ,23.82 ,23.76 ,23.67 ,23.69 ,23.75 ,23.69 ,23.69 ,23.62 ,23.65 ,23.7 ,23.69 ,23.76 ,23.77 ,23.74 ,23.68 ,23.6 ,23.64 ,23.6 ,23.65 ,23.68 ,23.67 ,23.66 ,23.67 ,23.6 ,23.63 ,23.64 ,23.61 ,23.62 ,23.83 ,23.76 ,23.62 ,23.44 ,23.56 ,23.6 ,23.68 ,23.68 ,23.62 ,23.64 ,23.52 ,23.4 ,23.43 ,23.54 ,23.52 ,23.43 ,23.5 ,23.43 ,23.35 ,23.34 ,23.27 ,23.31 ,23.31 ,23.4 ,23.44 ,23.43 ,23.44 ,23.34 ,23.27 ,23.34 ,23.33 ,23.43 ,23.36 ,23.3 ,23.37 ,23.45 ,23.4 ,23.31 ,23.37 ,23.38 ,23.4 ,23.32 ,23.36 ,23.43 ,23.35 ,23.29 ,23.27 ,23.34 ,23.33 ,23.33 ,23.34 ,23.26 ,23.32 ,23.32 ,23.33 ,23.44 ,23.38 ,23.26 ,23.27 ,23.33 ,23.35 ,23.34 ,23.36 ,23.34 ,23.28 ,23.27 ,23.24 ,23.16 ,23.1 ,23.16 ,23.12 ,23.1 ,23.17 ,23.16 ,23.16 ,23.2 ,23.07 ,22.98 ,23.1 ,23.22 ,23.22 ,23.21 ,23.16 ,23.15 ,23.22 ,23.11 ,23.13 ,23.16 ,23.16 ,23.23 ,23.18 ,23.02 ,23.05 ,23.13 ,23.14 ,23.11 ,23.01 ,
147,23.41 ,23.35 ,23.3 ,23.31 ,23.27 ,23.22 ,23.11 ,22.96 ,22.96 ,23 ,22.99 ,23.04 ,23.11 ,23.07 ,23.09 ,23.21 ,23.17 ,23.31 ,23.41 ,23.54 ,23.47 ,23.45 ,23.53 ,23.52 ,23.51 ,23.55 ,23.53 ,23.49 ,23.43 ,23.44 ,23.47 ,23.35 ,23.34 ,23.41 ,23.47 ,23.57 ,23.54 ,23.62 ,23.56 ,23.54 ,23.54 ,23.54 ,23.53 ,23.4 ,23.38 ,23.48 ,23.53 ,23.59 ,23.57 ,23.43 ,23.47 ,23.51 ,23.57 ,23.59 ,23.58 ,23.6 ,23.51 ,23.46 ,23.47 ,23.43 ,23.49 ,23.58 ,23.51 ,23.45 ,23.54 ,23.53 ,23.55 ,23.58 ,23.64 ,23.58 ,23.64 ,23.6 ,23.51 ,23.55 ,23.52 ,23.58 ,23.6 ,23.5 ,23.56 ,23.54 ,23.58 ,23.54 ,23.58 ,23.57 ,23.51 ,23.61 ,23.65 ,23.58 ,23.52 ,23.47 ,23.51 ,23.5 ,23.48 ,23.51 ,23.46 ,23.43 ,23.46 ,23.39 ,23.45 ,23.56 ,23.66 ,23.66 ,23.58 ,23.6 ,23.64 ,23.65 ,23.63 ,23.55 ,23.62 ,23.66 ,23.64 ,23.69 ,23.66 ,23.67 ,23.65 ,23.65 ,23.76 ,23.75 ,23.73 ,23.7 ,23.84 ,23.69 ,23.65 ,23.83 ,23.76 ,23.76 ,23.8 ,23.83 ,23.73 ,23.64 ,23.7 ,23.74 ,23.69 ,23.72 ,23.81 ,23.76 ,23.76 ,23.71 ,23.72 ,23.74 ,23.72 ,23.73 ,23.75 ,23.71 ,23.76 ,23.82 ,23.76 ,23.8 ,23.79 ,23.79 ,23.84 ,23.86 ,23.82 ,23.74 ,23.74 ,23.78 ,23.8 ,23.81 ,23.8 ,23.83 ,23.77 ,23.8 ,23.79 ,23.79 ,23.82 ,23.77 ,23.68 ,23.61 ,23.5 ,23.53 ,23.54 ,23.51 ,23.54 ,23.59 ,23.64 ,23.52 ,23.48 ,23.54 ,23.59 ,23.51 ,23.51 ,23.5 ,23.43 ,23.38 ,23.37 ,23.42 ,23.35 ,23.49 ,23.54 ,23.53 ,23.53 ,23.54 ,23.59 ,23.59 ,23.62 ,23.55 ,23.52 ,23.54 ,23.5 ,23.54 ,23.6 ,23.55 ,23.56 ,23.5 ,23.6 ,23.62 ,23.65 ,23.66 ,23.67 ,23.71 ,23.79 ,23.62 ,23.59 ,23.59 ,23.48 ,23.46 ,23.64 ,23.79 ,23.83 ,23.79 ,23.87 ,23.93 ,23.85 ,23.83 ,23.85 ,23.74 ,23.75 ,23.76 ,23.77 ,23.75 ,23.79 ,23.87 ,23.85 ,23.72 ,23.8 ,23.83 ,23.82 ,23.93 ,23.9 ,23.93 ,23.92 ,23.96 ,23.96 ,23.72 ,23.75 ,23.79 ,23.62 ,23.46 ,23.46 ,23.41 ,23.4 ,23.34 ,23.33 ,23.35 ,23.34 ,23.44 ,23.5 ,23.64 ,23.62 ,23.65 ,23.65 ,23.66 ,23.61 ,23.56 ,23.56 ,23.45 ,23.44 ,23.46 ,23.57 ,23.62 ,23.59 ,23.59 ,23.63 ,23.67 ,23.65 ,23.62 ,23.64 ,23.72 ,23.64 ,23.63 ,23.65 ,23.64 ,23.63 ,23.63 ,23.62 ,23.61 ,23.64 ,23.62 ,23.54 ,23.58 ,23.64 ,23.66 ,23.62 ,23.67 ,23.67 ,23.64 ,23.62 ,23.61 ,23.62 ,23.56 ,23.65 ,23.66 ,23.58 ,23.62 ,23.63 ,23.71 ,23.68 ,23.68 ,23.71 ,23.61 ,23.6 ,23.67 ,23.66 ,23.66 ,23.65 ,23.64 ,23.65 ,23.67 ,23.59 ,23.54 ,23.55 ,23.61 ,23.54 ,23.68 ,23.71 ,23.67 ,23.61 ,23.55 ,23.6 ,23.67 ,23.64 ,23.72 ,23.75 ,23.83 ,23.91 ,23.85 ,23.85 ,23.84 ,23.88 ,23.76 ,23.85 ,23.74 ,23.7 ,23.74 ,23.74 ,23.68 ,23.67 ,23.75 ,23.72 ,23.64 ,23.71 ,23.74 ,23.78 ,23.79 ,23.71 ,23.84 ,23.86 ,23.77 ,23.76 ,23.83 ,23.88 ,23.92 ,23.93 ,23.77 ,23.8 ,23.73 ,23.68 ,23.74 ,23.64 ,23.64 ,23.7 ,23.63 ,23.7 ,23.69 ,23.6 ,23.61 ,23.56 ,23.6 ,23.61 ,23.59 ,23.51 ,23.57 ,23.58 ,23.68 ,23.64 ,23.57 ,23.61 ,23.62 ,23.6 ,23.64 ,23.63 ,23.6 ,23.63 ,23.59 ,23.54 ,23.53 ,23.58 ,23.66 ,23.62 ,23.58 ,23.7 ,23.65 ,23.54 ,23.56 ,23.56 ,23.63 ,23.74 ,23.7 ,23.69 ,23.79 ,23.86 ,23.79 ,23.8 ,23.8 ,23.8 ,23.83 ,23.85 ,23.85 ,23.78 ,23.79 ,23.83 ,23.82 ,23.85 ,23.83 ,23.78 ,23.8 ,23.78 ,23.82 ,23.78 ,23.77 ,23.84 ,23.82 ,23.84 ,23.78 ,23.77 ,23.81 ,23.84 ,23.83 ,23.71 ,23.71 ,23.73 ,23.78 ,23.76 ,23.73 ,23.73 ,23.83 ,23.78 ,23.76 ,23.71 ,23.75 ,23.74 ,23.77 ,23.8 ,23.72 ,23.73 ,23.82 ,23.65 ,23.59 ,23.67 ,23.74 ,23.76 ,23.79 ,23.77 ,23.75 ,23.68 ,23.69 ,23.64 ,23.62 ,23.69 ,23.61 ,23.63 ,23.66 ,23.76 ,23.82 ,23.83 ,23.78 ,23.64 ,23.58 ,23.42 ,23.44 ,23.48 ,23.5 ,23.51 ,23.53 ,23.46 ,23.45 ,23.53 ,23.51 ,23.49 ,23.55 ,23.59 ,23.56 ,23.51 ,23.61 ,23.69 ,23.81 ,23.67 ,23.68 ,23.7 ,23.71 ,23.78 ,23.75 ,23.69 ,23.79 ,23.72 ,23.74 ,23.79 ,23.86 ,23.87 ,23.85 ,23.8 ,23.74 ,23.69 ,23.77 ,23.82 ,23.83 ,23.72 ,23.63 ,23.63 ,23.75 ,23.7 ,23.65 ,23.71 ,23.73 ,23.79 ,23.71 ,23.63 ,23.7 ,23.71 ,23.75 ,23.62 ,23.52 ,23.59 ,23.59 ,23.62 ,23.59 ,23.59 ,23.62 ,23.56 ,23.5 ,23.62 ,23.58 ,23.65 ,23.69 ,23.69 ,23.57 ,23.44 ,23.59 ,23.64 ,23.73 ,23.75 ,23.71 ,23.67 ,23.56 ,23.41 ,23.51 ,23.59 ,23.55 ,23.47 ,23.42 ,23.38 ,23.37 ,23.33 ,23.25 ,23.32 ,23.29 ,23.35 ,23.49 ,23.53 ,23.39 ,23.31 ,23.37 ,23.43 ,23.37 ,23.3 ,23.39 ,23.35 ,23.27 ,23.31 ,23.39 ,23.29 ,23.38 ,23.43 ,23.41 ,23.32 ,23.3 ,23.38 ,23.32 ,23.33 ,23.25 ,23.33 ,23.28 ,23.29 ,23.38 ,23.4 ,23.36 ,23.35 ,23.3 ,23.35 ,23.35 ,23.32 ,23.26 ,23.33 ,23.39 ,23.31 ,23.28 ,23.24 ,23.23 ,23.21 ,23.26 ,23.22 ,23.16 ,23.16 ,23.15 ,23.13 ,23.09 ,23.08 ,23.08 ,23.18 ,23.12 ,23.05 ,23.21 ,23.16 ,23.1 ,23.16 ,23.17 ,23.15 ,23.22 ,23.1 ,23.06 ,23.05 ,23.18 ,23.13 ,23.13 ,23.03 ,23.09 ,23.11 ,23.14 ,23.18 ,23.13 ,
148,23.4 ,23.25 ,23.21 ,23.25 ,23.31 ,23.23 ,23.17 ,23.02 ,23.06 ,23.06 ,23.06 ,23 ,23.1 ,23.03 ,23.02 ,23.12 ,23.21 ,23.27 ,23.36 ,23.48 ,23.42 ,23.47 ,23.55 ,23.49 ,23.53 ,23.47 ,23.59 ,23.51 ,23.45 ,23.39 ,23.49 ,23.41 ,23.35 ,23.4 ,23.4 ,23.49 ,23.45 ,23.53 ,23.54 ,23.59 ,23.6 ,23.5 ,23.5 ,23.47 ,23.43 ,23.4 ,23.47 ,23.49 ,23.56 ,23.52 ,23.43 ,23.5 ,23.58 ,23.63 ,23.62 ,23.57 ,23.48 ,23.5 ,23.53 ,23.4 ,23.49 ,23.58 ,23.59 ,23.52 ,23.58 ,23.56 ,23.61 ,23.54 ,23.61 ,23.64 ,23.63 ,23.54 ,23.55 ,23.54 ,23.5 ,23.5 ,23.56 ,23.59 ,23.59 ,23.61 ,23.65 ,23.58 ,23.58 ,23.62 ,23.6 ,23.62 ,23.64 ,23.65 ,23.49 ,23.37 ,23.42 ,23.47 ,23.43 ,23.41 ,23.4 ,23.42 ,23.41 ,23.39 ,23.45 ,23.6 ,23.67 ,23.69 ,23.67 ,23.58 ,23.62 ,23.64 ,23.63 ,23.58 ,23.63 ,23.69 ,23.69 ,23.75 ,23.73 ,23.69 ,23.67 ,23.61 ,23.65 ,23.7 ,23.67 ,23.65 ,23.69 ,23.69 ,23.64 ,23.73 ,23.77 ,23.78 ,23.78 ,23.79 ,23.73 ,23.67 ,23.69 ,23.75 ,23.66 ,23.74 ,23.83 ,23.78 ,23.74 ,23.73 ,23.84 ,23.81 ,23.74 ,23.78 ,23.75 ,23.76 ,23.77 ,23.75 ,23.71 ,23.72 ,23.71 ,23.74 ,23.8 ,23.84 ,23.9 ,23.8 ,23.74 ,23.77 ,23.83 ,23.86 ,23.83 ,23.84 ,23.84 ,23.82 ,23.84 ,23.78 ,23.79 ,23.78 ,23.7 ,23.59 ,23.52 ,23.6 ,23.59 ,23.51 ,23.47 ,23.52 ,23.6 ,23.57 ,23.45 ,23.53 ,23.61 ,23.49 ,23.5 ,23.57 ,23.46 ,23.42 ,23.44 ,23.44 ,23.47 ,23.49 ,23.55 ,23.55 ,23.52 ,23.48 ,23.61 ,23.74 ,23.67 ,23.57 ,23.54 ,23.55 ,23.58 ,23.51 ,23.51 ,23.49 ,23.52 ,23.5 ,23.6 ,23.75 ,23.77 ,23.71 ,23.66 ,23.72 ,23.8 ,23.75 ,23.67 ,23.65 ,23.52 ,23.46 ,23.54 ,23.66 ,23.79 ,23.85 ,23.89 ,23.9 ,23.86 ,23.86 ,23.85 ,23.73 ,23.8 ,23.81 ,23.7 ,23.77 ,23.83 ,23.92 ,23.9 ,23.81 ,23.84 ,23.84 ,23.87 ,23.91 ,23.9 ,23.94 ,23.95 ,23.96 ,23.81 ,23.63 ,23.69 ,23.74 ,23.69 ,23.57 ,23.43 ,23.4 ,23.36 ,23.34 ,23.28 ,23.28 ,23.4 ,23.48 ,23.57 ,23.63 ,23.63 ,23.62 ,23.63 ,23.61 ,23.65 ,23.66 ,23.63 ,23.5 ,23.47 ,23.43 ,23.47 ,23.59 ,23.53 ,23.56 ,23.64 ,23.72 ,23.67 ,23.59 ,23.62 ,23.7 ,23.65 ,23.66 ,23.67 ,23.67 ,23.63 ,23.6 ,23.62 ,23.57 ,23.66 ,23.57 ,23.49 ,23.57 ,23.63 ,23.65 ,23.56 ,23.72 ,23.71 ,23.66 ,23.62 ,23.6 ,23.53 ,23.58 ,23.64 ,23.71 ,23.67 ,23.66 ,23.65 ,23.64 ,23.61 ,23.62 ,23.65 ,23.52 ,23.54 ,23.61 ,23.61 ,23.66 ,23.62 ,23.61 ,23.59 ,23.62 ,23.58 ,23.56 ,23.53 ,23.6 ,23.64 ,23.62 ,23.67 ,23.64 ,23.62 ,23.62 ,23.64 ,23.67 ,23.63 ,23.67 ,23.76 ,23.83 ,23.92 ,23.82 ,23.91 ,23.84 ,23.75 ,23.72 ,23.81 ,23.73 ,23.62 ,23.68 ,23.68 ,23.73 ,23.71 ,23.7 ,23.71 ,23.66 ,23.69 ,23.7 ,23.76 ,23.75 ,23.76 ,23.82 ,23.81 ,23.79 ,23.75 ,23.77 ,23.88 ,23.93 ,23.92 ,23.83 ,23.82 ,23.73 ,23.67 ,23.81 ,23.66 ,23.58 ,23.57 ,23.6 ,23.66 ,23.69 ,23.54 ,23.59 ,23.53 ,23.56 ,23.56 ,23.54 ,23.54 ,23.57 ,23.59 ,23.61 ,23.6 ,23.64 ,23.6 ,23.6 ,23.58 ,23.62 ,23.7 ,23.56 ,23.49 ,23.6 ,23.56 ,23.57 ,23.63 ,23.69 ,23.63 ,23.55 ,23.67 ,23.68 ,23.55 ,23.61 ,23.64 ,23.65 ,23.72 ,23.71 ,23.72 ,23.79 ,23.85 ,23.78 ,23.77 ,23.81 ,23.75 ,23.84 ,23.92 ,23.81 ,23.79 ,23.78 ,23.86 ,23.89 ,23.89 ,23.78 ,23.75 ,23.77 ,23.8 ,23.78 ,23.81 ,23.8 ,23.87 ,23.87 ,23.89 ,23.83 ,23.78 ,23.73 ,23.72 ,23.82 ,23.77 ,23.71 ,23.74 ,23.77 ,23.78 ,23.79 ,23.81 ,23.84 ,23.83 ,23.68 ,23.68 ,23.63 ,23.72 ,23.84 ,23.85 ,23.75 ,23.75 ,23.79 ,23.67 ,23.65 ,23.7 ,23.75 ,23.77 ,23.83 ,23.77 ,23.75 ,23.66 ,23.69 ,23.63 ,23.65 ,23.72 ,23.71 ,23.7 ,23.69 ,23.69 ,23.8 ,23.81 ,23.74 ,23.68 ,23.63 ,23.54 ,23.49 ,23.47 ,23.49 ,23.46 ,23.58 ,23.56 ,23.5 ,23.56 ,23.59 ,23.52 ,23.56 ,23.57 ,23.54 ,23.55 ,23.65 ,23.69 ,23.74 ,23.77 ,23.77 ,23.74 ,23.8 ,23.74 ,23.81 ,23.78 ,23.74 ,23.83 ,23.79 ,23.79 ,23.82 ,23.77 ,23.74 ,23.79 ,23.71 ,23.76 ,23.87 ,23.78 ,23.75 ,23.76 ,23.71 ,23.69 ,23.83 ,23.77 ,23.71 ,23.69 ,23.76 ,23.75 ,23.76 ,23.71 ,23.64 ,23.72 ,23.71 ,23.61 ,23.61 ,23.57 ,23.63 ,23.59 ,23.63 ,23.64 ,23.64 ,23.6 ,23.56 ,23.64 ,23.59 ,23.56 ,23.56 ,23.63 ,23.6 ,23.42 ,23.51 ,23.58 ,23.61 ,23.64 ,23.63 ,23.65 ,23.58 ,23.5 ,23.5 ,23.58 ,23.5 ,23.43 ,23.45 ,23.28 ,23.34 ,23.24 ,23.27 ,23.31 ,23.31 ,23.32 ,23.42 ,23.51 ,23.45 ,23.4 ,23.36 ,23.42 ,23.44 ,23.34 ,23.37 ,23.3 ,23.18 ,23.12 ,23.24 ,23.31 ,23.33 ,23.39 ,23.37 ,23.36 ,23.38 ,23.4 ,23.32 ,23.28 ,23.25 ,23.33 ,23.36 ,23.35 ,23.47 ,23.47 ,23.44 ,23.37 ,23.31 ,23.28 ,23.36 ,23.31 ,23.26 ,23.34 ,23.45 ,23.35 ,23.23 ,23.21 ,23.22 ,23.26 ,23.2 ,23.3 ,23.21 ,23.11 ,23.07 ,23.07 ,23.16 ,23.02 ,23.08 ,23.2 ,23.1 ,23.13 ,23.28 ,23.15 ,22.98 ,23.05 ,23.16 ,23.13 ,23.14 ,23.13 ,23.13 ,23.12 ,23.11 ,23.08 ,23.06 ,22.97 ,23.01 ,23.13 ,23.1 ,23.11 ,23.12 ,
149,23.3 ,23.25 ,23.24 ,23.33 ,23.29 ,23.22 ,23.15 ,23.03 ,22.93 ,22.99 ,22.94 ,23.02 ,23.06 ,22.92 ,22.99 ,23.05 ,23.17 ,23.34 ,23.47 ,23.44 ,23.46 ,23.46 ,23.54 ,23.46 ,23.44 ,23.51 ,23.53 ,23.54 ,23.45 ,23.47 ,23.47 ,23.35 ,23.39 ,23.37 ,23.32 ,23.48 ,23.39 ,23.48 ,23.55 ,23.5 ,23.58 ,23.54 ,23.54 ,23.46 ,23.46 ,23.43 ,23.45 ,23.59 ,23.61 ,23.61 ,23.41 ,23.53 ,23.59 ,23.52 ,23.56 ,23.48 ,23.49 ,23.52 ,23.53 ,23.49 ,23.5 ,23.47 ,23.63 ,23.6 ,23.57 ,23.58 ,23.58 ,23.63 ,23.58 ,23.6 ,23.58 ,23.5 ,23.59 ,23.68 ,23.58 ,23.56 ,23.59 ,23.67 ,23.64 ,23.58 ,23.59 ,23.61 ,23.54 ,23.49 ,23.54 ,23.51 ,23.55 ,23.57 ,23.47 ,23.32 ,23.36 ,23.42 ,23.43 ,23.42 ,23.34 ,23.42 ,23.44 ,23.41 ,23.46 ,23.62 ,23.65 ,23.68 ,23.68 ,23.69 ,23.63 ,23.65 ,23.69 ,23.61 ,23.64 ,23.66 ,23.64 ,23.76 ,23.76 ,23.69 ,23.65 ,23.59 ,23.63 ,23.67 ,23.69 ,23.67 ,23.66 ,23.72 ,23.73 ,23.71 ,23.75 ,23.74 ,23.82 ,23.83 ,23.79 ,23.71 ,23.69 ,23.77 ,23.79 ,23.75 ,23.86 ,23.84 ,23.79 ,23.74 ,23.83 ,23.8 ,23.74 ,23.74 ,23.82 ,23.76 ,23.82 ,23.78 ,23.7 ,23.66 ,23.63 ,23.77 ,23.76 ,23.68 ,23.84 ,23.87 ,23.71 ,23.78 ,23.83 ,23.83 ,23.8 ,23.8 ,23.82 ,23.81 ,23.86 ,23.8 ,23.76 ,23.74 ,23.64 ,23.59 ,23.53 ,23.6 ,23.61 ,23.56 ,23.52 ,23.52 ,23.58 ,23.64 ,23.55 ,23.55 ,23.63 ,23.57 ,23.47 ,23.49 ,23.39 ,23.38 ,23.42 ,23.41 ,23.38 ,23.42 ,23.5 ,23.47 ,23.51 ,23.53 ,23.62 ,23.7 ,23.63 ,23.55 ,23.51 ,23.53 ,23.58 ,23.51 ,23.51 ,23.5 ,23.49 ,23.53 ,23.63 ,23.72 ,23.78 ,23.74 ,23.67 ,23.73 ,23.8 ,23.79 ,23.71 ,23.62 ,23.6 ,23.53 ,23.51 ,23.59 ,23.72 ,23.83 ,23.87 ,23.84 ,23.84 ,23.82 ,23.83 ,23.71 ,23.78 ,23.77 ,23.73 ,23.75 ,23.84 ,23.82 ,23.84 ,23.85 ,23.9 ,23.92 ,23.89 ,23.91 ,23.9 ,23.93 ,23.9 ,23.87 ,23.79 ,23.62 ,23.62 ,23.67 ,23.77 ,23.75 ,23.58 ,23.42 ,23.36 ,23.34 ,23.31 ,23.25 ,23.34 ,23.41 ,23.57 ,23.6 ,23.57 ,23.58 ,23.56 ,23.62 ,23.67 ,23.65 ,23.65 ,23.59 ,23.5 ,23.44 ,23.42 ,23.49 ,23.5 ,23.53 ,23.61 ,23.65 ,23.65 ,23.62 ,23.63 ,23.66 ,23.61 ,23.6 ,23.61 ,23.64 ,23.59 ,23.59 ,23.62 ,23.64 ,23.64 ,23.62 ,23.53 ,23.59 ,23.6 ,23.61 ,23.56 ,23.62 ,23.68 ,23.63 ,23.64 ,23.66 ,23.58 ,23.64 ,23.7 ,23.73 ,23.73 ,23.66 ,23.67 ,23.64 ,23.59 ,23.58 ,23.61 ,23.59 ,23.57 ,23.7 ,23.61 ,23.55 ,23.65 ,23.65 ,23.58 ,23.57 ,23.57 ,23.51 ,23.47 ,23.54 ,23.66 ,23.67 ,23.63 ,23.55 ,23.52 ,23.58 ,23.64 ,23.65 ,23.73 ,23.65 ,23.67 ,23.83 ,23.91 ,23.84 ,23.8 ,23.83 ,23.86 ,23.73 ,23.78 ,23.72 ,23.7 ,23.72 ,23.74 ,23.62 ,23.67 ,23.72 ,23.68 ,23.75 ,23.79 ,23.74 ,23.75 ,23.74 ,23.76 ,23.79 ,23.78 ,23.8 ,23.73 ,23.7 ,23.77 ,23.83 ,23.93 ,23.84 ,23.83 ,23.85 ,23.75 ,23.81 ,23.82 ,23.63 ,23.59 ,23.58 ,23.63 ,23.64 ,23.57 ,23.57 ,23.53 ,23.61 ,23.57 ,23.57 ,23.57 ,23.49 ,23.55 ,23.63 ,23.6 ,23.61 ,23.61 ,23.59 ,23.61 ,23.65 ,23.64 ,23.6 ,23.62 ,23.59 ,23.57 ,23.54 ,23.61 ,23.59 ,23.61 ,23.52 ,23.61 ,23.72 ,23.59 ,23.53 ,23.55 ,23.62 ,23.69 ,23.68 ,23.79 ,23.86 ,23.89 ,23.77 ,23.77 ,23.79 ,23.75 ,23.84 ,23.81 ,23.77 ,23.76 ,23.8 ,23.82 ,23.92 ,23.92 ,23.79 ,23.7 ,23.82 ,23.87 ,23.81 ,23.75 ,23.83 ,23.84 ,23.9 ,23.92 ,23.82 ,23.8 ,23.77 ,23.73 ,23.73 ,23.74 ,23.77 ,23.76 ,23.76 ,23.77 ,23.77 ,23.77 ,23.84 ,23.81 ,23.73 ,23.75 ,23.75 ,23.75 ,23.81 ,23.83 ,23.84 ,23.77 ,23.82 ,23.78 ,23.69 ,23.71 ,23.82 ,23.75 ,23.77 ,23.74 ,23.79 ,23.79 ,23.71 ,23.72 ,23.67 ,23.69 ,23.69 ,23.71 ,23.74 ,23.7 ,23.72 ,23.77 ,23.72 ,23.68 ,23.66 ,23.54 ,23.49 ,23.46 ,23.54 ,23.51 ,23.58 ,23.54 ,23.49 ,23.49 ,23.44 ,23.5 ,23.5 ,23.51 ,23.48 ,23.57 ,23.71 ,23.72 ,23.72 ,23.82 ,23.86 ,23.72 ,23.84 ,23.84 ,23.81 ,23.81 ,23.7 ,23.76 ,23.84 ,23.75 ,23.78 ,23.72 ,23.71 ,23.74 ,23.71 ,23.75 ,23.77 ,23.77 ,23.74 ,23.72 ,23.65 ,23.71 ,23.78 ,23.73 ,23.69 ,23.69 ,23.71 ,23.68 ,23.71 ,23.74 ,23.66 ,23.62 ,23.68 ,23.58 ,23.61 ,23.59 ,23.63 ,23.66 ,23.62 ,23.62 ,23.62 ,23.63 ,23.61 ,23.53 ,23.54 ,23.6 ,23.57 ,23.64 ,23.69 ,23.52 ,23.4 ,23.45 ,23.59 ,23.63 ,23.58 ,23.56 ,23.52 ,23.59 ,23.55 ,23.54 ,23.45 ,23.33 ,23.41 ,23.38 ,23.34 ,23.24 ,23.23 ,23.29 ,23.27 ,23.37 ,23.34 ,23.4 ,23.43 ,23.44 ,23.31 ,23.32 ,23.33 ,23.33 ,23.47 ,23.31 ,23.2 ,23.2 ,23.23 ,23.26 ,23.32 ,23.32 ,23.37 ,23.41 ,23.4 ,23.41 ,23.37 ,23.28 ,23.32 ,23.32 ,23.39 ,23.41 ,23.47 ,23.44 ,23.38 ,23.46 ,23.37 ,23.31 ,23.33 ,23.29 ,23.3 ,23.34 ,23.33 ,23.31 ,23.25 ,23.24 ,23.14 ,23.29 ,23.33 ,23.14 ,23.15 ,23.1 ,23.13 ,23.07 ,23.15 ,23.11 ,23.1 ,23.18 ,23.11 ,23.11 ,23.18 ,23.19 ,23.1 ,23.19 ,23.13 ,23.12 ,23.17 ,23.18 ,23.18 ,23.15 ,23.13 ,23.02 ,23.07 ,23.05 ,22.96 ,22.99 ,23.1 ,23.06 ,23.07 ,
150,23.38 ,23.24 ,23.29 ,23.3 ,23.26 ,23.18 ,23.08 ,23.02 ,22.96 ,22.92 ,22.85 ,22.94 ,23.03 ,22.97 ,23.09 ,23.22 ,23.29 ,23.38 ,23.43 ,23.38 ,23.39 ,23.44 ,23.47 ,23.5 ,23.54 ,23.52 ,23.53 ,23.53 ,23.47 ,23.49 ,23.55 ,23.41 ,23.39 ,23.43 ,23.41 ,23.52 ,23.47 ,23.51 ,23.57 ,23.47 ,23.49 ,23.56 ,23.55 ,23.47 ,23.46 ,23.53 ,23.49 ,23.62 ,23.61 ,23.57 ,23.51 ,23.54 ,23.62 ,23.49 ,23.46 ,23.56 ,23.54 ,23.59 ,23.46 ,23.52 ,23.58 ,23.59 ,23.58 ,23.56 ,23.56 ,23.48 ,23.58 ,23.61 ,23.56 ,23.57 ,23.54 ,23.57 ,23.6 ,23.62 ,23.65 ,23.62 ,23.59 ,23.58 ,23.59 ,23.52 ,23.51 ,23.58 ,23.53 ,23.54 ,23.63 ,23.59 ,23.54 ,23.51 ,23.45 ,23.33 ,23.4 ,23.49 ,23.44 ,23.41 ,23.35 ,23.38 ,23.45 ,23.38 ,23.47 ,23.66 ,23.68 ,23.66 ,23.68 ,23.63 ,23.69 ,23.63 ,23.65 ,23.64 ,23.65 ,23.66 ,23.64 ,23.68 ,23.75 ,23.68 ,23.69 ,23.67 ,23.73 ,23.73 ,23.77 ,23.76 ,23.67 ,23.68 ,23.67 ,23.75 ,23.75 ,23.66 ,23.73 ,23.81 ,23.83 ,23.72 ,23.79 ,23.79 ,23.78 ,23.69 ,23.7 ,23.83 ,23.88 ,23.75 ,23.71 ,23.78 ,23.74 ,23.78 ,23.84 ,23.73 ,23.79 ,23.86 ,23.79 ,23.7 ,23.7 ,23.77 ,23.7 ,23.66 ,23.81 ,23.85 ,23.72 ,23.78 ,23.81 ,23.85 ,23.86 ,23.84 ,23.79 ,23.8 ,23.91 ,23.91 ,23.79 ,23.74 ,23.63 ,23.68 ,23.61 ,23.56 ,23.58 ,23.58 ,23.56 ,23.63 ,23.61 ,23.6 ,23.64 ,23.5 ,23.51 ,23.53 ,23.56 ,23.56 ,23.42 ,23.35 ,23.37 ,23.4 ,23.41 ,23.41 ,23.52 ,23.56 ,23.54 ,23.61 ,23.71 ,23.65 ,23.61 ,23.57 ,23.51 ,23.51 ,23.52 ,23.43 ,23.52 ,23.56 ,23.63 ,23.56 ,23.61 ,23.69 ,23.71 ,23.72 ,23.72 ,23.79 ,23.78 ,23.77 ,23.73 ,23.66 ,23.6 ,23.6 ,23.52 ,23.6 ,23.63 ,23.73 ,23.86 ,23.87 ,23.85 ,23.85 ,23.86 ,23.83 ,23.8 ,23.71 ,23.7 ,23.7 ,23.73 ,23.75 ,23.81 ,23.83 ,23.89 ,23.87 ,23.84 ,23.91 ,23.91 ,23.96 ,23.89 ,23.86 ,23.79 ,23.62 ,23.68 ,23.63 ,23.72 ,23.83 ,23.67 ,23.46 ,23.4 ,23.36 ,23.36 ,23.38 ,23.32 ,23.37 ,23.55 ,23.69 ,23.58 ,23.6 ,23.56 ,23.56 ,23.66 ,23.7 ,23.71 ,23.63 ,23.57 ,23.59 ,23.49 ,23.42 ,23.41 ,23.56 ,23.6 ,23.67 ,23.63 ,23.6 ,23.57 ,23.67 ,23.65 ,23.64 ,23.65 ,23.62 ,23.56 ,23.59 ,23.58 ,23.65 ,23.64 ,23.6 ,23.62 ,23.61 ,23.57 ,23.59 ,23.58 ,23.59 ,23.64 ,23.62 ,23.67 ,23.69 ,23.63 ,23.64 ,23.72 ,23.68 ,23.68 ,23.68 ,23.62 ,23.7 ,23.62 ,23.59 ,23.63 ,23.65 ,23.71 ,23.73 ,23.63 ,23.57 ,23.65 ,23.57 ,23.55 ,23.6 ,23.6 ,23.53 ,23.44 ,23.51 ,23.65 ,23.69 ,23.66 ,23.61 ,23.56 ,23.64 ,23.66 ,23.63 ,23.67 ,23.69 ,23.64 ,23.8 ,23.88 ,23.8 ,23.82 ,23.87 ,23.88 ,23.77 ,23.72 ,23.7 ,23.67 ,23.7 ,23.75 ,23.7 ,23.75 ,23.78 ,23.75 ,23.83 ,23.82 ,23.71 ,23.75 ,23.84 ,23.82 ,23.74 ,23.71 ,23.81 ,23.86 ,23.76 ,23.76 ,23.79 ,23.95 ,23.9 ,23.79 ,23.86 ,23.77 ,23.76 ,23.85 ,23.76 ,23.64 ,23.63 ,23.66 ,23.68 ,23.58 ,23.59 ,23.49 ,23.58 ,23.56 ,23.61 ,23.62 ,23.54 ,23.52 ,23.57 ,23.59 ,23.69 ,23.61 ,23.62 ,23.61 ,23.62 ,23.6 ,23.56 ,23.61 ,23.63 ,23.54 ,23.54 ,23.59 ,23.61 ,23.6 ,23.56 ,23.6 ,23.75 ,23.68 ,23.59 ,23.57 ,23.56 ,23.55 ,23.68 ,23.79 ,23.8 ,23.82 ,23.76 ,23.71 ,23.85 ,23.8 ,23.81 ,23.81 ,23.81 ,23.75 ,23.73 ,23.78 ,23.81 ,23.87 ,23.82 ,23.78 ,23.84 ,23.9 ,23.83 ,23.79 ,23.82 ,23.86 ,23.84 ,23.84 ,23.8 ,23.8 ,23.84 ,23.83 ,23.78 ,23.75 ,23.78 ,23.81 ,23.8 ,23.72 ,23.76 ,23.71 ,23.79 ,23.74 ,23.76 ,23.76 ,23.77 ,23.76 ,23.8 ,23.82 ,23.81 ,23.71 ,23.87 ,23.85 ,23.74 ,23.66 ,23.85 ,23.78 ,23.73 ,23.68 ,23.72 ,23.78 ,23.66 ,23.7 ,23.69 ,23.66 ,23.66 ,23.66 ,23.78 ,23.76 ,23.67 ,23.82 ,23.85 ,23.71 ,23.57 ,23.5 ,23.47 ,23.5 ,23.6 ,23.59 ,23.69 ,23.62 ,23.47 ,23.46 ,23.49 ,23.5 ,23.44 ,23.43 ,23.53 ,23.6 ,23.69 ,23.75 ,23.77 ,23.77 ,23.79 ,23.69 ,23.81 ,23.82 ,23.85 ,23.89 ,23.7 ,23.71 ,23.78 ,23.8 ,23.76 ,23.73 ,23.78 ,23.81 ,23.76 ,23.77 ,23.77 ,23.73 ,23.72 ,23.71 ,23.62 ,23.63 ,23.77 ,23.71 ,23.7 ,23.74 ,23.75 ,23.66 ,23.66 ,23.7 ,23.7 ,23.61 ,23.65 ,23.66 ,23.7 ,23.72 ,23.7 ,23.69 ,23.67 ,23.67 ,23.61 ,23.6 ,23.62 ,23.54 ,23.55 ,23.67 ,23.65 ,23.69 ,23.68 ,23.57 ,23.44 ,23.53 ,23.62 ,23.6 ,23.61 ,23.62 ,23.51 ,23.51 ,23.55 ,23.56 ,23.47 ,23.36 ,23.36 ,23.38 ,23.39 ,23.42 ,23.37 ,23.35 ,23.33 ,23.34 ,23.43 ,23.39 ,23.36 ,23.39 ,23.31 ,23.33 ,23.36 ,23.37 ,23.47 ,23.4 ,23.3 ,23.3 ,23.35 ,23.27 ,23.4 ,23.41 ,23.4 ,23.41 ,23.44 ,23.4 ,23.32 ,23.36 ,23.41 ,23.32 ,23.35 ,23.34 ,23.38 ,23.38 ,23.45 ,23.41 ,23.41 ,23.39 ,23.33 ,23.24 ,23.38 ,23.33 ,23.2 ,23.21 ,23.26 ,23.27 ,23.19 ,23.26 ,23.41 ,23.22 ,23.12 ,23.11 ,23.19 ,23.04 ,23.22 ,23.19 ,23.16 ,23.14 ,23.17 ,23.08 ,23.06 ,23.18 ,23.1 ,23.16 ,23.22 ,23.14 ,23.24 ,23.2 ,23.13 ,23.23 ,23.12 ,23.07 ,23.18 ,23.16 ,23.09 ,23 ,23 ,23.05 ,22.99 ,
151,23.28 ,23.18 ,23.22 ,23.22 ,23.22 ,23.18 ,23.05 ,22.95 ,22.96 ,22.95 ,22.91 ,22.97 ,23.02 ,23.04 ,23.14 ,23.22 ,23.29 ,23.45 ,23.34 ,23.35 ,23.39 ,23.46 ,23.44 ,23.46 ,23.53 ,23.52 ,23.45 ,23.45 ,23.5 ,23.51 ,23.59 ,23.45 ,23.37 ,23.42 ,23.5 ,23.6 ,23.49 ,23.56 ,23.61 ,23.52 ,23.54 ,23.46 ,23.5 ,23.51 ,23.47 ,23.55 ,23.55 ,23.57 ,23.66 ,23.6 ,23.45 ,23.49 ,23.56 ,23.52 ,23.44 ,23.54 ,23.65 ,23.6 ,23.51 ,23.49 ,23.59 ,23.56 ,23.59 ,23.59 ,23.51 ,23.55 ,23.53 ,23.57 ,23.54 ,23.49 ,23.55 ,23.64 ,23.64 ,23.62 ,23.62 ,23.63 ,23.65 ,23.59 ,23.56 ,23.52 ,23.53 ,23.56 ,23.6 ,23.58 ,23.65 ,23.62 ,23.57 ,23.57 ,23.54 ,23.42 ,23.45 ,23.55 ,23.5 ,23.4 ,23.38 ,23.44 ,23.49 ,23.49 ,23.51 ,23.68 ,23.68 ,23.68 ,23.66 ,23.59 ,23.72 ,23.74 ,23.66 ,23.64 ,23.65 ,23.64 ,23.64 ,23.71 ,23.71 ,23.67 ,23.7 ,23.77 ,23.79 ,23.8 ,23.76 ,23.82 ,23.67 ,23.62 ,23.7 ,23.71 ,23.73 ,23.71 ,23.71 ,23.71 ,23.76 ,23.68 ,23.75 ,23.8 ,23.73 ,23.73 ,23.79 ,23.73 ,23.92 ,23.84 ,23.82 ,23.83 ,23.78 ,23.83 ,23.83 ,23.75 ,23.7 ,23.78 ,23.82 ,23.78 ,23.73 ,23.73 ,23.63 ,23.67 ,23.85 ,23.9 ,23.77 ,23.7 ,23.8 ,23.84 ,23.83 ,23.86 ,23.8 ,23.83 ,23.91 ,23.94 ,23.84 ,23.66 ,23.54 ,23.63 ,23.58 ,23.56 ,23.6 ,23.54 ,23.55 ,23.59 ,23.63 ,23.6 ,23.58 ,23.5 ,23.45 ,23.5 ,23.59 ,23.52 ,23.5 ,23.36 ,23.43 ,23.45 ,23.41 ,23.45 ,23.53 ,23.53 ,23.58 ,23.62 ,23.71 ,23.79 ,23.56 ,23.49 ,23.47 ,23.42 ,23.52 ,23.47 ,23.54 ,23.58 ,23.63 ,23.61 ,23.61 ,23.71 ,23.64 ,23.67 ,23.66 ,23.76 ,23.77 ,23.74 ,23.75 ,23.68 ,23.59 ,23.56 ,23.58 ,23.67 ,23.67 ,23.62 ,23.74 ,23.82 ,23.82 ,23.84 ,23.9 ,23.86 ,23.86 ,23.73 ,23.66 ,23.71 ,23.71 ,23.75 ,23.81 ,23.84 ,23.8 ,23.78 ,23.9 ,23.9 ,23.91 ,23.88 ,23.87 ,23.84 ,23.8 ,23.71 ,23.74 ,23.64 ,23.61 ,23.72 ,23.65 ,23.57 ,23.48 ,23.39 ,23.39 ,23.4 ,23.33 ,23.34 ,23.47 ,23.56 ,23.56 ,23.57 ,23.54 ,23.55 ,23.7 ,23.73 ,23.66 ,23.65 ,23.57 ,23.65 ,23.62 ,23.45 ,23.42 ,23.53 ,23.56 ,23.55 ,23.67 ,23.61 ,23.58 ,23.59 ,23.64 ,23.67 ,23.66 ,23.7 ,23.57 ,23.61 ,23.6 ,23.61 ,23.63 ,23.57 ,23.65 ,23.72 ,23.63 ,23.62 ,23.62 ,23.59 ,23.65 ,23.7 ,23.67 ,23.64 ,23.66 ,23.67 ,23.7 ,23.66 ,23.63 ,23.66 ,23.66 ,23.7 ,23.65 ,23.64 ,23.69 ,23.63 ,23.66 ,23.67 ,23.67 ,23.61 ,23.65 ,23.61 ,23.58 ,23.65 ,23.62 ,23.6 ,23.56 ,23.52 ,23.56 ,23.69 ,23.73 ,23.76 ,23.65 ,23.65 ,23.65 ,23.65 ,23.62 ,23.65 ,23.67 ,23.76 ,23.84 ,23.84 ,23.86 ,23.9 ,23.87 ,23.8 ,23.7 ,23.73 ,23.67 ,23.68 ,23.69 ,23.69 ,23.74 ,23.74 ,23.77 ,23.87 ,23.87 ,23.79 ,23.73 ,23.85 ,23.78 ,23.82 ,23.77 ,23.85 ,23.88 ,23.89 ,23.82 ,23.85 ,23.92 ,23.87 ,23.8 ,23.81 ,23.72 ,23.81 ,23.87 ,23.71 ,23.58 ,23.65 ,23.73 ,23.74 ,23.59 ,23.56 ,23.64 ,23.6 ,23.55 ,23.55 ,23.62 ,23.64 ,23.57 ,23.61 ,23.63 ,23.69 ,23.67 ,23.69 ,23.62 ,23.52 ,23.57 ,23.64 ,23.6 ,23.57 ,23.58 ,23.6 ,23.62 ,23.69 ,23.68 ,23.54 ,23.55 ,23.7 ,23.66 ,23.63 ,23.62 ,23.55 ,23.53 ,23.67 ,23.76 ,23.8 ,23.82 ,23.81 ,23.75 ,23.82 ,23.84 ,23.79 ,23.78 ,23.77 ,23.86 ,23.83 ,23.76 ,23.76 ,23.74 ,23.78 ,23.73 ,23.81 ,23.83 ,23.76 ,23.78 ,23.82 ,23.88 ,23.79 ,23.79 ,23.78 ,23.83 ,23.89 ,23.86 ,23.76 ,23.85 ,23.85 ,23.78 ,23.75 ,23.75 ,23.76 ,23.77 ,23.79 ,23.76 ,23.72 ,23.76 ,23.72 ,23.68 ,23.76 ,23.82 ,23.81 ,23.67 ,23.69 ,23.75 ,23.71 ,23.71 ,23.8 ,23.77 ,23.71 ,23.69 ,23.68 ,23.75 ,23.75 ,23.77 ,23.71 ,23.69 ,23.68 ,23.6 ,23.8 ,23.8 ,23.7 ,23.78 ,23.8 ,23.77 ,23.6 ,23.55 ,23.48 ,23.47 ,23.58 ,23.68 ,23.75 ,23.72 ,23.53 ,23.49 ,23.58 ,23.5 ,23.46 ,23.52 ,23.56 ,23.55 ,23.68 ,23.72 ,23.76 ,23.72 ,23.74 ,23.77 ,23.82 ,23.8 ,23.81 ,23.88 ,23.73 ,23.72 ,23.77 ,23.85 ,23.8 ,23.77 ,23.75 ,23.76 ,23.75 ,23.81 ,23.85 ,23.81 ,23.7 ,23.71 ,23.62 ,23.66 ,23.77 ,23.74 ,23.76 ,23.76 ,23.68 ,23.69 ,23.68 ,23.72 ,23.72 ,23.7 ,23.7 ,23.73 ,23.73 ,23.71 ,23.72 ,23.69 ,23.65 ,23.74 ,23.68 ,23.64 ,23.56 ,23.54 ,23.63 ,23.8 ,23.71 ,23.69 ,23.66 ,23.57 ,23.62 ,23.57 ,23.58 ,23.55 ,23.55 ,23.57 ,23.48 ,23.51 ,23.44 ,23.46 ,23.49 ,23.37 ,23.4 ,23.4 ,23.37 ,23.3 ,23.36 ,23.34 ,23.2 ,23.33 ,23.4 ,23.37 ,23.28 ,23.36 ,23.42 ,23.4 ,23.4 ,23.46 ,23.49 ,23.44 ,23.37 ,23.37 ,23.38 ,23.23 ,23.31 ,23.43 ,23.36 ,23.36 ,23.5 ,23.49 ,23.34 ,23.25 ,23.28 ,23.3 ,23.33 ,23.32 ,23.32 ,23.31 ,23.38 ,23.35 ,23.29 ,23.4 ,23.37 ,23.35 ,23.34 ,23.3 ,23.28 ,23.32 ,23.34 ,23.33 ,23.31 ,23.32 ,23.43 ,23.26 ,23.25 ,23.23 ,23.25 ,23.16 ,23.14 ,23.25 ,23.23 ,23.2 ,23.26 ,23.09 ,23.15 ,23.24 ,23.15 ,23.04 ,23.18 ,23.2 ,23.3 ,23.23 ,23.14 ,23.26 ,23.17 ,23.01 ,23.13 ,23.06 ,23.16 ,23.17 ,23.14 ,23 ,22.92 ,
152,23.24 ,23.11 ,23.2 ,23.21 ,23.16 ,23.1 ,22.99 ,22.88 ,22.9 ,23 ,22.99 ,22.94 ,22.96 ,22.99 ,23.11 ,23.28 ,23.33 ,23.48 ,23.44 ,23.36 ,23.43 ,23.53 ,23.52 ,23.4 ,23.43 ,23.59 ,23.49 ,23.46 ,23.48 ,23.54 ,23.48 ,23.44 ,23.35 ,23.38 ,23.53 ,23.56 ,23.54 ,23.54 ,23.58 ,23.54 ,23.49 ,23.43 ,23.5 ,23.57 ,23.47 ,23.48 ,23.54 ,23.52 ,23.56 ,23.69 ,23.52 ,23.43 ,23.51 ,23.51 ,23.42 ,23.45 ,23.62 ,23.7 ,23.57 ,23.52 ,23.54 ,23.54 ,23.51 ,23.49 ,23.51 ,23.5 ,23.58 ,23.47 ,23.47 ,23.53 ,23.47 ,23.67 ,23.67 ,23.63 ,23.62 ,23.57 ,23.57 ,23.61 ,23.62 ,23.53 ,23.57 ,23.64 ,23.56 ,23.5 ,23.53 ,23.55 ,23.55 ,23.56 ,23.48 ,23.35 ,23.4 ,23.43 ,23.42 ,23.39 ,23.38 ,23.47 ,23.57 ,23.55 ,23.63 ,23.61 ,23.67 ,23.74 ,23.66 ,23.59 ,23.7 ,23.77 ,23.68 ,23.65 ,23.68 ,23.66 ,23.56 ,23.62 ,23.67 ,23.67 ,23.69 ,23.78 ,23.79 ,23.7 ,23.71 ,23.79 ,23.74 ,23.61 ,23.67 ,23.76 ,23.76 ,23.86 ,23.79 ,23.79 ,23.83 ,23.7 ,23.65 ,23.75 ,23.77 ,23.76 ,23.86 ,23.79 ,23.8 ,23.77 ,23.84 ,23.84 ,23.79 ,23.78 ,23.81 ,23.77 ,23.78 ,23.76 ,23.77 ,23.79 ,23.79 ,23.76 ,23.74 ,23.77 ,23.89 ,23.86 ,23.79 ,23.74 ,23.75 ,23.78 ,23.81 ,23.82 ,23.74 ,23.79 ,23.87 ,23.85 ,23.77 ,23.65 ,23.52 ,23.58 ,23.58 ,23.58 ,23.61 ,23.52 ,23.5 ,23.58 ,23.65 ,23.62 ,23.59 ,23.56 ,23.5 ,23.5 ,23.53 ,23.53 ,23.48 ,23.42 ,23.48 ,23.47 ,23.41 ,23.35 ,23.43 ,23.5 ,23.55 ,23.61 ,23.68 ,23.7 ,23.63 ,23.43 ,23.47 ,23.51 ,23.52 ,23.51 ,23.53 ,23.56 ,23.61 ,23.63 ,23.68 ,23.73 ,23.73 ,23.65 ,23.62 ,23.71 ,23.7 ,23.64 ,23.63 ,23.63 ,23.59 ,23.58 ,23.59 ,23.67 ,23.67 ,23.61 ,23.61 ,23.68 ,23.71 ,23.7 ,23.84 ,23.81 ,23.79 ,23.83 ,23.73 ,23.71 ,23.69 ,23.7 ,23.79 ,23.79 ,23.73 ,23.73 ,23.88 ,23.83 ,23.82 ,23.79 ,23.73 ,23.82 ,23.79 ,23.7 ,23.74 ,23.71 ,23.59 ,23.55 ,23.59 ,23.61 ,23.6 ,23.37 ,23.38 ,23.41 ,23.33 ,23.37 ,23.35 ,23.48 ,23.47 ,23.58 ,23.61 ,23.59 ,23.68 ,23.68 ,23.67 ,23.64 ,23.61 ,23.66 ,23.68 ,23.52 ,23.48 ,23.46 ,23.43 ,23.46 ,23.59 ,23.62 ,23.61 ,23.63 ,23.58 ,23.63 ,23.64 ,23.62 ,23.59 ,23.53 ,23.61 ,23.59 ,23.66 ,23.61 ,23.6 ,23.62 ,23.58 ,23.61 ,23.61 ,23.62 ,23.64 ,23.71 ,23.67 ,23.66 ,23.64 ,23.63 ,23.67 ,23.71 ,23.67 ,23.63 ,23.61 ,23.63 ,23.67 ,23.7 ,23.68 ,23.58 ,23.57 ,23.68 ,23.69 ,23.73 ,23.61 ,23.59 ,23.57 ,23.64 ,23.61 ,23.56 ,23.5 ,23.5 ,23.54 ,23.63 ,23.69 ,23.71 ,23.67 ,23.63 ,23.59 ,23.64 ,23.67 ,23.66 ,23.62 ,23.67 ,23.74 ,23.78 ,23.83 ,23.92 ,23.82 ,23.71 ,23.65 ,23.68 ,23.72 ,23.72 ,23.7 ,23.63 ,23.71 ,23.79 ,23.75 ,23.86 ,23.86 ,23.83 ,23.75 ,23.76 ,23.78 ,23.72 ,23.81 ,23.85 ,23.77 ,23.78 ,23.84 ,23.78 ,23.88 ,23.86 ,23.91 ,23.9 ,23.88 ,23.87 ,23.86 ,23.76 ,23.66 ,23.68 ,23.8 ,23.76 ,23.59 ,23.62 ,23.64 ,23.63 ,23.62 ,23.56 ,23.6 ,23.62 ,23.52 ,23.6 ,23.63 ,23.62 ,23.65 ,23.65 ,23.6 ,23.6 ,23.62 ,23.62 ,23.67 ,23.61 ,23.55 ,23.58 ,23.61 ,23.61 ,23.67 ,23.59 ,23.55 ,23.63 ,23.68 ,23.64 ,23.6 ,23.51 ,23.59 ,23.72 ,23.77 ,23.82 ,23.84 ,23.73 ,23.76 ,23.81 ,23.78 ,23.84 ,23.78 ,23.7 ,23.82 ,23.81 ,23.85 ,23.8 ,23.73 ,23.72 ,23.74 ,23.76 ,23.85 ,23.77 ,23.78 ,23.83 ,23.82 ,23.8 ,23.85 ,23.84 ,23.84 ,23.82 ,23.8 ,23.78 ,23.78 ,23.88 ,23.81 ,23.76 ,23.73 ,23.74 ,23.79 ,23.83 ,23.78 ,23.74 ,23.72 ,23.73 ,23.73 ,23.73 ,23.7 ,23.69 ,23.75 ,23.7 ,23.68 ,23.76 ,23.73 ,23.7 ,23.72 ,23.76 ,23.73 ,23.78 ,23.75 ,23.74 ,23.77 ,23.69 ,23.66 ,23.78 ,23.64 ,23.76 ,23.79 ,23.73 ,23.73 ,23.8 ,23.69 ,23.63 ,23.54 ,23.5 ,23.49 ,23.51 ,23.59 ,23.6 ,23.55 ,23.54 ,23.48 ,23.42 ,23.47 ,23.52 ,23.58 ,23.57 ,23.56 ,23.6 ,23.7 ,23.82 ,23.84 ,23.78 ,23.82 ,23.78 ,23.79 ,23.9 ,23.88 ,23.72 ,23.81 ,23.78 ,23.82 ,23.85 ,23.83 ,23.74 ,23.62 ,23.66 ,23.74 ,23.87 ,23.81 ,23.75 ,23.73 ,23.59 ,23.71 ,23.79 ,23.77 ,23.72 ,23.73 ,23.65 ,23.69 ,23.76 ,23.73 ,23.68 ,23.73 ,23.69 ,23.64 ,23.7 ,23.61 ,23.55 ,23.58 ,23.62 ,23.68 ,23.72 ,23.61 ,23.56 ,23.6 ,23.67 ,23.71 ,23.73 ,23.66 ,23.68 ,23.6 ,23.72 ,23.67 ,23.69 ,23.65 ,23.56 ,23.54 ,23.5 ,23.53 ,23.44 ,23.43 ,23.48 ,23.44 ,23.45 ,23.41 ,23.46 ,23.3 ,23.22 ,23.29 ,23.16 ,23.26 ,23.39 ,23.35 ,23.3 ,23.39 ,23.42 ,23.4 ,23.36 ,23.34 ,23.32 ,23.41 ,23.41 ,23.44 ,23.4 ,23.21 ,23.23 ,23.42 ,23.36 ,23.26 ,23.4 ,23.42 ,23.44 ,23.4 ,23.34 ,23.32 ,23.39 ,23.37 ,23.33 ,23.37 ,23.38 ,23.37 ,23.29 ,23.39 ,23.38 ,23.39 ,23.42 ,23.31 ,23.29 ,23.33 ,23.28 ,23.26 ,23.26 ,23.22 ,23.25 ,23.21 ,23.22 ,23.23 ,23.26 ,23.23 ,23.14 ,23.17 ,23.18 ,23.14 ,23.22 ,23.19 ,23.14 ,23.15 ,23.08 ,23.12 ,23.13 ,23.24 ,23.28 ,23.21 ,23.25 ,23.2 ,23.17 ,23.14 ,23.14 ,23.04 ,23.05 ,23.1 ,23.06 ,23.07 ,23.04 ,
153,23.23 ,23.1 ,23.2 ,23.28 ,23.2 ,23.17 ,23.12 ,22.96 ,22.99 ,22.97 ,22.89 ,22.91 ,22.99 ,23.03 ,23.16 ,23.24 ,23.24 ,23.34 ,23.46 ,23.38 ,23.42 ,23.48 ,23.52 ,23.41 ,23.52 ,23.61 ,23.56 ,23.53 ,23.48 ,23.5 ,23.55 ,23.47 ,23.35 ,23.42 ,23.42 ,23.46 ,23.5 ,23.5 ,23.54 ,23.52 ,23.5 ,23.49 ,23.51 ,23.48 ,23.48 ,23.53 ,23.58 ,23.57 ,23.48 ,23.51 ,23.48 ,23.45 ,23.58 ,23.52 ,23.45 ,23.4 ,23.51 ,23.55 ,23.57 ,23.54 ,23.58 ,23.63 ,23.53 ,23.51 ,23.58 ,23.59 ,23.57 ,23.54 ,23.47 ,23.47 ,23.52 ,23.6 ,23.63 ,23.61 ,23.61 ,23.51 ,23.58 ,23.59 ,23.57 ,23.59 ,23.64 ,23.64 ,23.61 ,23.48 ,23.52 ,23.56 ,23.54 ,23.69 ,23.53 ,23.46 ,23.45 ,23.38 ,23.44 ,23.42 ,23.41 ,23.52 ,23.5 ,23.59 ,23.6 ,23.62 ,23.67 ,23.71 ,23.62 ,23.67 ,23.75 ,23.76 ,23.76 ,23.67 ,23.65 ,23.68 ,23.57 ,23.54 ,23.7 ,23.69 ,23.64 ,23.68 ,23.7 ,23.68 ,23.71 ,23.78 ,23.74 ,23.71 ,23.65 ,23.74 ,23.73 ,23.79 ,23.86 ,23.81 ,23.79 ,23.69 ,23.68 ,23.7 ,23.75 ,23.75 ,23.77 ,23.75 ,23.79 ,23.7 ,23.77 ,23.84 ,23.79 ,23.78 ,23.79 ,23.76 ,23.85 ,23.82 ,23.8 ,23.74 ,23.82 ,23.86 ,23.81 ,23.81 ,23.82 ,23.83 ,23.83 ,23.8 ,23.71 ,23.77 ,23.8 ,23.79 ,23.84 ,23.75 ,23.75 ,23.67 ,23.72 ,23.74 ,23.66 ,23.65 ,23.53 ,23.56 ,23.69 ,23.55 ,23.52 ,23.56 ,23.58 ,23.59 ,23.57 ,23.56 ,23.61 ,23.55 ,23.52 ,23.56 ,23.52 ,23.45 ,23.44 ,23.43 ,23.5 ,23.4 ,23.45 ,23.48 ,23.58 ,23.72 ,23.9 ,23.81 ,23.62 ,23.45 ,23.47 ,23.55 ,23.49 ,23.49 ,23.56 ,23.58 ,23.62 ,23.7 ,23.8 ,23.8 ,23.78 ,23.75 ,23.68 ,23.73 ,23.6 ,23.57 ,23.64 ,23.66 ,23.68 ,23.57 ,23.61 ,23.66 ,23.62 ,23.57 ,23.66 ,23.62 ,23.57 ,23.56 ,23.67 ,23.77 ,23.75 ,23.81 ,23.82 ,23.81 ,23.62 ,23.67 ,23.77 ,23.82 ,23.81 ,23.75 ,23.78 ,23.81 ,23.83 ,23.84 ,23.68 ,23.75 ,23.65 ,23.6 ,23.7 ,23.62 ,23.42 ,23.44 ,23.61 ,23.68 ,23.63 ,23.43 ,23.3 ,23.34 ,23.37 ,23.36 ,23.38 ,23.53 ,23.58 ,23.61 ,23.65 ,23.64 ,23.69 ,23.62 ,23.66 ,23.61 ,23.59 ,23.66 ,23.64 ,23.55 ,23.57 ,23.5 ,23.43 ,23.44 ,23.53 ,23.57 ,23.61 ,23.66 ,23.62 ,23.63 ,23.68 ,23.57 ,23.62 ,23.56 ,23.52 ,23.59 ,23.58 ,23.57 ,23.58 ,23.56 ,23.57 ,23.61 ,23.61 ,23.64 ,23.65 ,23.72 ,23.68 ,23.7 ,23.63 ,23.62 ,23.7 ,23.71 ,23.66 ,23.62 ,23.56 ,23.58 ,23.64 ,23.72 ,23.67 ,23.63 ,23.56 ,23.73 ,23.75 ,23.72 ,23.67 ,23.63 ,23.69 ,23.57 ,23.57 ,23.51 ,23.46 ,23.58 ,23.62 ,23.61 ,23.66 ,23.64 ,23.62 ,23.63 ,23.6 ,23.63 ,23.63 ,23.62 ,23.51 ,23.56 ,23.72 ,23.77 ,23.76 ,23.85 ,23.82 ,23.63 ,23.66 ,23.76 ,23.72 ,23.68 ,23.75 ,23.72 ,23.77 ,23.82 ,23.75 ,23.79 ,23.81 ,23.73 ,23.74 ,23.77 ,23.76 ,23.73 ,23.77 ,23.83 ,23.75 ,23.74 ,23.76 ,23.82 ,23.89 ,23.88 ,23.9 ,23.9 ,23.83 ,23.82 ,23.88 ,23.94 ,23.79 ,23.67 ,23.73 ,23.72 ,23.58 ,23.54 ,23.55 ,23.59 ,23.62 ,23.6 ,23.63 ,23.6 ,23.52 ,23.59 ,23.57 ,23.6 ,23.71 ,23.6 ,23.56 ,23.64 ,23.66 ,23.57 ,23.6 ,23.58 ,23.55 ,23.58 ,23.64 ,23.65 ,23.62 ,23.6 ,23.58 ,23.66 ,23.67 ,23.66 ,23.56 ,23.59 ,23.64 ,23.77 ,23.81 ,23.83 ,23.84 ,23.76 ,23.67 ,23.82 ,23.78 ,23.85 ,23.87 ,23.74 ,23.74 ,23.86 ,23.88 ,23.88 ,23.79 ,23.76 ,23.75 ,23.77 ,23.85 ,23.86 ,23.8 ,23.78 ,23.74 ,23.84 ,23.86 ,23.83 ,23.77 ,23.81 ,23.8 ,23.84 ,23.76 ,23.74 ,23.77 ,23.8 ,23.76 ,23.74 ,23.78 ,23.81 ,23.78 ,23.76 ,23.69 ,23.73 ,23.71 ,23.73 ,23.71 ,23.67 ,23.71 ,23.78 ,23.68 ,23.71 ,23.75 ,23.74 ,23.71 ,23.82 ,23.78 ,23.8 ,23.77 ,23.71 ,23.73 ,23.64 ,23.6 ,23.74 ,23.77 ,23.78 ,23.77 ,23.77 ,23.75 ,23.77 ,23.76 ,23.71 ,23.56 ,23.43 ,23.56 ,23.57 ,23.49 ,23.53 ,23.46 ,23.47 ,23.47 ,23.44 ,23.44 ,23.5 ,23.47 ,23.53 ,23.55 ,23.62 ,23.66 ,23.7 ,23.74 ,23.72 ,23.74 ,23.79 ,23.82 ,23.82 ,23.82 ,23.78 ,23.8 ,23.79 ,23.81 ,23.87 ,23.86 ,23.81 ,23.7 ,23.6 ,23.73 ,23.82 ,23.78 ,23.81 ,23.75 ,23.63 ,23.67 ,23.73 ,23.7 ,23.72 ,23.78 ,23.75 ,23.7 ,23.66 ,23.75 ,23.66 ,23.68 ,23.66 ,23.64 ,23.62 ,23.61 ,23.59 ,23.59 ,23.62 ,23.67 ,23.68 ,23.57 ,23.46 ,23.55 ,23.57 ,23.59 ,23.58 ,23.69 ,23.63 ,23.63 ,23.71 ,23.7 ,23.69 ,23.69 ,23.68 ,23.6 ,23.52 ,23.6 ,23.51 ,23.4 ,23.44 ,23.5 ,23.49 ,23.32 ,23.39 ,23.34 ,23.32 ,23.28 ,23.23 ,23.26 ,23.37 ,23.38 ,23.34 ,23.33 ,23.41 ,23.35 ,23.31 ,23.35 ,23.36 ,23.32 ,23.36 ,23.32 ,23.31 ,23.19 ,23.3 ,23.43 ,23.35 ,23.19 ,23.28 ,23.33 ,23.35 ,23.4 ,23.42 ,23.41 ,23.4 ,23.45 ,23.44 ,23.49 ,23.44 ,23.35 ,23.3 ,23.34 ,23.4 ,23.37 ,23.37 ,23.39 ,23.28 ,23.22 ,23.16 ,23.26 ,23.23 ,23.17 ,23.23 ,23.21 ,23.2 ,23.26 ,23.16 ,23.15 ,23.21 ,23.1 ,23.19 ,23.13 ,23.04 ,23.1 ,23.16 ,23.08 ,23.03 ,23.12 ,23.17 ,23.22 ,23.2 ,23.11 ,23.07 ,23.16 ,23.14 ,23.13 ,23.17 ,23.14 ,23.09 ,23.06 ,23.06 ,23.09 ,23.07 ,
154,23.25 ,23.18 ,23.1 ,23.19 ,23.18 ,23.13 ,23.16 ,23.18 ,23.05 ,22.97 ,22.97 ,23.03 ,23.13 ,23.14 ,23.24 ,23.28 ,23.34 ,23.51 ,23.46 ,23.39 ,23.39 ,23.38 ,23.45 ,23.47 ,23.57 ,23.55 ,23.56 ,23.49 ,23.5 ,23.59 ,23.58 ,23.53 ,23.41 ,23.44 ,23.39 ,23.39 ,23.5 ,23.51 ,23.57 ,23.5 ,23.54 ,23.48 ,23.56 ,23.55 ,23.55 ,23.6 ,23.57 ,23.57 ,23.54 ,23.46 ,23.49 ,23.5 ,23.61 ,23.59 ,23.5 ,23.48 ,23.44 ,23.48 ,23.52 ,23.51 ,23.56 ,23.67 ,23.61 ,23.54 ,23.56 ,23.59 ,23.57 ,23.45 ,23.46 ,23.52 ,23.6 ,23.57 ,23.58 ,23.54 ,23.62 ,23.63 ,23.64 ,23.66 ,23.51 ,23.52 ,23.63 ,23.63 ,23.65 ,23.6 ,23.57 ,23.61 ,23.57 ,23.59 ,23.5 ,23.41 ,23.44 ,23.4 ,23.45 ,23.51 ,23.45 ,23.51 ,23.53 ,23.58 ,23.62 ,23.68 ,23.68 ,23.7 ,23.74 ,23.7 ,23.71 ,23.73 ,23.74 ,23.63 ,23.67 ,23.7 ,23.62 ,23.59 ,23.69 ,23.73 ,23.66 ,23.73 ,23.7 ,23.69 ,23.7 ,23.75 ,23.79 ,23.69 ,23.73 ,23.78 ,23.75 ,23.7 ,23.81 ,23.77 ,23.79 ,23.73 ,23.75 ,23.82 ,23.76 ,23.79 ,23.78 ,23.71 ,23.75 ,23.74 ,23.77 ,23.84 ,23.73 ,23.76 ,23.85 ,23.77 ,23.81 ,23.85 ,23.86 ,23.79 ,23.79 ,23.9 ,23.91 ,23.78 ,23.76 ,23.84 ,23.77 ,23.83 ,23.78 ,23.69 ,23.79 ,23.83 ,23.81 ,23.79 ,23.77 ,23.72 ,23.66 ,23.64 ,23.63 ,23.63 ,23.51 ,23.53 ,23.61 ,23.59 ,23.54 ,23.64 ,23.53 ,23.51 ,23.61 ,23.58 ,23.57 ,23.57 ,23.57 ,23.61 ,23.57 ,23.5 ,23.43 ,23.38 ,23.44 ,23.43 ,23.48 ,23.44 ,23.49 ,23.68 ,23.89 ,23.81 ,23.55 ,23.54 ,23.52 ,23.56 ,23.53 ,23.52 ,23.58 ,23.65 ,23.64 ,23.71 ,23.78 ,23.81 ,23.74 ,23.76 ,23.79 ,23.78 ,23.65 ,23.59 ,23.63 ,23.64 ,23.65 ,23.61 ,23.68 ,23.73 ,23.68 ,23.62 ,23.69 ,23.66 ,23.61 ,23.66 ,23.71 ,23.66 ,23.73 ,23.81 ,23.88 ,23.88 ,23.74 ,23.69 ,23.79 ,23.8 ,23.71 ,23.79 ,23.86 ,23.84 ,23.82 ,23.77 ,23.64 ,23.68 ,23.7 ,23.56 ,23.63 ,23.59 ,23.43 ,23.48 ,23.64 ,23.69 ,23.62 ,23.46 ,23.29 ,23.29 ,23.37 ,23.35 ,23.4 ,23.58 ,23.64 ,23.55 ,23.54 ,23.56 ,23.67 ,23.65 ,23.66 ,23.61 ,23.61 ,23.68 ,23.64 ,23.6 ,23.62 ,23.61 ,23.55 ,23.41 ,23.39 ,23.49 ,23.53 ,23.52 ,23.56 ,23.55 ,23.59 ,23.64 ,23.63 ,23.61 ,23.61 ,23.6 ,23.61 ,23.64 ,23.64 ,23.69 ,23.68 ,23.65 ,23.63 ,23.63 ,23.65 ,23.76 ,23.67 ,23.64 ,23.62 ,23.55 ,23.63 ,23.62 ,23.63 ,23.63 ,23.57 ,23.57 ,23.59 ,23.69 ,23.76 ,23.66 ,23.65 ,23.63 ,23.68 ,23.71 ,23.68 ,23.6 ,23.72 ,23.69 ,23.58 ,23.53 ,23.5 ,23.54 ,23.69 ,23.66 ,23.64 ,23.6 ,23.61 ,23.64 ,23.68 ,23.69 ,23.62 ,23.57 ,23.56 ,23.6 ,23.68 ,23.66 ,23.75 ,23.75 ,23.8 ,23.7 ,23.72 ,23.7 ,23.75 ,23.71 ,23.79 ,23.83 ,23.83 ,23.86 ,23.79 ,23.8 ,23.8 ,23.75 ,23.74 ,23.83 ,23.76 ,23.77 ,23.8 ,23.86 ,23.84 ,23.85 ,23.81 ,23.91 ,23.86 ,23.84 ,23.86 ,23.82 ,23.8 ,23.86 ,23.85 ,23.89 ,23.84 ,23.64 ,23.72 ,23.73 ,23.61 ,23.52 ,23.59 ,23.6 ,23.62 ,23.57 ,23.6 ,23.65 ,23.58 ,23.59 ,23.59 ,23.59 ,23.68 ,23.65 ,23.61 ,23.62 ,23.62 ,23.61 ,23.67 ,23.66 ,23.58 ,23.64 ,23.68 ,23.7 ,23.64 ,23.61 ,23.63 ,23.66 ,23.58 ,23.65 ,23.69 ,23.72 ,23.76 ,23.79 ,23.82 ,23.84 ,23.87 ,23.75 ,23.75 ,23.84 ,23.84 ,23.87 ,23.88 ,23.8 ,23.78 ,23.88 ,23.78 ,23.8 ,23.87 ,23.89 ,23.8 ,23.81 ,23.86 ,23.8 ,23.75 ,23.7 ,23.83 ,23.81 ,23.92 ,23.8 ,23.75 ,23.79 ,23.83 ,23.8 ,23.75 ,23.75 ,23.8 ,23.82 ,23.81 ,23.75 ,23.75 ,23.78 ,23.75 ,23.73 ,23.72 ,23.74 ,23.72 ,23.71 ,23.74 ,23.77 ,23.77 ,23.79 ,23.76 ,23.72 ,23.73 ,23.79 ,23.7 ,23.8 ,23.73 ,23.69 ,23.79 ,23.7 ,23.64 ,23.66 ,23.69 ,23.71 ,23.78 ,23.76 ,23.68 ,23.74 ,23.78 ,23.7 ,23.71 ,23.71 ,23.6 ,23.51 ,23.57 ,23.65 ,23.51 ,23.5 ,23.48 ,23.49 ,23.52 ,23.48 ,23.5 ,23.54 ,23.53 ,23.49 ,23.51 ,23.61 ,23.66 ,23.6 ,23.61 ,23.67 ,23.7 ,23.79 ,23.78 ,23.78 ,23.73 ,23.73 ,23.79 ,23.84 ,23.8 ,23.9 ,23.9 ,23.8 ,23.77 ,23.74 ,23.78 ,23.81 ,23.78 ,23.7 ,23.76 ,23.68 ,23.67 ,23.65 ,23.74 ,23.79 ,23.78 ,23.79 ,23.75 ,23.67 ,23.68 ,23.63 ,23.68 ,23.67 ,23.64 ,23.7 ,23.63 ,23.65 ,23.71 ,23.7 ,23.68 ,23.58 ,23.52 ,23.5 ,23.55 ,23.56 ,23.6 ,23.62 ,23.65 ,23.62 ,23.65 ,23.73 ,23.71 ,23.7 ,23.62 ,23.63 ,23.64 ,23.57 ,23.59 ,23.59 ,23.44 ,23.43 ,23.45 ,23.53 ,23.35 ,23.33 ,23.33 ,23.27 ,23.3 ,23.25 ,23.33 ,23.36 ,23.38 ,23.35 ,23.36 ,23.37 ,23.4 ,23.38 ,23.36 ,23.41 ,23.36 ,23.32 ,23.35 ,23.28 ,23.28 ,23.36 ,23.48 ,23.36 ,23.3 ,23.33 ,23.44 ,23.34 ,23.38 ,23.41 ,23.43 ,23.49 ,23.47 ,23.47 ,23.45 ,23.41 ,23.38 ,23.34 ,23.36 ,23.34 ,23.39 ,23.39 ,23.37 ,23.31 ,23.29 ,23.22 ,23.25 ,23.32 ,23.25 ,23.28 ,23.29 ,23.19 ,23.21 ,23.21 ,23.1 ,23.2 ,23.15 ,23.18 ,23.19 ,23.04 ,23.06 ,23.2 ,23.18 ,23.06 ,23.17 ,23.13 ,23.07 ,23.15 ,23.18 ,23.08 ,23.07 ,23.18 ,23.07 ,23.19 ,23.17 ,23.1 ,23.02 ,23.07 ,23.09 ,23.03 ,
155,23.24 ,23.19 ,23.18 ,23.18 ,23.18 ,23.12 ,23.15 ,23.16 ,23.11 ,23.07 ,23.09 ,23.06 ,23.14 ,23.08 ,23.22 ,23.35 ,23.42 ,23.46 ,23.44 ,23.33 ,23.43 ,23.39 ,23.48 ,23.46 ,23.56 ,23.54 ,23.54 ,23.43 ,23.5 ,23.62 ,23.66 ,23.43 ,23.44 ,23.44 ,23.44 ,23.49 ,23.4 ,23.51 ,23.55 ,23.5 ,23.56 ,23.53 ,23.55 ,23.55 ,23.58 ,23.57 ,23.54 ,23.57 ,23.55 ,23.53 ,23.5 ,23.59 ,23.56 ,23.53 ,23.58 ,23.65 ,23.55 ,23.57 ,23.57 ,23.49 ,23.49 ,23.54 ,23.58 ,23.51 ,23.61 ,23.53 ,23.62 ,23.47 ,23.49 ,23.54 ,23.65 ,23.64 ,23.61 ,23.58 ,23.61 ,23.67 ,23.65 ,23.58 ,23.57 ,23.47 ,23.5 ,23.54 ,23.59 ,23.66 ,23.63 ,23.59 ,23.58 ,23.52 ,23.43 ,23.3 ,23.43 ,23.46 ,23.45 ,23.51 ,23.38 ,23.51 ,23.61 ,23.61 ,23.67 ,23.68 ,23.63 ,23.61 ,23.68 ,23.67 ,23.77 ,23.75 ,23.72 ,23.65 ,23.71 ,23.68 ,23.68 ,23.63 ,23.64 ,23.72 ,23.7 ,23.73 ,23.73 ,23.67 ,23.71 ,23.71 ,23.73 ,23.72 ,23.66 ,23.76 ,23.77 ,23.64 ,23.78 ,23.76 ,23.79 ,23.76 ,23.76 ,23.83 ,23.78 ,23.82 ,23.85 ,23.78 ,23.76 ,23.75 ,23.8 ,23.87 ,23.69 ,23.66 ,23.84 ,23.79 ,23.73 ,23.83 ,23.83 ,23.81 ,23.79 ,23.85 ,23.89 ,23.81 ,23.76 ,23.88 ,23.75 ,23.75 ,23.82 ,23.75 ,23.74 ,23.8 ,23.8 ,23.81 ,23.79 ,23.7 ,23.62 ,23.5 ,23.55 ,23.58 ,23.49 ,23.54 ,23.59 ,23.53 ,23.58 ,23.6 ,23.57 ,23.52 ,23.57 ,23.62 ,23.57 ,23.54 ,23.54 ,23.61 ,23.57 ,23.42 ,23.48 ,23.5 ,23.4 ,23.36 ,23.44 ,23.44 ,23.45 ,23.62 ,23.68 ,23.64 ,23.62 ,23.55 ,23.55 ,23.56 ,23.66 ,23.56 ,23.56 ,23.57 ,23.7 ,23.7 ,23.73 ,23.74 ,23.65 ,23.68 ,23.72 ,23.75 ,23.69 ,23.68 ,23.7 ,23.61 ,23.51 ,23.57 ,23.68 ,23.65 ,23.6 ,23.61 ,23.64 ,23.68 ,23.68 ,23.67 ,23.71 ,23.72 ,23.66 ,23.71 ,23.85 ,23.83 ,23.8 ,23.75 ,23.75 ,23.77 ,23.74 ,23.79 ,23.89 ,23.85 ,23.78 ,23.69 ,23.56 ,23.66 ,23.7 ,23.58 ,23.52 ,23.53 ,23.46 ,23.54 ,23.68 ,23.64 ,23.54 ,23.4 ,23.27 ,23.32 ,23.31 ,23.26 ,23.34 ,23.54 ,23.66 ,23.59 ,23.59 ,23.61 ,23.72 ,23.7 ,23.69 ,23.62 ,23.63 ,23.71 ,23.64 ,23.58 ,23.57 ,23.63 ,23.69 ,23.58 ,23.38 ,23.37 ,23.5 ,23.52 ,23.56 ,23.52 ,23.54 ,23.65 ,23.66 ,23.62 ,23.62 ,23.6 ,23.66 ,23.66 ,23.62 ,23.7 ,23.74 ,23.63 ,23.65 ,23.65 ,23.67 ,23.73 ,23.62 ,23.63 ,23.6 ,23.6 ,23.65 ,23.63 ,23.58 ,23.54 ,23.56 ,23.54 ,23.6 ,23.65 ,23.63 ,23.64 ,23.64 ,23.67 ,23.66 ,23.71 ,23.78 ,23.64 ,23.65 ,23.66 ,23.54 ,23.59 ,23.61 ,23.58 ,23.64 ,23.72 ,23.68 ,23.6 ,23.6 ,23.66 ,23.68 ,23.67 ,23.66 ,23.58 ,23.6 ,23.57 ,23.75 ,23.7 ,23.71 ,23.78 ,23.77 ,23.68 ,23.68 ,23.68 ,23.64 ,23.76 ,23.81 ,23.84 ,23.83 ,23.74 ,23.76 ,23.83 ,23.83 ,23.73 ,23.7 ,23.84 ,23.75 ,23.77 ,23.82 ,23.84 ,23.83 ,23.85 ,23.86 ,23.88 ,23.86 ,23.83 ,23.9 ,23.82 ,23.83 ,23.83 ,23.81 ,23.83 ,23.8 ,23.69 ,23.72 ,23.7 ,23.56 ,23.58 ,23.64 ,23.64 ,23.59 ,23.56 ,23.62 ,23.64 ,23.64 ,23.62 ,23.56 ,23.63 ,23.59 ,23.66 ,23.64 ,23.55 ,23.53 ,23.61 ,23.73 ,23.7 ,23.57 ,23.62 ,23.64 ,23.6 ,23.66 ,23.63 ,23.64 ,23.64 ,23.58 ,23.62 ,23.67 ,23.63 ,23.66 ,23.78 ,23.86 ,23.83 ,23.88 ,23.82 ,23.67 ,23.84 ,23.83 ,23.81 ,23.9 ,23.78 ,23.73 ,23.79 ,23.78 ,23.76 ,23.8 ,23.87 ,23.85 ,23.88 ,23.93 ,23.9 ,23.8 ,23.83 ,23.74 ,23.74 ,23.79 ,23.78 ,23.72 ,23.79 ,23.76 ,23.71 ,23.68 ,23.75 ,23.81 ,23.78 ,23.74 ,23.72 ,23.72 ,23.79 ,23.7 ,23.66 ,23.67 ,23.79 ,23.79 ,23.75 ,23.79 ,23.73 ,23.7 ,23.73 ,23.72 ,23.78 ,23.8 ,23.83 ,23.72 ,23.74 ,23.79 ,23.68 ,23.76 ,23.83 ,23.64 ,23.68 ,23.75 ,23.73 ,23.75 ,23.73 ,23.71 ,23.76 ,23.73 ,23.65 ,23.62 ,23.67 ,23.58 ,23.58 ,23.61 ,23.56 ,23.48 ,23.48 ,23.5 ,23.56 ,23.53 ,23.51 ,23.51 ,23.55 ,23.59 ,23.5 ,23.45 ,23.54 ,23.58 ,23.63 ,23.71 ,23.73 ,23.71 ,23.82 ,23.85 ,23.85 ,23.77 ,23.67 ,23.68 ,23.77 ,23.83 ,23.82 ,23.84 ,23.84 ,23.74 ,23.76 ,23.71 ,23.76 ,23.75 ,23.71 ,23.7 ,23.71 ,23.71 ,23.69 ,23.75 ,23.74 ,23.73 ,23.7 ,23.71 ,23.64 ,23.62 ,23.68 ,23.69 ,23.7 ,23.68 ,23.68 ,23.57 ,23.59 ,23.61 ,23.66 ,23.71 ,23.61 ,23.49 ,23.47 ,23.59 ,23.62 ,23.65 ,23.63 ,23.63 ,23.64 ,23.67 ,23.67 ,23.65 ,23.69 ,23.63 ,23.56 ,23.66 ,23.5 ,23.58 ,23.61 ,23.54 ,23.48 ,23.43 ,23.4 ,23.4 ,23.38 ,23.31 ,23.27 ,23.26 ,23.29 ,23.35 ,23.42 ,23.41 ,23.33 ,23.33 ,23.38 ,23.35 ,23.42 ,23.41 ,23.42 ,23.43 ,23.37 ,23.38 ,23.24 ,23.26 ,23.38 ,23.36 ,23.41 ,23.3 ,23.4 ,23.46 ,23.39 ,23.3 ,23.34 ,23.41 ,23.51 ,23.53 ,23.42 ,23.44 ,23.43 ,23.45 ,23.47 ,23.39 ,23.35 ,23.36 ,23.45 ,23.43 ,23.29 ,23.33 ,23.24 ,23.23 ,23.22 ,23.2 ,23.24 ,23.2 ,23.08 ,23.15 ,23.22 ,23.16 ,23.2 ,23.2 ,23.19 ,23.14 ,23.07 ,23.14 ,23.22 ,23.12 ,23.07 ,23.17 ,23.31 ,23.08 ,23.02 ,23.07 ,23.09 ,23.03 ,23.2 ,23.17 ,23.1 ,23.09 ,23.05 ,23.06 ,23.1 ,23.17 ,23.09 ,
156,23.22 ,23.18 ,23.23 ,23.24 ,23.07 ,23.01 ,23.12 ,23.05 ,23 ,23.04 ,23.05 ,23.02 ,23.06 ,23.05 ,23.18 ,23.38 ,23.46 ,23.43 ,23.34 ,23.4 ,23.51 ,23.54 ,23.44 ,23.34 ,23.4 ,23.49 ,23.53 ,23.46 ,23.53 ,23.64 ,23.64 ,23.52 ,23.46 ,23.5 ,23.44 ,23.51 ,23.53 ,23.55 ,23.65 ,23.55 ,23.57 ,23.55 ,23.49 ,23.5 ,23.56 ,23.54 ,23.55 ,23.59 ,23.56 ,23.52 ,23.45 ,23.49 ,23.57 ,23.52 ,23.52 ,23.6 ,23.5 ,23.49 ,23.59 ,23.57 ,23.56 ,23.49 ,23.52 ,23.59 ,23.67 ,23.56 ,23.55 ,23.6 ,23.5 ,23.57 ,23.58 ,23.69 ,23.66 ,23.61 ,23.64 ,23.68 ,23.67 ,23.54 ,23.5 ,23.47 ,23.55 ,23.53 ,23.54 ,23.63 ,23.67 ,23.58 ,23.52 ,23.46 ,23.42 ,23.4 ,23.42 ,23.46 ,23.44 ,23.47 ,23.39 ,23.51 ,23.67 ,23.61 ,23.69 ,23.74 ,23.61 ,23.64 ,23.71 ,23.67 ,23.7 ,23.73 ,23.79 ,23.69 ,23.64 ,23.62 ,23.63 ,23.66 ,23.69 ,23.67 ,23.7 ,23.73 ,23.71 ,23.65 ,23.72 ,23.71 ,23.71 ,23.72 ,23.68 ,23.7 ,23.77 ,23.75 ,23.77 ,23.81 ,23.78 ,23.73 ,23.76 ,23.8 ,23.75 ,23.75 ,23.75 ,23.76 ,23.81 ,23.82 ,23.82 ,23.88 ,23.73 ,23.63 ,23.68 ,23.71 ,23.78 ,23.86 ,23.84 ,23.75 ,23.83 ,23.89 ,23.85 ,23.85 ,23.88 ,23.82 ,23.8 ,23.83 ,23.78 ,23.8 ,23.76 ,23.81 ,23.82 ,23.82 ,23.81 ,23.72 ,23.66 ,23.64 ,23.62 ,23.59 ,23.55 ,23.53 ,23.63 ,23.55 ,23.55 ,23.57 ,23.53 ,23.56 ,23.61 ,23.61 ,23.62 ,23.58 ,23.57 ,23.59 ,23.63 ,23.5 ,23.5 ,23.56 ,23.48 ,23.4 ,23.44 ,23.44 ,23.52 ,23.63 ,23.58 ,23.59 ,23.65 ,23.57 ,23.53 ,23.57 ,23.6 ,23.55 ,23.52 ,23.62 ,23.72 ,23.71 ,23.73 ,23.78 ,23.68 ,23.66 ,23.66 ,23.7 ,23.7 ,23.72 ,23.71 ,23.67 ,23.57 ,23.59 ,23.6 ,23.61 ,23.62 ,23.6 ,23.61 ,23.58 ,23.62 ,23.64 ,23.71 ,23.77 ,23.72 ,23.66 ,23.69 ,23.82 ,23.81 ,23.81 ,23.78 ,23.76 ,23.76 ,23.84 ,23.82 ,23.76 ,23.7 ,23.7 ,23.61 ,23.65 ,23.71 ,23.57 ,23.52 ,23.5 ,23.43 ,23.39 ,23.38 ,23.33 ,23.38 ,23.29 ,23.2 ,23.25 ,23.27 ,23.2 ,23.26 ,23.41 ,23.62 ,23.59 ,23.67 ,23.65 ,23.71 ,23.66 ,23.63 ,23.67 ,23.59 ,23.62 ,23.64 ,23.53 ,23.49 ,23.59 ,23.64 ,23.61 ,23.57 ,23.47 ,23.45 ,23.42 ,23.46 ,23.5 ,23.54 ,23.64 ,23.65 ,23.66 ,23.64 ,23.59 ,23.65 ,23.7 ,23.62 ,23.64 ,23.68 ,23.7 ,23.62 ,23.68 ,23.71 ,23.73 ,23.67 ,23.66 ,23.68 ,23.7 ,23.7 ,23.75 ,23.68 ,23.63 ,23.56 ,23.62 ,23.62 ,23.63 ,23.58 ,23.59 ,23.64 ,23.67 ,23.68 ,23.62 ,23.7 ,23.66 ,23.59 ,23.59 ,23.55 ,23.55 ,23.53 ,23.54 ,23.64 ,23.69 ,23.7 ,23.58 ,23.64 ,23.64 ,23.59 ,23.61 ,23.61 ,23.62 ,23.62 ,23.65 ,23.74 ,23.75 ,23.66 ,23.75 ,23.81 ,23.71 ,23.67 ,23.68 ,23.64 ,23.74 ,23.8 ,23.77 ,23.82 ,23.79 ,23.77 ,23.88 ,23.89 ,23.87 ,23.83 ,23.8 ,23.8 ,23.78 ,23.81 ,23.79 ,23.8 ,23.8 ,23.81 ,23.85 ,23.88 ,23.89 ,23.9 ,23.84 ,23.79 ,23.86 ,23.84 ,23.8 ,23.81 ,23.73 ,23.73 ,23.71 ,23.57 ,23.6 ,23.63 ,23.62 ,23.63 ,23.58 ,23.65 ,23.59 ,23.58 ,23.61 ,23.65 ,23.64 ,23.65 ,23.65 ,23.61 ,23.61 ,23.58 ,23.64 ,23.61 ,23.63 ,23.63 ,23.6 ,23.6 ,23.58 ,23.61 ,23.63 ,23.65 ,23.68 ,23.63 ,23.69 ,23.75 ,23.59 ,23.56 ,23.64 ,23.77 ,23.83 ,23.85 ,23.83 ,23.75 ,23.84 ,23.88 ,23.77 ,23.82 ,23.77 ,23.77 ,23.78 ,23.82 ,23.84 ,23.82 ,23.83 ,23.85 ,23.88 ,23.97 ,23.94 ,23.9 ,23.9 ,23.8 ,23.72 ,23.79 ,23.76 ,23.7 ,23.72 ,23.66 ,23.63 ,23.58 ,23.63 ,23.67 ,23.68 ,23.6 ,23.62 ,23.65 ,23.72 ,23.72 ,23.6 ,23.68 ,23.68 ,23.67 ,23.72 ,23.7 ,23.66 ,23.68 ,23.73 ,23.73 ,23.64 ,23.68 ,23.82 ,23.8 ,23.76 ,23.63 ,23.64 ,23.68 ,23.74 ,23.74 ,23.78 ,23.79 ,23.68 ,23.69 ,23.68 ,23.73 ,23.75 ,23.65 ,23.65 ,23.66 ,23.68 ,23.67 ,23.59 ,23.5 ,23.5 ,23.47 ,23.46 ,23.43 ,23.5 ,23.49 ,23.48 ,23.54 ,23.51 ,23.53 ,23.53 ,23.48 ,23.54 ,23.62 ,23.66 ,23.71 ,23.71 ,23.77 ,23.81 ,23.8 ,23.85 ,23.76 ,23.71 ,23.7 ,23.77 ,23.84 ,23.86 ,23.76 ,23.78 ,23.76 ,23.69 ,23.74 ,23.79 ,23.77 ,23.72 ,23.73 ,23.71 ,23.71 ,23.79 ,23.74 ,23.72 ,23.69 ,23.75 ,23.68 ,23.71 ,23.61 ,23.67 ,23.67 ,23.67 ,23.74 ,23.73 ,23.59 ,23.6 ,23.6 ,23.66 ,23.66 ,23.6 ,23.52 ,23.51 ,23.57 ,23.64 ,23.62 ,23.67 ,23.7 ,23.65 ,23.55 ,23.68 ,23.81 ,23.67 ,23.58 ,23.54 ,23.54 ,23.51 ,23.63 ,23.6 ,23.49 ,23.47 ,23.46 ,23.43 ,23.3 ,23.33 ,23.25 ,23.18 ,23.28 ,23.27 ,23.29 ,23.37 ,23.41 ,23.36 ,23.33 ,23.34 ,23.4 ,23.4 ,23.42 ,23.41 ,23.4 ,23.39 ,23.37 ,23.25 ,23.22 ,23.33 ,23.37 ,23.38 ,23.4 ,23.39 ,23.39 ,23.36 ,23.34 ,23.34 ,23.32 ,23.4 ,23.47 ,23.33 ,23.37 ,23.36 ,23.4 ,23.33 ,23.33 ,23.29 ,23.33 ,23.45 ,23.48 ,23.38 ,23.31 ,23.38 ,23.4 ,23.22 ,23.2 ,23.27 ,23.15 ,23.11 ,23.18 ,23.27 ,23.24 ,23.22 ,23.24 ,23.13 ,23.15 ,23.09 ,23.14 ,23.26 ,23.26 ,23.09 ,23.09 ,23.25 ,23.13 ,23.17 ,23.13 ,23.13 ,23.09 ,23.15 ,23.2 ,23.23 ,23.11 ,23.03 ,23.01 ,23.12 ,23.14 ,23.18 ,
157,23.29 ,23.2 ,23.22 ,23.25 ,23.12 ,23 ,23.12 ,23.09 ,23.01 ,22.98 ,22.99 ,23.02 ,23.11 ,23.21 ,23.26 ,23.39 ,23.48 ,23.4 ,23.36 ,23.4 ,23.43 ,23.54 ,23.47 ,23.37 ,23.45 ,23.49 ,23.5 ,23.51 ,23.54 ,23.68 ,23.63 ,23.53 ,23.57 ,23.61 ,23.53 ,23.52 ,23.62 ,23.68 ,23.62 ,23.61 ,23.57 ,23.57 ,23.47 ,23.5 ,23.54 ,23.59 ,23.53 ,23.58 ,23.55 ,23.56 ,23.47 ,23.45 ,23.54 ,23.57 ,23.44 ,23.52 ,23.51 ,23.57 ,23.59 ,23.55 ,23.57 ,23.61 ,23.58 ,23.61 ,23.65 ,23.52 ,23.54 ,23.56 ,23.53 ,23.54 ,23.62 ,23.67 ,23.58 ,23.62 ,23.55 ,23.61 ,23.65 ,23.58 ,23.51 ,23.59 ,23.65 ,23.54 ,23.51 ,23.51 ,23.6 ,23.59 ,23.5 ,23.48 ,23.43 ,23.38 ,23.4 ,23.41 ,23.36 ,23.53 ,23.49 ,23.59 ,23.65 ,23.61 ,23.66 ,23.72 ,23.71 ,23.62 ,23.76 ,23.75 ,23.7 ,23.71 ,23.76 ,23.6 ,23.65 ,23.67 ,23.67 ,23.66 ,23.72 ,23.7 ,23.68 ,23.73 ,23.75 ,23.73 ,23.71 ,23.71 ,23.65 ,23.72 ,23.71 ,23.74 ,23.73 ,23.76 ,23.8 ,23.78 ,23.85 ,23.75 ,23.77 ,23.78 ,23.77 ,23.8 ,23.79 ,23.71 ,23.75 ,23.81 ,23.92 ,23.91 ,23.75 ,23.76 ,23.7 ,23.65 ,23.79 ,23.83 ,23.84 ,23.75 ,23.78 ,23.88 ,23.85 ,23.88 ,23.89 ,23.84 ,23.75 ,23.8 ,23.82 ,23.74 ,23.75 ,23.79 ,23.83 ,23.85 ,23.82 ,23.72 ,23.65 ,23.62 ,23.65 ,23.62 ,23.57 ,23.59 ,23.56 ,23.63 ,23.52 ,23.54 ,23.58 ,23.53 ,23.59 ,23.58 ,23.61 ,23.6 ,23.61 ,23.6 ,23.52 ,23.48 ,23.55 ,23.56 ,23.5 ,23.44 ,23.44 ,23.48 ,23.56 ,23.61 ,23.56 ,23.49 ,23.53 ,23.55 ,23.49 ,23.5 ,23.58 ,23.49 ,23.48 ,23.66 ,23.72 ,23.69 ,23.71 ,23.71 ,23.64 ,23.68 ,23.6 ,23.62 ,23.7 ,23.65 ,23.63 ,23.68 ,23.63 ,23.6 ,23.62 ,23.68 ,23.68 ,23.61 ,23.68 ,23.65 ,23.55 ,23.62 ,23.69 ,23.74 ,23.72 ,23.7 ,23.63 ,23.74 ,23.76 ,23.79 ,23.88 ,23.74 ,23.76 ,23.79 ,23.8 ,23.72 ,23.67 ,23.64 ,23.64 ,23.66 ,23.69 ,23.55 ,23.48 ,23.45 ,23.43 ,23.34 ,23.31 ,23.21 ,23.18 ,23.19 ,23.19 ,23.19 ,23.27 ,23.32 ,23.39 ,23.41 ,23.55 ,23.59 ,23.59 ,23.61 ,23.68 ,23.68 ,23.62 ,23.59 ,23.56 ,23.59 ,23.68 ,23.61 ,23.53 ,23.61 ,23.67 ,23.61 ,23.62 ,23.62 ,23.53 ,23.45 ,23.4 ,23.43 ,23.51 ,23.64 ,23.64 ,23.63 ,23.67 ,23.68 ,23.66 ,23.65 ,23.64 ,23.59 ,23.65 ,23.65 ,23.61 ,23.57 ,23.63 ,23.68 ,23.69 ,23.64 ,23.62 ,23.63 ,23.62 ,23.71 ,23.63 ,23.69 ,23.6 ,23.59 ,23.59 ,23.62 ,23.62 ,23.67 ,23.63 ,23.67 ,23.73 ,23.64 ,23.58 ,23.59 ,23.56 ,23.55 ,23.51 ,23.54 ,23.5 ,23.53 ,23.65 ,23.67 ,23.66 ,23.6 ,23.55 ,23.63 ,23.62 ,23.57 ,23.65 ,23.64 ,23.6 ,23.65 ,23.71 ,23.69 ,23.65 ,23.73 ,23.8 ,23.74 ,23.74 ,23.71 ,23.68 ,23.74 ,23.82 ,23.7 ,23.75 ,23.79 ,23.8 ,23.87 ,23.8 ,23.79 ,23.84 ,23.9 ,23.82 ,23.84 ,23.8 ,23.78 ,23.89 ,23.93 ,23.9 ,23.86 ,23.89 ,23.82 ,23.79 ,23.79 ,23.8 ,23.86 ,23.94 ,23.88 ,23.82 ,23.76 ,23.72 ,23.69 ,23.61 ,23.55 ,23.56 ,23.57 ,23.62 ,23.62 ,23.61 ,23.62 ,23.6 ,23.63 ,23.65 ,23.68 ,23.69 ,23.7 ,23.59 ,23.63 ,23.71 ,23.68 ,23.6 ,23.58 ,23.61 ,23.65 ,23.62 ,23.65 ,23.63 ,23.62 ,23.61 ,23.65 ,23.62 ,23.7 ,23.72 ,23.68 ,23.63 ,23.64 ,23.66 ,23.77 ,23.88 ,23.8 ,23.8 ,23.95 ,23.88 ,23.8 ,23.83 ,23.86 ,23.88 ,23.9 ,23.86 ,23.8 ,23.85 ,23.94 ,23.89 ,23.9 ,23.9 ,23.89 ,23.82 ,23.94 ,23.84 ,23.87 ,23.88 ,23.76 ,23.67 ,23.7 ,23.69 ,23.65 ,23.6 ,23.65 ,23.65 ,23.61 ,23.54 ,23.53 ,23.57 ,23.66 ,23.66 ,23.57 ,23.64 ,23.61 ,23.53 ,23.62 ,23.64 ,23.67 ,23.67 ,23.67 ,23.63 ,23.58 ,23.56 ,23.65 ,23.74 ,23.65 ,23.58 ,23.6 ,23.62 ,23.68 ,23.72 ,23.77 ,23.74 ,23.61 ,23.62 ,23.67 ,23.71 ,23.73 ,23.65 ,23.67 ,23.64 ,23.66 ,23.7 ,23.62 ,23.47 ,23.5 ,23.43 ,23.47 ,23.41 ,23.44 ,23.49 ,23.49 ,23.48 ,23.49 ,23.54 ,23.48 ,23.43 ,23.57 ,23.63 ,23.62 ,23.7 ,23.74 ,23.72 ,23.72 ,23.8 ,23.75 ,23.81 ,23.73 ,23.74 ,23.8 ,23.83 ,23.9 ,23.77 ,23.72 ,23.72 ,23.75 ,23.71 ,23.74 ,23.77 ,23.72 ,23.74 ,23.66 ,23.79 ,23.78 ,23.7 ,23.67 ,23.62 ,23.74 ,23.73 ,23.66 ,23.61 ,23.7 ,23.58 ,23.59 ,23.58 ,23.67 ,23.68 ,23.68 ,23.73 ,23.72 ,23.72 ,23.69 ,23.62 ,23.51 ,23.52 ,23.57 ,23.75 ,23.71 ,23.75 ,23.65 ,23.57 ,23.65 ,23.82 ,23.74 ,23.55 ,23.59 ,23.51 ,23.53 ,23.6 ,23.6 ,23.56 ,23.5 ,23.43 ,23.44 ,23.33 ,23.42 ,23.36 ,23.2 ,23.18 ,23.27 ,23.41 ,23.41 ,23.41 ,23.4 ,23.38 ,23.38 ,23.34 ,23.35 ,23.35 ,23.38 ,23.39 ,23.39 ,23.43 ,23.35 ,23.29 ,23.36 ,23.41 ,23.38 ,23.37 ,23.4 ,23.36 ,23.31 ,23.31 ,23.38 ,23.35 ,23.38 ,23.43 ,23.39 ,23.39 ,23.43 ,23.41 ,23.38 ,23.33 ,23.25 ,23.33 ,23.48 ,23.44 ,23.29 ,23.23 ,23.35 ,23.41 ,23.3 ,23.19 ,23.24 ,23.17 ,23.18 ,23.2 ,23.23 ,23.25 ,23.27 ,23.3 ,23.23 ,23.18 ,23.14 ,23.05 ,23.16 ,23.25 ,23.15 ,23.09 ,23.17 ,23.17 ,23.28 ,23.14 ,23.13 ,23.26 ,23.24 ,23.15 ,23.2 ,23.15 ,23.03 ,23.1 ,23.08 ,23.06 ,23.04 ,
158,23.37 ,23.3 ,23.32 ,23.26 ,23.11 ,23.08 ,23.18 ,23.14 ,23.07 ,23.07 ,23.05 ,23.07 ,23.17 ,23.25 ,23.3 ,23.4 ,23.36 ,23.38 ,23.48 ,23.52 ,23.44 ,23.4 ,23.48 ,23.44 ,23.43 ,23.47 ,23.51 ,23.47 ,23.59 ,23.62 ,23.65 ,23.47 ,23.49 ,23.57 ,23.64 ,23.6 ,23.54 ,23.64 ,23.56 ,23.54 ,23.57 ,23.54 ,23.56 ,23.53 ,23.49 ,23.6 ,23.58 ,23.5 ,23.54 ,23.58 ,23.51 ,23.51 ,23.54 ,23.53 ,23.5 ,23.6 ,23.6 ,23.56 ,23.66 ,23.58 ,23.54 ,23.56 ,23.61 ,23.6 ,23.64 ,23.54 ,23.55 ,23.59 ,23.49 ,23.49 ,23.59 ,23.6 ,23.54 ,23.56 ,23.59 ,23.59 ,23.56 ,23.62 ,23.59 ,23.6 ,23.67 ,23.52 ,23.48 ,23.51 ,23.53 ,23.6 ,23.48 ,23.45 ,23.45 ,23.34 ,23.41 ,23.48 ,23.39 ,23.46 ,23.61 ,23.62 ,23.65 ,23.61 ,23.69 ,23.71 ,23.78 ,23.69 ,23.68 ,23.75 ,23.71 ,23.7 ,23.73 ,23.66 ,23.67 ,23.76 ,23.64 ,23.64 ,23.7 ,23.75 ,23.73 ,23.69 ,23.72 ,23.7 ,23.68 ,23.71 ,23.7 ,23.7 ,23.72 ,23.73 ,23.7 ,23.76 ,23.82 ,23.77 ,23.79 ,23.76 ,23.73 ,23.81 ,23.74 ,23.76 ,23.8 ,23.75 ,23.73 ,23.78 ,23.86 ,23.85 ,23.73 ,23.76 ,23.79 ,23.7 ,23.68 ,23.76 ,23.76 ,23.77 ,23.76 ,23.82 ,23.84 ,23.87 ,23.91 ,23.81 ,23.76 ,23.76 ,23.76 ,23.78 ,23.73 ,23.8 ,23.83 ,23.81 ,23.78 ,23.71 ,23.61 ,23.59 ,23.58 ,23.58 ,23.57 ,23.6 ,23.62 ,23.53 ,23.53 ,23.45 ,23.5 ,23.56 ,23.58 ,23.59 ,23.62 ,23.5 ,23.54 ,23.57 ,23.53 ,23.43 ,23.46 ,23.54 ,23.52 ,23.45 ,23.41 ,23.48 ,23.6 ,23.56 ,23.57 ,23.59 ,23.58 ,23.57 ,23.58 ,23.61 ,23.61 ,23.55 ,23.55 ,23.61 ,23.79 ,23.78 ,23.75 ,23.75 ,23.64 ,23.7 ,23.67 ,23.63 ,23.64 ,23.65 ,23.66 ,23.58 ,23.63 ,23.65 ,23.65 ,23.66 ,23.64 ,23.56 ,23.63 ,23.76 ,23.62 ,23.59 ,23.66 ,23.7 ,23.74 ,23.69 ,23.7 ,23.7 ,23.68 ,23.65 ,23.79 ,23.82 ,23.76 ,23.81 ,23.73 ,23.63 ,23.6 ,23.59 ,23.65 ,23.73 ,23.64 ,23.58 ,23.49 ,23.39 ,23.35 ,23.39 ,23.31 ,23.26 ,23.18 ,23.23 ,23.22 ,23.19 ,23.28 ,23.25 ,23.3 ,23.36 ,23.41 ,23.59 ,23.63 ,23.61 ,23.69 ,23.66 ,23.7 ,23.6 ,23.58 ,23.61 ,23.72 ,23.64 ,23.58 ,23.62 ,23.63 ,23.68 ,23.63 ,23.63 ,23.62 ,23.58 ,23.47 ,23.4 ,23.5 ,23.59 ,23.63 ,23.62 ,23.59 ,23.62 ,23.67 ,23.68 ,23.62 ,23.64 ,23.64 ,23.6 ,23.59 ,23.62 ,23.62 ,23.63 ,23.65 ,23.64 ,23.65 ,23.65 ,23.65 ,23.66 ,23.6 ,23.65 ,23.67 ,23.61 ,23.57 ,23.63 ,23.67 ,23.68 ,23.67 ,23.68 ,23.73 ,23.77 ,23.62 ,23.46 ,23.56 ,23.56 ,23.49 ,23.6 ,23.55 ,23.6 ,23.66 ,23.66 ,23.66 ,23.6 ,23.57 ,23.6 ,23.71 ,23.62 ,23.62 ,23.63 ,23.61 ,23.64 ,23.69 ,23.67 ,23.69 ,23.73 ,23.74 ,23.76 ,23.69 ,23.7 ,23.69 ,23.74 ,23.86 ,23.84 ,23.82 ,23.85 ,23.83 ,23.78 ,23.74 ,23.74 ,23.81 ,23.82 ,23.81 ,23.77 ,23.78 ,23.85 ,23.86 ,23.89 ,23.84 ,23.88 ,23.86 ,23.8 ,23.85 ,23.77 ,23.76 ,23.81 ,23.86 ,23.9 ,23.84 ,23.74 ,23.7 ,23.64 ,23.54 ,23.49 ,23.58 ,23.59 ,23.58 ,23.62 ,23.57 ,23.55 ,23.6 ,23.59 ,23.62 ,23.69 ,23.68 ,23.57 ,23.53 ,23.62 ,23.61 ,23.61 ,23.63 ,23.59 ,23.59 ,23.58 ,23.61 ,23.64 ,23.66 ,23.61 ,23.65 ,23.62 ,23.64 ,23.65 ,23.66 ,23.55 ,23.58 ,23.71 ,23.69 ,23.71 ,23.85 ,23.81 ,23.84 ,23.94 ,23.9 ,23.79 ,23.84 ,23.89 ,23.99 ,24.03 ,23.95 ,23.91 ,23.89 ,23.96 ,23.9 ,23.93 ,23.99 ,23.92 ,23.87 ,23.88 ,23.9 ,23.93 ,23.98 ,23.81 ,23.77 ,23.77 ,23.81 ,23.77 ,23.73 ,23.79 ,23.78 ,23.71 ,23.65 ,23.63 ,23.61 ,23.71 ,23.65 ,23.57 ,23.56 ,23.59 ,23.64 ,23.74 ,23.71 ,23.73 ,23.73 ,23.73 ,23.63 ,23.66 ,23.66 ,23.7 ,23.81 ,23.7 ,23.64 ,23.61 ,23.61 ,23.64 ,23.68 ,23.64 ,23.64 ,23.67 ,23.63 ,23.71 ,23.72 ,23.7 ,23.59 ,23.63 ,23.63 ,23.52 ,23.66 ,23.6 ,23.49 ,23.54 ,23.46 ,23.57 ,23.53 ,23.51 ,23.52 ,23.61 ,23.53 ,23.47 ,23.62 ,23.59 ,23.53 ,23.55 ,23.6 ,23.7 ,23.78 ,23.75 ,23.68 ,23.7 ,23.79 ,23.78 ,23.78 ,23.8 ,23.76 ,23.81 ,23.77 ,23.9 ,23.86 ,23.75 ,23.77 ,23.74 ,23.71 ,23.69 ,23.73 ,23.73 ,23.76 ,23.68 ,23.69 ,23.72 ,23.62 ,23.7 ,23.7 ,23.68 ,23.73 ,23.67 ,23.67 ,23.71 ,23.7 ,23.62 ,23.6 ,23.61 ,23.62 ,23.72 ,23.82 ,23.81 ,23.74 ,23.71 ,23.58 ,23.53 ,23.54 ,23.64 ,23.65 ,23.7 ,23.7 ,23.62 ,23.6 ,23.7 ,23.73 ,23.77 ,23.61 ,23.6 ,23.56 ,23.6 ,23.58 ,23.5 ,23.51 ,23.45 ,23.43 ,23.45 ,23.37 ,23.36 ,23.34 ,23.37 ,23.31 ,23.3 ,23.4 ,23.38 ,23.45 ,23.39 ,23.39 ,23.39 ,23.36 ,23.27 ,23.34 ,23.37 ,23.27 ,23.28 ,23.37 ,23.39 ,23.26 ,23.37 ,23.5 ,23.39 ,23.4 ,23.42 ,23.36 ,23.33 ,23.33 ,23.36 ,23.36 ,23.37 ,23.44 ,23.48 ,23.38 ,23.4 ,23.46 ,23.42 ,23.37 ,23.3 ,23.36 ,23.37 ,23.34 ,23.27 ,23.26 ,23.28 ,23.33 ,23.19 ,23.24 ,23.24 ,23.21 ,23.22 ,23.21 ,23.21 ,23.2 ,23.3 ,23.25 ,23.26 ,23.18 ,23.08 ,23.13 ,23.16 ,23.18 ,23.08 ,23.14 ,23.19 ,23.15 ,23.2 ,23.15 ,23.03 ,23.14 ,23.26 ,23.19 ,23.16 ,23.18 ,23.09 ,23.03 ,23.05 ,23.04 ,22.99 ,
159,23.5 ,23.24 ,23.25 ,23.32 ,23.23 ,23.17 ,23.16 ,23.2 ,23.17 ,23.17 ,23.15 ,23.22 ,23.31 ,23.22 ,23.32 ,23.37 ,23.35 ,23.44 ,23.55 ,23.54 ,23.41 ,23.36 ,23.4 ,23.35 ,23.4 ,23.3 ,23.46 ,23.54 ,23.56 ,23.64 ,23.72 ,23.54 ,23.47 ,23.51 ,23.61 ,23.61 ,23.52 ,23.56 ,23.57 ,23.46 ,23.47 ,23.54 ,23.49 ,23.51 ,23.46 ,23.56 ,23.55 ,23.59 ,23.53 ,23.54 ,23.47 ,23.55 ,23.55 ,23.52 ,23.48 ,23.54 ,23.56 ,23.55 ,23.55 ,23.52 ,23.51 ,23.59 ,23.56 ,23.52 ,23.64 ,23.6 ,23.6 ,23.58 ,23.56 ,23.54 ,23.54 ,23.53 ,23.55 ,23.51 ,23.57 ,23.61 ,23.61 ,23.6 ,23.65 ,23.6 ,23.6 ,23.56 ,23.52 ,23.57 ,23.53 ,23.52 ,23.52 ,23.45 ,23.45 ,23.4 ,23.48 ,23.51 ,23.51 ,23.51 ,23.61 ,23.67 ,23.68 ,23.59 ,23.7 ,23.73 ,23.66 ,23.66 ,23.71 ,23.71 ,23.72 ,23.71 ,23.63 ,23.7 ,23.69 ,23.68 ,23.62 ,23.61 ,23.67 ,23.72 ,23.75 ,23.71 ,23.73 ,23.62 ,23.61 ,23.72 ,23.82 ,23.83 ,23.72 ,23.84 ,23.76 ,23.66 ,23.74 ,23.77 ,23.71 ,23.71 ,23.71 ,23.77 ,23.75 ,23.72 ,23.76 ,23.77 ,23.78 ,23.79 ,23.79 ,23.85 ,23.76 ,23.74 ,23.78 ,23.77 ,23.71 ,23.73 ,23.78 ,23.8 ,23.79 ,23.86 ,23.83 ,23.8 ,23.82 ,23.77 ,23.75 ,23.78 ,23.75 ,23.74 ,23.83 ,23.78 ,23.83 ,23.76 ,23.74 ,23.62 ,23.57 ,23.58 ,23.58 ,23.62 ,23.46 ,23.53 ,23.55 ,23.47 ,23.46 ,23.49 ,23.52 ,23.56 ,23.49 ,23.55 ,23.56 ,23.48 ,23.55 ,23.6 ,23.56 ,23.49 ,23.5 ,23.55 ,23.49 ,23.47 ,23.53 ,23.51 ,23.52 ,23.51 ,23.57 ,23.64 ,23.66 ,23.59 ,23.54 ,23.68 ,23.68 ,23.58 ,23.67 ,23.69 ,23.75 ,23.71 ,23.68 ,23.69 ,23.66 ,23.7 ,23.7 ,23.68 ,23.65 ,23.63 ,23.66 ,23.63 ,23.55 ,23.61 ,23.69 ,23.63 ,23.61 ,23.6 ,23.6 ,23.61 ,23.69 ,23.64 ,23.65 ,23.66 ,23.74 ,23.71 ,23.74 ,23.74 ,23.68 ,23.61 ,23.7 ,23.8 ,23.82 ,23.87 ,23.79 ,23.59 ,23.48 ,23.58 ,23.63 ,23.72 ,23.66 ,23.58 ,23.51 ,23.35 ,23.32 ,23.35 ,23.41 ,23.4 ,23.37 ,23.33 ,23.33 ,23.29 ,23.24 ,23.24 ,23.19 ,23.26 ,23.31 ,23.48 ,23.65 ,23.69 ,23.71 ,23.64 ,23.61 ,23.66 ,23.68 ,23.62 ,23.65 ,23.64 ,23.61 ,23.57 ,23.5 ,23.61 ,23.64 ,23.65 ,23.61 ,23.68 ,23.63 ,23.54 ,23.47 ,23.48 ,23.53 ,23.54 ,23.62 ,23.64 ,23.66 ,23.66 ,23.64 ,23.66 ,23.63 ,23.57 ,23.59 ,23.64 ,23.65 ,23.68 ,23.64 ,23.68 ,23.68 ,23.64 ,23.63 ,23.62 ,23.59 ,23.64 ,23.69 ,23.65 ,23.6 ,23.64 ,23.65 ,23.62 ,23.66 ,23.76 ,23.71 ,23.8 ,23.68 ,23.56 ,23.57 ,23.65 ,23.58 ,23.55 ,23.49 ,23.58 ,23.58 ,23.58 ,23.66 ,23.63 ,23.61 ,23.63 ,23.75 ,23.7 ,23.62 ,23.64 ,23.64 ,23.69 ,23.71 ,23.65 ,23.64 ,23.7 ,23.69 ,23.67 ,23.72 ,23.7 ,23.72 ,23.84 ,23.9 ,23.83 ,23.78 ,23.89 ,23.85 ,23.81 ,23.87 ,23.86 ,23.85 ,23.77 ,23.82 ,23.76 ,23.76 ,23.86 ,23.78 ,23.84 ,23.8 ,23.85 ,23.86 ,23.82 ,23.89 ,23.88 ,23.77 ,23.75 ,23.85 ,23.85 ,23.78 ,23.79 ,23.77 ,23.71 ,23.58 ,23.57 ,23.59 ,23.58 ,23.59 ,23.61 ,23.6 ,23.53 ,23.6 ,23.57 ,23.52 ,23.63 ,23.71 ,23.61 ,23.5 ,23.6 ,23.69 ,23.65 ,23.64 ,23.6 ,23.6 ,23.5 ,23.59 ,23.64 ,23.58 ,23.61 ,23.66 ,23.65 ,23.57 ,23.59 ,23.55 ,23.44 ,23.48 ,23.64 ,23.71 ,23.73 ,23.77 ,23.76 ,23.83 ,23.83 ,23.79 ,23.68 ,23.75 ,23.81 ,23.84 ,24.07 ,24.04 ,23.99 ,24.03 ,23.99 ,23.93 ,23.92 ,24.04 ,24.03 ,23.98 ,23.93 ,23.94 ,24.01 ,24.02 ,23.99 ,23.93 ,23.88 ,23.85 ,23.92 ,23.89 ,23.93 ,23.92 ,23.91 ,23.83 ,23.85 ,23.85 ,23.89 ,23.78 ,23.71 ,23.69 ,23.76 ,23.84 ,23.9 ,23.84 ,23.84 ,23.92 ,23.92 ,23.78 ,23.79 ,23.79 ,23.8 ,23.84 ,23.75 ,23.77 ,23.73 ,23.75 ,23.67 ,23.66 ,23.65 ,23.59 ,23.65 ,23.71 ,23.78 ,23.73 ,23.69 ,23.64 ,23.68 ,23.67 ,23.62 ,23.55 ,23.6 ,23.51 ,23.5 ,23.51 ,23.55 ,23.64 ,23.6 ,23.54 ,23.52 ,23.57 ,23.51 ,23.47 ,23.56 ,23.59 ,23.62 ,23.56 ,23.67 ,23.79 ,23.69 ,23.77 ,23.8 ,23.72 ,23.68 ,23.69 ,23.75 ,23.8 ,23.79 ,23.81 ,23.89 ,23.86 ,23.63 ,23.7 ,23.78 ,23.73 ,23.73 ,23.75 ,23.78 ,23.78 ,23.7 ,23.67 ,23.73 ,23.7 ,23.69 ,23.78 ,23.72 ,23.7 ,23.66 ,23.58 ,23.71 ,23.7 ,23.71 ,23.68 ,23.57 ,23.65 ,23.72 ,23.71 ,23.66 ,23.68 ,23.72 ,23.6 ,23.61 ,23.65 ,23.68 ,23.64 ,23.62 ,23.73 ,23.58 ,23.57 ,23.67 ,23.71 ,23.68 ,23.7 ,23.67 ,23.68 ,23.63 ,23.63 ,23.59 ,23.41 ,23.4 ,23.42 ,23.52 ,23.41 ,23.43 ,23.42 ,23.37 ,23.4 ,23.25 ,23.35 ,23.35 ,23.5 ,23.46 ,23.36 ,23.38 ,23.4 ,23.36 ,23.35 ,23.4 ,23.29 ,23.23 ,23.37 ,23.33 ,23.17 ,23.26 ,23.38 ,23.42 ,23.39 ,23.38 ,23.41 ,23.41 ,23.4 ,23.32 ,23.38 ,23.41 ,23.48 ,23.47 ,23.39 ,23.38 ,23.38 ,23.37 ,23.37 ,23.25 ,23.28 ,23.37 ,23.28 ,23.26 ,23.27 ,23.35 ,23.22 ,23.14 ,23.23 ,23.26 ,23.2 ,23.18 ,23.15 ,23.45 ,23.26 ,23.31 ,23.21 ,23.23 ,23.23 ,23.2 ,23.13 ,23.17 ,23.16 ,23.08 ,23.3 ,23.25 ,23.06 ,23.1 ,23.25 ,23.15 ,23.09 ,23.13 ,23.17 ,23.18 ,23.07 ,23.08 ,23.05 ,23.09 ,23.04 ,23.06 ,
160,23.47 ,23.33 ,23.26 ,23.3 ,23.26 ,23.24 ,23.2 ,23.25 ,23.25 ,23.24 ,23.19 ,23.31 ,23.37 ,23.31 ,23.29 ,23.38 ,23.39 ,23.49 ,23.53 ,23.48 ,23.42 ,23.4 ,23.4 ,23.35 ,23.39 ,23.34 ,23.37 ,23.52 ,23.51 ,23.59 ,23.68 ,23.65 ,23.59 ,23.66 ,23.69 ,23.62 ,23.6 ,23.55 ,23.5 ,23.51 ,23.55 ,23.46 ,23.51 ,23.55 ,23.54 ,23.53 ,23.64 ,23.58 ,23.56 ,23.5 ,23.47 ,23.53 ,23.58 ,23.49 ,23.46 ,23.49 ,23.52 ,23.54 ,23.62 ,23.58 ,23.58 ,23.59 ,23.56 ,23.52 ,23.67 ,23.65 ,23.58 ,23.58 ,23.58 ,23.55 ,23.5 ,23.52 ,23.57 ,23.6 ,23.58 ,23.65 ,23.64 ,23.65 ,23.71 ,23.65 ,23.55 ,23.61 ,23.57 ,23.62 ,23.58 ,23.49 ,23.55 ,23.46 ,23.45 ,23.41 ,23.48 ,23.58 ,23.56 ,23.6 ,23.59 ,23.69 ,23.69 ,23.65 ,23.72 ,23.72 ,23.61 ,23.57 ,23.72 ,23.67 ,23.74 ,23.7 ,23.64 ,23.65 ,23.75 ,23.68 ,23.65 ,23.66 ,23.7 ,23.78 ,23.72 ,23.72 ,23.71 ,23.71 ,23.7 ,23.69 ,23.77 ,23.81 ,23.75 ,23.84 ,23.81 ,23.69 ,23.74 ,23.77 ,23.72 ,23.67 ,23.77 ,23.79 ,23.79 ,23.8 ,23.82 ,23.83 ,23.77 ,23.72 ,23.76 ,23.81 ,23.77 ,23.75 ,23.75 ,23.74 ,23.82 ,23.76 ,23.79 ,23.78 ,23.82 ,23.85 ,23.88 ,23.83 ,23.77 ,23.75 ,23.77 ,23.85 ,23.78 ,23.77 ,23.86 ,23.87 ,23.84 ,23.85 ,23.7 ,23.56 ,23.59 ,23.62 ,23.55 ,23.62 ,23.56 ,23.57 ,23.65 ,23.56 ,23.49 ,23.54 ,23.63 ,23.55 ,23.51 ,23.57 ,23.61 ,23.55 ,23.58 ,23.65 ,23.54 ,23.49 ,23.54 ,23.54 ,23.48 ,23.41 ,23.55 ,23.57 ,23.57 ,23.51 ,23.55 ,23.58 ,23.55 ,23.6 ,23.46 ,23.56 ,23.56 ,23.63 ,23.74 ,23.76 ,23.74 ,23.64 ,23.61 ,23.7 ,23.67 ,23.69 ,23.63 ,23.62 ,23.59 ,23.65 ,23.66 ,23.62 ,23.53 ,23.55 ,23.59 ,23.62 ,23.6 ,23.59 ,23.64 ,23.68 ,23.66 ,23.67 ,23.72 ,23.7 ,23.74 ,23.73 ,23.72 ,23.73 ,23.73 ,23.7 ,23.73 ,23.73 ,23.75 ,23.77 ,23.71 ,23.58 ,23.44 ,23.48 ,23.53 ,23.55 ,23.64 ,23.63 ,23.57 ,23.41 ,23.31 ,23.34 ,23.51 ,23.61 ,23.62 ,23.48 ,23.47 ,23.42 ,23.42 ,23.36 ,23.33 ,23.32 ,23.35 ,23.45 ,23.62 ,23.65 ,23.66 ,23.62 ,23.63 ,23.66 ,23.71 ,23.67 ,23.6 ,23.58 ,23.66 ,23.62 ,23.57 ,23.6 ,23.62 ,23.63 ,23.63 ,23.63 ,23.65 ,23.69 ,23.62 ,23.5 ,23.45 ,23.47 ,23.53 ,23.64 ,23.71 ,23.57 ,23.63 ,23.66 ,23.59 ,23.62 ,23.58 ,23.64 ,23.57 ,23.65 ,23.67 ,23.74 ,23.72 ,23.65 ,23.6 ,23.59 ,23.6 ,23.66 ,23.73 ,23.69 ,23.67 ,23.68 ,23.64 ,23.57 ,23.6 ,23.73 ,23.64 ,23.63 ,23.62 ,23.6 ,23.56 ,23.64 ,23.54 ,23.51 ,23.55 ,23.58 ,23.59 ,23.59 ,23.64 ,23.6 ,23.65 ,23.64 ,23.74 ,23.71 ,23.62 ,23.6 ,23.63 ,23.68 ,23.78 ,23.68 ,23.65 ,23.68 ,23.71 ,23.71 ,23.78 ,23.78 ,23.79 ,23.87 ,23.88 ,23.86 ,23.79 ,23.73 ,23.7 ,23.75 ,23.85 ,23.91 ,23.92 ,23.82 ,23.76 ,23.79 ,23.71 ,23.78 ,23.74 ,23.81 ,23.83 ,23.88 ,23.85 ,23.81 ,23.9 ,23.87 ,23.83 ,23.82 ,23.83 ,23.83 ,23.88 ,23.85 ,23.82 ,23.68 ,23.58 ,23.64 ,23.63 ,23.69 ,23.64 ,23.56 ,23.54 ,23.57 ,23.62 ,23.62 ,23.56 ,23.6 ,23.64 ,23.69 ,23.59 ,23.56 ,23.64 ,23.65 ,23.62 ,23.54 ,23.53 ,23.59 ,23.63 ,23.66 ,23.56 ,23.61 ,23.6 ,23.64 ,23.52 ,23.59 ,23.56 ,23.5 ,23.49 ,23.63 ,23.66 ,23.7 ,23.76 ,23.75 ,23.75 ,23.78 ,23.73 ,23.62 ,23.66 ,23.73 ,23.84 ,23.99 ,24.05 ,23.99 ,24.02 ,24.03 ,24 ,24.02 ,24.1 ,24.02 ,24.08 ,24.05 ,23.98 ,24.01 ,24.09 ,24.1 ,24 ,23.99 ,23.93 ,23.96 ,23.94 ,23.92 ,23.93 ,24.11 ,23.99 ,23.94 ,23.97 ,23.97 ,23.92 ,23.84 ,23.8 ,23.83 ,23.92 ,24.04 ,23.94 ,23.93 ,23.96 ,24 ,23.92 ,23.86 ,23.84 ,23.84 ,23.85 ,23.83 ,23.84 ,23.87 ,23.88 ,23.78 ,23.8 ,23.77 ,23.73 ,23.68 ,23.8 ,23.86 ,23.87 ,23.86 ,23.78 ,23.82 ,23.69 ,23.76 ,23.73 ,23.65 ,23.63 ,23.56 ,23.56 ,23.62 ,23.62 ,23.63 ,23.56 ,23.54 ,23.54 ,23.56 ,23.5 ,23.53 ,23.56 ,23.54 ,23.55 ,23.67 ,23.73 ,23.74 ,23.76 ,23.78 ,23.75 ,23.77 ,23.68 ,23.71 ,23.75 ,23.83 ,23.86 ,23.86 ,23.84 ,23.71 ,23.68 ,23.79 ,23.7 ,23.7 ,23.75 ,23.65 ,23.69 ,23.68 ,23.7 ,23.8 ,23.69 ,23.68 ,23.76 ,23.74 ,23.69 ,23.7 ,23.66 ,23.65 ,23.67 ,23.68 ,23.74 ,23.68 ,23.6 ,23.66 ,23.69 ,23.62 ,23.66 ,23.69 ,23.65 ,23.63 ,23.7 ,23.73 ,23.72 ,23.63 ,23.67 ,23.71 ,23.56 ,23.64 ,23.65 ,23.61 ,23.66 ,23.69 ,23.71 ,23.63 ,23.54 ,23.53 ,23.49 ,23.51 ,23.52 ,23.51 ,23.42 ,23.44 ,23.47 ,23.37 ,23.39 ,23.28 ,23.32 ,23.36 ,23.47 ,23.44 ,23.4 ,23.42 ,23.41 ,23.38 ,23.4 ,23.37 ,23.29 ,23.34 ,23.39 ,23.25 ,23.22 ,23.29 ,23.31 ,23.43 ,23.42 ,23.43 ,23.5 ,23.44 ,23.36 ,23.31 ,23.34 ,23.36 ,23.4 ,23.45 ,23.35 ,23.35 ,23.38 ,23.28 ,23.33 ,23.37 ,23.39 ,23.4 ,23.33 ,23.29 ,23.25 ,23.38 ,23.26 ,23.22 ,23.29 ,23.29 ,23.23 ,23.24 ,23.13 ,23.17 ,23.14 ,23.29 ,23.19 ,23.08 ,23.16 ,23.2 ,23.11 ,23.11 ,23.23 ,23.17 ,23.25 ,23.24 ,23.18 ,23.2 ,23.22 ,23.13 ,23.12 ,23.18 ,23.21 ,23.25 ,23.1 ,23.12 ,23.13 ,23.19 ,23.1 ,23.03 ,
161,23.41 ,23.36 ,23.35 ,23.25 ,23.17 ,23.23 ,23.3 ,23.34 ,23.31 ,23.23 ,23.2 ,23.21 ,23.3 ,23.3 ,23.32 ,23.41 ,23.44 ,23.44 ,23.5 ,23.4 ,23.4 ,23.46 ,23.59 ,23.4 ,23.38 ,23.38 ,23.33 ,23.44 ,23.53 ,23.6 ,23.65 ,23.66 ,23.58 ,23.62 ,23.64 ,23.64 ,23.56 ,23.62 ,23.61 ,23.5 ,23.59 ,23.48 ,23.48 ,23.56 ,23.55 ,23.56 ,23.62 ,23.58 ,23.53 ,23.56 ,23.49 ,23.5 ,23.56 ,23.44 ,23.5 ,23.55 ,23.54 ,23.51 ,23.59 ,23.61 ,23.62 ,23.5 ,23.53 ,23.58 ,23.63 ,23.62 ,23.63 ,23.62 ,23.59 ,23.54 ,23.53 ,23.52 ,23.53 ,23.6 ,23.68 ,23.66 ,23.68 ,23.58 ,23.65 ,23.59 ,23.49 ,23.53 ,23.56 ,23.57 ,23.52 ,23.53 ,23.49 ,23.41 ,23.4 ,23.47 ,23.54 ,23.65 ,23.61 ,23.62 ,23.57 ,23.67 ,23.58 ,23.64 ,23.67 ,23.68 ,23.61 ,23.6 ,23.67 ,23.63 ,23.73 ,23.72 ,23.65 ,23.67 ,23.74 ,23.79 ,23.66 ,23.65 ,23.69 ,23.69 ,23.73 ,23.73 ,23.71 ,23.66 ,23.74 ,23.71 ,23.69 ,23.69 ,23.74 ,23.81 ,23.74 ,23.71 ,23.85 ,23.79 ,23.72 ,23.72 ,23.85 ,23.9 ,23.78 ,23.76 ,23.82 ,23.84 ,23.75 ,23.77 ,23.73 ,23.72 ,23.67 ,23.74 ,23.77 ,23.73 ,23.84 ,23.82 ,23.81 ,23.81 ,23.82 ,23.83 ,23.74 ,23.76 ,23.73 ,23.74 ,23.77 ,23.8 ,23.81 ,23.74 ,23.8 ,23.84 ,23.84 ,23.84 ,23.76 ,23.63 ,23.56 ,23.55 ,23.49 ,23.6 ,23.55 ,23.61 ,23.67 ,23.61 ,23.54 ,23.53 ,23.64 ,23.58 ,23.54 ,23.58 ,23.62 ,23.54 ,23.53 ,23.61 ,23.51 ,23.49 ,23.46 ,23.59 ,23.56 ,23.48 ,23.54 ,23.54 ,23.61 ,23.58 ,23.52 ,23.53 ,23.57 ,23.63 ,23.53 ,23.51 ,23.57 ,23.61 ,23.69 ,23.73 ,23.76 ,23.64 ,23.61 ,23.7 ,23.65 ,23.67 ,23.67 ,23.67 ,23.62 ,23.61 ,23.67 ,23.63 ,23.54 ,23.53 ,23.56 ,23.54 ,23.64 ,23.53 ,23.64 ,23.67 ,23.67 ,23.66 ,23.71 ,23.75 ,23.83 ,23.8 ,23.68 ,23.75 ,23.73 ,23.72 ,23.76 ,23.66 ,23.65 ,23.74 ,23.77 ,23.65 ,23.54 ,23.54 ,23.52 ,23.57 ,23.64 ,23.6 ,23.6 ,23.47 ,23.41 ,23.39 ,23.55 ,23.69 ,23.62 ,23.51 ,23.54 ,23.51 ,23.59 ,23.61 ,23.58 ,23.54 ,23.46 ,23.5 ,23.57 ,23.63 ,23.62 ,23.66 ,23.71 ,23.64 ,23.62 ,23.64 ,23.56 ,23.57 ,23.61 ,23.68 ,23.62 ,23.61 ,23.59 ,23.61 ,23.65 ,23.61 ,23.68 ,23.66 ,23.7 ,23.54 ,23.52 ,23.49 ,23.47 ,23.54 ,23.67 ,23.5 ,23.6 ,23.64 ,23.6 ,23.61 ,23.57 ,23.6 ,23.65 ,23.61 ,23.6 ,23.68 ,23.7 ,23.65 ,23.66 ,23.72 ,23.62 ,23.64 ,23.69 ,23.69 ,23.65 ,23.75 ,23.7 ,23.66 ,23.7 ,23.69 ,23.63 ,23.58 ,23.65 ,23.6 ,23.6 ,23.61 ,23.58 ,23.52 ,23.53 ,23.61 ,23.63 ,23.61 ,23.64 ,23.67 ,23.65 ,23.66 ,23.61 ,23.7 ,23.67 ,23.7 ,23.69 ,23.68 ,23.73 ,23.7 ,23.7 ,23.8 ,23.76 ,23.73 ,23.77 ,23.87 ,23.9 ,23.89 ,23.83 ,23.88 ,23.95 ,23.82 ,23.74 ,23.83 ,23.84 ,23.88 ,23.85 ,23.81 ,23.77 ,23.77 ,23.79 ,23.73 ,23.74 ,23.8 ,23.86 ,23.83 ,23.84 ,23.81 ,23.9 ,23.84 ,23.82 ,23.9 ,23.85 ,23.83 ,23.82 ,23.85 ,23.85 ,23.72 ,23.58 ,23.58 ,23.64 ,23.63 ,23.57 ,23.57 ,23.59 ,23.61 ,23.65 ,23.65 ,23.6 ,23.6 ,23.61 ,23.66 ,23.56 ,23.58 ,23.55 ,23.53 ,23.58 ,23.53 ,23.53 ,23.63 ,23.64 ,23.65 ,23.62 ,23.59 ,23.59 ,23.66 ,23.66 ,23.57 ,23.6 ,23.6 ,23.57 ,23.59 ,23.63 ,23.69 ,23.76 ,23.72 ,23.77 ,23.73 ,23.7 ,23.64 ,23.63 ,23.75 ,23.85 ,23.93 ,23.97 ,23.99 ,23.99 ,23.93 ,23.96 ,24.05 ,24.06 ,24.02 ,24.06 ,24.17 ,24.02 ,23.91 ,23.99 ,24.08 ,24.02 ,24.02 ,24.09 ,24.12 ,24.04 ,23.98 ,23.94 ,23.94 ,23.97 ,23.96 ,23.95 ,24 ,24.06 ,23.97 ,23.86 ,23.9 ,23.96 ,24.09 ,24.02 ,23.92 ,23.99 ,23.99 ,23.92 ,23.98 ,23.91 ,23.91 ,23.91 ,23.87 ,23.92 ,23.91 ,23.98 ,23.89 ,23.89 ,23.85 ,23.9 ,23.79 ,23.85 ,23.94 ,23.97 ,24.1 ,23.94 ,23.96 ,23.9 ,23.83 ,23.79 ,23.75 ,23.66 ,23.67 ,23.58 ,23.56 ,23.47 ,23.55 ,23.66 ,23.5 ,23.52 ,23.59 ,23.53 ,23.52 ,23.53 ,23.46 ,23.54 ,23.61 ,23.76 ,23.83 ,23.79 ,23.75 ,23.74 ,23.79 ,23.73 ,23.69 ,23.78 ,23.87 ,23.86 ,23.85 ,23.84 ,23.77 ,23.69 ,23.76 ,23.72 ,23.73 ,23.84 ,23.75 ,23.73 ,23.74 ,23.79 ,23.81 ,23.73 ,23.71 ,23.67 ,23.66 ,23.67 ,23.7 ,23.72 ,23.76 ,23.71 ,23.72 ,23.74 ,23.69 ,23.63 ,23.67 ,23.74 ,23.68 ,23.68 ,23.7 ,23.61 ,23.56 ,23.67 ,23.68 ,23.66 ,23.69 ,23.57 ,23.66 ,23.63 ,23.69 ,23.68 ,23.59 ,23.63 ,23.68 ,23.68 ,23.64 ,23.57 ,23.51 ,23.51 ,23.55 ,23.51 ,23.47 ,23.42 ,23.48 ,23.39 ,23.28 ,23.31 ,23.33 ,23.37 ,23.42 ,23.46 ,23.42 ,23.44 ,23.47 ,23.43 ,23.39 ,23.33 ,23.38 ,23.31 ,23.39 ,23.36 ,23.32 ,23.28 ,23.35 ,23.31 ,23.41 ,23.39 ,23.36 ,23.44 ,23.38 ,23.48 ,23.46 ,23.39 ,23.43 ,23.45 ,23.43 ,23.4 ,23.33 ,23.4 ,23.34 ,23.32 ,23.33 ,23.37 ,23.37 ,23.42 ,23.28 ,23.29 ,23.29 ,23.31 ,23.22 ,23.26 ,23.24 ,23.22 ,23.2 ,23.22 ,23.24 ,23.11 ,23.23 ,23.16 ,23.06 ,23.12 ,23.21 ,23.11 ,23.11 ,23.12 ,23.18 ,23.14 ,23.22 ,23.17 ,23.23 ,23.12 ,23.04 ,23.13 ,23.21 ,23.21 ,23.28 ,23.17 ,23.07 ,23.15 ,23.14 ,23.03 ,23.03 ,
162,23.43 ,23.44 ,23.32 ,23.27 ,23.22 ,23.25 ,23.27 ,23.34 ,23.28 ,23.18 ,23.19 ,23.25 ,23.33 ,23.39 ,23.43 ,23.42 ,23.4 ,23.36 ,23.44 ,23.43 ,23.43 ,23.47 ,23.5 ,23.35 ,23.27 ,23.35 ,23.36 ,23.42 ,23.61 ,23.67 ,23.65 ,23.66 ,23.69 ,23.62 ,23.66 ,23.63 ,23.55 ,23.55 ,23.59 ,23.54 ,23.56 ,23.56 ,23.48 ,23.51 ,23.53 ,23.56 ,23.59 ,23.56 ,23.52 ,23.55 ,23.56 ,23.48 ,23.58 ,23.59 ,23.48 ,23.61 ,23.61 ,23.55 ,23.56 ,23.57 ,23.56 ,23.54 ,23.54 ,23.65 ,23.61 ,23.55 ,23.59 ,23.68 ,23.63 ,23.63 ,23.63 ,23.63 ,23.59 ,23.63 ,23.63 ,23.66 ,23.72 ,23.68 ,23.6 ,23.53 ,23.57 ,23.45 ,23.49 ,23.59 ,23.5 ,23.52 ,23.58 ,23.56 ,23.56 ,23.47 ,23.58 ,23.63 ,23.67 ,23.68 ,23.58 ,23.69 ,23.74 ,23.65 ,23.74 ,23.77 ,23.72 ,23.61 ,23.67 ,23.65 ,23.72 ,23.68 ,23.68 ,23.71 ,23.75 ,23.68 ,23.7 ,23.67 ,23.7 ,23.7 ,23.73 ,23.7 ,23.79 ,23.74 ,23.71 ,23.73 ,23.72 ,23.69 ,23.74 ,23.82 ,23.8 ,23.79 ,23.84 ,23.77 ,23.73 ,23.75 ,23.85 ,23.86 ,23.79 ,23.76 ,23.76 ,23.71 ,23.75 ,23.77 ,23.75 ,23.74 ,23.7 ,23.78 ,23.77 ,23.81 ,23.84 ,23.81 ,23.85 ,23.83 ,23.75 ,23.79 ,23.73 ,23.7 ,23.75 ,23.82 ,23.78 ,23.78 ,23.82 ,23.72 ,23.82 ,23.76 ,23.8 ,23.87 ,23.79 ,23.73 ,23.56 ,23.54 ,23.56 ,23.56 ,23.54 ,23.58 ,23.63 ,23.53 ,23.56 ,23.59 ,23.61 ,23.56 ,23.52 ,23.57 ,23.56 ,23.61 ,23.56 ,23.56 ,23.58 ,23.53 ,23.56 ,23.65 ,23.71 ,23.73 ,23.71 ,23.61 ,23.62 ,23.61 ,23.58 ,23.6 ,23.62 ,23.64 ,23.59 ,23.56 ,23.54 ,23.61 ,23.68 ,23.74 ,23.71 ,23.69 ,23.67 ,23.65 ,23.63 ,23.64 ,23.67 ,23.72 ,23.75 ,23.65 ,23.68 ,23.68 ,23.58 ,23.54 ,23.58 ,23.58 ,23.59 ,23.61 ,23.61 ,23.6 ,23.62 ,23.68 ,23.73 ,23.67 ,23.72 ,23.77 ,23.71 ,23.85 ,23.76 ,23.69 ,23.75 ,23.66 ,23.67 ,23.95 ,24.12 ,23.92 ,23.68 ,23.65 ,23.63 ,23.63 ,23.61 ,23.53 ,23.5 ,23.44 ,23.43 ,23.49 ,23.5 ,23.58 ,23.64 ,23.61 ,23.6 ,23.56 ,23.57 ,23.65 ,23.63 ,23.66 ,23.68 ,23.57 ,23.55 ,23.64 ,23.65 ,23.66 ,23.7 ,23.67 ,23.62 ,23.62 ,23.62 ,23.61 ,23.59 ,23.68 ,23.74 ,23.61 ,23.62 ,23.61 ,23.62 ,23.65 ,23.73 ,23.61 ,23.6 ,23.55 ,23.61 ,23.58 ,23.5 ,23.44 ,23.47 ,23.41 ,23.52 ,23.57 ,23.57 ,23.64 ,23.58 ,23.65 ,23.7 ,23.68 ,23.61 ,23.56 ,23.58 ,23.65 ,23.71 ,23.7 ,23.69 ,23.59 ,23.58 ,23.65 ,23.68 ,23.69 ,23.67 ,23.64 ,23.67 ,23.7 ,23.66 ,23.63 ,23.64 ,23.6 ,23.61 ,23.66 ,23.67 ,23.63 ,23.51 ,23.61 ,23.65 ,23.63 ,23.69 ,23.73 ,23.61 ,23.6 ,23.61 ,23.64 ,23.73 ,23.69 ,23.72 ,23.69 ,23.68 ,23.63 ,23.7 ,23.78 ,23.76 ,23.73 ,23.78 ,23.85 ,23.87 ,23.85 ,23.86 ,23.84 ,23.94 ,23.87 ,23.86 ,23.88 ,23.88 ,23.91 ,23.84 ,23.84 ,23.83 ,23.78 ,23.76 ,23.77 ,23.71 ,23.75 ,23.82 ,23.84 ,23.87 ,23.79 ,23.81 ,23.79 ,23.8 ,23.9 ,23.86 ,23.78 ,23.78 ,23.88 ,23.84 ,23.72 ,23.62 ,23.61 ,23.62 ,23.57 ,23.62 ,23.62 ,23.66 ,23.64 ,23.57 ,23.66 ,23.64 ,23.62 ,23.6 ,23.6 ,23.61 ,23.61 ,23.58 ,23.55 ,23.59 ,23.57 ,23.55 ,23.66 ,23.66 ,23.59 ,23.68 ,23.62 ,23.61 ,23.67 ,23.64 ,23.58 ,23.57 ,23.55 ,23.6 ,23.61 ,23.69 ,23.67 ,23.69 ,23.76 ,23.76 ,23.76 ,23.77 ,23.78 ,23.76 ,23.7 ,23.68 ,23.81 ,23.93 ,23.99 ,24.11 ,24.02 ,23.96 ,23.97 ,24.01 ,24.04 ,24.04 ,24.1 ,24.02 ,24.04 ,24.07 ,24.07 ,24.02 ,23.99 ,24.05 ,24.09 ,24.09 ,24.02 ,23.98 ,23.9 ,23.96 ,24 ,23.96 ,24.03 ,24.09 ,23.95 ,23.87 ,24.01 ,23.95 ,24.04 ,24.09 ,23.99 ,23.97 ,24.01 ,23.91 ,23.89 ,23.94 ,24 ,23.96 ,23.96 ,23.92 ,24.01 ,24 ,23.99 ,23.97 ,23.94 ,23.94 ,23.89 ,23.95 ,24.01 ,23.95 ,24.04 ,23.96 ,23.88 ,23.93 ,23.96 ,23.86 ,23.75 ,23.58 ,23.58 ,23.57 ,23.51 ,23.46 ,23.55 ,23.58 ,23.51 ,23.48 ,23.56 ,23.58 ,23.56 ,23.49 ,23.5 ,23.56 ,23.68 ,23.72 ,23.78 ,23.82 ,23.79 ,23.81 ,23.81 ,23.78 ,23.72 ,23.8 ,23.81 ,23.77 ,23.8 ,23.78 ,23.87 ,23.83 ,23.8 ,23.73 ,23.72 ,23.83 ,23.81 ,23.73 ,23.69 ,23.74 ,23.78 ,23.76 ,23.7 ,23.64 ,23.64 ,23.67 ,23.72 ,23.67 ,23.64 ,23.77 ,23.69 ,23.69 ,23.56 ,23.59 ,23.69 ,23.72 ,23.66 ,23.68 ,23.79 ,23.66 ,23.56 ,23.67 ,23.72 ,23.7 ,23.64 ,23.52 ,23.59 ,23.63 ,23.67 ,23.7 ,23.64 ,23.59 ,23.61 ,23.64 ,23.64 ,23.62 ,23.54 ,23.46 ,23.44 ,23.44 ,23.45 ,23.4 ,23.42 ,23.39 ,23.32 ,23.31 ,23.32 ,23.41 ,23.42 ,23.36 ,23.32 ,23.43 ,23.43 ,23.49 ,23.46 ,23.33 ,23.36 ,23.37 ,23.36 ,23.32 ,23.28 ,23.28 ,23.42 ,23.35 ,23.46 ,23.38 ,23.3 ,23.36 ,23.36 ,23.35 ,23.37 ,23.43 ,23.51 ,23.4 ,23.37 ,23.45 ,23.39 ,23.41 ,23.47 ,23.45 ,23.3 ,23.27 ,23.28 ,23.4 ,23.34 ,23.28 ,23.33 ,23.27 ,23.19 ,23.16 ,23.22 ,23.17 ,23.17 ,23.21 ,23.29 ,23.19 ,23.2 ,23.24 ,23.22 ,23.21 ,23.15 ,23.17 ,23.19 ,23.14 ,23.11 ,23.16 ,23.2 ,23.17 ,23.21 ,23.13 ,23.07 ,23.18 ,23.24 ,23.18 ,23.17 ,23.03 ,22.98 ,23.15 ,23.13 ,23.01 ,23.01 ,
163,23.35 ,23.31 ,23.31 ,23.31 ,23.29 ,23.33 ,23.34 ,23.33 ,23.28 ,23.25 ,23.15 ,23.26 ,23.36 ,23.37 ,23.45 ,23.51 ,23.42 ,23.36 ,23.42 ,23.45 ,23.37 ,23.36 ,23.41 ,23.26 ,23.19 ,23.28 ,23.44 ,23.47 ,23.5 ,23.56 ,23.6 ,23.56 ,23.56 ,23.7 ,23.64 ,23.63 ,23.55 ,23.61 ,23.56 ,23.46 ,23.55 ,23.52 ,23.49 ,23.43 ,23.46 ,23.56 ,23.56 ,23.52 ,23.48 ,23.49 ,23.52 ,23.57 ,23.57 ,23.6 ,23.56 ,23.56 ,23.58 ,23.64 ,23.54 ,23.53 ,23.47 ,23.58 ,23.65 ,23.6 ,23.64 ,23.58 ,23.62 ,23.63 ,23.63 ,23.57 ,23.6 ,23.63 ,23.7 ,23.66 ,23.59 ,23.59 ,23.63 ,23.63 ,23.62 ,23.56 ,23.65 ,23.61 ,23.53 ,23.55 ,23.58 ,23.58 ,23.66 ,23.61 ,23.62 ,23.56 ,23.54 ,23.66 ,23.64 ,23.68 ,23.69 ,23.69 ,23.77 ,23.64 ,23.64 ,23.74 ,23.7 ,23.74 ,23.73 ,23.65 ,23.7 ,23.65 ,23.65 ,23.7 ,23.68 ,23.63 ,23.57 ,23.61 ,23.7 ,23.74 ,23.71 ,23.64 ,23.66 ,23.72 ,23.77 ,23.77 ,23.73 ,23.7 ,23.73 ,23.81 ,23.84 ,23.85 ,23.88 ,23.89 ,23.77 ,23.73 ,23.74 ,23.82 ,23.79 ,23.82 ,23.82 ,23.76 ,23.82 ,23.78 ,23.7 ,23.79 ,23.8 ,23.77 ,23.74 ,23.72 ,23.79 ,23.73 ,23.75 ,23.8 ,23.84 ,23.83 ,23.79 ,23.75 ,23.78 ,23.77 ,23.73 ,23.75 ,23.71 ,23.69 ,23.82 ,23.81 ,23.83 ,23.8 ,23.74 ,23.69 ,23.61 ,23.5 ,23.59 ,23.63 ,23.6 ,23.61 ,23.57 ,23.57 ,23.54 ,23.58 ,23.62 ,23.53 ,23.55 ,23.58 ,23.6 ,23.59 ,23.6 ,23.66 ,23.62 ,23.62 ,23.54 ,23.58 ,23.56 ,23.71 ,23.75 ,23.66 ,23.63 ,23.56 ,23.58 ,23.65 ,23.62 ,23.59 ,23.54 ,23.56 ,23.61 ,23.65 ,23.79 ,23.77 ,23.74 ,23.71 ,23.75 ,23.78 ,23.73 ,23.68 ,23.64 ,23.71 ,23.78 ,23.74 ,23.66 ,23.67 ,23.66 ,23.62 ,23.63 ,23.64 ,23.57 ,23.61 ,23.65 ,23.63 ,23.69 ,23.65 ,23.74 ,23.67 ,23.61 ,23.63 ,23.76 ,23.77 ,23.76 ,23.75 ,23.73 ,23.72 ,23.76 ,24 ,24.47 ,24.7 ,23.72 ,23.71 ,23.66 ,23.68 ,23.67 ,23.55 ,23.47 ,23.46 ,23.37 ,23.44 ,23.54 ,23.59 ,23.57 ,23.52 ,23.56 ,23.63 ,23.65 ,23.63 ,23.6 ,23.6 ,23.61 ,23.58 ,23.61 ,23.64 ,23.66 ,23.66 ,23.69 ,23.63 ,23.66 ,23.64 ,23.59 ,23.63 ,23.6 ,23.71 ,23.69 ,23.69 ,23.57 ,23.55 ,23.55 ,23.62 ,23.65 ,23.59 ,23.52 ,23.57 ,23.62 ,23.65 ,23.5 ,23.49 ,23.39 ,23.33 ,23.42 ,23.56 ,23.57 ,23.62 ,23.64 ,23.67 ,23.69 ,23.65 ,23.59 ,23.52 ,23.52 ,23.59 ,23.66 ,23.67 ,23.65 ,23.63 ,23.58 ,23.6 ,23.63 ,23.71 ,23.71 ,23.62 ,23.6 ,23.68 ,23.63 ,23.63 ,23.68 ,23.58 ,23.61 ,23.64 ,23.58 ,23.6 ,23.51 ,23.57 ,23.57 ,23.61 ,23.7 ,23.68 ,23.61 ,23.62 ,23.63 ,23.66 ,23.64 ,23.61 ,23.65 ,23.67 ,23.61 ,23.63 ,23.7 ,23.69 ,23.65 ,23.72 ,23.77 ,23.81 ,23.8 ,23.82 ,23.92 ,23.9 ,23.91 ,23.87 ,23.82 ,23.89 ,23.84 ,23.8 ,23.78 ,23.78 ,23.76 ,23.78 ,23.77 ,23.8 ,23.75 ,23.73 ,23.8 ,23.92 ,23.92 ,23.82 ,23.8 ,23.83 ,23.86 ,23.94 ,23.91 ,23.76 ,23.76 ,23.9 ,23.91 ,23.75 ,23.62 ,23.6 ,23.62 ,23.62 ,23.68 ,23.69 ,23.67 ,23.63 ,23.59 ,23.62 ,23.66 ,23.65 ,23.68 ,23.64 ,23.53 ,23.54 ,23.56 ,23.58 ,23.6 ,23.53 ,23.61 ,23.67 ,23.66 ,23.58 ,23.72 ,23.68 ,23.59 ,23.62 ,23.6 ,23.65 ,23.65 ,23.53 ,23.57 ,23.59 ,23.6 ,23.72 ,23.69 ,23.71 ,23.83 ,23.88 ,23.86 ,23.76 ,23.75 ,23.71 ,23.65 ,23.71 ,23.9 ,23.99 ,24.11 ,24.05 ,23.96 ,24.02 ,24.03 ,23.96 ,24.02 ,24.03 ,24.07 ,24.03 ,24.15 ,24.11 ,24.04 ,24.05 ,24.07 ,24.06 ,24.01 ,24 ,23.99 ,24 ,23.96 ,24.07 ,23.98 ,24.08 ,24.07 ,23.98 ,23.94 ,24.05 ,23.94 ,23.96 ,24.05 ,23.96 ,23.9 ,23.93 ,23.91 ,23.88 ,23.96 ,24.01 ,24 ,23.95 ,23.89 ,23.9 ,24.02 ,23.99 ,24.01 ,23.97 ,23.88 ,23.93 ,24.02 ,24.01 ,23.91 ,23.97 ,24 ,24.04 ,23.99 ,24 ,23.9 ,23.74 ,23.65 ,23.56 ,23.56 ,23.49 ,23.48 ,23.56 ,23.59 ,23.57 ,23.59 ,23.52 ,23.56 ,23.54 ,23.53 ,23.6 ,23.6 ,23.7 ,23.77 ,23.78 ,23.76 ,23.85 ,23.84 ,23.83 ,23.77 ,23.71 ,23.82 ,23.83 ,23.76 ,23.77 ,23.76 ,23.84 ,23.82 ,23.81 ,23.76 ,23.75 ,23.75 ,23.8 ,23.77 ,23.63 ,23.67 ,23.75 ,23.75 ,23.64 ,23.68 ,23.69 ,23.72 ,23.74 ,23.69 ,23.7 ,23.76 ,23.66 ,23.6 ,23.55 ,23.61 ,23.67 ,23.67 ,23.72 ,23.7 ,23.74 ,23.76 ,23.63 ,23.65 ,23.65 ,23.73 ,23.67 ,23.54 ,23.61 ,23.64 ,23.73 ,23.74 ,23.66 ,23.64 ,23.7 ,23.67 ,23.6 ,23.6 ,23.56 ,23.42 ,23.45 ,23.5 ,23.55 ,23.43 ,23.41 ,23.33 ,23.34 ,23.39 ,23.28 ,23.34 ,23.46 ,23.45 ,23.39 ,23.42 ,23.36 ,23.43 ,23.43 ,23.38 ,23.31 ,23.29 ,23.42 ,23.47 ,23.42 ,23.3 ,23.4 ,23.41 ,23.38 ,23.39 ,23.36 ,23.34 ,23.34 ,23.39 ,23.43 ,23.48 ,23.62 ,23.44 ,23.39 ,23.4 ,23.43 ,23.41 ,23.5 ,23.39 ,23.32 ,23.22 ,23.28 ,23.33 ,23.29 ,23.24 ,23.31 ,23.3 ,23.18 ,23.18 ,23.28 ,23.28 ,23.13 ,23.17 ,23.21 ,23.16 ,23.17 ,23.17 ,23.26 ,23.23 ,23.12 ,23.09 ,23.18 ,23.26 ,23.1 ,23.13 ,23.17 ,23.09 ,23.13 ,23.14 ,23.17 ,23.17 ,23.28 ,23.29 ,23.21 ,23.04 ,23.01 ,23.19 ,23.14 ,22.97 ,22.99 ,
164,23.35 ,23.26 ,23.36 ,23.33 ,23.3 ,23.33 ,23.33 ,23.37 ,23.36 ,23.36 ,23.28 ,23.34 ,23.33 ,23.36 ,23.42 ,23.52 ,23.51 ,23.41 ,23.43 ,23.48 ,23.41 ,23.27 ,23.43 ,23.37 ,23.28 ,23.26 ,23.33 ,23.48 ,23.54 ,23.57 ,23.58 ,23.54 ,23.59 ,23.61 ,23.61 ,23.58 ,23.48 ,23.59 ,23.62 ,23.44 ,23.51 ,23.51 ,23.5 ,23.51 ,23.54 ,23.55 ,23.52 ,23.54 ,23.51 ,23.47 ,23.48 ,23.54 ,23.6 ,23.56 ,23.53 ,23.55 ,23.6 ,23.55 ,23.44 ,23.55 ,23.46 ,23.53 ,23.71 ,23.62 ,23.62 ,23.6 ,23.6 ,23.63 ,23.61 ,23.53 ,23.54 ,23.52 ,23.58 ,23.61 ,23.62 ,23.62 ,23.65 ,23.61 ,23.69 ,23.65 ,23.63 ,23.65 ,23.61 ,23.53 ,23.55 ,23.65 ,23.66 ,23.69 ,23.65 ,23.63 ,23.6 ,23.68 ,23.69 ,23.65 ,23.58 ,23.67 ,23.67 ,23.54 ,23.61 ,23.69 ,23.65 ,23.67 ,23.72 ,23.65 ,23.63 ,23.65 ,23.64 ,23.72 ,23.74 ,23.58 ,23.51 ,23.57 ,23.66 ,23.68 ,23.62 ,23.59 ,23.64 ,23.65 ,23.75 ,23.73 ,23.69 ,23.67 ,23.75 ,23.84 ,23.79 ,23.75 ,23.8 ,23.75 ,23.8 ,23.77 ,23.73 ,23.78 ,23.79 ,23.8 ,23.8 ,23.77 ,23.87 ,23.91 ,23.77 ,23.79 ,23.83 ,23.79 ,23.74 ,23.71 ,23.72 ,23.72 ,23.74 ,23.68 ,23.79 ,23.8 ,23.77 ,23.7 ,23.85 ,23.78 ,23.74 ,23.78 ,23.67 ,23.73 ,23.86 ,23.89 ,23.84 ,23.76 ,23.68 ,23.66 ,23.62 ,23.6 ,23.64 ,23.65 ,23.56 ,23.57 ,23.52 ,23.48 ,23.49 ,23.53 ,23.58 ,23.51 ,23.45 ,23.51 ,23.57 ,23.6 ,23.64 ,23.63 ,23.61 ,23.55 ,23.59 ,23.58 ,23.59 ,23.58 ,23.64 ,23.61 ,23.59 ,23.58 ,23.6 ,23.78 ,23.69 ,23.62 ,23.59 ,23.58 ,23.64 ,23.6 ,23.68 ,23.71 ,23.76 ,23.74 ,23.77 ,23.79 ,23.72 ,23.69 ,23.62 ,23.62 ,23.73 ,23.67 ,23.66 ,23.7 ,23.64 ,23.62 ,23.67 ,23.57 ,23.56 ,23.56 ,23.61 ,23.64 ,23.77 ,23.69 ,23.74 ,23.71 ,23.62 ,23.66 ,23.72 ,23.75 ,23.78 ,23.75 ,23.79 ,23.77 ,23.78 ,23.8 ,24.05 ,23.95 ,23.74 ,23.65 ,23.59 ,23.62 ,23.63 ,23.56 ,23.47 ,23.4 ,23.35 ,23.33 ,23.49 ,23.64 ,23.65 ,23.56 ,23.61 ,23.65 ,23.6 ,23.61 ,23.63 ,23.7 ,23.55 ,23.59 ,23.64 ,23.64 ,23.68 ,23.7 ,23.64 ,23.6 ,23.61 ,23.69 ,23.59 ,23.56 ,23.59 ,23.68 ,23.67 ,23.64 ,23.59 ,23.51 ,23.57 ,23.63 ,23.65 ,23.65 ,23.62 ,23.58 ,23.65 ,23.65 ,23.59 ,23.55 ,23.56 ,23.39 ,23.36 ,23.46 ,23.51 ,23.57 ,23.64 ,23.64 ,23.63 ,23.67 ,23.61 ,23.65 ,23.63 ,23.65 ,23.59 ,23.65 ,23.64 ,23.61 ,23.58 ,23.69 ,23.6 ,23.58 ,23.71 ,23.64 ,23.59 ,23.63 ,23.65 ,23.68 ,23.7 ,23.69 ,23.64 ,23.66 ,23.54 ,23.49 ,23.48 ,23.57 ,23.59 ,23.64 ,23.58 ,23.62 ,23.7 ,23.65 ,23.69 ,23.61 ,23.61 ,23.59 ,23.59 ,23.66 ,23.65 ,23.6 ,23.64 ,23.66 ,23.66 ,23.67 ,23.79 ,23.75 ,23.75 ,23.81 ,23.88 ,23.82 ,23.87 ,23.81 ,23.85 ,23.88 ,23.86 ,23.86 ,23.82 ,23.8 ,23.79 ,23.82 ,23.75 ,23.74 ,23.79 ,23.76 ,23.78 ,23.92 ,23.92 ,23.81 ,23.83 ,23.94 ,23.89 ,23.88 ,23.84 ,23.81 ,23.88 ,23.89 ,23.87 ,23.78 ,23.64 ,23.6 ,23.66 ,23.63 ,23.68 ,23.68 ,23.64 ,23.6 ,23.63 ,23.61 ,23.61 ,23.69 ,23.68 ,23.7 ,23.62 ,23.59 ,23.64 ,23.58 ,23.6 ,23.53 ,23.59 ,23.59 ,23.66 ,23.66 ,23.66 ,23.67 ,23.58 ,23.6 ,23.66 ,23.68 ,23.59 ,23.55 ,23.58 ,23.56 ,23.52 ,23.62 ,23.68 ,23.71 ,23.9 ,23.96 ,23.84 ,23.82 ,23.82 ,23.69 ,23.62 ,23.78 ,23.99 ,24.05 ,24.01 ,24.05 ,24.03 ,24.05 ,24.06 ,23.97 ,24.03 ,24.04 ,24.05 ,24.09 ,24.08 ,24.07 ,24.03 ,24.08 ,24.07 ,24.07 ,23.99 ,24.03 ,24.02 ,23.95 ,24.02 ,24.1 ,24.04 ,24.08 ,24.08 ,24 ,24.01 ,24.02 ,24.07 ,23.94 ,24.01 ,24.02 ,23.95 ,23.98 ,23.95 ,23.94 ,23.94 ,24.03 ,24.02 ,23.98 ,23.96 ,23.95 ,23.94 ,23.98 ,24.01 ,23.97 ,23.88 ,23.91 ,23.92 ,23.96 ,23.94 ,24 ,23.94 ,24.04 ,24.03 ,23.91 ,23.87 ,23.74 ,23.73 ,23.63 ,23.52 ,23.48 ,23.52 ,23.57 ,23.6 ,23.6 ,23.48 ,23.49 ,23.53 ,23.49 ,23.51 ,23.55 ,23.68 ,23.72 ,23.74 ,23.77 ,23.72 ,23.78 ,23.81 ,23.81 ,23.82 ,23.67 ,23.82 ,23.79 ,23.72 ,23.79 ,23.87 ,23.8 ,23.77 ,23.72 ,23.74 ,23.77 ,23.75 ,23.73 ,23.75 ,23.65 ,23.71 ,23.78 ,23.72 ,23.61 ,23.65 ,23.72 ,23.68 ,23.74 ,23.74 ,23.76 ,23.71 ,23.72 ,23.64 ,23.6 ,23.62 ,23.61 ,23.68 ,23.73 ,23.7 ,23.64 ,23.61 ,23.68 ,23.65 ,23.67 ,23.71 ,23.78 ,23.73 ,23.6 ,23.55 ,23.68 ,23.76 ,23.64 ,23.59 ,23.76 ,23.67 ,23.53 ,23.54 ,23.54 ,23.46 ,23.47 ,23.51 ,23.55 ,23.46 ,23.4 ,23.37 ,23.33 ,23.35 ,23.25 ,23.35 ,23.46 ,23.5 ,23.49 ,23.45 ,23.32 ,23.37 ,23.35 ,23.27 ,23.34 ,23.27 ,23.36 ,23.44 ,23.42 ,23.36 ,23.37 ,23.48 ,23.39 ,23.41 ,23.44 ,23.4 ,23.4 ,23.38 ,23.39 ,23.41 ,23.5 ,23.5 ,23.45 ,23.45 ,23.39 ,23.39 ,23.39 ,23.31 ,23.24 ,23.23 ,23.3 ,23.35 ,23.26 ,23.28 ,23.28 ,23.2 ,23.12 ,23.24 ,23.37 ,23.28 ,23.18 ,23.15 ,23.21 ,23.12 ,23.19 ,23.21 ,23.17 ,23.11 ,23.08 ,23.11 ,23.18 ,23.24 ,23.02 ,23.1 ,23.26 ,23.13 ,23.17 ,23.11 ,23.18 ,23.14 ,23.16 ,23.24 ,23.17 ,23.05 ,23.1 ,23.22 ,23.14 ,23.01 ,22.96 ,
165,23.41 ,23.34 ,23.39 ,23.38 ,23.29 ,23.3 ,23.3 ,23.34 ,23.27 ,23.34 ,23.34 ,23.34 ,23.35 ,23.3 ,23.41 ,23.44 ,23.48 ,23.51 ,23.47 ,23.52 ,23.4 ,23.34 ,23.41 ,23.36 ,23.33 ,23.37 ,23.33 ,23.37 ,23.47 ,23.55 ,23.57 ,23.6 ,23.62 ,23.67 ,23.65 ,23.62 ,23.58 ,23.54 ,23.66 ,23.57 ,23.52 ,23.54 ,23.57 ,23.57 ,23.59 ,23.62 ,23.56 ,23.62 ,23.66 ,23.68 ,23.5 ,23.5 ,23.59 ,23.58 ,23.57 ,23.55 ,23.52 ,23.51 ,23.51 ,23.58 ,23.62 ,23.57 ,23.64 ,23.6 ,23.66 ,23.65 ,23.6 ,23.64 ,23.59 ,23.51 ,23.54 ,23.58 ,23.59 ,23.58 ,23.66 ,23.66 ,23.6 ,23.64 ,23.67 ,23.67 ,23.58 ,23.58 ,23.56 ,23.56 ,23.59 ,23.69 ,23.69 ,23.67 ,23.63 ,23.61 ,23.69 ,23.62 ,23.68 ,23.67 ,23.57 ,23.58 ,23.63 ,23.57 ,23.56 ,23.7 ,23.67 ,23.68 ,23.68 ,23.76 ,23.73 ,23.65 ,23.71 ,23.73 ,23.77 ,23.68 ,23.63 ,23.65 ,23.64 ,23.65 ,23.6 ,23.66 ,23.69 ,23.73 ,23.77 ,23.69 ,23.68 ,23.64 ,23.74 ,23.83 ,23.82 ,23.71 ,23.68 ,23.7 ,23.75 ,23.71 ,23.72 ,23.79 ,23.79 ,23.83 ,23.77 ,23.76 ,23.81 ,23.85 ,23.83 ,23.88 ,23.83 ,23.73 ,23.72 ,23.73 ,23.75 ,23.86 ,23.8 ,23.75 ,23.78 ,23.77 ,23.78 ,23.75 ,23.79 ,23.83 ,23.78 ,23.73 ,23.7 ,23.7 ,23.8 ,23.83 ,23.72 ,23.76 ,23.69 ,23.61 ,23.61 ,23.55 ,23.54 ,23.61 ,23.53 ,23.54 ,23.59 ,23.46 ,23.4 ,23.55 ,23.6 ,23.61 ,23.57 ,23.51 ,23.61 ,23.55 ,23.62 ,23.68 ,23.57 ,23.49 ,23.54 ,23.57 ,23.59 ,23.59 ,23.55 ,23.54 ,23.59 ,23.62 ,23.71 ,23.82 ,23.77 ,23.66 ,23.65 ,23.67 ,23.69 ,23.64 ,23.62 ,23.62 ,23.74 ,23.78 ,23.77 ,23.76 ,23.7 ,23.66 ,23.66 ,23.71 ,23.74 ,23.66 ,23.56 ,23.66 ,23.66 ,23.63 ,23.68 ,23.6 ,23.54 ,23.62 ,23.68 ,23.68 ,23.77 ,23.71 ,23.75 ,23.78 ,23.71 ,23.71 ,23.69 ,23.66 ,23.76 ,23.72 ,23.78 ,23.85 ,23.76 ,23.66 ,23.77 ,23.73 ,23.7 ,23.66 ,23.61 ,23.62 ,23.59 ,23.5 ,23.5 ,23.37 ,23.38 ,23.39 ,23.44 ,23.63 ,23.67 ,23.6 ,23.63 ,23.65 ,23.62 ,23.57 ,23.65 ,23.67 ,23.52 ,23.58 ,23.65 ,23.65 ,23.68 ,23.65 ,23.61 ,23.61 ,23.59 ,23.61 ,23.64 ,23.65 ,23.64 ,23.64 ,23.64 ,23.65 ,23.6 ,23.58 ,23.65 ,23.73 ,23.64 ,23.64 ,23.65 ,23.58 ,23.68 ,23.65 ,23.57 ,23.55 ,23.64 ,23.58 ,23.48 ,23.41 ,23.4 ,23.4 ,23.46 ,23.61 ,23.61 ,23.69 ,23.66 ,23.61 ,23.71 ,23.66 ,23.65 ,23.64 ,23.62 ,23.59 ,23.56 ,23.63 ,23.56 ,23.56 ,23.72 ,23.69 ,23.62 ,23.63 ,23.69 ,23.74 ,23.71 ,23.68 ,23.65 ,23.63 ,23.66 ,23.53 ,23.45 ,23.57 ,23.69 ,23.67 ,23.63 ,23.58 ,23.66 ,23.64 ,23.66 ,23.66 ,23.63 ,23.63 ,23.61 ,23.59 ,23.68 ,23.6 ,23.6 ,23.72 ,23.73 ,23.66 ,23.75 ,23.77 ,23.75 ,23.86 ,23.86 ,23.86 ,23.88 ,23.82 ,23.79 ,23.83 ,23.83 ,23.81 ,23.82 ,23.78 ,23.81 ,23.84 ,23.76 ,23.73 ,23.79 ,23.78 ,23.79 ,23.85 ,23.89 ,23.8 ,23.9 ,23.94 ,23.87 ,23.9 ,23.9 ,23.84 ,23.87 ,23.85 ,23.86 ,23.77 ,23.62 ,23.54 ,23.54 ,23.56 ,23.59 ,23.61 ,23.61 ,23.59 ,23.61 ,23.6 ,23.58 ,23.61 ,23.66 ,23.6 ,23.58 ,23.64 ,23.64 ,23.66 ,23.6 ,23.54 ,23.65 ,23.59 ,23.59 ,23.64 ,23.55 ,23.6 ,23.59 ,23.63 ,23.63 ,23.61 ,23.56 ,23.6 ,23.61 ,23.61 ,23.55 ,23.63 ,23.67 ,23.7 ,23.9 ,24 ,23.89 ,23.94 ,23.89 ,23.83 ,23.76 ,23.94 ,24.06 ,24.06 ,23.96 ,24.04 ,24.03 ,24.11 ,24.07 ,24.02 ,24.07 ,24.1 ,24.08 ,24.1 ,24.14 ,24.04 ,23.98 ,24.07 ,24.05 ,24.01 ,24.03 ,23.99 ,24.04 ,23.98 ,24.03 ,24.08 ,24.03 ,24.13 ,24.06 ,24.02 ,24.01 ,23.98 ,24.01 ,24.04 ,23.92 ,24.01 ,23.97 ,23.98 ,24.03 ,23.99 ,24.02 ,24.01 ,23.97 ,24 ,23.93 ,23.94 ,23.96 ,23.97 ,24.03 ,23.99 ,23.86 ,23.86 ,23.88 ,23.95 ,23.99 ,24.04 ,23.94 ,23.99 ,23.99 ,23.91 ,23.86 ,23.7 ,23.71 ,23.71 ,23.64 ,23.53 ,23.46 ,23.49 ,23.48 ,23.55 ,23.49 ,23.55 ,23.54 ,23.55 ,23.54 ,23.54 ,23.61 ,23.72 ,23.74 ,23.78 ,23.82 ,23.73 ,23.8 ,23.74 ,23.78 ,23.82 ,23.78 ,23.82 ,23.8 ,23.88 ,23.85 ,23.77 ,23.77 ,23.76 ,23.78 ,23.82 ,23.71 ,23.73 ,23.77 ,23.68 ,23.66 ,23.78 ,23.71 ,23.61 ,23.61 ,23.63 ,23.65 ,23.73 ,23.74 ,23.76 ,23.67 ,23.63 ,23.74 ,23.65 ,23.66 ,23.63 ,23.61 ,23.7 ,23.73 ,23.6 ,23.64 ,23.6 ,23.69 ,23.64 ,23.63 ,23.67 ,23.69 ,23.64 ,23.49 ,23.59 ,23.69 ,23.64 ,23.54 ,23.63 ,23.55 ,23.49 ,23.46 ,23.47 ,23.4 ,23.43 ,23.45 ,23.51 ,23.41 ,23.35 ,23.26 ,23.33 ,23.31 ,23.31 ,23.26 ,23.39 ,23.43 ,23.43 ,23.41 ,23.4 ,23.4 ,23.44 ,23.41 ,23.41 ,23.38 ,23.33 ,23.42 ,23.37 ,23.31 ,23.35 ,23.39 ,23.43 ,23.35 ,23.42 ,23.41 ,23.35 ,23.4 ,23.29 ,23.21 ,23.39 ,23.45 ,23.44 ,23.4 ,23.39 ,23.34 ,23.34 ,23.38 ,23.3 ,23.32 ,23.39 ,23.42 ,23.38 ,23.36 ,23.32 ,23.32 ,23.15 ,23.23 ,23.38 ,23.38 ,23.2 ,23.17 ,23.25 ,23.14 ,23.11 ,23.2 ,23.28 ,23.14 ,23.13 ,23.14 ,23.17 ,23.15 ,23.12 ,23.1 ,23.19 ,23.25 ,23.18 ,23.08 ,23.16 ,23.15 ,23.12 ,23.2 ,23.18 ,23.03 ,23.11 ,23.15 ,23.16 ,23.03 ,23.04 ,
166,23.38 ,23.29 ,23.32 ,23.32 ,23.35 ,23.35 ,23.36 ,23.27 ,23.26 ,23.26 ,23.35 ,23.28 ,23.33 ,23.4 ,23.48 ,23.48 ,23.39 ,23.46 ,23.5 ,23.54 ,23.51 ,23.47 ,23.47 ,23.34 ,23.35 ,23.46 ,23.43 ,23.42 ,23.49 ,23.54 ,23.53 ,23.56 ,23.55 ,23.63 ,23.62 ,23.57 ,23.61 ,23.59 ,23.56 ,23.51 ,23.56 ,23.5 ,23.54 ,23.63 ,23.58 ,23.62 ,23.63 ,23.58 ,23.61 ,23.63 ,23.56 ,23.51 ,23.54 ,23.63 ,23.65 ,23.61 ,23.5 ,23.58 ,23.61 ,23.58 ,23.51 ,23.56 ,23.54 ,23.57 ,23.57 ,23.55 ,23.58 ,23.64 ,23.6 ,23.55 ,23.56 ,23.61 ,23.61 ,23.6 ,23.71 ,23.68 ,23.73 ,23.57 ,23.6 ,23.53 ,23.54 ,23.53 ,23.54 ,23.54 ,23.59 ,23.62 ,23.62 ,23.64 ,23.61 ,23.59 ,23.74 ,23.71 ,23.68 ,23.66 ,23.63 ,23.62 ,23.65 ,23.59 ,23.63 ,23.71 ,23.75 ,23.7 ,23.68 ,23.79 ,23.77 ,23.71 ,23.71 ,23.66 ,23.66 ,23.63 ,23.61 ,23.71 ,23.71 ,23.71 ,23.64 ,23.7 ,23.7 ,23.74 ,23.76 ,23.74 ,23.75 ,23.77 ,23.67 ,23.79 ,23.78 ,23.77 ,23.78 ,23.77 ,23.74 ,23.69 ,23.75 ,23.82 ,23.78 ,23.84 ,23.79 ,23.76 ,23.79 ,23.81 ,23.81 ,23.87 ,23.84 ,23.74 ,23.69 ,23.7 ,23.74 ,23.87 ,23.92 ,23.78 ,23.83 ,23.89 ,23.82 ,23.81 ,23.83 ,23.83 ,23.77 ,23.79 ,23.75 ,23.77 ,23.83 ,23.81 ,23.73 ,23.76 ,23.71 ,23.67 ,23.57 ,23.58 ,23.47 ,23.57 ,23.58 ,23.6 ,23.55 ,23.43 ,23.46 ,23.55 ,23.62 ,23.58 ,23.62 ,23.54 ,23.55 ,23.6 ,23.62 ,23.63 ,23.54 ,23.51 ,23.54 ,23.59 ,23.59 ,23.52 ,23.53 ,23.52 ,23.61 ,23.59 ,23.61 ,23.69 ,23.68 ,23.66 ,23.65 ,23.69 ,23.73 ,23.76 ,23.75 ,23.76 ,23.77 ,23.76 ,23.73 ,23.75 ,23.73 ,23.71 ,23.78 ,23.77 ,23.8 ,23.68 ,23.58 ,23.6 ,23.68 ,23.64 ,23.69 ,23.75 ,23.56 ,23.62 ,23.78 ,23.64 ,23.64 ,23.73 ,23.8 ,23.74 ,23.81 ,23.78 ,23.68 ,23.62 ,23.7 ,23.71 ,23.77 ,23.86 ,23.82 ,23.69 ,23.71 ,23.68 ,23.62 ,23.59 ,23.59 ,23.62 ,23.61 ,23.46 ,23.4 ,23.49 ,23.45 ,23.47 ,23.56 ,23.67 ,23.61 ,23.55 ,23.59 ,23.59 ,23.59 ,23.59 ,23.69 ,23.71 ,23.58 ,23.58 ,23.65 ,23.68 ,23.73 ,23.7 ,23.66 ,23.59 ,23.54 ,23.61 ,23.64 ,23.66 ,23.63 ,23.69 ,23.6 ,23.61 ,23.59 ,23.64 ,23.66 ,23.69 ,23.65 ,23.63 ,23.69 ,23.67 ,23.63 ,23.62 ,23.61 ,23.56 ,23.58 ,23.65 ,23.63 ,23.56 ,23.44 ,23.39 ,23.32 ,23.41 ,23.57 ,23.66 ,23.72 ,23.65 ,23.7 ,23.68 ,23.67 ,23.7 ,23.66 ,23.63 ,23.56 ,23.6 ,23.6 ,23.59 ,23.7 ,23.7 ,23.58 ,23.6 ,23.66 ,23.7 ,23.74 ,23.68 ,23.61 ,23.58 ,23.61 ,23.59 ,23.47 ,23.61 ,23.66 ,23.66 ,23.69 ,23.64 ,23.59 ,23.67 ,23.72 ,23.72 ,23.72 ,23.64 ,23.67 ,23.62 ,23.62 ,23.61 ,23.61 ,23.67 ,23.74 ,23.65 ,23.71 ,23.84 ,23.86 ,23.88 ,23.84 ,23.83 ,23.88 ,23.89 ,23.83 ,23.84 ,23.82 ,23.8 ,23.73 ,23.73 ,23.79 ,23.82 ,23.78 ,23.86 ,23.86 ,23.81 ,23.79 ,23.77 ,23.9 ,23.83 ,23.94 ,23.9 ,23.81 ,23.83 ,23.89 ,23.89 ,23.85 ,23.91 ,23.89 ,23.84 ,23.67 ,23.58 ,23.58 ,23.6 ,23.63 ,23.67 ,23.58 ,23.53 ,23.56 ,23.62 ,23.62 ,23.65 ,23.61 ,23.58 ,23.55 ,23.6 ,23.63 ,23.61 ,23.61 ,23.55 ,23.62 ,23.63 ,23.58 ,23.56 ,23.58 ,23.56 ,23.57 ,23.58 ,23.57 ,23.65 ,23.66 ,23.63 ,23.58 ,23.52 ,23.61 ,23.71 ,23.74 ,23.75 ,23.87 ,24.03 ,24.05 ,24.03 ,24.04 ,24.07 ,23.98 ,24.03 ,24.08 ,24.07 ,23.98 ,23.95 ,23.96 ,24.06 ,24.13 ,24.05 ,24.03 ,24.08 ,24.09 ,24.1 ,24.15 ,24.03 ,23.97 ,24.03 ,24.08 ,24.11 ,24.06 ,24 ,24.01 ,23.99 ,24.01 ,24.03 ,24.03 ,24.09 ,24.05 ,24 ,24.06 ,24.01 ,24.01 ,24.03 ,23.96 ,23.96 ,24 ,23.97 ,23.98 ,24.05 ,23.96 ,24.06 ,24.01 ,23.96 ,23.97 ,23.96 ,24.04 ,24.06 ,24.06 ,24.04 ,23.93 ,23.8 ,23.82 ,23.95 ,23.99 ,23.98 ,23.92 ,23.98 ,24.03 ,23.95 ,23.92 ,23.8 ,23.77 ,23.74 ,23.7 ,23.64 ,23.48 ,23.46 ,23.55 ,23.53 ,23.55 ,23.56 ,23.56 ,23.55 ,23.54 ,23.65 ,23.62 ,23.61 ,23.72 ,23.77 ,23.78 ,23.85 ,23.85 ,23.78 ,23.77 ,23.77 ,23.76 ,23.86 ,23.78 ,23.87 ,23.83 ,23.69 ,23.73 ,23.69 ,23.76 ,23.85 ,23.75 ,23.81 ,23.82 ,23.69 ,23.7 ,23.75 ,23.75 ,23.72 ,23.7 ,23.72 ,23.68 ,23.7 ,23.72 ,23.67 ,23.66 ,23.62 ,23.68 ,23.72 ,23.71 ,23.66 ,23.67 ,23.65 ,23.69 ,23.68 ,23.74 ,23.71 ,23.61 ,23.67 ,23.64 ,23.7 ,23.74 ,23.73 ,23.68 ,23.69 ,23.66 ,23.58 ,23.6 ,23.61 ,23.56 ,23.47 ,23.52 ,23.45 ,23.47 ,23.47 ,23.46 ,23.52 ,23.41 ,23.3 ,23.31 ,23.29 ,23.31 ,23.26 ,23.35 ,23.39 ,23.41 ,23.38 ,23.34 ,23.39 ,23.41 ,23.43 ,23.41 ,23.39 ,23.42 ,23.4 ,23.38 ,23.38 ,23.32 ,23.28 ,23.37 ,23.35 ,23.37 ,23.47 ,23.52 ,23.3 ,23.3 ,23.26 ,23.27 ,23.42 ,23.5 ,23.4 ,23.34 ,23.26 ,23.41 ,23.4 ,23.36 ,23.3 ,23.33 ,23.37 ,23.37 ,23.4 ,23.3 ,23.35 ,23.32 ,23.2 ,23.19 ,23.27 ,23.24 ,23.23 ,23.17 ,23.24 ,23.16 ,23.22 ,23.15 ,23.28 ,23.21 ,23.16 ,23.07 ,23.08 ,23.23 ,23.19 ,23.14 ,23.13 ,23.16 ,23.27 ,23.16 ,23.14 ,23.1 ,23.18 ,23.17 ,23.22 ,23.1 ,23.02 ,23.15 ,23.12 ,23.09 ,23.01 ,
167,23.38 ,23.31 ,23.32 ,23.24 ,23.36 ,23.43 ,23.36 ,23.24 ,23.29 ,23.33 ,23.36 ,23.28 ,23.34 ,23.41 ,23.53 ,23.52 ,23.42 ,23.5 ,23.53 ,23.55 ,23.5 ,23.51 ,23.52 ,23.35 ,23.4 ,23.48 ,23.42 ,23.43 ,23.56 ,23.56 ,23.54 ,23.53 ,23.48 ,23.53 ,23.63 ,23.62 ,23.59 ,23.55 ,23.53 ,23.51 ,23.54 ,23.58 ,23.52 ,23.6 ,23.67 ,23.65 ,23.56 ,23.59 ,23.61 ,23.54 ,23.49 ,23.54 ,23.56 ,23.64 ,23.6 ,23.6 ,23.62 ,23.62 ,23.59 ,23.52 ,23.45 ,23.55 ,23.62 ,23.59 ,23.6 ,23.5 ,23.53 ,23.6 ,23.64 ,23.61 ,23.54 ,23.6 ,23.6 ,23.6 ,23.7 ,23.66 ,23.73 ,23.66 ,23.6 ,23.59 ,23.6 ,23.61 ,23.56 ,23.52 ,23.54 ,23.63 ,23.65 ,23.68 ,23.66 ,23.56 ,23.64 ,23.73 ,23.75 ,23.6 ,23.61 ,23.71 ,23.67 ,23.67 ,23.7 ,23.74 ,23.7 ,23.71 ,23.7 ,23.7 ,23.72 ,23.71 ,23.69 ,23.65 ,23.65 ,23.62 ,23.67 ,23.66 ,23.69 ,23.79 ,23.75 ,23.7 ,23.71 ,23.74 ,23.74 ,23.75 ,23.78 ,23.76 ,23.7 ,23.74 ,23.71 ,23.71 ,23.87 ,23.87 ,23.78 ,23.72 ,23.75 ,23.76 ,23.73 ,23.8 ,23.83 ,23.82 ,23.8 ,23.86 ,23.82 ,23.8 ,23.78 ,23.79 ,23.71 ,23.68 ,23.78 ,23.89 ,23.87 ,23.84 ,23.8 ,23.88 ,23.82 ,23.71 ,23.8 ,23.77 ,23.79 ,23.77 ,23.78 ,23.81 ,23.86 ,23.85 ,23.79 ,23.77 ,23.72 ,23.8 ,23.69 ,23.58 ,23.62 ,23.69 ,23.6 ,23.56 ,23.55 ,23.52 ,23.55 ,23.56 ,23.57 ,23.6 ,23.63 ,23.55 ,23.57 ,23.64 ,23.62 ,23.54 ,23.58 ,23.52 ,23.62 ,23.64 ,23.55 ,23.52 ,23.51 ,23.52 ,23.63 ,23.69 ,23.71 ,23.73 ,23.69 ,23.67 ,23.74 ,23.74 ,23.77 ,23.79 ,23.78 ,23.8 ,23.71 ,23.68 ,23.63 ,23.67 ,23.71 ,23.69 ,23.73 ,23.81 ,23.75 ,23.7 ,23.62 ,23.63 ,23.69 ,23.75 ,23.69 ,23.7 ,23.64 ,23.7 ,23.73 ,23.67 ,23.66 ,23.7 ,23.8 ,23.81 ,23.75 ,23.75 ,23.71 ,23.69 ,23.71 ,23.76 ,23.85 ,23.84 ,23.78 ,23.73 ,23.8 ,23.69 ,23.58 ,23.56 ,23.58 ,23.62 ,23.6 ,23.45 ,23.39 ,23.44 ,23.44 ,23.44 ,23.58 ,23.63 ,23.63 ,23.58 ,23.56 ,23.57 ,23.58 ,23.6 ,23.7 ,23.67 ,23.62 ,23.6 ,23.66 ,23.64 ,23.64 ,23.75 ,23.74 ,23.64 ,23.58 ,23.64 ,23.61 ,23.6 ,23.58 ,23.71 ,23.68 ,23.68 ,23.7 ,23.65 ,23.55 ,23.58 ,23.62 ,23.65 ,23.64 ,23.67 ,23.55 ,23.56 ,23.62 ,23.65 ,23.56 ,23.54 ,23.55 ,23.63 ,23.58 ,23.45 ,23.39 ,23.35 ,23.36 ,23.52 ,23.63 ,23.66 ,23.65 ,23.66 ,23.68 ,23.67 ,23.67 ,23.64 ,23.52 ,23.6 ,23.65 ,23.68 ,23.74 ,23.67 ,23.6 ,23.59 ,23.6 ,23.69 ,23.7 ,23.61 ,23.52 ,23.58 ,23.59 ,23.5 ,23.52 ,23.56 ,23.68 ,23.66 ,23.63 ,23.63 ,23.63 ,23.63 ,23.73 ,23.66 ,23.74 ,23.67 ,23.68 ,23.65 ,23.69 ,23.61 ,23.63 ,23.64 ,23.7 ,23.65 ,23.75 ,23.82 ,23.83 ,23.89 ,23.86 ,23.81 ,23.86 ,23.87 ,23.85 ,23.9 ,23.91 ,23.87 ,23.84 ,23.79 ,23.81 ,23.8 ,23.78 ,23.84 ,23.81 ,23.78 ,23.74 ,23.77 ,23.85 ,23.81 ,23.82 ,23.86 ,23.81 ,23.89 ,23.84 ,23.86 ,23.83 ,23.86 ,23.91 ,23.87 ,23.73 ,23.66 ,23.63 ,23.63 ,23.64 ,23.74 ,23.66 ,23.54 ,23.52 ,23.59 ,23.58 ,23.65 ,23.68 ,23.63 ,23.56 ,23.56 ,23.59 ,23.58 ,23.55 ,23.51 ,23.58 ,23.61 ,23.65 ,23.58 ,23.58 ,23.55 ,23.53 ,23.58 ,23.62 ,23.69 ,23.67 ,23.59 ,23.47 ,23.55 ,23.6 ,23.69 ,23.72 ,23.83 ,23.92 ,24.01 ,24.16 ,24.19 ,24.09 ,24.13 ,24.03 ,24.15 ,24.14 ,24.07 ,24.06 ,24.02 ,23.99 ,24.05 ,24.15 ,24.13 ,24.03 ,23.99 ,24.04 ,24.04 ,24.07 ,24.01 ,23.98 ,24.12 ,24.09 ,24.08 ,24.03 ,24.02 ,24 ,24 ,23.99 ,23.97 ,24.03 ,24.04 ,24.04 ,24.06 ,24.03 ,24.02 ,24.06 ,24.08 ,24 ,23.95 ,23.98 ,23.99 ,23.98 ,24 ,23.97 ,24.02 ,24.01 ,24.03 ,23.96 ,23.93 ,24.02 ,24.1 ,24.1 ,23.97 ,23.93 ,23.81 ,23.81 ,23.94 ,24.02 ,24.04 ,23.98 ,23.97 ,24.01 ,23.96 ,23.78 ,23.78 ,23.75 ,23.72 ,23.7 ,23.6 ,23.56 ,23.47 ,23.53 ,23.53 ,23.49 ,23.51 ,23.59 ,23.56 ,23.53 ,23.62 ,23.61 ,23.6 ,23.7 ,23.74 ,23.77 ,23.82 ,23.84 ,23.76 ,23.78 ,23.74 ,23.77 ,23.85 ,23.81 ,23.87 ,23.86 ,23.75 ,23.74 ,23.67 ,23.66 ,23.83 ,23.81 ,23.81 ,23.85 ,23.78 ,23.76 ,23.82 ,23.77 ,23.7 ,23.71 ,23.72 ,23.65 ,23.67 ,23.68 ,23.68 ,23.7 ,23.67 ,23.65 ,23.7 ,23.75 ,23.7 ,23.71 ,23.66 ,23.75 ,23.71 ,23.72 ,23.72 ,23.65 ,23.65 ,23.6 ,23.69 ,23.69 ,23.76 ,23.72 ,23.72 ,23.67 ,23.59 ,23.53 ,23.59 ,23.62 ,23.55 ,23.56 ,23.55 ,23.5 ,23.54 ,23.57 ,23.5 ,23.36 ,23.32 ,23.41 ,23.33 ,23.29 ,23.26 ,23.23 ,23.34 ,23.38 ,23.43 ,23.38 ,23.31 ,23.44 ,23.49 ,23.42 ,23.42 ,23.32 ,23.39 ,23.38 ,23.27 ,23.26 ,23.38 ,23.42 ,23.46 ,23.34 ,23.44 ,23.48 ,23.42 ,23.38 ,23.38 ,23.27 ,23.33 ,23.42 ,23.4 ,23.33 ,23.4 ,23.37 ,23.41 ,23.39 ,23.28 ,23.39 ,23.44 ,23.43 ,23.37 ,23.28 ,23.3 ,23.3 ,23.22 ,23.22 ,23.3 ,23.22 ,23.18 ,23.2 ,23.13 ,23.21 ,23.24 ,23.16 ,23.17 ,23.17 ,23.14 ,23.17 ,23.16 ,23.24 ,23.23 ,23.18 ,23.18 ,23.12 ,23.26 ,23.27 ,23.18 ,23.09 ,23.13 ,23.16 ,23.2 ,23.19 ,23.14 ,23.14 ,23.15 ,23.07 ,23.01 ,
168,23.35 ,23.27 ,23.29 ,23.24 ,23.27 ,23.34 ,23.35 ,23.28 ,23.32 ,23.31 ,23.36 ,23.27 ,23.34 ,23.35 ,23.41 ,23.45 ,23.43 ,23.44 ,23.56 ,23.53 ,23.39 ,23.37 ,23.41 ,23.35 ,23.39 ,23.46 ,23.44 ,23.4 ,23.39 ,23.52 ,23.49 ,23.53 ,23.57 ,23.57 ,23.59 ,23.63 ,23.55 ,23.58 ,23.59 ,23.48 ,23.54 ,23.63 ,23.58 ,23.6 ,23.58 ,23.62 ,23.6 ,23.6 ,23.62 ,23.59 ,23.51 ,23.54 ,23.64 ,23.64 ,23.55 ,23.66 ,23.66 ,23.6 ,23.64 ,23.57 ,23.5 ,23.64 ,23.59 ,23.55 ,23.61 ,23.53 ,23.59 ,23.65 ,23.59 ,23.57 ,23.56 ,23.56 ,23.56 ,23.54 ,23.66 ,23.68 ,23.69 ,23.69 ,23.65 ,23.6 ,23.52 ,23.54 ,23.54 ,23.55 ,23.47 ,23.55 ,23.69 ,23.73 ,23.62 ,23.59 ,23.63 ,23.65 ,23.73 ,23.63 ,23.55 ,23.73 ,23.64 ,23.6 ,23.69 ,23.7 ,23.63 ,23.68 ,23.7 ,23.67 ,23.67 ,23.67 ,23.7 ,23.67 ,23.76 ,23.72 ,23.69 ,23.63 ,23.66 ,23.73 ,23.71 ,23.68 ,23.7 ,23.72 ,23.7 ,23.69 ,23.7 ,23.74 ,23.68 ,23.68 ,23.72 ,23.67 ,23.76 ,23.79 ,23.84 ,23.75 ,23.77 ,23.77 ,23.72 ,23.77 ,23.79 ,23.76 ,23.81 ,23.85 ,23.81 ,23.76 ,23.72 ,23.73 ,23.75 ,23.78 ,23.77 ,23.86 ,23.85 ,23.75 ,23.75 ,23.87 ,23.86 ,23.77 ,23.86 ,23.78 ,23.75 ,23.78 ,23.74 ,23.83 ,23.83 ,23.84 ,23.83 ,23.73 ,23.74 ,23.83 ,23.78 ,23.7 ,23.66 ,23.73 ,23.6 ,23.62 ,23.68 ,23.64 ,23.53 ,23.53 ,23.61 ,23.65 ,23.66 ,23.59 ,23.56 ,23.62 ,23.62 ,23.59 ,23.56 ,23.51 ,23.53 ,23.6 ,23.52 ,23.46 ,23.54 ,23.61 ,23.62 ,23.65 ,23.68 ,23.73 ,23.73 ,23.67 ,23.68 ,23.65 ,23.68 ,23.71 ,23.67 ,23.74 ,23.68 ,23.6 ,23.67 ,23.66 ,23.64 ,23.63 ,23.67 ,23.74 ,23.8 ,23.68 ,23.61 ,23.62 ,23.64 ,23.7 ,23.73 ,23.69 ,23.71 ,23.65 ,23.72 ,23.71 ,23.71 ,23.72 ,23.78 ,23.78 ,23.69 ,23.71 ,23.8 ,23.82 ,23.76 ,23.71 ,23.79 ,23.79 ,23.7 ,23.71 ,23.82 ,23.7 ,23.66 ,23.59 ,23.52 ,23.63 ,23.59 ,23.44 ,23.43 ,23.39 ,23.34 ,23.42 ,23.56 ,23.55 ,23.58 ,23.62 ,23.6 ,23.59 ,23.59 ,23.55 ,23.64 ,23.63 ,23.6 ,23.66 ,23.69 ,23.6 ,23.59 ,23.69 ,23.73 ,23.62 ,23.62 ,23.65 ,23.6 ,23.58 ,23.57 ,23.63 ,23.64 ,23.66 ,23.68 ,23.64 ,23.53 ,23.56 ,23.66 ,23.64 ,23.62 ,23.64 ,23.59 ,23.6 ,23.59 ,23.59 ,23.63 ,23.58 ,23.59 ,23.62 ,23.61 ,23.57 ,23.53 ,23.47 ,23.37 ,23.39 ,23.46 ,23.51 ,23.52 ,23.52 ,23.57 ,23.59 ,23.57 ,23.63 ,23.58 ,23.57 ,23.68 ,23.69 ,23.67 ,23.65 ,23.66 ,23.74 ,23.66 ,23.7 ,23.69 ,23.61 ,23.54 ,23.56 ,23.55 ,23.48 ,23.47 ,23.64 ,23.7 ,23.7 ,23.62 ,23.59 ,23.6 ,23.56 ,23.62 ,23.68 ,23.62 ,23.63 ,23.62 ,23.64 ,23.66 ,23.6 ,23.63 ,23.65 ,23.68 ,23.69 ,23.66 ,23.75 ,23.75 ,23.83 ,23.85 ,23.84 ,23.84 ,23.89 ,23.88 ,23.87 ,23.82 ,23.82 ,23.84 ,23.85 ,23.85 ,23.76 ,23.77 ,23.78 ,23.75 ,23.8 ,23.85 ,23.79 ,23.8 ,23.79 ,23.79 ,23.8 ,23.8 ,23.89 ,23.91 ,23.89 ,23.85 ,23.84 ,23.84 ,23.82 ,23.73 ,23.62 ,23.61 ,23.68 ,23.66 ,23.65 ,23.6 ,23.55 ,23.57 ,23.63 ,23.61 ,23.64 ,23.67 ,23.67 ,23.62 ,23.63 ,23.65 ,23.67 ,23.61 ,23.56 ,23.58 ,23.55 ,23.6 ,23.59 ,23.65 ,23.6 ,23.6 ,23.6 ,23.59 ,23.57 ,23.55 ,23.58 ,23.46 ,23.44 ,23.61 ,23.59 ,23.64 ,23.71 ,23.93 ,24.05 ,24.15 ,24.19 ,24.06 ,24.06 ,24.06 ,24.12 ,24.18 ,24.12 ,24.02 ,23.99 ,24.01 ,24.05 ,24.15 ,24.16 ,24.05 ,24.06 ,24.03 ,24.01 ,24 ,23.99 ,24.05 ,24.13 ,24.09 ,24.03 ,24.02 ,24.07 ,24.07 ,24.03 ,24.03 ,24.06 ,24.02 ,24.08 ,24.02 ,24.04 ,23.94 ,24.03 ,24.08 ,24.08 ,24.02 ,24 ,24.01 ,24.05 ,23.97 ,24.02 ,23.97 ,23.89 ,23.93 ,23.94 ,23.97 ,23.92 ,24 ,24.05 ,24.07 ,23.98 ,23.96 ,23.87 ,23.72 ,23.86 ,24.04 ,24.05 ,24.05 ,24.03 ,23.95 ,23.87 ,23.76 ,23.73 ,23.71 ,23.72 ,23.72 ,23.66 ,23.57 ,23.58 ,23.58 ,23.6 ,23.58 ,23.57 ,23.58 ,23.55 ,23.53 ,23.53 ,23.52 ,23.65 ,23.74 ,23.8 ,23.75 ,23.8 ,23.76 ,23.78 ,23.83 ,23.77 ,23.75 ,23.89 ,23.81 ,23.88 ,23.82 ,23.83 ,23.86 ,23.73 ,23.76 ,23.93 ,23.85 ,23.77 ,23.88 ,23.68 ,23.67 ,23.73 ,23.75 ,23.77 ,23.64 ,23.65 ,23.64 ,23.67 ,23.71 ,23.63 ,23.72 ,23.69 ,23.66 ,23.73 ,23.71 ,23.64 ,23.7 ,23.62 ,23.64 ,23.73 ,23.66 ,23.58 ,23.64 ,23.64 ,23.62 ,23.67 ,23.73 ,23.69 ,23.65 ,23.74 ,23.7 ,23.62 ,23.43 ,23.59 ,23.62 ,23.58 ,23.57 ,23.62 ,23.56 ,23.45 ,23.43 ,23.52 ,23.39 ,23.35 ,23.38 ,23.31 ,23.26 ,23.26 ,23.3 ,23.34 ,23.41 ,23.41 ,23.42 ,23.34 ,23.38 ,23.46 ,23.45 ,23.44 ,23.41 ,23.32 ,23.4 ,23.36 ,23.32 ,23.37 ,23.41 ,23.44 ,23.42 ,23.47 ,23.42 ,23.37 ,23.43 ,23.43 ,23.36 ,23.43 ,23.44 ,23.37 ,23.36 ,23.44 ,23.41 ,23.32 ,23.34 ,23.37 ,23.35 ,23.4 ,23.4 ,23.32 ,23.21 ,23.28 ,23.38 ,23.26 ,23.3 ,23.33 ,23.34 ,23.32 ,23.18 ,23.16 ,23.17 ,23.16 ,23.2 ,23.14 ,23.13 ,23.2 ,23.16 ,23.28 ,23.26 ,23.14 ,23.22 ,23.19 ,23.08 ,23.25 ,23.25 ,23.16 ,23.15 ,23.16 ,23.2 ,23.23 ,23.14 ,23.13 ,23.06 ,23.11 ,23.05 ,23.04 ,
169,23.36 ,23.3 ,23.19 ,23.18 ,23.18 ,23.24 ,23.24 ,23.31 ,23.27 ,23.25 ,23.28 ,23.3 ,23.32 ,23.33 ,23.41 ,23.44 ,23.4 ,23.47 ,23.47 ,23.56 ,23.5 ,23.4 ,23.45 ,23.41 ,23.39 ,23.48 ,23.49 ,23.39 ,23.28 ,23.32 ,23.47 ,23.53 ,23.56 ,23.61 ,23.61 ,23.61 ,23.6 ,23.68 ,23.65 ,23.57 ,23.67 ,23.6 ,23.55 ,23.58 ,23.57 ,23.59 ,23.64 ,23.59 ,23.57 ,23.56 ,23.53 ,23.53 ,23.62 ,23.57 ,23.53 ,23.68 ,23.7 ,23.55 ,23.56 ,23.56 ,23.58 ,23.62 ,23.64 ,23.6 ,23.62 ,23.59 ,23.6 ,23.67 ,23.63 ,23.62 ,23.62 ,23.53 ,23.61 ,23.59 ,23.59 ,23.6 ,23.64 ,23.65 ,23.65 ,23.61 ,23.53 ,23.62 ,23.62 ,23.6 ,23.53 ,23.56 ,23.63 ,23.73 ,23.72 ,23.68 ,23.69 ,23.58 ,23.61 ,23.62 ,23.55 ,23.64 ,23.61 ,23.52 ,23.62 ,23.64 ,23.63 ,23.64 ,23.72 ,23.71 ,23.73 ,23.72 ,23.72 ,23.72 ,23.78 ,23.76 ,23.64 ,23.62 ,23.65 ,23.78 ,23.75 ,23.66 ,23.75 ,23.74 ,23.78 ,23.72 ,23.73 ,23.77 ,23.7 ,23.78 ,23.79 ,23.79 ,23.8 ,23.74 ,23.79 ,23.84 ,23.74 ,23.75 ,23.68 ,23.76 ,23.75 ,23.74 ,23.8 ,23.84 ,23.82 ,23.77 ,23.73 ,23.75 ,23.8 ,23.78 ,23.76 ,23.8 ,23.87 ,23.83 ,23.8 ,23.85 ,23.86 ,23.8 ,23.86 ,23.82 ,23.74 ,23.71 ,23.7 ,23.8 ,23.83 ,23.9 ,23.88 ,23.75 ,23.74 ,23.82 ,23.81 ,23.81 ,23.78 ,23.76 ,23.58 ,23.62 ,23.76 ,23.68 ,23.52 ,23.62 ,23.64 ,23.62 ,23.64 ,23.56 ,23.56 ,23.61 ,23.67 ,23.67 ,23.61 ,23.53 ,23.53 ,23.59 ,23.5 ,23.49 ,23.58 ,23.62 ,23.65 ,23.59 ,23.69 ,23.68 ,23.68 ,23.72 ,23.69 ,23.65 ,23.66 ,23.65 ,23.67 ,23.72 ,23.74 ,23.61 ,23.71 ,23.79 ,23.71 ,23.65 ,23.65 ,23.71 ,23.8 ,23.74 ,23.61 ,23.61 ,23.64 ,23.68 ,23.74 ,23.68 ,23.74 ,23.73 ,23.77 ,23.78 ,23.71 ,23.75 ,23.76 ,23.79 ,23.67 ,23.75 ,23.81 ,23.76 ,23.79 ,23.66 ,23.72 ,23.71 ,23.64 ,23.67 ,23.71 ,23.63 ,23.65 ,23.61 ,23.52 ,23.66 ,23.63 ,23.47 ,23.48 ,23.46 ,23.38 ,23.38 ,23.48 ,23.63 ,23.67 ,23.64 ,23.59 ,23.62 ,23.67 ,23.61 ,23.59 ,23.65 ,23.64 ,23.66 ,23.64 ,23.62 ,23.71 ,23.69 ,23.68 ,23.66 ,23.54 ,23.66 ,23.6 ,23.57 ,23.54 ,23.58 ,23.66 ,23.65 ,23.64 ,23.64 ,23.56 ,23.62 ,23.66 ,23.7 ,23.68 ,23.65 ,23.61 ,23.67 ,23.66 ,23.62 ,23.69 ,23.69 ,23.62 ,23.66 ,23.61 ,23.55 ,23.53 ,23.57 ,23.57 ,23.53 ,23.44 ,23.45 ,23.46 ,23.46 ,23.5 ,23.58 ,23.54 ,23.59 ,23.54 ,23.61 ,23.61 ,23.67 ,23.6 ,23.64 ,23.75 ,23.81 ,23.71 ,23.67 ,23.69 ,23.62 ,23.61 ,23.64 ,23.57 ,23.49 ,23.46 ,23.67 ,23.65 ,23.59 ,23.66 ,23.62 ,23.62 ,23.62 ,23.65 ,23.69 ,23.64 ,23.67 ,23.6 ,23.55 ,23.63 ,23.61 ,23.58 ,23.64 ,23.67 ,23.57 ,23.6 ,23.68 ,23.77 ,23.83 ,23.87 ,23.9 ,23.83 ,23.86 ,23.91 ,23.98 ,23.85 ,23.83 ,23.82 ,23.79 ,23.82 ,23.77 ,23.77 ,23.8 ,23.78 ,23.83 ,23.78 ,23.83 ,23.86 ,23.79 ,23.86 ,23.83 ,23.8 ,23.8 ,23.86 ,23.91 ,23.91 ,23.83 ,23.84 ,23.85 ,23.76 ,23.68 ,23.6 ,23.62 ,23.71 ,23.7 ,23.63 ,23.6 ,23.57 ,23.67 ,23.6 ,23.62 ,23.59 ,23.54 ,23.56 ,23.55 ,23.63 ,23.66 ,23.6 ,23.54 ,23.6 ,23.58 ,23.63 ,23.55 ,23.64 ,23.64 ,23.56 ,23.63 ,23.57 ,23.64 ,23.55 ,23.59 ,23.53 ,23.48 ,23.56 ,23.54 ,23.54 ,23.59 ,23.83 ,24.03 ,24.02 ,24.09 ,24.1 ,24.11 ,24.08 ,24.17 ,24.17 ,24.12 ,24.07 ,24 ,23.97 ,24.04 ,24.11 ,24.05 ,24.07 ,24.04 ,24.04 ,24.08 ,24.07 ,24.01 ,24.01 ,24.05 ,24.02 ,24.03 ,24.05 ,24.12 ,24.1 ,24.08 ,24.06 ,24.09 ,24.12 ,24.05 ,24.06 ,24 ,23.95 ,24.02 ,24.06 ,24.05 ,24.05 ,23.99 ,23.99 ,24.07 ,24.07 ,24.04 ,23.95 ,24 ,23.99 ,24.07 ,24.05 ,23.96 ,23.99 ,24.09 ,24.08 ,24.05 ,24.02 ,23.92 ,23.82 ,23.85 ,23.92 ,24.03 ,24.1 ,24.04 ,23.93 ,23.85 ,23.77 ,23.79 ,23.81 ,23.83 ,23.74 ,23.72 ,23.66 ,23.71 ,23.73 ,23.64 ,23.68 ,23.65 ,23.62 ,23.61 ,23.58 ,23.56 ,23.51 ,23.67 ,23.83 ,23.79 ,23.75 ,23.77 ,23.8 ,23.77 ,23.84 ,23.77 ,23.79 ,23.82 ,23.73 ,23.78 ,23.85 ,23.81 ,23.86 ,23.77 ,23.73 ,23.92 ,23.76 ,23.77 ,23.84 ,23.72 ,23.67 ,23.74 ,23.81 ,23.77 ,23.73 ,23.76 ,23.76 ,23.74 ,23.75 ,23.67 ,23.63 ,23.69 ,23.73 ,23.7 ,23.64 ,23.65 ,23.65 ,23.68 ,23.67 ,23.68 ,23.65 ,23.66 ,23.73 ,23.7 ,23.65 ,23.71 ,23.75 ,23.67 ,23.62 ,23.71 ,23.69 ,23.65 ,23.56 ,23.65 ,23.64 ,23.57 ,23.58 ,23.58 ,23.58 ,23.48 ,23.46 ,23.53 ,23.56 ,23.39 ,23.38 ,23.32 ,23.28 ,23.2 ,23.39 ,23.46 ,23.45 ,23.41 ,23.45 ,23.45 ,23.37 ,23.32 ,23.41 ,23.43 ,23.38 ,23.37 ,23.37 ,23.39 ,23.36 ,23.26 ,23.39 ,23.41 ,23.45 ,23.48 ,23.53 ,23.47 ,23.44 ,23.43 ,23.44 ,23.5 ,23.51 ,23.43 ,23.37 ,23.34 ,23.34 ,23.34 ,23.39 ,23.37 ,23.41 ,23.36 ,23.31 ,23.26 ,23.23 ,23.31 ,23.32 ,23.22 ,23.27 ,23.38 ,23.3 ,23.38 ,23.23 ,23.1 ,23.13 ,23.17 ,23.21 ,23.25 ,23.16 ,23.19 ,23.23 ,23.2 ,23.21 ,23.08 ,23.08 ,23.09 ,23.07 ,23.21 ,23.21 ,23.13 ,23.08 ,23.21 ,23.2 ,23.21 ,23.19 ,23.14 ,23.07 ,23.01 ,23.12 ,23.11 ,
170,23.38 ,23.27 ,23.14 ,23.15 ,23.13 ,23.18 ,23.17 ,23.21 ,23.2 ,23.27 ,23.2 ,23.24 ,23.36 ,23.33 ,23.46 ,23.47 ,23.38 ,23.5 ,23.51 ,23.49 ,23.51 ,23.51 ,23.48 ,23.41 ,23.38 ,23.43 ,23.45 ,23.45 ,23.35 ,23.35 ,23.48 ,23.53 ,23.48 ,23.53 ,23.66 ,23.63 ,23.6 ,23.62 ,23.64 ,23.58 ,23.68 ,23.64 ,23.54 ,23.47 ,23.62 ,23.6 ,23.56 ,23.58 ,23.64 ,23.64 ,23.46 ,23.48 ,23.56 ,23.58 ,23.59 ,23.7 ,23.69 ,23.65 ,23.61 ,23.65 ,23.57 ,23.59 ,23.6 ,23.59 ,23.59 ,23.56 ,23.64 ,23.64 ,23.66 ,23.59 ,23.57 ,23.65 ,23.62 ,23.64 ,23.59 ,23.58 ,23.64 ,23.68 ,23.62 ,23.54 ,23.55 ,23.6 ,23.6 ,23.59 ,23.65 ,23.65 ,23.68 ,23.74 ,23.72 ,23.65 ,23.68 ,23.64 ,23.56 ,23.61 ,23.58 ,23.65 ,23.71 ,23.67 ,23.63 ,23.68 ,23.67 ,23.58 ,23.63 ,23.71 ,23.71 ,23.7 ,23.8 ,23.74 ,23.75 ,23.73 ,23.68 ,23.7 ,23.69 ,23.77 ,23.74 ,23.73 ,23.76 ,23.79 ,23.78 ,23.76 ,23.79 ,23.76 ,23.72 ,23.74 ,23.78 ,23.73 ,23.74 ,23.72 ,23.75 ,23.8 ,23.78 ,23.72 ,23.69 ,23.83 ,23.82 ,23.77 ,23.79 ,23.85 ,23.84 ,23.83 ,23.8 ,23.9 ,23.82 ,23.73 ,23.75 ,23.81 ,23.83 ,23.81 ,23.84 ,23.85 ,23.83 ,23.72 ,23.78 ,23.83 ,23.71 ,23.71 ,23.71 ,23.74 ,23.78 ,23.82 ,23.88 ,23.81 ,23.76 ,23.83 ,23.87 ,23.87 ,23.8 ,23.81 ,23.69 ,23.77 ,23.8 ,23.71 ,23.64 ,23.66 ,23.68 ,23.65 ,23.75 ,23.76 ,23.64 ,23.63 ,23.64 ,23.64 ,23.62 ,23.57 ,23.6 ,23.59 ,23.62 ,23.65 ,23.66 ,23.63 ,23.63 ,23.59 ,23.58 ,23.56 ,23.6 ,23.68 ,23.78 ,23.8 ,23.79 ,23.75 ,23.78 ,23.76 ,23.77 ,23.68 ,23.76 ,23.82 ,23.79 ,23.75 ,23.76 ,23.75 ,23.79 ,23.86 ,23.76 ,23.73 ,23.75 ,23.71 ,23.71 ,23.67 ,23.68 ,23.75 ,23.75 ,23.8 ,23.81 ,23.8 ,23.82 ,23.8 ,23.73 ,23.71 ,23.74 ,23.68 ,23.76 ,23.74 ,23.7 ,23.67 ,23.63 ,23.66 ,23.66 ,23.6 ,23.61 ,23.58 ,23.59 ,23.7 ,23.6 ,23.46 ,23.51 ,23.57 ,23.38 ,23.33 ,23.46 ,23.57 ,23.67 ,23.65 ,23.61 ,23.61 ,23.7 ,23.7 ,23.64 ,23.68 ,23.62 ,23.61 ,23.68 ,23.65 ,23.71 ,23.76 ,23.69 ,23.66 ,23.56 ,23.59 ,23.65 ,23.6 ,23.61 ,23.58 ,23.65 ,23.71 ,23.64 ,23.65 ,23.62 ,23.71 ,23.61 ,23.62 ,23.72 ,23.7 ,23.59 ,23.71 ,23.68 ,23.65 ,23.7 ,23.72 ,23.59 ,23.6 ,23.58 ,23.53 ,23.6 ,23.59 ,23.63 ,23.62 ,23.6 ,23.53 ,23.47 ,23.44 ,23.46 ,23.53 ,23.54 ,23.56 ,23.51 ,23.61 ,23.58 ,23.58 ,23.6 ,23.64 ,23.7 ,23.69 ,23.64 ,23.62 ,23.64 ,23.65 ,23.64 ,23.63 ,23.54 ,23.51 ,23.46 ,23.59 ,23.65 ,23.58 ,23.63 ,23.73 ,23.71 ,23.64 ,23.71 ,23.71 ,23.66 ,23.62 ,23.59 ,23.59 ,23.67 ,23.64 ,23.59 ,23.65 ,23.64 ,23.64 ,23.58 ,23.68 ,23.76 ,23.83 ,23.92 ,23.92 ,23.9 ,23.83 ,23.93 ,23.92 ,23.87 ,23.76 ,23.84 ,23.89 ,23.82 ,23.74 ,23.79 ,23.81 ,23.79 ,23.77 ,23.77 ,23.85 ,23.95 ,23.83 ,23.88 ,23.9 ,23.83 ,23.87 ,23.85 ,23.86 ,23.9 ,23.83 ,23.86 ,23.89 ,23.74 ,23.67 ,23.64 ,23.64 ,23.67 ,23.73 ,23.72 ,23.69 ,23.68 ,23.6 ,23.56 ,23.67 ,23.63 ,23.6 ,23.54 ,23.53 ,23.49 ,23.58 ,23.56 ,23.51 ,23.54 ,23.61 ,23.63 ,23.61 ,23.59 ,23.61 ,23.56 ,23.62 ,23.58 ,23.56 ,23.61 ,23.65 ,23.59 ,23.53 ,23.57 ,23.61 ,23.63 ,23.64 ,23.83 ,24.08 ,24.14 ,24 ,24.08 ,24.12 ,24.05 ,24.08 ,24.14 ,24.14 ,24.09 ,24.12 ,24.07 ,24.09 ,24.13 ,24.06 ,24.08 ,24.07 ,24.09 ,24.06 ,24.02 ,24.02 ,23.95 ,24.04 ,24.09 ,24.09 ,24.12 ,24.06 ,24.02 ,24.08 ,24.04 ,24 ,24.06 ,24.13 ,24.06 ,24.03 ,24.04 ,24.01 ,24.03 ,24.08 ,24.02 ,23.96 ,23.99 ,24.13 ,24.1 ,24.09 ,24 ,24.01 ,24.07 ,24.02 ,24 ,23.95 ,24.03 ,24.1 ,24.1 ,24.01 ,24.01 ,23.98 ,23.94 ,23.98 ,23.95 ,23.97 ,24.14 ,24 ,23.99 ,23.96 ,23.81 ,23.83 ,23.78 ,23.85 ,23.8 ,23.72 ,23.65 ,23.71 ,23.68 ,23.63 ,23.66 ,23.79 ,23.67 ,23.53 ,23.57 ,23.62 ,23.59 ,23.64 ,23.81 ,23.82 ,23.76 ,23.78 ,23.82 ,23.75 ,23.74 ,23.8 ,23.84 ,23.9 ,23.8 ,23.84 ,23.88 ,23.81 ,23.78 ,23.76 ,23.73 ,23.81 ,23.76 ,23.74 ,23.77 ,23.72 ,23.77 ,23.81 ,23.83 ,23.79 ,23.75 ,23.84 ,23.78 ,23.71 ,23.63 ,23.72 ,23.69 ,23.67 ,23.66 ,23.7 ,23.68 ,23.62 ,23.62 ,23.71 ,23.68 ,23.72 ,23.65 ,23.67 ,23.79 ,23.71 ,23.63 ,23.74 ,23.79 ,23.69 ,23.58 ,23.68 ,23.64 ,23.66 ,23.61 ,23.59 ,23.65 ,23.67 ,23.55 ,23.52 ,23.5 ,23.45 ,23.49 ,23.58 ,23.48 ,23.46 ,23.35 ,23.29 ,23.3 ,23.26 ,23.39 ,23.44 ,23.4 ,23.36 ,23.45 ,23.5 ,23.42 ,23.39 ,23.44 ,23.5 ,23.39 ,23.41 ,23.39 ,23.42 ,23.42 ,23.32 ,23.35 ,23.38 ,23.39 ,23.44 ,23.42 ,23.43 ,23.38 ,23.43 ,23.46 ,23.45 ,23.47 ,23.44 ,23.39 ,23.34 ,23.39 ,23.33 ,23.4 ,23.36 ,23.33 ,23.36 ,23.32 ,23.3 ,23.35 ,23.36 ,23.33 ,23.22 ,23.27 ,23.32 ,23.29 ,23.27 ,23.23 ,23.21 ,23.22 ,23.26 ,23.3 ,23.28 ,23.16 ,23.1 ,23.21 ,23.23 ,23.22 ,23.15 ,23.14 ,23.2 ,23.2 ,23.22 ,23.18 ,23.09 ,23.12 ,23.11 ,23.13 ,23.12 ,23.11 ,23.03 ,23.07 ,23.09 ,23.07 ,23.08 ,
171,23.37 ,23.18 ,23.09 ,23.08 ,23.07 ,23.21 ,23.3 ,23.23 ,23.17 ,23.23 ,23.24 ,23.28 ,23.33 ,23.45 ,23.42 ,23.45 ,23.4 ,23.42 ,23.47 ,23.42 ,23.44 ,23.45 ,23.43 ,23.36 ,23.4 ,23.43 ,23.42 ,23.5 ,23.4 ,23.4 ,23.53 ,23.49 ,23.5 ,23.56 ,23.65 ,23.68 ,23.66 ,23.6 ,23.61 ,23.58 ,23.62 ,23.64 ,23.67 ,23.6 ,23.6 ,23.56 ,23.5 ,23.54 ,23.7 ,23.68 ,23.54 ,23.57 ,23.57 ,23.6 ,23.6 ,23.66 ,23.63 ,23.65 ,23.67 ,23.67 ,23.64 ,23.57 ,23.56 ,23.58 ,23.62 ,23.56 ,23.63 ,23.58 ,23.58 ,23.54 ,23.5 ,23.6 ,23.66 ,23.62 ,23.66 ,23.66 ,23.65 ,23.64 ,23.64 ,23.54 ,23.58 ,23.6 ,23.62 ,23.6 ,23.64 ,23.65 ,23.66 ,23.74 ,23.73 ,23.62 ,23.58 ,23.64 ,23.64 ,23.64 ,23.67 ,23.71 ,23.72 ,23.71 ,23.66 ,23.76 ,23.73 ,23.64 ,23.63 ,23.7 ,23.73 ,23.7 ,23.76 ,23.72 ,23.67 ,23.7 ,23.75 ,23.72 ,23.69 ,23.72 ,23.75 ,23.74 ,23.77 ,23.75 ,23.73 ,23.78 ,23.84 ,23.8 ,23.71 ,23.72 ,23.78 ,23.74 ,23.8 ,23.79 ,23.69 ,23.69 ,23.76 ,23.76 ,23.7 ,23.76 ,23.81 ,23.76 ,23.72 ,23.79 ,23.9 ,23.86 ,23.89 ,23.85 ,23.82 ,23.76 ,23.76 ,23.76 ,23.75 ,23.78 ,23.75 ,23.81 ,23.79 ,23.77 ,23.81 ,23.83 ,23.75 ,23.76 ,23.77 ,23.75 ,23.8 ,23.8 ,23.79 ,23.82 ,23.84 ,23.85 ,23.88 ,23.87 ,23.84 ,23.86 ,23.75 ,23.78 ,23.81 ,23.76 ,23.77 ,23.76 ,23.74 ,23.69 ,23.79 ,23.8 ,23.69 ,23.74 ,23.69 ,23.65 ,23.71 ,23.65 ,23.64 ,23.69 ,23.65 ,23.73 ,23.69 ,23.62 ,23.62 ,23.53 ,23.49 ,23.53 ,23.56 ,23.62 ,23.78 ,23.83 ,23.85 ,23.86 ,23.84 ,23.8 ,23.87 ,23.76 ,23.76 ,23.83 ,23.74 ,23.77 ,23.79 ,23.85 ,23.84 ,23.82 ,23.83 ,23.78 ,23.77 ,23.73 ,23.79 ,23.78 ,23.77 ,23.67 ,23.7 ,23.69 ,23.79 ,23.86 ,23.91 ,23.79 ,23.75 ,23.78 ,23.73 ,23.65 ,23.7 ,23.73 ,23.67 ,23.58 ,23.62 ,23.67 ,23.62 ,23.58 ,23.55 ,23.56 ,23.57 ,23.62 ,23.51 ,23.45 ,23.52 ,23.53 ,23.44 ,23.37 ,23.51 ,23.64 ,23.61 ,23.59 ,23.6 ,23.7 ,23.7 ,23.69 ,23.62 ,23.66 ,23.62 ,23.61 ,23.66 ,23.69 ,23.72 ,23.74 ,23.67 ,23.67 ,23.71 ,23.73 ,23.73 ,23.59 ,23.58 ,23.61 ,23.61 ,23.68 ,23.61 ,23.68 ,23.7 ,23.67 ,23.63 ,23.61 ,23.73 ,23.71 ,23.59 ,23.66 ,23.65 ,23.62 ,23.67 ,23.66 ,23.64 ,23.63 ,23.58 ,23.53 ,23.55 ,23.62 ,23.59 ,23.67 ,23.62 ,23.65 ,23.51 ,23.4 ,23.5 ,23.38 ,23.4 ,23.52 ,23.63 ,23.58 ,23.51 ,23.6 ,23.64 ,23.61 ,23.67 ,23.7 ,23.65 ,23.67 ,23.63 ,23.58 ,23.6 ,23.58 ,23.54 ,23.53 ,23.47 ,23.52 ,23.69 ,23.62 ,23.68 ,23.71 ,23.76 ,23.68 ,23.67 ,23.7 ,23.62 ,23.67 ,23.65 ,23.64 ,23.73 ,23.64 ,23.59 ,23.67 ,23.7 ,23.65 ,23.7 ,23.69 ,23.74 ,23.81 ,23.9 ,23.93 ,23.91 ,23.91 ,23.88 ,23.91 ,23.84 ,23.78 ,23.79 ,23.87 ,23.82 ,23.73 ,23.73 ,23.85 ,23.77 ,23.75 ,23.86 ,23.85 ,23.84 ,23.86 ,23.88 ,23.85 ,23.9 ,23.92 ,23.86 ,23.91 ,23.89 ,23.88 ,23.92 ,23.86 ,23.74 ,23.66 ,23.69 ,23.68 ,23.66 ,23.71 ,23.76 ,23.63 ,23.65 ,23.61 ,23.52 ,23.69 ,23.66 ,23.62 ,23.57 ,23.55 ,23.55 ,23.56 ,23.59 ,23.6 ,23.54 ,23.54 ,23.62 ,23.66 ,23.67 ,23.62 ,23.6 ,23.65 ,23.58 ,23.58 ,23.5 ,23.64 ,23.63 ,23.56 ,23.61 ,23.7 ,23.68 ,23.69 ,23.91 ,24.11 ,24.1 ,24.05 ,24.05 ,24.08 ,24.09 ,24.13 ,24.15 ,24.09 ,24.07 ,24.1 ,24.06 ,24.05 ,24.14 ,24.12 ,24.04 ,24.05 ,24.09 ,24.06 ,24.05 ,24.06 ,23.99 ,24.01 ,24.06 ,24.1 ,24.09 ,24.06 ,24.01 ,24.04 ,24.06 ,23.99 ,23.97 ,24.13 ,24.1 ,24.03 ,24.07 ,24.08 ,24.03 ,24.08 ,24.04 ,23.98 ,24.05 ,24.1 ,24.07 ,24.07 ,24.01 ,23.92 ,23.98 ,23.95 ,23.96 ,23.99 ,24.02 ,24.07 ,24.09 ,24.02 ,23.95 ,24.05 ,24.06 ,24.07 ,24.06 ,24.01 ,24.11 ,24.09 ,24.01 ,23.97 ,23.87 ,23.81 ,23.74 ,23.78 ,23.82 ,23.75 ,23.64 ,23.6 ,23.66 ,23.62 ,23.56 ,23.71 ,23.75 ,23.56 ,23.53 ,23.54 ,23.55 ,23.7 ,23.73 ,23.76 ,23.83 ,23.77 ,23.72 ,23.74 ,23.69 ,23.73 ,23.85 ,23.82 ,23.83 ,23.9 ,23.87 ,23.79 ,23.7 ,23.79 ,23.73 ,23.8 ,23.72 ,23.77 ,23.67 ,23.64 ,23.7 ,23.7 ,23.75 ,23.78 ,23.71 ,23.72 ,23.76 ,23.71 ,23.66 ,23.75 ,23.74 ,23.73 ,23.74 ,23.73 ,23.78 ,23.64 ,23.71 ,23.67 ,23.6 ,23.64 ,23.66 ,23.62 ,23.7 ,23.7 ,23.64 ,23.65 ,23.75 ,23.67 ,23.63 ,23.74 ,23.7 ,23.67 ,23.62 ,23.53 ,23.53 ,23.56 ,23.56 ,23.5 ,23.51 ,23.52 ,23.48 ,23.45 ,23.37 ,23.36 ,23.36 ,23.23 ,23.28 ,23.35 ,23.43 ,23.43 ,23.46 ,23.47 ,23.51 ,23.47 ,23.43 ,23.32 ,23.46 ,23.47 ,23.42 ,23.45 ,23.47 ,23.45 ,23.42 ,23.46 ,23.38 ,23.44 ,23.4 ,23.45 ,23.38 ,23.32 ,23.35 ,23.35 ,23.37 ,23.47 ,23.45 ,23.5 ,23.46 ,23.42 ,23.44 ,23.35 ,23.32 ,23.34 ,23.37 ,23.38 ,23.37 ,23.36 ,23.35 ,23.35 ,23.34 ,23.27 ,23.32 ,23.35 ,23.23 ,23.14 ,23.19 ,23.29 ,23.29 ,23.32 ,23.34 ,23.23 ,23.12 ,23.1 ,23.17 ,23.25 ,23.21 ,23.18 ,23.11 ,23.16 ,23.2 ,23.18 ,23.04 ,23.08 ,23.18 ,23.17 ,23.09 ,23.08 ,23.05 ,23.13 ,23.17 ,23.16 ,23.15 ,23.07 ,
172,23.24 ,23.12 ,23.03 ,23.02 ,22.99 ,23.18 ,23.19 ,23.16 ,23.06 ,23.23 ,23.19 ,23.22 ,23.37 ,23.36 ,23.42 ,23.4 ,23.41 ,23.36 ,23.44 ,23.43 ,23.46 ,23.41 ,23.47 ,23.35 ,23.32 ,23.36 ,23.44 ,23.47 ,23.5 ,23.48 ,23.48 ,23.38 ,23.44 ,23.61 ,23.64 ,23.58 ,23.6 ,23.66 ,23.63 ,23.58 ,23.6 ,23.61 ,23.61 ,23.71 ,23.64 ,23.62 ,23.54 ,23.58 ,23.66 ,23.69 ,23.6 ,23.58 ,23.59 ,23.62 ,23.65 ,23.72 ,23.68 ,23.61 ,23.6 ,23.65 ,23.61 ,23.54 ,23.54 ,23.54 ,23.67 ,23.61 ,23.58 ,23.58 ,23.54 ,23.55 ,23.59 ,23.64 ,23.65 ,23.62 ,23.64 ,23.72 ,23.67 ,23.65 ,23.62 ,23.57 ,23.61 ,23.63 ,23.62 ,23.67 ,23.63 ,23.64 ,23.57 ,23.65 ,23.73 ,23.59 ,23.62 ,23.67 ,23.7 ,23.68 ,23.62 ,23.67 ,23.66 ,23.64 ,23.67 ,23.69 ,23.69 ,23.59 ,23.67 ,23.73 ,23.72 ,23.71 ,23.72 ,23.62 ,23.66 ,23.72 ,23.68 ,23.7 ,23.68 ,23.65 ,23.71 ,23.72 ,23.7 ,23.75 ,23.66 ,23.73 ,23.77 ,23.8 ,23.81 ,23.79 ,23.82 ,23.8 ,23.88 ,23.78 ,23.68 ,23.66 ,23.71 ,23.76 ,23.72 ,23.76 ,23.76 ,23.72 ,23.78 ,23.74 ,23.81 ,23.82 ,23.85 ,23.79 ,23.81 ,23.81 ,23.8 ,23.8 ,23.74 ,23.73 ,23.71 ,23.79 ,23.79 ,23.73 ,23.8 ,23.79 ,23.77 ,23.79 ,23.71 ,23.74 ,23.81 ,23.84 ,23.79 ,23.82 ,23.8 ,23.76 ,23.78 ,23.86 ,23.86 ,23.85 ,23.81 ,23.77 ,23.77 ,23.69 ,23.78 ,23.77 ,23.78 ,23.73 ,23.76 ,23.8 ,23.71 ,23.67 ,23.73 ,23.7 ,23.67 ,23.65 ,23.61 ,23.64 ,23.64 ,23.69 ,23.61 ,23.54 ,23.51 ,23.48 ,23.47 ,23.51 ,23.59 ,23.65 ,23.77 ,23.76 ,23.71 ,23.71 ,23.74 ,23.67 ,23.77 ,23.82 ,23.73 ,23.74 ,23.74 ,23.71 ,23.72 ,23.82 ,23.82 ,23.76 ,23.8 ,23.73 ,23.72 ,23.7 ,23.77 ,23.8 ,23.76 ,23.76 ,23.75 ,23.74 ,23.76 ,23.8 ,23.82 ,23.76 ,23.67 ,23.7 ,23.74 ,23.68 ,23.69 ,23.72 ,23.66 ,23.56 ,23.6 ,23.59 ,23.63 ,23.6 ,23.55 ,23.53 ,23.52 ,23.51 ,23.49 ,23.36 ,23.48 ,23.56 ,23.44 ,23.39 ,23.55 ,23.59 ,23.61 ,23.56 ,23.58 ,23.67 ,23.73 ,23.61 ,23.58 ,23.63 ,23.66 ,23.67 ,23.61 ,23.62 ,23.73 ,23.67 ,23.65 ,23.66 ,23.65 ,23.76 ,23.7 ,23.64 ,23.58 ,23.61 ,23.65 ,23.79 ,23.67 ,23.56 ,23.63 ,23.68 ,23.57 ,23.61 ,23.67 ,23.67 ,23.6 ,23.67 ,23.67 ,23.61 ,23.69 ,23.57 ,23.62 ,23.65 ,23.64 ,23.59 ,23.61 ,23.61 ,23.59 ,23.66 ,23.65 ,23.66 ,23.64 ,23.58 ,23.54 ,23.43 ,23.39 ,23.45 ,23.6 ,23.5 ,23.48 ,23.53 ,23.62 ,23.66 ,23.69 ,23.72 ,23.7 ,23.7 ,23.72 ,23.62 ,23.59 ,23.57 ,23.57 ,23.51 ,23.45 ,23.62 ,23.69 ,23.66 ,23.69 ,23.64 ,23.71 ,23.69 ,23.67 ,23.72 ,23.62 ,23.68 ,23.67 ,23.64 ,23.61 ,23.59 ,23.56 ,23.66 ,23.64 ,23.62 ,23.67 ,23.68 ,23.67 ,23.77 ,23.9 ,23.94 ,23.86 ,23.87 ,23.9 ,23.86 ,23.76 ,23.78 ,23.8 ,23.85 ,23.84 ,23.73 ,23.82 ,23.85 ,23.81 ,23.75 ,23.84 ,23.88 ,23.81 ,23.78 ,23.82 ,23.84 ,23.83 ,23.83 ,23.76 ,23.85 ,23.92 ,23.85 ,23.86 ,23.88 ,23.65 ,23.63 ,23.6 ,23.65 ,23.63 ,23.59 ,23.62 ,23.63 ,23.66 ,23.64 ,23.55 ,23.62 ,23.66 ,23.55 ,23.56 ,23.58 ,23.54 ,23.61 ,23.64 ,23.59 ,23.58 ,23.54 ,23.58 ,23.65 ,23.61 ,23.63 ,23.63 ,23.72 ,23.55 ,23.55 ,23.55 ,23.52 ,23.55 ,23.59 ,23.62 ,23.64 ,23.66 ,23.7 ,23.91 ,24.12 ,24.05 ,24.06 ,24.1 ,24.08 ,24.14 ,24.2 ,24.13 ,24.07 ,24.03 ,24.01 ,23.97 ,24.03 ,24.11 ,24.11 ,24.03 ,23.93 ,24 ,24.06 ,24.11 ,24.04 ,23.98 ,24.04 ,24.04 ,24.14 ,24.07 ,23.99 ,24.02 ,23.99 ,23.99 ,23.99 ,24.05 ,24.11 ,24.11 ,23.96 ,23.95 ,23.99 ,24.06 ,24.11 ,24.06 ,24.01 ,24 ,24.08 ,24.07 ,24 ,24.01 ,23.91 ,23.91 ,23.88 ,23.95 ,24.03 ,24 ,24.01 ,23.99 ,24.01 ,23.98 ,24.06 ,24.06 ,24.07 ,24.14 ,24.12 ,24.14 ,24.06 ,24.05 ,23.95 ,23.86 ,23.83 ,23.74 ,23.82 ,23.78 ,23.71 ,23.61 ,23.61 ,23.73 ,23.64 ,23.6 ,23.67 ,23.69 ,23.6 ,23.53 ,23.51 ,23.45 ,23.56 ,23.68 ,23.66 ,23.72 ,23.78 ,23.68 ,23.81 ,23.82 ,23.73 ,23.85 ,23.84 ,23.77 ,23.86 ,23.76 ,23.7 ,23.67 ,23.65 ,23.76 ,23.81 ,23.75 ,23.7 ,23.66 ,23.59 ,23.67 ,23.7 ,23.66 ,23.73 ,23.65 ,23.64 ,23.78 ,23.81 ,23.75 ,23.79 ,23.7 ,23.67 ,23.7 ,23.72 ,23.73 ,23.76 ,23.74 ,23.7 ,23.7 ,23.74 ,23.7 ,23.63 ,23.68 ,23.73 ,23.67 ,23.66 ,23.69 ,23.68 ,23.57 ,23.66 ,23.66 ,23.57 ,23.58 ,23.6 ,23.56 ,23.46 ,23.5 ,23.58 ,23.54 ,23.49 ,23.47 ,23.46 ,23.37 ,23.26 ,23.27 ,23.31 ,23.34 ,23.32 ,23.39 ,23.5 ,23.54 ,23.49 ,23.46 ,23.48 ,23.48 ,23.47 ,23.43 ,23.51 ,23.35 ,23.42 ,23.5 ,23.46 ,23.35 ,23.39 ,23.37 ,23.43 ,23.43 ,23.48 ,23.42 ,23.36 ,23.35 ,23.3 ,23.28 ,23.43 ,23.43 ,23.41 ,23.39 ,23.36 ,23.44 ,23.31 ,23.37 ,23.39 ,23.39 ,23.38 ,23.42 ,23.39 ,23.3 ,23.33 ,23.38 ,23.34 ,23.22 ,23.31 ,23.29 ,23.19 ,23.14 ,23.29 ,23.24 ,23.22 ,23.3 ,23.18 ,23.08 ,23.09 ,23.14 ,23.31 ,23.3 ,23.23 ,23.06 ,23.14 ,23.13 ,23.12 ,23.04 ,23.09 ,23.19 ,23.2 ,23.09 ,23.04 ,23.08 ,23.11 ,23.21 ,23.24 ,23.15 ,23.09 ,
173,23.2 ,23.14 ,23.09 ,23.03 ,23 ,23.02 ,23.1 ,23.06 ,23.03 ,23.12 ,23.15 ,23.22 ,23.37 ,23.33 ,23.3 ,23.43 ,23.49 ,23.52 ,23.55 ,23.45 ,23.44 ,23.34 ,23.42 ,23.36 ,23.24 ,23.32 ,23.32 ,23.39 ,23.42 ,23.42 ,23.44 ,23.35 ,23.43 ,23.59 ,23.57 ,23.58 ,23.63 ,23.65 ,23.64 ,23.56 ,23.58 ,23.55 ,23.61 ,23.61 ,23.59 ,23.58 ,23.63 ,23.63 ,23.62 ,23.68 ,23.64 ,23.59 ,23.63 ,23.71 ,23.68 ,23.73 ,23.65 ,23.61 ,23.55 ,23.57 ,23.63 ,23.62 ,23.64 ,23.62 ,23.66 ,23.66 ,23.63 ,23.54 ,23.57 ,23.65 ,23.64 ,23.66 ,23.71 ,23.64 ,23.67 ,23.6 ,23.66 ,23.61 ,23.68 ,23.64 ,23.6 ,23.58 ,23.54 ,23.59 ,23.56 ,23.62 ,23.65 ,23.61 ,23.61 ,23.59 ,23.63 ,23.73 ,23.69 ,23.7 ,23.69 ,23.68 ,23.69 ,23.67 ,23.76 ,23.77 ,23.67 ,23.65 ,23.67 ,23.67 ,23.69 ,23.73 ,23.73 ,23.63 ,23.61 ,23.71 ,23.62 ,23.62 ,23.69 ,23.64 ,23.75 ,23.74 ,23.68 ,23.71 ,23.72 ,23.68 ,23.71 ,23.74 ,23.74 ,23.78 ,23.83 ,23.83 ,23.83 ,23.87 ,23.72 ,23.72 ,23.73 ,23.74 ,23.71 ,23.77 ,23.84 ,23.8 ,23.86 ,23.85 ,23.81 ,23.83 ,23.83 ,23.75 ,23.77 ,23.8 ,23.72 ,23.83 ,23.83 ,23.8 ,23.73 ,23.84 ,23.85 ,23.77 ,23.77 ,23.8 ,23.77 ,23.77 ,23.78 ,23.74 ,23.83 ,23.85 ,23.81 ,23.84 ,23.83 ,23.72 ,23.84 ,23.85 ,23.92 ,23.85 ,23.8 ,23.79 ,23.79 ,23.74 ,23.72 ,23.76 ,23.76 ,23.74 ,23.75 ,23.8 ,23.77 ,23.69 ,23.71 ,23.77 ,23.73 ,23.8 ,23.82 ,23.65 ,23.61 ,23.67 ,23.71 ,23.57 ,23.52 ,23.61 ,23.62 ,23.6 ,23.62 ,23.66 ,23.76 ,23.73 ,23.62 ,23.62 ,23.62 ,23.62 ,23.67 ,23.67 ,23.67 ,23.68 ,23.73 ,23.7 ,23.61 ,23.69 ,23.74 ,23.7 ,23.65 ,23.66 ,23.61 ,23.59 ,23.64 ,23.74 ,23.65 ,23.77 ,23.79 ,23.74 ,23.7 ,23.68 ,23.73 ,23.76 ,23.68 ,23.69 ,23.69 ,23.66 ,23.65 ,23.66 ,23.65 ,23.61 ,23.59 ,23.67 ,23.66 ,23.59 ,23.56 ,23.57 ,23.53 ,23.51 ,23.5 ,23.38 ,23.46 ,23.58 ,23.45 ,23.37 ,23.47 ,23.64 ,23.68 ,23.59 ,23.56 ,23.65 ,23.68 ,23.63 ,23.58 ,23.62 ,23.6 ,23.68 ,23.65 ,23.63 ,23.62 ,23.63 ,23.65 ,23.67 ,23.59 ,23.66 ,23.67 ,23.61 ,23.67 ,23.66 ,23.66 ,23.72 ,23.72 ,23.63 ,23.61 ,23.57 ,23.57 ,23.61 ,23.6 ,23.61 ,23.68 ,23.68 ,23.69 ,23.68 ,23.67 ,23.63 ,23.61 ,23.61 ,23.63 ,23.66 ,23.65 ,23.65 ,23.61 ,23.63 ,23.64 ,23.69 ,23.64 ,23.66 ,23.6 ,23.57 ,23.49 ,23.54 ,23.57 ,23.52 ,23.41 ,23.46 ,23.49 ,23.54 ,23.6 ,23.66 ,23.69 ,23.69 ,23.67 ,23.68 ,23.61 ,23.52 ,23.53 ,23.57 ,23.5 ,23.6 ,23.63 ,23.67 ,23.71 ,23.6 ,23.6 ,23.66 ,23.69 ,23.75 ,23.66 ,23.59 ,23.6 ,23.64 ,23.65 ,23.6 ,23.57 ,23.69 ,23.75 ,23.65 ,23.66 ,23.65 ,23.65 ,23.73 ,23.83 ,23.88 ,23.9 ,23.87 ,23.93 ,23.96 ,23.88 ,23.8 ,23.85 ,23.82 ,23.86 ,23.82 ,23.86 ,23.87 ,23.83 ,23.87 ,23.83 ,23.87 ,23.89 ,23.87 ,23.8 ,23.82 ,23.85 ,23.84 ,23.8 ,23.85 ,23.9 ,23.85 ,23.82 ,23.9 ,23.76 ,23.61 ,23.58 ,23.59 ,23.59 ,23.6 ,23.67 ,23.7 ,23.68 ,23.7 ,23.6 ,23.61 ,23.58 ,23.58 ,23.53 ,23.57 ,23.59 ,23.6 ,23.62 ,23.62 ,23.64 ,23.62 ,23.57 ,23.62 ,23.6 ,23.57 ,23.67 ,23.7 ,23.54 ,23.55 ,23.56 ,23.56 ,23.56 ,23.62 ,23.49 ,23.56 ,23.64 ,23.66 ,23.88 ,24.1 ,24.11 ,24.05 ,24.12 ,24.04 ,24.06 ,24.12 ,24.11 ,24.06 ,24.1 ,24.06 ,24.01 ,24.05 ,24.08 ,24.06 ,24.11 ,24.05 ,24.05 ,24.11 ,24.15 ,24.07 ,23.95 ,24.05 ,24.12 ,24.15 ,24.13 ,24.03 ,23.99 ,24.03 ,24.01 ,24.03 ,24.04 ,24.09 ,24.07 ,23.98 ,24.01 ,24.05 ,24.06 ,24.04 ,24.1 ,24 ,23.96 ,24.07 ,24.06 ,24.06 ,24.01 ,24.04 ,23.95 ,23.99 ,23.95 ,24.03 ,24.03 ,24.01 ,24 ,23.98 ,23.93 ,23.96 ,23.95 ,23.97 ,24.09 ,24.13 ,24.16 ,24.07 ,23.95 ,24.01 ,23.92 ,23.88 ,23.76 ,23.78 ,23.8 ,23.68 ,23.63 ,23.64 ,23.77 ,23.75 ,23.67 ,23.66 ,23.67 ,23.64 ,23.56 ,23.56 ,23.51 ,23.55 ,23.62 ,23.79 ,23.76 ,23.79 ,23.78 ,23.78 ,23.79 ,23.76 ,23.83 ,23.86 ,23.76 ,23.94 ,23.81 ,23.69 ,23.63 ,23.64 ,23.75 ,23.85 ,23.83 ,23.75 ,23.7 ,23.67 ,23.7 ,23.78 ,23.74 ,23.76 ,23.7 ,23.7 ,23.81 ,23.75 ,23.78 ,23.76 ,23.72 ,23.64 ,23.61 ,23.72 ,23.65 ,23.72 ,23.69 ,23.63 ,23.71 ,23.75 ,23.69 ,23.71 ,23.79 ,23.77 ,23.75 ,23.71 ,23.67 ,23.66 ,23.63 ,23.67 ,23.62 ,23.59 ,23.52 ,23.49 ,23.57 ,23.46 ,23.52 ,23.5 ,23.49 ,23.55 ,23.49 ,23.51 ,23.43 ,23.33 ,23.27 ,23.38 ,23.28 ,23.32 ,23.44 ,23.51 ,23.53 ,23.41 ,23.39 ,23.36 ,23.46 ,23.48 ,23.42 ,23.49 ,23.43 ,23.45 ,23.51 ,23.45 ,23.38 ,23.37 ,23.47 ,23.44 ,23.36 ,23.34 ,23.37 ,23.32 ,23.35 ,23.35 ,23.31 ,23.42 ,23.44 ,23.33 ,23.35 ,23.33 ,23.43 ,23.36 ,23.32 ,23.4 ,23.34 ,23.32 ,23.41 ,23.42 ,23.3 ,23.35 ,23.42 ,23.42 ,23.36 ,23.3 ,23.28 ,23.28 ,23.15 ,23.19 ,23.2 ,23.18 ,23.12 ,23.16 ,23.15 ,23.06 ,23.11 ,23.2 ,23.29 ,23.24 ,23.06 ,23.13 ,23.19 ,23.19 ,23.09 ,23.16 ,23.13 ,23.15 ,23.16 ,23.12 ,23.14 ,23.1 ,23.15 ,23.08 ,23.06 ,23.01 ,
174,23.16 ,23.06 ,23.03 ,22.98 ,22.97 ,23.03 ,23.06 ,23.04 ,23.15 ,23.15 ,23.12 ,23.22 ,23.39 ,23.36 ,23.36 ,23.47 ,23.45 ,23.52 ,23.56 ,23.51 ,23.46 ,23.32 ,23.33 ,23.35 ,23.37 ,23.38 ,23.48 ,23.41 ,23.38 ,23.38 ,23.51 ,23.41 ,23.45 ,23.54 ,23.56 ,23.58 ,23.6 ,23.65 ,23.58 ,23.53 ,23.56 ,23.56 ,23.6 ,23.55 ,23.53 ,23.53 ,23.57 ,23.71 ,23.68 ,23.67 ,23.63 ,23.63 ,23.61 ,23.61 ,23.6 ,23.62 ,23.66 ,23.61 ,23.56 ,23.56 ,23.63 ,23.68 ,23.61 ,23.67 ,23.64 ,23.6 ,23.65 ,23.51 ,23.53 ,23.6 ,23.56 ,23.62 ,23.71 ,23.68 ,23.69 ,23.57 ,23.58 ,23.66 ,23.65 ,23.6 ,23.6 ,23.57 ,23.6 ,23.55 ,23.49 ,23.58 ,23.7 ,23.68 ,23.67 ,23.58 ,23.58 ,23.61 ,23.67 ,23.66 ,23.66 ,23.69 ,23.67 ,23.68 ,23.73 ,23.81 ,23.73 ,23.67 ,23.73 ,23.75 ,23.68 ,23.74 ,23.75 ,23.6 ,23.61 ,23.63 ,23.69 ,23.66 ,23.68 ,23.72 ,23.7 ,23.65 ,23.73 ,23.7 ,23.7 ,23.79 ,23.73 ,23.71 ,23.75 ,23.69 ,23.79 ,23.73 ,23.75 ,23.86 ,23.83 ,23.68 ,23.75 ,23.75 ,23.73 ,23.83 ,23.83 ,23.84 ,23.82 ,23.86 ,23.87 ,23.88 ,23.8 ,23.75 ,23.76 ,23.74 ,23.73 ,23.78 ,23.8 ,23.78 ,23.78 ,23.84 ,23.81 ,23.8 ,23.76 ,23.78 ,23.83 ,23.76 ,23.76 ,23.75 ,23.82 ,23.78 ,23.8 ,23.79 ,23.82 ,23.78 ,23.78 ,23.8 ,23.8 ,23.86 ,23.79 ,23.83 ,23.85 ,23.71 ,23.67 ,23.8 ,23.73 ,23.72 ,23.79 ,23.81 ,23.77 ,23.78 ,23.7 ,23.78 ,23.77 ,23.84 ,23.87 ,23.84 ,23.73 ,23.71 ,23.78 ,23.73 ,23.63 ,23.74 ,23.77 ,23.72 ,23.68 ,23.74 ,23.66 ,23.64 ,23.63 ,23.66 ,23.69 ,23.63 ,23.69 ,23.57 ,23.51 ,23.58 ,23.61 ,23.59 ,23.55 ,23.58 ,23.66 ,23.7 ,23.67 ,23.72 ,23.75 ,23.63 ,23.7 ,23.78 ,23.65 ,23.75 ,23.8 ,23.74 ,23.71 ,23.67 ,23.73 ,23.8 ,23.75 ,23.78 ,23.78 ,23.7 ,23.64 ,23.65 ,23.59 ,23.55 ,23.55 ,23.64 ,23.72 ,23.59 ,23.58 ,23.58 ,23.56 ,23.47 ,23.45 ,23.52 ,23.66 ,23.61 ,23.47 ,23.41 ,23.45 ,23.57 ,23.63 ,23.57 ,23.53 ,23.66 ,23.74 ,23.62 ,23.57 ,23.62 ,23.6 ,23.64 ,23.71 ,23.64 ,23.61 ,23.61 ,23.7 ,23.73 ,23.62 ,23.66 ,23.7 ,23.63 ,23.64 ,23.71 ,23.73 ,23.77 ,23.68 ,23.69 ,23.69 ,23.68 ,23.58 ,23.63 ,23.63 ,23.62 ,23.61 ,23.59 ,23.65 ,23.67 ,23.73 ,23.68 ,23.65 ,23.68 ,23.64 ,23.7 ,23.65 ,23.63 ,23.66 ,23.6 ,23.6 ,23.68 ,23.63 ,23.6 ,23.64 ,23.65 ,23.57 ,23.56 ,23.53 ,23.49 ,23.35 ,23.4 ,23.34 ,23.41 ,23.47 ,23.53 ,23.64 ,23.65 ,23.67 ,23.64 ,23.6 ,23.52 ,23.48 ,23.55 ,23.56 ,23.55 ,23.59 ,23.63 ,23.71 ,23.57 ,23.62 ,23.67 ,23.74 ,23.68 ,23.66 ,23.6 ,23.54 ,23.61 ,23.71 ,23.66 ,23.58 ,23.58 ,23.69 ,23.65 ,23.66 ,23.69 ,23.7 ,23.79 ,23.94 ,23.85 ,23.83 ,23.86 ,23.86 ,23.93 ,23.89 ,23.89 ,23.94 ,23.89 ,23.81 ,23.85 ,23.83 ,23.85 ,23.79 ,23.8 ,23.78 ,23.75 ,23.85 ,23.93 ,23.87 ,23.81 ,23.85 ,23.83 ,23.87 ,23.84 ,23.84 ,23.89 ,23.84 ,23.9 ,23.86 ,23.65 ,23.58 ,23.59 ,23.65 ,23.61 ,23.67 ,23.64 ,23.63 ,23.65 ,23.61 ,23.63 ,23.55 ,23.66 ,23.66 ,23.56 ,23.56 ,23.61 ,23.58 ,23.58 ,23.67 ,23.7 ,23.66 ,23.65 ,23.7 ,23.63 ,23.64 ,23.68 ,23.53 ,23.62 ,23.63 ,23.6 ,23.62 ,23.66 ,23.61 ,23.66 ,23.71 ,23.78 ,23.93 ,24.13 ,24.09 ,23.98 ,24.06 ,24.14 ,24.04 ,24.06 ,24.11 ,24.13 ,24.1 ,24.12 ,24.08 ,24.06 ,24.03 ,24.04 ,24.11 ,24.14 ,24.11 ,24.13 ,24.08 ,23.99 ,23.99 ,24.09 ,24.16 ,24.14 ,24.11 ,24.13 ,24.03 ,24.04 ,24.09 ,24.07 ,24.07 ,24.06 ,24.07 ,24.02 ,24.04 ,24.04 ,24 ,24.02 ,24.09 ,24.03 ,23.98 ,24.11 ,24.14 ,24.1 ,24.07 ,24.08 ,24.04 ,24.05 ,23.97 ,24.04 ,24.01 ,24.01 ,24.06 ,23.94 ,23.99 ,23.99 ,23.94 ,23.93 ,24.04 ,24.13 ,24.1 ,24.1 ,24.03 ,24.04 ,23.92 ,23.76 ,23.68 ,23.73 ,23.73 ,23.75 ,23.72 ,23.73 ,23.77 ,23.75 ,23.71 ,23.68 ,23.69 ,23.75 ,23.68 ,23.62 ,23.59 ,23.62 ,23.69 ,23.75 ,23.75 ,23.76 ,23.78 ,23.8 ,23.72 ,23.71 ,23.84 ,23.86 ,23.75 ,23.87 ,23.86 ,23.8 ,23.71 ,23.69 ,23.71 ,23.81 ,23.79 ,23.85 ,23.75 ,23.68 ,23.75 ,23.83 ,23.74 ,23.76 ,23.76 ,23.72 ,23.81 ,23.86 ,23.8 ,23.74 ,23.74 ,23.7 ,23.67 ,23.71 ,23.71 ,23.67 ,23.65 ,23.62 ,23.7 ,23.75 ,23.7 ,23.67 ,23.67 ,23.74 ,23.71 ,23.64 ,23.63 ,23.67 ,23.69 ,23.65 ,23.57 ,23.6 ,23.52 ,23.48 ,23.51 ,23.5 ,23.5 ,23.46 ,23.42 ,23.44 ,23.48 ,23.43 ,23.42 ,23.42 ,23.39 ,23.38 ,23.32 ,23.32 ,23.44 ,23.4 ,23.45 ,23.4 ,23.4 ,23.33 ,23.45 ,23.43 ,23.46 ,23.46 ,23.43 ,23.43 ,23.47 ,23.47 ,23.4 ,23.41 ,23.43 ,23.54 ,23.39 ,23.34 ,23.39 ,23.38 ,23.33 ,23.38 ,23.36 ,23.47 ,23.53 ,23.41 ,23.36 ,23.36 ,23.38 ,23.31 ,23.2 ,23.24 ,23.42 ,23.4 ,23.4 ,23.37 ,23.29 ,23.33 ,23.3 ,23.28 ,23.28 ,23.33 ,23.32 ,23.24 ,23.11 ,23.15 ,23.17 ,23.29 ,23.28 ,23.19 ,23.14 ,23.12 ,23.13 ,23.14 ,23.25 ,23.2 ,23.14 ,23.28 ,23.18 ,23.16 ,23.16 ,23.21 ,23.21 ,23.08 ,23.16 ,23.22 ,23.14 ,23.03 ,23.09 ,23.09 ,23.03 ,23.03 ,
175,23.17 ,23.04 ,23.05 ,23.1 ,23.09 ,23.03 ,23.11 ,23.06 ,23.05 ,23.11 ,23.14 ,23.27 ,23.37 ,23.37 ,23.42 ,23.49 ,23.51 ,23.5 ,23.5 ,23.39 ,23.48 ,23.48 ,23.4 ,23.37 ,23.4 ,23.48 ,23.45 ,23.42 ,23.36 ,23.49 ,23.44 ,23.31 ,23.43 ,23.53 ,23.51 ,23.62 ,23.56 ,23.54 ,23.58 ,23.56 ,23.6 ,23.56 ,23.68 ,23.65 ,23.51 ,23.61 ,23.59 ,23.59 ,23.62 ,23.57 ,23.64 ,23.63 ,23.67 ,23.59 ,23.53 ,23.63 ,23.62 ,23.61 ,23.57 ,23.49 ,23.61 ,23.6 ,23.61 ,23.69 ,23.7 ,23.58 ,23.61 ,23.56 ,23.53 ,23.57 ,23.57 ,23.59 ,23.65 ,23.69 ,23.76 ,23.69 ,23.6 ,23.63 ,23.57 ,23.58 ,23.62 ,23.56 ,23.53 ,23.55 ,23.54 ,23.62 ,23.64 ,23.66 ,23.71 ,23.61 ,23.61 ,23.6 ,23.63 ,23.68 ,23.62 ,23.7 ,23.63 ,23.6 ,23.64 ,23.65 ,23.64 ,23.67 ,23.71 ,23.77 ,23.71 ,23.67 ,23.7 ,23.63 ,23.64 ,23.65 ,23.66 ,23.68 ,23.69 ,23.68 ,23.71 ,23.66 ,23.74 ,23.8 ,23.74 ,23.77 ,23.77 ,23.7 ,23.75 ,23.76 ,23.75 ,23.71 ,23.7 ,23.78 ,23.75 ,23.64 ,23.71 ,23.77 ,23.76 ,23.85 ,23.88 ,23.79 ,23.78 ,23.78 ,23.77 ,23.85 ,23.81 ,23.74 ,23.77 ,23.73 ,23.76 ,23.86 ,23.79 ,23.71 ,23.81 ,23.89 ,23.81 ,23.76 ,23.75 ,23.77 ,23.81 ,23.87 ,23.78 ,23.81 ,23.84 ,23.82 ,23.78 ,23.84 ,23.86 ,23.86 ,23.79 ,23.81 ,23.8 ,23.85 ,23.76 ,23.78 ,23.85 ,23.76 ,23.71 ,23.75 ,23.75 ,23.73 ,23.77 ,23.84 ,23.79 ,23.74 ,23.68 ,23.79 ,23.79 ,23.73 ,23.79 ,23.81 ,23.78 ,23.74 ,23.73 ,23.73 ,23.66 ,23.75 ,23.79 ,23.67 ,23.71 ,23.68 ,23.7 ,23.77 ,23.78 ,23.7 ,23.67 ,23.68 ,23.71 ,23.74 ,23.68 ,23.66 ,23.62 ,23.64 ,23.69 ,23.75 ,23.75 ,23.72 ,23.79 ,23.81 ,23.85 ,23.78 ,23.8 ,23.78 ,23.71 ,23.83 ,23.88 ,23.77 ,23.74 ,23.71 ,23.72 ,23.8 ,23.87 ,23.89 ,23.85 ,23.71 ,23.7 ,23.62 ,23.56 ,23.51 ,23.53 ,23.57 ,23.71 ,23.66 ,23.52 ,23.59 ,23.57 ,23.47 ,23.35 ,23.47 ,23.67 ,23.61 ,23.45 ,23.4 ,23.5 ,23.6 ,23.67 ,23.54 ,23.54 ,23.66 ,23.71 ,23.73 ,23.63 ,23.69 ,23.64 ,23.59 ,23.62 ,23.65 ,23.73 ,23.69 ,23.7 ,23.72 ,23.65 ,23.62 ,23.63 ,23.58 ,23.59 ,23.63 ,23.69 ,23.71 ,23.72 ,23.69 ,23.64 ,23.68 ,23.62 ,23.63 ,23.64 ,23.69 ,23.59 ,23.54 ,23.58 ,23.72 ,23.73 ,23.72 ,23.59 ,23.63 ,23.66 ,23.7 ,23.65 ,23.56 ,23.61 ,23.65 ,23.62 ,23.67 ,23.63 ,23.57 ,23.58 ,23.64 ,23.56 ,23.54 ,23.47 ,23.55 ,23.56 ,23.55 ,23.5 ,23.42 ,23.42 ,23.49 ,23.53 ,23.51 ,23.54 ,23.59 ,23.53 ,23.53 ,23.5 ,23.47 ,23.57 ,23.64 ,23.65 ,23.65 ,23.7 ,23.69 ,23.68 ,23.68 ,23.75 ,23.73 ,23.7 ,23.65 ,23.62 ,23.6 ,23.69 ,23.65 ,23.63 ,23.63 ,23.6 ,23.61 ,23.66 ,23.64 ,23.7 ,23.84 ,23.99 ,23.91 ,23.87 ,23.87 ,23.89 ,23.94 ,23.93 ,23.84 ,23.91 ,23.89 ,23.87 ,23.88 ,23.81 ,23.79 ,23.77 ,23.73 ,23.74 ,23.78 ,23.83 ,23.86 ,23.88 ,23.81 ,23.8 ,23.74 ,23.8 ,23.91 ,23.92 ,23.87 ,23.91 ,23.9 ,23.79 ,23.65 ,23.63 ,23.67 ,23.66 ,23.66 ,23.62 ,23.61 ,23.63 ,23.64 ,23.58 ,23.64 ,23.53 ,23.66 ,23.66 ,23.59 ,23.54 ,23.58 ,23.56 ,23.51 ,23.63 ,23.68 ,23.64 ,23.7 ,23.75 ,23.69 ,23.66 ,23.65 ,23.61 ,23.64 ,23.68 ,23.65 ,23.71 ,23.74 ,23.78 ,23.77 ,23.72 ,23.8 ,23.96 ,24.08 ,24.12 ,24.08 ,24.07 ,24.05 ,24.16 ,24.14 ,24.07 ,24.11 ,24.13 ,24.17 ,24.1 ,24.15 ,24.1 ,24.07 ,24.09 ,24.07 ,23.99 ,24.04 ,24.04 ,23.99 ,23.96 ,24.14 ,24.2 ,24.08 ,24.06 ,24.08 ,23.98 ,24.03 ,24 ,24.1 ,24.09 ,24.06 ,23.99 ,23.97 ,24.03 ,24.01 ,24.01 ,24.05 ,24.08 ,24.07 ,24.04 ,24.09 ,24.09 ,24.07 ,24.01 ,24.06 ,24.06 ,24.07 ,24.03 ,24.05 ,23.98 ,24.01 ,24.06 ,24.01 ,24.01 ,23.99 ,23.94 ,24.04 ,24.07 ,24.03 ,24 ,24.07 ,24.09 ,24 ,23.8 ,23.66 ,23.72 ,23.71 ,23.71 ,23.71 ,23.7 ,23.65 ,23.65 ,23.77 ,23.74 ,23.71 ,23.74 ,23.77 ,23.66 ,23.62 ,23.56 ,23.6 ,23.67 ,23.7 ,23.71 ,23.74 ,23.78 ,23.73 ,23.71 ,23.67 ,23.81 ,23.89 ,23.76 ,23.78 ,23.84 ,23.8 ,23.66 ,23.66 ,23.72 ,23.76 ,23.81 ,23.8 ,23.75 ,23.66 ,23.74 ,23.85 ,23.75 ,23.72 ,23.73 ,23.71 ,23.73 ,23.75 ,23.82 ,23.78 ,23.72 ,23.73 ,23.72 ,23.65 ,23.62 ,23.7 ,23.67 ,23.7 ,23.72 ,23.71 ,23.73 ,23.73 ,23.68 ,23.72 ,23.74 ,23.66 ,23.61 ,23.67 ,23.64 ,23.67 ,23.69 ,23.53 ,23.47 ,23.54 ,23.54 ,23.54 ,23.55 ,23.52 ,23.44 ,23.42 ,23.47 ,23.45 ,23.4 ,23.44 ,23.45 ,23.42 ,23.39 ,23.28 ,23.43 ,23.43 ,23.44 ,23.46 ,23.34 ,23.39 ,23.42 ,23.43 ,23.42 ,23.41 ,23.34 ,23.4 ,23.33 ,23.46 ,23.32 ,23.37 ,23.42 ,23.42 ,23.42 ,23.35 ,23.42 ,23.42 ,23.32 ,23.38 ,23.44 ,23.52 ,23.52 ,23.5 ,23.39 ,23.38 ,23.39 ,23.33 ,23.31 ,23.3 ,23.32 ,23.34 ,23.42 ,23.38 ,23.27 ,23.38 ,23.46 ,23.31 ,23.22 ,23.38 ,23.29 ,23.15 ,23.17 ,23.21 ,23.24 ,23.29 ,23.24 ,23.16 ,23.16 ,23.16 ,23.21 ,23.16 ,23.2 ,23.17 ,23.19 ,23.19 ,23.13 ,23.15 ,23.2 ,23.12 ,23.19 ,23.11 ,23.05 ,23.19 ,23.23 ,23.03 ,23.07 ,23.13 ,23.12 ,23.07 ,
176,23.15 ,23.01 ,23.01 ,23.05 ,23.03 ,23.11 ,23.12 ,23.06 ,23 ,23.14 ,23.11 ,23.18 ,23.29 ,23.39 ,23.39 ,23.47 ,23.5 ,23.54 ,23.49 ,23.38 ,23.41 ,23.45 ,23.37 ,23.28 ,23.33 ,23.39 ,23.41 ,23.34 ,23.36 ,23.49 ,23.43 ,23.28 ,23.37 ,23.52 ,23.54 ,23.56 ,23.59 ,23.57 ,23.56 ,23.58 ,23.59 ,23.63 ,23.68 ,23.61 ,23.49 ,23.59 ,23.62 ,23.63 ,23.62 ,23.63 ,23.59 ,23.64 ,23.71 ,23.63 ,23.54 ,23.62 ,23.55 ,23.55 ,23.63 ,23.54 ,23.54 ,23.66 ,23.62 ,23.68 ,23.67 ,23.61 ,23.63 ,23.61 ,23.62 ,23.52 ,23.54 ,23.55 ,23.64 ,23.62 ,23.76 ,23.75 ,23.7 ,23.65 ,23.55 ,23.56 ,23.58 ,23.56 ,23.54 ,23.48 ,23.52 ,23.6 ,23.64 ,23.58 ,23.65 ,23.56 ,23.57 ,23.58 ,23.54 ,23.67 ,23.71 ,23.74 ,23.68 ,23.58 ,23.7 ,23.64 ,23.68 ,23.69 ,23.67 ,23.76 ,23.75 ,23.66 ,23.68 ,23.67 ,23.69 ,23.66 ,23.61 ,23.68 ,23.76 ,23.74 ,23.68 ,23.72 ,23.7 ,23.78 ,23.76 ,23.69 ,23.7 ,23.71 ,23.79 ,23.83 ,23.81 ,23.71 ,23.71 ,23.69 ,23.71 ,23.64 ,23.68 ,23.77 ,23.73 ,23.76 ,23.84 ,23.83 ,23.8 ,23.8 ,23.8 ,23.82 ,23.86 ,23.78 ,23.79 ,23.66 ,23.7 ,23.81 ,23.82 ,23.75 ,23.88 ,23.9 ,23.83 ,23.75 ,23.77 ,23.8 ,23.78 ,23.85 ,23.86 ,23.85 ,23.93 ,23.89 ,23.83 ,23.82 ,23.76 ,23.77 ,23.79 ,23.84 ,23.83 ,23.8 ,23.75 ,23.76 ,23.82 ,23.78 ,23.73 ,23.77 ,23.77 ,23.73 ,23.72 ,23.74 ,23.74 ,23.72 ,23.68 ,23.75 ,23.72 ,23.73 ,23.69 ,23.7 ,23.7 ,23.63 ,23.67 ,23.62 ,23.69 ,23.71 ,23.72 ,23.71 ,23.76 ,23.79 ,23.75 ,23.76 ,23.78 ,23.74 ,23.75 ,23.75 ,23.8 ,23.82 ,23.83 ,23.79 ,23.76 ,23.77 ,23.83 ,23.86 ,23.83 ,23.82 ,23.89 ,23.91 ,23.84 ,23.78 ,23.81 ,23.78 ,23.71 ,23.8 ,23.91 ,23.85 ,23.83 ,23.8 ,23.72 ,23.73 ,23.78 ,23.84 ,23.88 ,23.81 ,23.68 ,23.58 ,23.55 ,23.54 ,23.54 ,23.63 ,23.66 ,23.65 ,23.58 ,23.58 ,23.49 ,23.44 ,23.41 ,23.44 ,23.55 ,23.52 ,23.41 ,23.36 ,23.47 ,23.63 ,23.61 ,23.54 ,23.49 ,23.57 ,23.65 ,23.69 ,23.67 ,23.63 ,23.62 ,23.58 ,23.6 ,23.61 ,23.69 ,23.73 ,23.68 ,23.69 ,23.68 ,23.58 ,23.6 ,23.67 ,23.61 ,23.59 ,23.62 ,23.62 ,23.66 ,23.65 ,23.6 ,23.64 ,23.7 ,23.69 ,23.68 ,23.67 ,23.63 ,23.61 ,23.57 ,23.64 ,23.67 ,23.64 ,23.63 ,23.64 ,23.65 ,23.56 ,23.56 ,23.66 ,23.69 ,23.67 ,23.64 ,23.63 ,23.6 ,23.59 ,23.59 ,23.67 ,23.61 ,23.6 ,23.49 ,23.58 ,23.62 ,23.6 ,23.66 ,23.52 ,23.5 ,23.58 ,23.52 ,23.46 ,23.41 ,23.45 ,23.51 ,23.47 ,23.52 ,23.46 ,23.54 ,23.6 ,23.68 ,23.74 ,23.75 ,23.7 ,23.64 ,23.64 ,23.66 ,23.67 ,23.65 ,23.63 ,23.58 ,23.61 ,23.59 ,23.55 ,23.61 ,23.66 ,23.69 ,23.65 ,23.68 ,23.66 ,23.67 ,23.76 ,23.91 ,23.89 ,23.92 ,23.85 ,23.87 ,23.9 ,23.88 ,23.81 ,23.86 ,23.91 ,23.79 ,23.84 ,23.85 ,23.8 ,23.79 ,23.79 ,23.79 ,23.85 ,23.88 ,23.8 ,23.77 ,23.77 ,23.83 ,23.86 ,23.7 ,23.79 ,23.91 ,23.83 ,23.91 ,23.9 ,23.8 ,23.75 ,23.73 ,23.72 ,23.64 ,23.62 ,23.67 ,23.63 ,23.68 ,23.66 ,23.58 ,23.64 ,23.61 ,23.56 ,23.62 ,23.58 ,23.59 ,23.61 ,23.53 ,23.57 ,23.65 ,23.65 ,23.59 ,23.68 ,23.82 ,23.75 ,23.76 ,23.8 ,23.74 ,23.72 ,23.83 ,23.8 ,23.73 ,23.82 ,23.77 ,23.75 ,23.73 ,23.8 ,23.99 ,24.09 ,24.08 ,24.12 ,24.14 ,24.05 ,24.1 ,24.16 ,24.06 ,24.04 ,24.12 ,24.06 ,24.15 ,24.14 ,24.04 ,24.07 ,24.19 ,24.17 ,24.11 ,24.02 ,24.05 ,24.04 ,24.07 ,24.06 ,24.19 ,24.11 ,24.09 ,24.05 ,24.01 ,24 ,24.09 ,24 ,24.06 ,24.12 ,24.07 ,23.98 ,24.01 ,24.03 ,23.97 ,24.08 ,24.06 ,24 ,24.03 ,24.06 ,24.03 ,24.09 ,24.03 ,23.99 ,23.98 ,24.05 ,24.12 ,24.11 ,24.04 ,24.07 ,24.11 ,24.08 ,24.1 ,24.03 ,23.94 ,24.12 ,24.17 ,24.08 ,24.01 ,24.05 ,24.04 ,23.95 ,23.83 ,23.74 ,23.7 ,23.75 ,23.7 ,23.71 ,23.7 ,23.66 ,23.67 ,23.75 ,23.71 ,23.67 ,23.65 ,23.66 ,23.62 ,23.54 ,23.51 ,23.56 ,23.62 ,23.7 ,23.69 ,23.76 ,23.84 ,23.86 ,23.8 ,23.73 ,23.76 ,23.77 ,23.68 ,23.7 ,23.8 ,23.78 ,23.66 ,23.65 ,23.82 ,23.83 ,23.8 ,23.76 ,23.8 ,23.8 ,23.75 ,23.75 ,23.74 ,23.73 ,23.76 ,23.75 ,23.74 ,23.7 ,23.71 ,23.79 ,23.73 ,23.75 ,23.77 ,23.7 ,23.68 ,23.72 ,23.67 ,23.74 ,23.8 ,23.77 ,23.69 ,23.65 ,23.68 ,23.68 ,23.74 ,23.75 ,23.68 ,23.66 ,23.56 ,23.59 ,23.6 ,23.45 ,23.36 ,23.5 ,23.59 ,23.56 ,23.51 ,23.54 ,23.49 ,23.45 ,23.5 ,23.5 ,23.34 ,23.41 ,23.34 ,23.4 ,23.38 ,23.27 ,23.36 ,23.54 ,23.52 ,23.47 ,23.39 ,23.4 ,23.4 ,23.4 ,23.37 ,23.36 ,23.28 ,23.25 ,23.32 ,23.4 ,23.25 ,23.3 ,23.44 ,23.41 ,23.41 ,23.36 ,23.39 ,23.38 ,23.3 ,23.25 ,23.46 ,23.44 ,23.48 ,23.47 ,23.35 ,23.35 ,23.36 ,23.33 ,23.38 ,23.42 ,23.27 ,23.37 ,23.36 ,23.33 ,23.33 ,23.43 ,23.39 ,23.34 ,23.32 ,23.36 ,23.31 ,23.12 ,23.14 ,23.23 ,23.15 ,23.19 ,23.19 ,23.21 ,23.18 ,23.22 ,23.2 ,23.1 ,23.21 ,23.21 ,23.1 ,23.14 ,23.18 ,23.21 ,23.16 ,23.11 ,23.13 ,23.19 ,23.16 ,23.07 ,23.2 ,23.17 ,23.15 ,23.15 ,23.08 ,23.06 ,
177,23.19 ,23.07 ,23.04 ,23.08 ,23.01 ,23.08 ,23.11 ,23.07 ,23.12 ,23.13 ,23.12 ,23.17 ,23.32 ,23.4 ,23.46 ,23.47 ,23.46 ,23.44 ,23.51 ,23.39 ,23.4 ,23.44 ,23.44 ,23.27 ,23.29 ,23.42 ,23.4 ,23.4 ,23.37 ,23.42 ,23.43 ,23.26 ,23.32 ,23.45 ,23.5 ,23.55 ,23.52 ,23.53 ,23.59 ,23.48 ,23.55 ,23.64 ,23.61 ,23.52 ,23.57 ,23.65 ,23.68 ,23.66 ,23.65 ,23.67 ,23.61 ,23.58 ,23.65 ,23.64 ,23.63 ,23.72 ,23.57 ,23.53 ,23.63 ,23.6 ,23.59 ,23.63 ,23.67 ,23.62 ,23.71 ,23.57 ,23.63 ,23.67 ,23.66 ,23.55 ,23.48 ,23.55 ,23.66 ,23.65 ,23.63 ,23.69 ,23.69 ,23.67 ,23.63 ,23.59 ,23.67 ,23.64 ,23.61 ,23.53 ,23.48 ,23.6 ,23.62 ,23.65 ,23.69 ,23.61 ,23.62 ,23.67 ,23.6 ,23.68 ,23.71 ,23.78 ,23.7 ,23.62 ,23.65 ,23.72 ,23.71 ,23.7 ,23.76 ,23.71 ,23.74 ,23.73 ,23.72 ,23.73 ,23.72 ,23.69 ,23.66 ,23.74 ,23.72 ,23.7 ,23.7 ,23.69 ,23.7 ,23.66 ,23.75 ,23.78 ,23.74 ,23.69 ,23.69 ,23.82 ,23.8 ,23.73 ,23.74 ,23.68 ,23.7 ,23.67 ,23.74 ,23.81 ,23.77 ,23.73 ,23.76 ,23.77 ,23.86 ,23.79 ,23.82 ,23.82 ,23.84 ,23.84 ,23.79 ,23.81 ,23.74 ,23.75 ,23.84 ,23.85 ,23.83 ,23.85 ,23.86 ,23.79 ,23.81 ,23.86 ,23.81 ,23.71 ,23.77 ,23.71 ,23.77 ,23.8 ,23.87 ,23.83 ,23.69 ,23.65 ,23.73 ,23.8 ,23.86 ,23.85 ,23.74 ,23.75 ,23.76 ,23.69 ,23.67 ,23.73 ,23.79 ,23.68 ,23.63 ,23.59 ,23.68 ,23.75 ,23.7 ,23.73 ,23.69 ,23.67 ,23.68 ,23.75 ,23.76 ,23.66 ,23.65 ,23.7 ,23.77 ,23.79 ,23.73 ,23.77 ,23.73 ,23.78 ,23.81 ,23.83 ,23.89 ,23.76 ,23.82 ,23.88 ,23.82 ,23.81 ,23.88 ,23.89 ,23.87 ,23.88 ,23.9 ,23.86 ,23.82 ,23.86 ,23.86 ,23.76 ,23.76 ,23.78 ,23.78 ,23.76 ,23.72 ,23.79 ,23.87 ,23.83 ,23.78 ,23.84 ,23.84 ,23.79 ,23.8 ,23.81 ,23.82 ,23.83 ,23.69 ,23.6 ,23.6 ,23.62 ,23.56 ,23.58 ,23.63 ,23.58 ,23.57 ,23.57 ,23.38 ,23.41 ,23.52 ,23.58 ,23.6 ,23.5 ,23.43 ,23.46 ,23.54 ,23.63 ,23.66 ,23.57 ,23.56 ,23.58 ,23.63 ,23.67 ,23.62 ,23.62 ,23.54 ,23.56 ,23.63 ,23.68 ,23.65 ,23.66 ,23.68 ,23.66 ,23.59 ,23.61 ,23.6 ,23.63 ,23.64 ,23.62 ,23.6 ,23.63 ,23.68 ,23.66 ,23.61 ,23.68 ,23.65 ,23.62 ,23.73 ,23.67 ,23.64 ,23.61 ,23.59 ,23.55 ,23.61 ,23.59 ,23.64 ,23.71 ,23.68 ,23.59 ,23.58 ,23.71 ,23.69 ,23.61 ,23.64 ,23.67 ,23.62 ,23.63 ,23.69 ,23.67 ,23.69 ,23.59 ,23.5 ,23.58 ,23.56 ,23.63 ,23.66 ,23.58 ,23.58 ,23.64 ,23.58 ,23.48 ,23.44 ,23.39 ,23.39 ,23.39 ,23.42 ,23.44 ,23.43 ,23.52 ,23.58 ,23.61 ,23.75 ,23.71 ,23.65 ,23.66 ,23.62 ,23.6 ,23.62 ,23.63 ,23.59 ,23.59 ,23.61 ,23.56 ,23.61 ,23.67 ,23.67 ,23.68 ,23.71 ,23.71 ,23.68 ,23.78 ,23.87 ,23.86 ,23.86 ,23.82 ,23.8 ,23.82 ,23.79 ,23.83 ,23.87 ,23.88 ,23.87 ,23.89 ,23.82 ,23.83 ,23.78 ,23.78 ,23.84 ,23.83 ,23.86 ,23.84 ,23.83 ,23.85 ,23.83 ,23.94 ,23.84 ,23.79 ,23.88 ,23.8 ,23.77 ,23.9 ,23.82 ,23.81 ,23.79 ,23.67 ,23.69 ,23.6 ,23.56 ,23.57 ,23.63 ,23.66 ,23.6 ,23.64 ,23.65 ,23.66 ,23.75 ,23.72 ,23.68 ,23.65 ,23.72 ,23.74 ,23.75 ,23.74 ,23.73 ,23.77 ,23.8 ,23.74 ,23.81 ,23.95 ,23.95 ,23.86 ,23.82 ,23.78 ,23.76 ,23.82 ,23.82 ,23.71 ,23.74 ,23.84 ,24.01 ,24.11 ,24.1 ,24.11 ,24.09 ,24.07 ,24.14 ,24.16 ,24.14 ,24.09 ,24.11 ,24.05 ,24.03 ,24.12 ,24.07 ,24.05 ,24.17 ,24.22 ,24.24 ,24.09 ,24.07 ,24.01 ,24.04 ,24.09 ,24.17 ,24.18 ,24.13 ,24.07 ,24.02 ,24.1 ,24.14 ,24.07 ,24.04 ,24.2 ,24.18 ,24.06 ,24.04 ,24.15 ,24.1 ,24.12 ,24.07 ,23.99 ,24.06 ,24.06 ,23.99 ,24.04 ,24.05 ,23.99 ,23.97 ,24 ,24.06 ,24.04 ,24.04 ,24.03 ,24.14 ,24.09 ,23.98 ,24.03 ,24.04 ,24.13 ,24.2 ,24.11 ,24.09 ,24.12 ,24.08 ,23.95 ,23.79 ,23.73 ,23.66 ,23.7 ,23.71 ,23.74 ,23.71 ,23.66 ,23.7 ,23.69 ,23.73 ,23.68 ,23.6 ,23.59 ,23.6 ,23.58 ,23.49 ,23.59 ,23.62 ,23.65 ,23.65 ,23.76 ,23.82 ,23.84 ,23.79 ,23.86 ,23.78 ,23.76 ,23.71 ,23.76 ,23.86 ,23.81 ,23.71 ,23.7 ,23.78 ,23.89 ,23.81 ,23.73 ,23.76 ,23.78 ,23.78 ,23.76 ,23.73 ,23.75 ,23.73 ,23.81 ,23.83 ,23.79 ,23.75 ,23.79 ,23.85 ,23.72 ,23.69 ,23.72 ,23.74 ,23.74 ,23.72 ,23.8 ,23.87 ,23.76 ,23.73 ,23.69 ,23.66 ,23.78 ,23.74 ,23.72 ,23.72 ,23.66 ,23.59 ,23.63 ,23.54 ,23.37 ,23.35 ,23.5 ,23.61 ,23.66 ,23.55 ,23.62 ,23.62 ,23.52 ,23.46 ,23.53 ,23.43 ,23.44 ,23.38 ,23.35 ,23.35 ,23.28 ,23.31 ,23.42 ,23.42 ,23.41 ,23.35 ,23.35 ,23.35 ,23.36 ,23.42 ,23.42 ,23.27 ,23.26 ,23.4 ,23.41 ,23.29 ,23.29 ,23.4 ,23.42 ,23.38 ,23.42 ,23.41 ,23.34 ,23.29 ,23.29 ,23.31 ,23.28 ,23.29 ,23.43 ,23.38 ,23.34 ,23.35 ,23.3 ,23.38 ,23.44 ,23.34 ,23.35 ,23.42 ,23.3 ,23.28 ,23.35 ,23.35 ,23.24 ,23.4 ,23.4 ,23.3 ,23.12 ,23.06 ,23.14 ,23.1 ,23.08 ,23.13 ,23.17 ,23.22 ,23.29 ,23.25 ,23.13 ,23.16 ,23.23 ,23.11 ,23.09 ,23.19 ,23.19 ,23.13 ,23.08 ,23.1 ,23.15 ,23.13 ,23.16 ,23.18 ,23.17 ,23.16 ,23.19 ,23.13 ,23.08 ,
178,23.17 ,23.03 ,23.1 ,23.13 ,23.05 ,23.1 ,23.2 ,23.21 ,23.17 ,23.22 ,23.23 ,23.25 ,23.35 ,23.47 ,23.45 ,23.5 ,23.45 ,23.45 ,23.43 ,23.38 ,23.38 ,23.47 ,23.46 ,23.31 ,23.31 ,23.51 ,23.51 ,23.4 ,23.46 ,23.38 ,23.4 ,23.34 ,23.36 ,23.43 ,23.44 ,23.45 ,23.49 ,23.61 ,23.57 ,23.45 ,23.54 ,23.64 ,23.61 ,23.49 ,23.63 ,23.65 ,23.6 ,23.67 ,23.69 ,23.65 ,23.62 ,23.56 ,23.58 ,23.6 ,23.65 ,23.78 ,23.71 ,23.65 ,23.61 ,23.57 ,23.59 ,23.68 ,23.69 ,23.59 ,23.69 ,23.66 ,23.61 ,23.58 ,23.52 ,23.56 ,23.51 ,23.57 ,23.61 ,23.65 ,23.67 ,23.66 ,23.68 ,23.65 ,23.6 ,23.61 ,23.67 ,23.7 ,23.63 ,23.64 ,23.56 ,23.56 ,23.67 ,23.72 ,23.72 ,23.65 ,23.71 ,23.71 ,23.63 ,23.7 ,23.68 ,23.76 ,23.74 ,23.67 ,23.71 ,23.7 ,23.71 ,23.75 ,23.77 ,23.77 ,23.78 ,23.76 ,23.64 ,23.63 ,23.66 ,23.65 ,23.69 ,23.77 ,23.72 ,23.69 ,23.67 ,23.76 ,23.73 ,23.7 ,23.7 ,23.76 ,23.7 ,23.69 ,23.75 ,23.84 ,23.83 ,23.77 ,23.68 ,23.64 ,23.67 ,23.7 ,23.79 ,23.81 ,23.78 ,23.78 ,23.75 ,23.8 ,23.79 ,23.83 ,23.85 ,23.88 ,23.81 ,23.79 ,23.77 ,23.77 ,23.83 ,23.79 ,23.86 ,23.89 ,23.78 ,23.83 ,23.86 ,23.81 ,23.84 ,23.83 ,23.78 ,23.74 ,23.71 ,23.73 ,23.75 ,23.81 ,23.83 ,23.81 ,23.8 ,23.72 ,23.7 ,23.79 ,23.81 ,23.81 ,23.71 ,23.73 ,23.74 ,23.7 ,23.6 ,23.65 ,23.73 ,23.65 ,23.6 ,23.58 ,23.69 ,23.73 ,23.72 ,23.81 ,23.74 ,23.67 ,23.68 ,23.77 ,23.88 ,23.76 ,23.69 ,23.77 ,23.79 ,23.77 ,23.76 ,23.8 ,23.74 ,23.75 ,23.79 ,23.84 ,23.81 ,23.74 ,23.66 ,23.8 ,23.84 ,23.8 ,23.86 ,23.95 ,23.88 ,23.85 ,23.83 ,23.85 ,23.79 ,23.79 ,23.86 ,23.73 ,23.77 ,23.83 ,23.83 ,23.91 ,23.9 ,23.86 ,23.93 ,23.9 ,23.83 ,23.83 ,23.89 ,23.86 ,23.83 ,23.83 ,23.78 ,23.8 ,23.77 ,23.74 ,23.65 ,23.61 ,23.57 ,23.62 ,23.66 ,23.59 ,23.57 ,23.56 ,23.4 ,23.41 ,23.56 ,23.61 ,23.7 ,23.58 ,23.39 ,23.5 ,23.57 ,23.6 ,23.7 ,23.58 ,23.61 ,23.61 ,23.63 ,23.68 ,23.72 ,23.68 ,23.56 ,23.55 ,23.64 ,23.7 ,23.64 ,23.67 ,23.71 ,23.67 ,23.66 ,23.7 ,23.66 ,23.62 ,23.57 ,23.61 ,23.66 ,23.65 ,23.66 ,23.7 ,23.65 ,23.59 ,23.63 ,23.61 ,23.67 ,23.67 ,23.65 ,23.66 ,23.63 ,23.59 ,23.6 ,23.58 ,23.64 ,23.7 ,23.67 ,23.61 ,23.61 ,23.67 ,23.69 ,23.69 ,23.67 ,23.62 ,23.6 ,23.61 ,23.65 ,23.69 ,23.65 ,23.65 ,23.56 ,23.59 ,23.6 ,23.66 ,23.67 ,23.6 ,23.61 ,23.61 ,23.64 ,23.51 ,23.55 ,23.52 ,23.41 ,23.39 ,23.39 ,23.46 ,23.48 ,23.56 ,23.59 ,23.62 ,23.68 ,23.68 ,23.65 ,23.62 ,23.54 ,23.57 ,23.66 ,23.65 ,23.64 ,23.63 ,23.68 ,23.61 ,23.6 ,23.66 ,23.67 ,23.62 ,23.66 ,23.69 ,23.74 ,23.75 ,23.87 ,23.86 ,23.89 ,23.92 ,23.88 ,23.85 ,23.85 ,23.77 ,23.85 ,23.84 ,23.85 ,23.9 ,23.79 ,23.83 ,23.83 ,23.78 ,23.78 ,23.85 ,23.89 ,23.87 ,23.92 ,23.89 ,23.79 ,23.9 ,23.98 ,23.91 ,23.87 ,23.76 ,23.82 ,23.84 ,23.82 ,23.8 ,23.81 ,23.77 ,23.78 ,23.72 ,23.66 ,23.69 ,23.72 ,23.73 ,23.73 ,23.77 ,23.73 ,23.75 ,23.82 ,23.8 ,23.8 ,23.73 ,23.8 ,23.86 ,23.82 ,23.87 ,23.84 ,23.8 ,23.82 ,23.8 ,23.81 ,23.91 ,23.96 ,23.9 ,23.8 ,23.84 ,23.82 ,23.8 ,23.88 ,23.76 ,23.79 ,23.85 ,24.03 ,24.14 ,24.13 ,24.13 ,24.13 ,24.09 ,24.09 ,24.16 ,24.09 ,24.13 ,24.13 ,24.03 ,24.01 ,24.05 ,24.07 ,24.04 ,24.11 ,24.18 ,24.27 ,24.17 ,24.11 ,24.05 ,24.02 ,24.07 ,24.07 ,24.16 ,24.13 ,24.09 ,24.03 ,24.08 ,24.15 ,24.1 ,24.07 ,24.14 ,24.12 ,23.98 ,24.01 ,24.13 ,24.14 ,24.11 ,24.09 ,24.06 ,24.02 ,24.07 ,23.98 ,24.03 ,24.05 ,24.03 ,24 ,24 ,24.05 ,24.06 ,23.99 ,24.02 ,24.08 ,24.06 ,23.98 ,24.04 ,23.93 ,24.05 ,24.16 ,24.11 ,24.03 ,24.01 ,24.03 ,23.98 ,23.77 ,23.66 ,23.64 ,23.74 ,23.73 ,23.75 ,23.65 ,23.62 ,23.61 ,23.56 ,23.64 ,23.62 ,23.58 ,23.51 ,23.58 ,23.68 ,23.59 ,23.58 ,23.58 ,23.68 ,23.69 ,23.68 ,23.73 ,23.7 ,23.63 ,23.72 ,23.75 ,23.77 ,23.74 ,23.75 ,23.8 ,23.78 ,23.79 ,23.77 ,23.74 ,23.72 ,23.78 ,23.81 ,23.79 ,23.71 ,23.73 ,23.79 ,23.8 ,23.77 ,23.77 ,23.83 ,23.84 ,23.76 ,23.78 ,23.8 ,23.81 ,23.67 ,23.59 ,23.71 ,23.74 ,23.78 ,23.77 ,23.8 ,23.83 ,23.76 ,23.75 ,23.71 ,23.65 ,23.75 ,23.76 ,23.79 ,23.83 ,23.71 ,23.56 ,23.57 ,23.54 ,23.48 ,23.5 ,23.57 ,23.62 ,23.63 ,23.62 ,23.67 ,23.71 ,23.59 ,23.5 ,23.49 ,23.42 ,23.38 ,23.37 ,23.35 ,23.36 ,23.25 ,23.38 ,23.38 ,23.42 ,23.44 ,23.35 ,23.34 ,23.35 ,23.37 ,23.47 ,23.42 ,23.35 ,23.28 ,23.4 ,23.39 ,23.33 ,23.33 ,23.32 ,23.35 ,23.37 ,23.35 ,23.36 ,23.36 ,23.31 ,23.28 ,23.33 ,23.33 ,23.37 ,23.35 ,23.29 ,23.37 ,23.42 ,23.42 ,23.39 ,23.41 ,23.37 ,23.36 ,23.31 ,23.32 ,23.23 ,23.29 ,23.34 ,23.26 ,23.27 ,23.35 ,23.3 ,23.18 ,23.17 ,23.27 ,23.21 ,23.17 ,23.12 ,23.11 ,23.18 ,23.23 ,23.15 ,23.21 ,23.24 ,23.24 ,23.19 ,23.14 ,23.13 ,23.14 ,23.1 ,23.13 ,23.03 ,22.98 ,23.08 ,23.2 ,23.21 ,23.18 ,23.22 ,23.17 ,23.24 ,23.2 ,
179,23.13 ,23.01 ,23.01 ,23.12 ,23.11 ,23.16 ,23.22 ,23.2 ,23.21 ,23.23 ,23.32 ,23.47 ,23.48 ,23.38 ,23.48 ,23.4 ,23.43 ,23.47 ,23.41 ,23.36 ,23.38 ,23.47 ,23.42 ,23.29 ,23.31 ,23.45 ,23.51 ,23.41 ,23.37 ,23.4 ,23.37 ,23.34 ,23.44 ,23.5 ,23.58 ,23.54 ,23.49 ,23.58 ,23.6 ,23.59 ,23.57 ,23.59 ,23.61 ,23.51 ,23.58 ,23.66 ,23.54 ,23.59 ,23.72 ,23.69 ,23.53 ,23.48 ,23.6 ,23.63 ,23.62 ,23.68 ,23.64 ,23.64 ,23.65 ,23.66 ,23.61 ,23.63 ,23.63 ,23.55 ,23.65 ,23.64 ,23.58 ,23.5 ,23.47 ,23.54 ,23.58 ,23.51 ,23.61 ,23.6 ,23.63 ,23.66 ,23.67 ,23.67 ,23.53 ,23.54 ,23.57 ,23.56 ,23.59 ,23.61 ,23.61 ,23.59 ,23.63 ,23.73 ,23.63 ,23.6 ,23.62 ,23.71 ,23.72 ,23.74 ,23.68 ,23.67 ,23.69 ,23.7 ,23.74 ,23.73 ,23.62 ,23.68 ,23.72 ,23.78 ,23.81 ,23.72 ,23.68 ,23.63 ,23.68 ,23.67 ,23.58 ,23.67 ,23.78 ,23.72 ,23.63 ,23.66 ,23.74 ,23.7 ,23.71 ,23.77 ,23.75 ,23.68 ,23.77 ,23.79 ,23.8 ,23.81 ,23.78 ,23.73 ,23.67 ,23.64 ,23.69 ,23.78 ,23.74 ,23.81 ,23.79 ,23.71 ,23.68 ,23.74 ,23.87 ,23.87 ,23.8 ,23.74 ,23.69 ,23.75 ,23.8 ,23.72 ,23.82 ,23.81 ,23.81 ,23.81 ,23.84 ,23.73 ,23.8 ,23.81 ,23.77 ,23.77 ,23.74 ,23.76 ,23.79 ,23.87 ,23.86 ,23.84 ,23.78 ,23.74 ,23.76 ,23.76 ,23.77 ,23.74 ,23.68 ,23.74 ,23.76 ,23.67 ,23.62 ,23.67 ,23.69 ,23.7 ,23.64 ,23.63 ,23.66 ,23.65 ,23.72 ,23.76 ,23.8 ,23.71 ,23.74 ,23.77 ,23.9 ,23.84 ,23.8 ,23.8 ,23.86 ,23.81 ,23.78 ,23.76 ,23.74 ,23.79 ,23.72 ,23.78 ,23.68 ,23.61 ,23.64 ,23.76 ,23.82 ,23.77 ,23.8 ,23.84 ,23.79 ,23.77 ,23.8 ,23.88 ,23.79 ,23.68 ,23.75 ,23.71 ,23.74 ,23.83 ,23.8 ,23.84 ,23.88 ,23.84 ,23.9 ,23.89 ,23.8 ,23.81 ,23.88 ,23.9 ,23.87 ,23.85 ,23.79 ,23.75 ,23.72 ,23.71 ,23.7 ,23.61 ,23.61 ,23.62 ,23.67 ,23.62 ,23.6 ,23.54 ,23.42 ,23.41 ,23.56 ,23.56 ,23.61 ,23.52 ,23.4 ,23.47 ,23.55 ,23.61 ,23.67 ,23.59 ,23.6 ,23.64 ,23.64 ,23.67 ,23.68 ,23.7 ,23.64 ,23.66 ,23.67 ,23.61 ,23.67 ,23.66 ,23.7 ,23.72 ,23.67 ,23.73 ,23.66 ,23.64 ,23.61 ,23.62 ,23.66 ,23.65 ,23.59 ,23.61 ,23.67 ,23.63 ,23.56 ,23.67 ,23.62 ,23.63 ,23.67 ,23.69 ,23.7 ,23.71 ,23.69 ,23.7 ,23.61 ,23.64 ,23.6 ,23.59 ,23.6 ,23.63 ,23.67 ,23.73 ,23.71 ,23.62 ,23.58 ,23.58 ,23.61 ,23.62 ,23.59 ,23.54 ,23.63 ,23.73 ,23.65 ,23.69 ,23.63 ,23.62 ,23.67 ,23.68 ,23.63 ,23.55 ,23.57 ,23.61 ,23.44 ,23.44 ,23.4 ,23.42 ,23.54 ,23.59 ,23.63 ,23.69 ,23.73 ,23.61 ,23.59 ,23.66 ,23.56 ,23.56 ,23.68 ,23.67 ,23.63 ,23.67 ,23.7 ,23.61 ,23.65 ,23.7 ,23.68 ,23.65 ,23.65 ,23.63 ,23.73 ,23.77 ,23.9 ,23.85 ,23.88 ,23.88 ,23.93 ,23.93 ,23.92 ,23.85 ,23.84 ,23.85 ,23.8 ,23.8 ,23.82 ,23.89 ,23.82 ,23.76 ,23.8 ,23.86 ,23.86 ,23.84 ,23.86 ,23.79 ,23.74 ,23.8 ,23.86 ,23.84 ,23.9 ,23.83 ,23.9 ,23.86 ,23.81 ,23.84 ,23.81 ,23.81 ,23.89 ,23.83 ,23.82 ,23.87 ,23.84 ,23.86 ,23.8 ,23.84 ,23.78 ,23.78 ,23.8 ,23.75 ,23.73 ,23.84 ,23.87 ,23.9 ,23.82 ,23.85 ,23.81 ,23.83 ,23.83 ,23.84 ,23.8 ,23.8 ,23.87 ,23.92 ,23.8 ,23.77 ,23.82 ,23.82 ,23.85 ,23.8 ,23.87 ,23.89 ,24.04 ,24.14 ,24.17 ,24.12 ,24.08 ,24.1 ,24.07 ,24.19 ,24.14 ,24.1 ,24.17 ,24.03 ,24 ,24.09 ,24.09 ,24.05 ,24.11 ,24.16 ,24.16 ,24.16 ,24.01 ,24.08 ,24.06 ,24.09 ,24.05 ,24.19 ,24.15 ,24.1 ,24.08 ,24.11 ,24.15 ,24.05 ,24 ,24.05 ,24.06 ,24.02 ,23.96 ,24.06 ,24.11 ,24.08 ,24.06 ,24.07 ,24.01 ,24.09 ,24.07 ,24.06 ,24.12 ,24.08 ,24.06 ,24.06 ,24.07 ,24.05 ,24.02 ,24.03 ,24.07 ,24.03 ,23.99 ,24 ,23.95 ,23.98 ,24.06 ,24.06 ,24 ,24 ,23.95 ,24.02 ,23.93 ,23.76 ,23.64 ,23.7 ,23.61 ,23.65 ,23.63 ,23.59 ,23.58 ,23.52 ,23.58 ,23.6 ,23.57 ,23.6 ,23.55 ,23.62 ,23.62 ,23.55 ,23.57 ,23.66 ,23.61 ,23.67 ,23.65 ,23.69 ,23.6 ,23.59 ,23.67 ,23.78 ,23.63 ,23.72 ,23.76 ,23.79 ,23.83 ,23.77 ,23.62 ,23.67 ,23.74 ,23.77 ,23.82 ,23.73 ,23.78 ,23.84 ,23.75 ,23.83 ,23.77 ,23.8 ,23.8 ,23.71 ,23.7 ,23.84 ,23.81 ,23.69 ,23.62 ,23.7 ,23.8 ,23.77 ,23.71 ,23.71 ,23.74 ,23.69 ,23.71 ,23.69 ,23.67 ,23.63 ,23.63 ,23.74 ,23.81 ,23.68 ,23.61 ,23.54 ,23.62 ,23.55 ,23.58 ,23.61 ,23.61 ,23.59 ,23.58 ,23.65 ,23.72 ,23.59 ,23.42 ,23.47 ,23.4 ,23.38 ,23.34 ,23.34 ,23.34 ,23.28 ,23.37 ,23.41 ,23.42 ,23.45 ,23.47 ,23.33 ,23.4 ,23.44 ,23.45 ,23.44 ,23.34 ,23.31 ,23.41 ,23.47 ,23.36 ,23.39 ,23.33 ,23.37 ,23.45 ,23.39 ,23.34 ,23.36 ,23.35 ,23.29 ,23.37 ,23.43 ,23.45 ,23.38 ,23.37 ,23.39 ,23.36 ,23.45 ,23.38 ,23.35 ,23.43 ,23.46 ,23.33 ,23.31 ,23.32 ,23.21 ,23.32 ,23.3 ,23.26 ,23.24 ,23.23 ,23.22 ,23.23 ,23.29 ,23.13 ,23.2 ,23.26 ,23.09 ,23.06 ,23.13 ,23.14 ,23.21 ,23.26 ,23.18 ,23.14 ,23.2 ,23.13 ,23.11 ,23.09 ,23.1 ,23.1 ,23.08 ,23.06 ,23.1 ,23.03 ,23.11 ,23.26 ,23.23 ,23.16 ,23.19 ,
180,23.12 ,22.97 ,23.04 ,23.1 ,23.17 ,23.24 ,23.3 ,23.18 ,23.26 ,23.31 ,23.38 ,23.49 ,23.49 ,23.4 ,23.45 ,23.43 ,23.35 ,23.38 ,23.39 ,23.4 ,23.34 ,23.34 ,23.36 ,23.29 ,23.39 ,23.42 ,23.51 ,23.49 ,23.43 ,23.42 ,23.46 ,23.31 ,23.29 ,23.45 ,23.56 ,23.58 ,23.45 ,23.57 ,23.62 ,23.58 ,23.56 ,23.58 ,23.55 ,23.56 ,23.55 ,23.61 ,23.58 ,23.56 ,23.68 ,23.66 ,23.57 ,23.51 ,23.56 ,23.6 ,23.63 ,23.58 ,23.54 ,23.58 ,23.63 ,23.65 ,23.67 ,23.71 ,23.67 ,23.59 ,23.65 ,23.58 ,23.65 ,23.61 ,23.53 ,23.65 ,23.66 ,23.53 ,23.64 ,23.64 ,23.66 ,23.58 ,23.58 ,23.61 ,23.67 ,23.55 ,23.62 ,23.61 ,23.54 ,23.52 ,23.59 ,23.64 ,23.65 ,23.71 ,23.65 ,23.54 ,23.62 ,23.65 ,23.72 ,23.78 ,23.76 ,23.68 ,23.65 ,23.67 ,23.61 ,23.69 ,23.7 ,23.72 ,23.7 ,23.68 ,23.77 ,23.74 ,23.76 ,23.73 ,23.74 ,23.7 ,23.61 ,23.67 ,23.74 ,23.69 ,23.66 ,23.62 ,23.7 ,23.77 ,23.72 ,23.76 ,23.79 ,23.75 ,23.79 ,23.83 ,23.84 ,23.76 ,23.74 ,23.79 ,23.75 ,23.68 ,23.67 ,23.8 ,23.72 ,23.77 ,23.77 ,23.75 ,23.72 ,23.71 ,23.74 ,23.79 ,23.82 ,23.81 ,23.72 ,23.76 ,23.86 ,23.8 ,23.8 ,23.75 ,23.75 ,23.77 ,23.73 ,23.75 ,23.76 ,23.8 ,23.71 ,23.77 ,23.7 ,23.65 ,23.78 ,23.77 ,23.81 ,23.82 ,23.8 ,23.78 ,23.77 ,23.79 ,23.75 ,23.74 ,23.67 ,23.72 ,23.74 ,23.67 ,23.62 ,23.74 ,23.75 ,23.69 ,23.68 ,23.73 ,23.68 ,23.66 ,23.73 ,23.78 ,23.75 ,23.75 ,23.75 ,23.73 ,23.81 ,23.82 ,23.84 ,23.83 ,23.8 ,23.81 ,23.76 ,23.73 ,23.72 ,23.66 ,23.67 ,23.74 ,23.76 ,23.67 ,23.62 ,23.75 ,23.76 ,23.71 ,23.75 ,23.75 ,23.8 ,23.7 ,23.75 ,23.81 ,23.76 ,23.74 ,23.76 ,23.71 ,23.66 ,23.77 ,23.85 ,23.82 ,23.85 ,23.84 ,23.84 ,23.86 ,23.85 ,23.8 ,23.87 ,23.84 ,23.81 ,23.87 ,23.77 ,23.75 ,23.62 ,23.62 ,23.66 ,23.67 ,23.65 ,23.71 ,23.64 ,23.57 ,23.57 ,23.45 ,23.34 ,23.47 ,23.58 ,23.57 ,23.6 ,23.5 ,23.37 ,23.46 ,23.48 ,23.63 ,23.69 ,23.55 ,23.58 ,23.64 ,23.68 ,23.62 ,23.59 ,23.64 ,23.64 ,23.64 ,23.61 ,23.62 ,23.65 ,23.71 ,23.69 ,23.67 ,23.65 ,23.71 ,23.67 ,23.61 ,23.6 ,23.65 ,23.67 ,23.69 ,23.65 ,23.63 ,23.64 ,23.69 ,23.65 ,23.63 ,23.71 ,23.62 ,23.64 ,23.64 ,23.68 ,23.68 ,23.64 ,23.7 ,23.62 ,23.67 ,23.61 ,23.52 ,23.59 ,23.65 ,23.63 ,23.71 ,23.72 ,23.65 ,23.59 ,23.57 ,23.63 ,23.57 ,23.59 ,23.57 ,23.58 ,23.67 ,23.69 ,23.67 ,23.7 ,23.65 ,23.67 ,23.7 ,23.64 ,23.62 ,23.62 ,23.62 ,23.52 ,23.46 ,23.49 ,23.46 ,23.56 ,23.62 ,23.64 ,23.66 ,23.66 ,23.63 ,23.61 ,23.64 ,23.55 ,23.44 ,23.51 ,23.56 ,23.53 ,23.56 ,23.69 ,23.64 ,23.61 ,23.66 ,23.69 ,23.64 ,23.6 ,23.62 ,23.68 ,23.76 ,23.85 ,23.85 ,23.86 ,23.86 ,23.85 ,23.89 ,23.91 ,23.86 ,23.86 ,23.86 ,23.81 ,23.79 ,23.81 ,23.81 ,23.89 ,23.81 ,23.81 ,23.83 ,23.85 ,23.83 ,23.82 ,23.78 ,23.8 ,23.83 ,23.78 ,23.85 ,23.86 ,23.86 ,23.87 ,23.81 ,23.78 ,23.81 ,23.81 ,23.74 ,23.82 ,23.91 ,23.91 ,23.85 ,23.84 ,23.89 ,23.87 ,23.92 ,23.88 ,23.85 ,23.84 ,23.8 ,23.79 ,23.87 ,23.89 ,23.87 ,23.88 ,23.81 ,23.82 ,23.83 ,23.8 ,23.79 ,23.84 ,23.76 ,23.81 ,23.86 ,23.84 ,23.8 ,23.73 ,23.8 ,23.83 ,23.8 ,23.85 ,23.89 ,24.01 ,24.14 ,24.14 ,24.16 ,24.12 ,24.14 ,24.12 ,24.18 ,24.12 ,24.16 ,24.14 ,24.13 ,24.07 ,24.19 ,24.12 ,24.04 ,24.16 ,24.2 ,24.17 ,24.15 ,24.05 ,24.16 ,24.12 ,24.14 ,24.09 ,24.16 ,24.16 ,24.08 ,24.03 ,24.11 ,24.12 ,24.08 ,24.04 ,24.07 ,24.12 ,24.1 ,24.03 ,24.06 ,24.08 ,24.1 ,24.08 ,24.09 ,24.02 ,24.11 ,24.06 ,23.96 ,24.07 ,24.06 ,24 ,24.13 ,24.1 ,24.05 ,24.01 ,24.07 ,24.09 ,24.05 ,24.05 ,24.05 ,24.02 ,24.07 ,24.11 ,24.05 ,23.95 ,24.07 ,24.05 ,24 ,23.83 ,23.75 ,23.72 ,23.73 ,23.55 ,23.65 ,23.62 ,23.56 ,23.57 ,23.54 ,23.56 ,23.59 ,23.56 ,23.64 ,23.63 ,23.6 ,23.52 ,23.51 ,23.54 ,23.66 ,23.6 ,23.58 ,23.54 ,23.62 ,23.7 ,23.63 ,23.68 ,23.75 ,23.62 ,23.71 ,23.78 ,23.76 ,23.76 ,23.67 ,23.68 ,23.72 ,23.8 ,23.84 ,23.76 ,23.7 ,23.7 ,23.78 ,23.74 ,23.78 ,23.77 ,23.78 ,23.76 ,23.75 ,23.76 ,23.76 ,23.79 ,23.76 ,23.69 ,23.77 ,23.81 ,23.81 ,23.75 ,23.75 ,23.79 ,23.8 ,23.74 ,23.71 ,23.74 ,23.7 ,23.65 ,23.71 ,23.7 ,23.55 ,23.52 ,23.56 ,23.59 ,23.55 ,23.52 ,23.57 ,23.57 ,23.5 ,23.62 ,23.74 ,23.77 ,23.65 ,23.48 ,23.42 ,23.44 ,23.45 ,23.39 ,23.28 ,23.34 ,23.25 ,23.24 ,23.31 ,23.4 ,23.47 ,23.5 ,23.43 ,23.47 ,23.43 ,23.44 ,23.43 ,23.37 ,23.31 ,23.39 ,23.47 ,23.38 ,23.45 ,23.39 ,23.35 ,23.38 ,23.44 ,23.4 ,23.37 ,23.31 ,23.28 ,23.31 ,23.4 ,23.38 ,23.4 ,23.41 ,23.4 ,23.36 ,23.34 ,23.38 ,23.4 ,23.44 ,23.48 ,23.45 ,23.36 ,23.24 ,23.21 ,23.28 ,23.24 ,23.35 ,23.34 ,23.22 ,23.16 ,23.17 ,23.22 ,23.09 ,23.18 ,23.22 ,23.07 ,23.04 ,23.14 ,23.1 ,23.22 ,23.2 ,23.13 ,23.2 ,23.23 ,23.23 ,23.14 ,23.06 ,23.11 ,23.11 ,23.16 ,23.18 ,23.17 ,23.04 ,23 ,23.14 ,23.15 ,23.21 ,23.16 ,
181,23.18 ,23 ,23.17 ,23.17 ,23.17 ,23.32 ,23.33 ,23.26 ,23.15 ,23.32 ,23.37 ,23.37 ,23.42 ,23.4 ,23.46 ,23.43 ,23.36 ,23.38 ,23.39 ,23.44 ,23.34 ,23.3 ,23.34 ,23.32 ,23.41 ,23.45 ,23.47 ,23.54 ,23.42 ,23.47 ,23.44 ,23.42 ,23.36 ,23.44 ,23.49 ,23.48 ,23.45 ,23.55 ,23.57 ,23.55 ,23.55 ,23.56 ,23.56 ,23.51 ,23.5 ,23.64 ,23.7 ,23.69 ,23.62 ,23.66 ,23.64 ,23.61 ,23.64 ,23.56 ,23.68 ,23.68 ,23.56 ,23.59 ,23.58 ,23.56 ,23.62 ,23.73 ,23.69 ,23.64 ,23.61 ,23.57 ,23.62 ,23.62 ,23.61 ,23.62 ,23.66 ,23.59 ,23.61 ,23.63 ,23.74 ,23.59 ,23.55 ,23.59 ,23.64 ,23.64 ,23.64 ,23.67 ,23.57 ,23.52 ,23.58 ,23.6 ,23.62 ,23.72 ,23.69 ,23.65 ,23.61 ,23.72 ,23.69 ,23.64 ,23.72 ,23.73 ,23.65 ,23.6 ,23.63 ,23.69 ,23.61 ,23.7 ,23.76 ,23.61 ,23.68 ,23.71 ,23.73 ,23.66 ,23.7 ,23.68 ,23.61 ,23.7 ,23.75 ,23.71 ,23.66 ,23.68 ,23.71 ,23.79 ,23.76 ,23.73 ,23.78 ,23.77 ,23.76 ,23.89 ,23.88 ,23.75 ,23.69 ,23.76 ,23.84 ,23.78 ,23.71 ,23.79 ,23.7 ,23.7 ,23.71 ,23.75 ,23.82 ,23.79 ,23.74 ,23.82 ,23.86 ,23.85 ,23.69 ,23.68 ,23.8 ,23.92 ,23.77 ,23.74 ,23.74 ,23.76 ,23.73 ,23.75 ,23.73 ,23.72 ,23.69 ,23.62 ,23.65 ,23.64 ,23.68 ,23.77 ,23.84 ,23.82 ,23.81 ,23.82 ,23.83 ,23.77 ,23.76 ,23.73 ,23.65 ,23.68 ,23.71 ,23.7 ,23.67 ,23.7 ,23.76 ,23.73 ,23.67 ,23.72 ,23.74 ,23.65 ,23.79 ,23.87 ,23.74 ,23.68 ,23.78 ,23.68 ,23.73 ,23.76 ,23.77 ,23.77 ,23.78 ,23.75 ,23.77 ,23.79 ,23.78 ,23.67 ,23.61 ,23.75 ,23.75 ,23.64 ,23.59 ,23.66 ,23.69 ,23.66 ,23.71 ,23.67 ,23.65 ,23.66 ,23.71 ,23.85 ,23.7 ,23.73 ,23.73 ,23.72 ,23.71 ,23.76 ,23.86 ,23.84 ,23.84 ,23.84 ,23.84 ,23.87 ,23.82 ,23.81 ,23.85 ,23.84 ,23.81 ,23.88 ,23.81 ,23.72 ,23.58 ,23.6 ,23.65 ,23.58 ,23.65 ,23.67 ,23.67 ,23.6 ,23.52 ,23.46 ,23.39 ,23.52 ,23.6 ,23.55 ,23.6 ,23.5 ,23.4 ,23.43 ,23.54 ,23.58 ,23.59 ,23.52 ,23.53 ,23.55 ,23.63 ,23.62 ,23.66 ,23.65 ,23.61 ,23.64 ,23.58 ,23.61 ,23.6 ,23.65 ,23.72 ,23.67 ,23.58 ,23.68 ,23.72 ,23.62 ,23.57 ,23.68 ,23.69 ,23.67 ,23.67 ,23.67 ,23.67 ,23.6 ,23.61 ,23.65 ,23.69 ,23.65 ,23.63 ,23.58 ,23.59 ,23.6 ,23.6 ,23.62 ,23.6 ,23.61 ,23.64 ,23.57 ,23.54 ,23.61 ,23.58 ,23.69 ,23.72 ,23.64 ,23.61 ,23.55 ,23.58 ,23.56 ,23.59 ,23.61 ,23.54 ,23.63 ,23.64 ,23.62 ,23.6 ,23.59 ,23.7 ,23.71 ,23.7 ,23.66 ,23.74 ,23.69 ,23.57 ,23.47 ,23.43 ,23.55 ,23.62 ,23.57 ,23.59 ,23.67 ,23.69 ,23.66 ,23.65 ,23.6 ,23.51 ,23.41 ,23.42 ,23.4 ,23.43 ,23.45 ,23.53 ,23.53 ,23.49 ,23.59 ,23.63 ,23.56 ,23.6 ,23.67 ,23.66 ,23.67 ,23.79 ,23.88 ,23.87 ,23.89 ,23.83 ,23.83 ,23.93 ,23.88 ,23.86 ,23.81 ,23.81 ,23.84 ,23.78 ,23.71 ,23.83 ,23.79 ,23.76 ,23.8 ,23.84 ,23.84 ,23.83 ,23.8 ,23.79 ,23.84 ,23.77 ,23.83 ,23.83 ,23.77 ,23.84 ,23.86 ,23.74 ,23.77 ,23.82 ,23.82 ,23.79 ,23.86 ,23.86 ,23.86 ,23.79 ,23.89 ,23.87 ,23.92 ,23.96 ,23.81 ,23.82 ,23.8 ,23.87 ,23.92 ,23.88 ,23.79 ,23.82 ,23.84 ,23.86 ,23.91 ,23.79 ,23.81 ,23.9 ,23.83 ,23.81 ,23.81 ,23.8 ,23.79 ,23.72 ,23.78 ,23.86 ,23.81 ,23.87 ,23.95 ,24.02 ,24.06 ,24.1 ,24.16 ,24.16 ,24.15 ,24.13 ,24.12 ,24.08 ,24.1 ,24.08 ,24.1 ,24.1 ,24.05 ,24.09 ,24.11 ,24.13 ,24.15 ,24.13 ,24.19 ,24.1 ,24.17 ,24.18 ,24.12 ,24.09 ,24.11 ,24.14 ,24.15 ,24.09 ,24.07 ,24.2 ,24.14 ,24.17 ,24.18 ,24.11 ,24.13 ,24.12 ,24.12 ,24.13 ,24.15 ,24.12 ,24.02 ,24.01 ,24.03 ,24.06 ,24.03 ,23.99 ,24.03 ,24.04 ,24.12 ,24.1 ,24.03 ,24 ,24.13 ,24.06 ,24.01 ,24.06 ,24.05 ,24.05 ,24.1 ,24.15 ,24.12 ,24.01 ,24.01 ,24.03 ,23.96 ,23.8 ,23.7 ,23.73 ,23.68 ,23.69 ,23.69 ,23.68 ,23.59 ,23.59 ,23.64 ,23.69 ,23.69 ,23.66 ,23.65 ,23.7 ,23.69 ,23.47 ,23.53 ,23.59 ,23.64 ,23.57 ,23.55 ,23.53 ,23.6 ,23.73 ,23.67 ,23.7 ,23.76 ,23.63 ,23.71 ,23.75 ,23.68 ,23.7 ,23.69 ,23.67 ,23.74 ,23.75 ,23.83 ,23.84 ,23.74 ,23.72 ,23.75 ,23.76 ,23.77 ,23.74 ,23.83 ,23.84 ,23.73 ,23.79 ,23.78 ,23.77 ,23.75 ,23.71 ,23.78 ,23.78 ,23.75 ,23.8 ,23.74 ,23.69 ,23.75 ,23.81 ,23.71 ,23.72 ,23.77 ,23.69 ,23.68 ,23.69 ,23.61 ,23.51 ,23.59 ,23.57 ,23.55 ,23.44 ,23.52 ,23.54 ,23.45 ,23.58 ,23.6 ,23.7 ,23.69 ,23.47 ,23.42 ,23.37 ,23.45 ,23.34 ,23.3 ,23.37 ,23.34 ,23.29 ,23.35 ,23.49 ,23.43 ,23.42 ,23.41 ,23.42 ,23.4 ,23.44 ,23.39 ,23.39 ,23.42 ,23.35 ,23.35 ,23.31 ,23.41 ,23.43 ,23.42 ,23.38 ,23.51 ,23.39 ,23.31 ,23.33 ,23.35 ,23.3 ,23.42 ,23.36 ,23.38 ,23.43 ,23.47 ,23.48 ,23.44 ,23.38 ,23.43 ,23.38 ,23.28 ,23.3 ,23.42 ,23.35 ,23.29 ,23.24 ,23.15 ,23.21 ,23.35 ,23.26 ,23.21 ,23.2 ,23.19 ,23.15 ,23.09 ,23.21 ,23.19 ,23.18 ,23.22 ,23.09 ,23.14 ,23.22 ,23.07 ,23.25 ,23.21 ,23.21 ,23.26 ,23.09 ,23.09 ,23.13 ,23.13 ,23.14 ,23.21 ,23.19 ,23.13 ,23.15 ,23.14 ,23.16 ,23.16 ,
182,23.19 ,23.08 ,23.26 ,23.23 ,23.18 ,23.35 ,23.38 ,23.35 ,23.34 ,23.34 ,23.28 ,23.32 ,23.44 ,23.43 ,23.44 ,23.44 ,23.39 ,23.41 ,23.46 ,23.42 ,23.35 ,23.35 ,23.37 ,23.36 ,23.33 ,23.4 ,23.45 ,23.41 ,23.34 ,23.43 ,23.5 ,23.37 ,23.41 ,23.43 ,23.49 ,23.54 ,23.54 ,23.54 ,23.5 ,23.46 ,23.51 ,23.64 ,23.56 ,23.55 ,23.62 ,23.64 ,23.65 ,23.71 ,23.63 ,23.72 ,23.6 ,23.5 ,23.6 ,23.6 ,23.56 ,23.69 ,23.6 ,23.57 ,23.62 ,23.62 ,23.56 ,23.6 ,23.61 ,23.58 ,23.61 ,23.61 ,23.66 ,23.68 ,23.72 ,23.73 ,23.63 ,23.64 ,23.63 ,23.6 ,23.72 ,23.67 ,23.59 ,23.57 ,23.59 ,23.52 ,23.62 ,23.58 ,23.6 ,23.57 ,23.56 ,23.6 ,23.64 ,23.75 ,23.71 ,23.58 ,23.63 ,23.64 ,23.64 ,23.57 ,23.62 ,23.75 ,23.69 ,23.6 ,23.68 ,23.73 ,23.67 ,23.75 ,23.72 ,23.61 ,23.64 ,23.65 ,23.6 ,23.55 ,23.65 ,23.65 ,23.57 ,23.66 ,23.71 ,23.74 ,23.64 ,23.66 ,23.72 ,23.67 ,23.76 ,23.73 ,23.78 ,23.67 ,23.73 ,23.82 ,23.86 ,23.72 ,23.71 ,23.71 ,23.77 ,23.74 ,23.68 ,23.73 ,23.66 ,23.72 ,23.72 ,23.65 ,23.82 ,23.85 ,23.74 ,23.77 ,23.79 ,23.76 ,23.71 ,23.67 ,23.77 ,23.77 ,23.73 ,23.67 ,23.71 ,23.79 ,23.77 ,23.7 ,23.74 ,23.73 ,23.69 ,23.69 ,23.74 ,23.7 ,23.7 ,23.76 ,23.76 ,23.74 ,23.72 ,23.77 ,23.76 ,23.78 ,23.74 ,23.78 ,23.71 ,23.69 ,23.77 ,23.77 ,23.68 ,23.69 ,23.77 ,23.74 ,23.69 ,23.65 ,23.72 ,23.74 ,23.72 ,23.78 ,23.74 ,23.62 ,23.7 ,23.7 ,23.71 ,23.75 ,23.78 ,23.76 ,23.66 ,23.72 ,23.74 ,23.73 ,23.74 ,23.73 ,23.67 ,23.72 ,23.72 ,23.66 ,23.58 ,23.7 ,23.72 ,23.65 ,23.67 ,23.67 ,23.6 ,23.68 ,23.79 ,23.87 ,23.79 ,23.73 ,23.68 ,23.78 ,23.74 ,23.7 ,23.74 ,23.77 ,23.82 ,23.86 ,23.91 ,23.88 ,23.8 ,23.83 ,23.87 ,23.86 ,23.81 ,23.8 ,23.85 ,23.69 ,23.59 ,23.63 ,23.65 ,23.55 ,23.55 ,23.59 ,23.55 ,23.52 ,23.41 ,23.37 ,23.51 ,23.58 ,23.61 ,23.6 ,23.59 ,23.45 ,23.36 ,23.34 ,23.52 ,23.6 ,23.59 ,23.53 ,23.48 ,23.53 ,23.57 ,23.62 ,23.66 ,23.69 ,23.63 ,23.64 ,23.66 ,23.57 ,23.63 ,23.61 ,23.67 ,23.64 ,23.59 ,23.65 ,23.67 ,23.65 ,23.58 ,23.69 ,23.67 ,23.55 ,23.57 ,23.55 ,23.56 ,23.6 ,23.57 ,23.6 ,23.61 ,23.64 ,23.67 ,23.61 ,23.59 ,23.61 ,23.67 ,23.66 ,23.62 ,23.58 ,23.65 ,23.69 ,23.6 ,23.59 ,23.59 ,23.68 ,23.67 ,23.66 ,23.62 ,23.56 ,23.6 ,23.62 ,23.61 ,23.57 ,23.55 ,23.65 ,23.69 ,23.64 ,23.61 ,23.58 ,23.62 ,23.69 ,23.7 ,23.7 ,23.7 ,23.68 ,23.58 ,23.51 ,23.38 ,23.51 ,23.59 ,23.6 ,23.59 ,23.67 ,23.7 ,23.7 ,23.64 ,23.56 ,23.54 ,23.52 ,23.5 ,23.45 ,23.4 ,23.44 ,23.46 ,23.43 ,23.38 ,23.46 ,23.47 ,23.43 ,23.53 ,23.6 ,23.59 ,23.69 ,23.87 ,23.94 ,23.92 ,23.9 ,23.83 ,23.83 ,23.91 ,23.8 ,23.87 ,23.91 ,23.83 ,23.8 ,23.79 ,23.78 ,23.74 ,23.79 ,23.8 ,23.82 ,23.79 ,23.82 ,23.84 ,23.78 ,23.75 ,23.83 ,23.81 ,23.85 ,23.83 ,23.85 ,23.87 ,23.92 ,23.78 ,23.8 ,23.83 ,23.9 ,23.87 ,23.88 ,23.85 ,23.78 ,23.77 ,23.86 ,23.84 ,23.9 ,23.92 ,23.78 ,23.79 ,23.84 ,23.79 ,23.82 ,23.84 ,23.81 ,23.85 ,23.86 ,23.83 ,23.9 ,23.86 ,23.83 ,23.84 ,23.85 ,23.76 ,23.82 ,23.84 ,23.78 ,23.73 ,23.82 ,23.86 ,23.8 ,23.83 ,23.91 ,24.09 ,24.13 ,24.1 ,24.09 ,24.1 ,24.19 ,24.18 ,24.11 ,24.08 ,24.1 ,24.07 ,24 ,24.03 ,24.1 ,24.11 ,24.13 ,24.13 ,24.06 ,24.09 ,24.13 ,24.18 ,24.12 ,24.13 ,24.13 ,24.06 ,24.11 ,24.16 ,24.1 ,24.08 ,24.06 ,24.12 ,24.09 ,24.11 ,24.09 ,24.06 ,24.09 ,24.09 ,24.07 ,24.08 ,24.16 ,24.14 ,24.11 ,24 ,24.11 ,24.09 ,24.05 ,24.02 ,24.09 ,24.04 ,24.01 ,24.07 ,24 ,24.08 ,24.15 ,24.09 ,24.03 ,24.05 ,24.02 ,24.03 ,24.07 ,24.1 ,24.12 ,23.98 ,23.93 ,23.86 ,23.85 ,23.71 ,23.67 ,23.61 ,23.69 ,23.74 ,23.72 ,23.63 ,23.61 ,23.64 ,23.67 ,23.67 ,23.74 ,23.65 ,23.63 ,23.59 ,23.59 ,23.52 ,23.55 ,23.58 ,23.68 ,23.68 ,23.61 ,23.66 ,23.66 ,23.75 ,23.72 ,23.71 ,23.75 ,23.64 ,23.73 ,23.73 ,23.64 ,23.66 ,23.68 ,23.68 ,23.68 ,23.69 ,23.76 ,23.78 ,23.75 ,23.72 ,23.71 ,23.8 ,23.76 ,23.71 ,23.82 ,23.75 ,23.7 ,23.77 ,23.76 ,23.74 ,23.7 ,23.65 ,23.67 ,23.61 ,23.7 ,23.83 ,23.76 ,23.73 ,23.69 ,23.76 ,23.74 ,23.65 ,23.75 ,23.74 ,23.69 ,23.68 ,23.69 ,23.6 ,23.55 ,23.62 ,23.6 ,23.52 ,23.57 ,23.57 ,23.47 ,23.49 ,23.49 ,23.58 ,23.64 ,23.48 ,23.3 ,23.3 ,23.45 ,23.45 ,23.32 ,23.39 ,23.36 ,23.4 ,23.43 ,23.5 ,23.47 ,23.45 ,23.44 ,23.49 ,23.4 ,23.36 ,23.44 ,23.35 ,23.37 ,23.38 ,23.38 ,23.21 ,23.31 ,23.38 ,23.47 ,23.4 ,23.4 ,23.4 ,23.38 ,23.43 ,23.33 ,23.35 ,23.43 ,23.4 ,23.39 ,23.39 ,23.3 ,23.37 ,23.43 ,23.41 ,23.33 ,23.35 ,23.3 ,23.22 ,23.39 ,23.26 ,23.26 ,23.27 ,23.11 ,23.18 ,23.21 ,23.23 ,23.24 ,23.19 ,23.21 ,23.21 ,23.22 ,23.21 ,23.26 ,23.25 ,23.23 ,23.1 ,23.11 ,23.27 ,23.14 ,23.24 ,23.19 ,23.15 ,23.2 ,23.16 ,23.15 ,23.18 ,23.09 ,23.05 ,23.17 ,23.17 ,23.09 ,23.11 ,23.18 ,23.16 ,23.21 ,
183,23.21 ,23.1 ,23.24 ,23.31 ,23.26 ,23.34 ,23.41 ,23.38 ,23.39 ,23.44 ,23.38 ,23.36 ,23.48 ,23.48 ,23.44 ,23.47 ,23.45 ,23.44 ,23.46 ,23.44 ,23.41 ,23.32 ,23.32 ,23.34 ,23.33 ,23.35 ,23.44 ,23.38 ,23.32 ,23.41 ,23.43 ,23.4 ,23.31 ,23.48 ,23.58 ,23.66 ,23.68 ,23.63 ,23.56 ,23.46 ,23.56 ,23.62 ,23.61 ,23.5 ,23.65 ,23.57 ,23.57 ,23.7 ,23.64 ,23.67 ,23.59 ,23.44 ,23.55 ,23.59 ,23.53 ,23.64 ,23.61 ,23.6 ,23.64 ,23.64 ,23.56 ,23.55 ,23.57 ,23.6 ,23.58 ,23.6 ,23.7 ,23.65 ,23.66 ,23.69 ,23.65 ,23.69 ,23.71 ,23.63 ,23.64 ,23.61 ,23.61 ,23.6 ,23.54 ,23.55 ,23.52 ,23.57 ,23.63 ,23.68 ,23.64 ,23.68 ,23.74 ,23.72 ,23.73 ,23.61 ,23.62 ,23.57 ,23.59 ,23.65 ,23.63 ,23.75 ,23.76 ,23.64 ,23.7 ,23.82 ,23.71 ,23.72 ,23.7 ,23.62 ,23.6 ,23.64 ,23.62 ,23.57 ,23.69 ,23.73 ,23.65 ,23.7 ,23.7 ,23.7 ,23.75 ,23.7 ,23.75 ,23.66 ,23.71 ,23.73 ,23.68 ,23.64 ,23.74 ,23.79 ,23.76 ,23.71 ,23.68 ,23.76 ,23.75 ,23.7 ,23.66 ,23.7 ,23.7 ,23.75 ,23.76 ,23.71 ,23.76 ,23.79 ,23.75 ,23.75 ,23.64 ,23.67 ,23.71 ,23.73 ,23.78 ,23.78 ,23.68 ,23.7 ,23.71 ,23.81 ,23.79 ,23.75 ,23.77 ,23.77 ,23.74 ,23.75 ,23.78 ,23.78 ,23.78 ,23.83 ,23.78 ,23.68 ,23.7 ,23.71 ,23.71 ,23.73 ,23.76 ,23.81 ,23.74 ,23.75 ,23.79 ,23.73 ,23.74 ,23.73 ,23.76 ,23.72 ,23.74 ,23.76 ,23.77 ,23.83 ,23.82 ,23.7 ,23.74 ,23.7 ,23.7 ,23.7 ,23.81 ,23.75 ,23.71 ,23.74 ,23.73 ,23.75 ,23.79 ,23.68 ,23.64 ,23.68 ,23.72 ,23.79 ,23.76 ,23.8 ,23.76 ,23.75 ,23.82 ,23.74 ,23.71 ,23.78 ,23.68 ,23.78 ,23.83 ,23.89 ,23.83 ,23.73 ,23.66 ,23.7 ,23.74 ,23.75 ,23.75 ,23.85 ,23.82 ,23.88 ,23.88 ,23.93 ,23.93 ,23.87 ,23.93 ,23.93 ,23.88 ,23.83 ,23.83 ,23.72 ,23.53 ,23.58 ,23.62 ,23.58 ,23.6 ,23.63 ,23.6 ,23.51 ,23.46 ,23.41 ,23.49 ,23.69 ,23.71 ,23.6 ,23.61 ,23.44 ,23.37 ,23.44 ,23.53 ,23.51 ,23.58 ,23.59 ,23.58 ,23.59 ,23.58 ,23.6 ,23.62 ,23.68 ,23.65 ,23.55 ,23.6 ,23.64 ,23.6 ,23.62 ,23.65 ,23.52 ,23.54 ,23.66 ,23.63 ,23.62 ,23.67 ,23.61 ,23.61 ,23.59 ,23.54 ,23.58 ,23.59 ,23.57 ,23.61 ,23.52 ,23.62 ,23.67 ,23.65 ,23.62 ,23.61 ,23.62 ,23.66 ,23.65 ,23.61 ,23.57 ,23.62 ,23.64 ,23.59 ,23.6 ,23.61 ,23.69 ,23.62 ,23.63 ,23.63 ,23.62 ,23.64 ,23.67 ,23.57 ,23.57 ,23.58 ,23.7 ,23.71 ,23.68 ,23.56 ,23.59 ,23.63 ,23.61 ,23.65 ,23.64 ,23.66 ,23.68 ,23.56 ,23.55 ,23.47 ,23.53 ,23.62 ,23.58 ,23.56 ,23.61 ,23.71 ,23.69 ,23.69 ,23.55 ,23.56 ,23.61 ,23.56 ,23.57 ,23.51 ,23.45 ,23.53 ,23.41 ,23.36 ,23.43 ,23.34 ,23.36 ,23.42 ,23.47 ,23.48 ,23.65 ,23.91 ,23.89 ,23.86 ,23.8 ,23.8 ,23.82 ,23.83 ,23.86 ,23.84 ,23.94 ,23.88 ,23.87 ,23.81 ,23.79 ,23.8 ,23.76 ,23.8 ,23.82 ,23.83 ,23.8 ,23.81 ,23.8 ,23.75 ,23.78 ,23.83 ,23.83 ,23.9 ,23.96 ,23.91 ,23.88 ,23.77 ,23.82 ,23.85 ,23.89 ,23.87 ,23.87 ,23.82 ,23.74 ,23.78 ,23.93 ,23.88 ,23.83 ,23.8 ,23.8 ,23.82 ,23.89 ,23.83 ,23.78 ,23.8 ,23.77 ,23.88 ,23.85 ,23.81 ,23.83 ,23.81 ,23.81 ,23.79 ,23.85 ,23.76 ,23.77 ,23.81 ,23.81 ,23.78 ,23.82 ,23.84 ,23.81 ,23.87 ,23.92 ,24.04 ,24.18 ,24.12 ,24.11 ,24.16 ,24.18 ,24.2 ,24.17 ,24.08 ,24.13 ,24.14 ,24.11 ,24.02 ,24.1 ,24.13 ,24.12 ,24.14 ,24.09 ,24.04 ,24.07 ,24.12 ,24.14 ,24.13 ,24.04 ,24.07 ,24.16 ,24.11 ,24.12 ,23.99 ,23.98 ,23.98 ,23.91 ,24 ,24.07 ,24.08 ,24.01 ,24.05 ,24.08 ,24.12 ,24.12 ,24.14 ,24.13 ,24.08 ,24.07 ,24.06 ,24.08 ,24.03 ,24.16 ,24.17 ,24.05 ,24.07 ,24.09 ,24.07 ,24.09 ,24.08 ,24.08 ,24.06 ,24.05 ,23.97 ,24.03 ,24.04 ,24.04 ,23.93 ,23.76 ,23.7 ,23.64 ,23.63 ,23.59 ,23.61 ,23.71 ,23.68 ,23.67 ,23.65 ,23.64 ,23.74 ,23.71 ,23.69 ,23.7 ,23.73 ,23.62 ,23.58 ,23.55 ,23.48 ,23.5 ,23.57 ,23.67 ,23.73 ,23.76 ,23.74 ,23.71 ,23.7 ,23.72 ,23.74 ,23.74 ,23.67 ,23.76 ,23.8 ,23.71 ,23.67 ,23.7 ,23.7 ,23.73 ,23.71 ,23.67 ,23.74 ,23.67 ,23.7 ,23.75 ,23.77 ,23.82 ,23.78 ,23.79 ,23.82 ,23.68 ,23.74 ,23.8 ,23.72 ,23.72 ,23.62 ,23.69 ,23.67 ,23.71 ,23.8 ,23.69 ,23.71 ,23.73 ,23.7 ,23.61 ,23.61 ,23.62 ,23.74 ,23.74 ,23.68 ,23.65 ,23.63 ,23.6 ,23.58 ,23.58 ,23.55 ,23.55 ,23.57 ,23.48 ,23.53 ,23.59 ,23.57 ,23.55 ,23.44 ,23.36 ,23.28 ,23.43 ,23.47 ,23.33 ,23.35 ,23.21 ,23.27 ,23.47 ,23.43 ,23.41 ,23.45 ,23.43 ,23.44 ,23.46 ,23.37 ,23.45 ,23.37 ,23.31 ,23.34 ,23.38 ,23.33 ,23.31 ,23.31 ,23.36 ,23.37 ,23.32 ,23.39 ,23.45 ,23.46 ,23.4 ,23.38 ,23.49 ,23.5 ,23.46 ,23.44 ,23.38 ,23.33 ,23.43 ,23.41 ,23.36 ,23.31 ,23.38 ,23.31 ,23.34 ,23.27 ,23.28 ,23.37 ,23.27 ,23.2 ,23.26 ,23.21 ,23.24 ,23.15 ,23.17 ,23.18 ,23.21 ,23.16 ,23.22 ,23.22 ,23.2 ,23.17 ,23.2 ,23.25 ,23.24 ,23.17 ,23.13 ,23.05 ,23.13 ,23.15 ,23.14 ,23.23 ,23.18 ,23.03 ,23.08 ,23.1 ,23.16 ,23.16 ,23.14 ,23.09 ,23.07 ,
184,23.25 ,23.2 ,23.26 ,23.37 ,23.36 ,23.41 ,23.45 ,23.41 ,23.41 ,23.44 ,23.36 ,23.42 ,23.45 ,23.45 ,23.49 ,23.43 ,23.36 ,23.43 ,23.46 ,23.46 ,23.37 ,23.32 ,23.38 ,23.36 ,23.39 ,23.46 ,23.54 ,23.45 ,23.36 ,23.37 ,23.36 ,23.4 ,23.39 ,23.47 ,23.59 ,23.68 ,23.73 ,23.67 ,23.56 ,23.51 ,23.65 ,23.65 ,23.59 ,23.49 ,23.54 ,23.59 ,23.57 ,23.7 ,23.75 ,23.65 ,23.6 ,23.59 ,23.58 ,23.65 ,23.57 ,23.67 ,23.7 ,23.63 ,23.65 ,23.64 ,23.6 ,23.57 ,23.69 ,23.68 ,23.62 ,23.65 ,23.66 ,23.66 ,23.72 ,23.69 ,23.56 ,23.72 ,23.7 ,23.69 ,23.61 ,23.65 ,23.62 ,23.61 ,23.58 ,23.5 ,23.59 ,23.58 ,23.59 ,23.65 ,23.62 ,23.69 ,23.75 ,23.74 ,23.7 ,23.7 ,23.74 ,23.7 ,23.68 ,23.72 ,23.73 ,23.75 ,23.73 ,23.57 ,23.63 ,23.89 ,23.78 ,23.67 ,23.72 ,23.61 ,23.57 ,23.63 ,23.7 ,23.66 ,23.72 ,23.64 ,23.68 ,23.71 ,23.75 ,23.69 ,23.64 ,23.72 ,23.73 ,23.7 ,23.66 ,23.76 ,23.68 ,23.63 ,23.75 ,23.77 ,23.8 ,23.67 ,23.67 ,23.74 ,23.73 ,23.66 ,23.66 ,23.76 ,23.67 ,23.73 ,23.79 ,23.8 ,23.75 ,23.77 ,23.7 ,23.71 ,23.72 ,23.68 ,23.64 ,23.72 ,23.81 ,23.84 ,23.78 ,23.7 ,23.78 ,23.83 ,23.79 ,23.8 ,23.79 ,23.74 ,23.72 ,23.71 ,23.62 ,23.7 ,23.77 ,23.74 ,23.74 ,23.71 ,23.71 ,23.73 ,23.74 ,23.8 ,23.85 ,23.86 ,23.72 ,23.71 ,23.78 ,23.7 ,23.72 ,23.8 ,23.8 ,23.74 ,23.69 ,23.72 ,23.85 ,23.87 ,23.87 ,23.73 ,23.75 ,23.72 ,23.75 ,23.74 ,23.76 ,23.77 ,23.69 ,23.73 ,23.82 ,23.74 ,23.73 ,23.7 ,23.67 ,23.69 ,23.66 ,23.75 ,23.72 ,23.8 ,23.75 ,23.83 ,23.89 ,23.79 ,23.81 ,23.86 ,23.83 ,23.79 ,23.86 ,23.85 ,23.78 ,23.77 ,23.72 ,23.72 ,23.75 ,23.74 ,23.87 ,23.93 ,23.87 ,23.85 ,23.86 ,23.94 ,23.99 ,23.96 ,23.95 ,23.94 ,23.91 ,23.93 ,23.91 ,23.82 ,23.61 ,23.54 ,23.63 ,23.61 ,23.66 ,23.65 ,23.61 ,23.46 ,23.43 ,23.5 ,23.5 ,23.63 ,23.72 ,23.61 ,23.6 ,23.54 ,23.37 ,23.46 ,23.62 ,23.58 ,23.57 ,23.63 ,23.67 ,23.7 ,23.66 ,23.67 ,23.72 ,23.65 ,23.57 ,23.59 ,23.63 ,23.69 ,23.64 ,23.58 ,23.62 ,23.57 ,23.55 ,23.63 ,23.64 ,23.64 ,23.66 ,23.59 ,23.57 ,23.67 ,23.69 ,23.64 ,23.64 ,23.64 ,23.57 ,23.59 ,23.62 ,23.68 ,23.58 ,23.63 ,23.69 ,23.65 ,23.62 ,23.6 ,23.57 ,23.55 ,23.59 ,23.59 ,23.61 ,23.6 ,23.58 ,23.6 ,23.65 ,23.64 ,23.68 ,23.7 ,23.73 ,23.72 ,23.57 ,23.55 ,23.64 ,23.71 ,23.67 ,23.72 ,23.64 ,23.65 ,23.7 ,23.61 ,23.62 ,23.63 ,23.64 ,23.62 ,23.55 ,23.55 ,23.58 ,23.64 ,23.66 ,23.66 ,23.62 ,23.63 ,23.69 ,23.56 ,23.61 ,23.67 ,23.58 ,23.63 ,23.69 ,23.58 ,23.56 ,23.57 ,23.64 ,23.51 ,23.49 ,23.6 ,23.55 ,23.46 ,23.46 ,23.41 ,23.44 ,23.61 ,23.83 ,23.87 ,23.85 ,23.83 ,23.81 ,23.84 ,23.79 ,23.8 ,23.84 ,23.94 ,23.92 ,23.92 ,23.86 ,23.81 ,23.78 ,23.75 ,23.79 ,23.8 ,23.77 ,23.77 ,23.77 ,23.84 ,23.79 ,23.79 ,23.82 ,23.91 ,23.91 ,23.94 ,23.87 ,23.9 ,23.82 ,23.86 ,23.88 ,23.88 ,23.87 ,23.83 ,23.88 ,23.82 ,23.81 ,23.9 ,23.9 ,23.87 ,23.83 ,23.85 ,23.86 ,23.87 ,23.86 ,23.83 ,23.85 ,23.79 ,23.88 ,23.87 ,23.92 ,23.85 ,23.87 ,23.85 ,23.79 ,23.87 ,23.86 ,23.77 ,23.8 ,23.82 ,23.77 ,23.82 ,23.82 ,23.9 ,23.88 ,23.89 ,24.02 ,24.12 ,24.19 ,24.15 ,24.08 ,24.09 ,24.12 ,24.15 ,24.14 ,24.1 ,24.1 ,24.14 ,24.05 ,24.07 ,24.07 ,24.08 ,24.14 ,24.1 ,24.11 ,24.05 ,24.07 ,24.08 ,24.14 ,24.14 ,24.1 ,24.15 ,24.11 ,24.03 ,23.94 ,23.88 ,23.84 ,23.76 ,23.79 ,23.97 ,24.08 ,24.12 ,24 ,24.04 ,24.08 ,24.11 ,24.18 ,24.12 ,24.1 ,24.11 ,24.03 ,24.05 ,24.07 ,24.08 ,24.16 ,24.12 ,24.05 ,24.08 ,24.11 ,24.13 ,24.19 ,24.12 ,24.12 ,24.11 ,24.01 ,24 ,23.99 ,23.87 ,23.76 ,23.71 ,23.52 ,23.51 ,23.54 ,23.62 ,23.71 ,23.74 ,23.71 ,23.64 ,23.68 ,23.72 ,23.76 ,23.74 ,23.73 ,23.68 ,23.67 ,23.67 ,23.61 ,23.59 ,23.47 ,23.5 ,23.61 ,23.67 ,23.66 ,23.77 ,23.77 ,23.79 ,23.78 ,23.71 ,23.79 ,23.88 ,23.8 ,23.81 ,23.84 ,23.85 ,23.75 ,23.68 ,23.74 ,23.75 ,23.7 ,23.69 ,23.71 ,23.67 ,23.68 ,23.72 ,23.75 ,23.8 ,23.73 ,23.64 ,23.69 ,23.71 ,23.73 ,23.8 ,23.78 ,23.78 ,23.68 ,23.67 ,23.71 ,23.73 ,23.73 ,23.69 ,23.68 ,23.71 ,23.76 ,23.67 ,23.67 ,23.68 ,23.69 ,23.73 ,23.64 ,23.62 ,23.58 ,23.59 ,23.57 ,23.51 ,23.46 ,23.53 ,23.57 ,23.46 ,23.51 ,23.6 ,23.54 ,23.53 ,23.44 ,23.45 ,23.43 ,23.39 ,23.35 ,23.28 ,23.36 ,23.19 ,23.22 ,23.43 ,23.45 ,23.39 ,23.38 ,23.38 ,23.31 ,23.38 ,23.32 ,23.4 ,23.33 ,23.38 ,23.41 ,23.34 ,23.3 ,23.33 ,23.31 ,23.4 ,23.42 ,23.4 ,23.39 ,23.37 ,23.41 ,23.34 ,23.35 ,23.45 ,23.45 ,23.45 ,23.44 ,23.39 ,23.43 ,23.4 ,23.37 ,23.27 ,23.37 ,23.36 ,23.35 ,23.36 ,23.3 ,23.29 ,23.3 ,23.23 ,23.2 ,23.32 ,23.31 ,23.21 ,23.09 ,23.13 ,23.16 ,23.2 ,23.15 ,23.18 ,23.16 ,23.14 ,23.21 ,23.25 ,23.21 ,23.12 ,23.16 ,23.17 ,23.06 ,23.05 ,23.1 ,23.04 ,23.16 ,23.26 ,23.06 ,23.08 ,23.07 ,23.11 ,23.19 ,23.13 ,23.01 ,22.97 ,
185,23.36 ,23.32 ,23.31 ,23.4 ,23.42 ,23.39 ,23.42 ,23.44 ,23.41 ,23.36 ,23.35 ,23.47 ,23.49 ,23.4 ,23.48 ,23.51 ,23.41 ,23.41 ,23.43 ,23.38 ,23.37 ,23.35 ,23.39 ,23.42 ,23.4 ,23.45 ,23.5 ,23.49 ,23.45 ,23.41 ,23.42 ,23.4 ,23.34 ,23.49 ,23.54 ,23.63 ,23.67 ,23.6 ,23.53 ,23.47 ,23.57 ,23.59 ,23.59 ,23.53 ,23.59 ,23.55 ,23.59 ,23.63 ,23.64 ,23.64 ,23.67 ,23.62 ,23.59 ,23.64 ,23.65 ,23.65 ,23.64 ,23.64 ,23.61 ,23.65 ,23.65 ,23.67 ,23.69 ,23.71 ,23.67 ,23.61 ,23.68 ,23.65 ,23.77 ,23.75 ,23.63 ,23.62 ,23.7 ,23.72 ,23.66 ,23.59 ,23.61 ,23.67 ,23.63 ,23.54 ,23.63 ,23.68 ,23.66 ,23.68 ,23.66 ,23.67 ,23.74 ,23.68 ,23.68 ,23.7 ,23.67 ,23.76 ,23.76 ,23.71 ,23.73 ,23.75 ,23.79 ,23.69 ,23.71 ,23.79 ,23.83 ,23.68 ,23.71 ,23.75 ,23.67 ,23.75 ,23.73 ,23.63 ,23.66 ,23.61 ,23.66 ,23.66 ,23.75 ,23.71 ,23.72 ,23.77 ,23.73 ,23.68 ,23.71 ,23.73 ,23.77 ,23.66 ,23.73 ,23.72 ,23.79 ,23.76 ,23.72 ,23.71 ,23.76 ,23.69 ,23.64 ,23.79 ,23.63 ,23.64 ,23.75 ,23.73 ,23.76 ,23.76 ,23.75 ,23.78 ,23.79 ,23.76 ,23.67 ,23.69 ,23.82 ,23.84 ,23.82 ,23.79 ,23.78 ,23.81 ,23.78 ,23.81 ,23.8 ,23.77 ,23.73 ,23.69 ,23.66 ,23.63 ,23.73 ,23.78 ,23.81 ,23.8 ,23.82 ,23.81 ,23.86 ,23.8 ,23.85 ,23.9 ,23.81 ,23.76 ,23.78 ,23.74 ,23.75 ,23.84 ,23.84 ,23.79 ,23.75 ,23.8 ,23.8 ,23.79 ,23.75 ,23.71 ,23.65 ,23.68 ,23.71 ,23.71 ,23.75 ,23.72 ,23.77 ,23.84 ,23.84 ,23.78 ,23.78 ,23.73 ,23.74 ,23.86 ,23.78 ,23.77 ,23.83 ,23.8 ,23.87 ,23.87 ,23.9 ,23.86 ,23.78 ,23.84 ,23.81 ,23.78 ,23.84 ,23.83 ,23.78 ,23.79 ,23.75 ,23.79 ,23.79 ,23.8 ,23.87 ,23.9 ,23.88 ,23.84 ,23.85 ,23.88 ,23.94 ,23.96 ,23.98 ,23.93 ,23.93 ,23.96 ,23.89 ,23.84 ,23.78 ,23.61 ,23.66 ,23.7 ,23.68 ,23.66 ,23.62 ,23.49 ,23.35 ,23.47 ,23.48 ,23.55 ,23.62 ,23.62 ,23.66 ,23.53 ,23.41 ,23.45 ,23.61 ,23.66 ,23.65 ,23.64 ,23.68 ,23.71 ,23.66 ,23.66 ,23.73 ,23.65 ,23.59 ,23.69 ,23.67 ,23.72 ,23.65 ,23.64 ,23.64 ,23.62 ,23.65 ,23.66 ,23.61 ,23.59 ,23.56 ,23.57 ,23.58 ,23.69 ,23.74 ,23.67 ,23.62 ,23.64 ,23.65 ,23.63 ,23.62 ,23.64 ,23.67 ,23.71 ,23.69 ,23.61 ,23.63 ,23.6 ,23.63 ,23.56 ,23.55 ,23.67 ,23.66 ,23.68 ,23.59 ,23.59 ,23.64 ,23.62 ,23.6 ,23.68 ,23.73 ,23.68 ,23.54 ,23.49 ,23.56 ,23.61 ,23.61 ,23.72 ,23.64 ,23.62 ,23.64 ,23.68 ,23.62 ,23.66 ,23.64 ,23.6 ,23.53 ,23.53 ,23.5 ,23.63 ,23.62 ,23.61 ,23.65 ,23.61 ,23.66 ,23.55 ,23.56 ,23.71 ,23.64 ,23.64 ,23.75 ,23.67 ,23.62 ,23.62 ,23.68 ,23.56 ,23.53 ,23.63 ,23.66 ,23.6 ,23.59 ,23.56 ,23.5 ,23.65 ,23.87 ,23.84 ,23.89 ,23.88 ,23.9 ,23.85 ,23.83 ,23.74 ,23.72 ,23.87 ,23.92 ,23.96 ,23.84 ,23.81 ,23.77 ,23.76 ,23.81 ,23.88 ,23.95 ,23.82 ,23.8 ,23.8 ,23.87 ,23.81 ,23.86 ,23.91 ,23.95 ,23.93 ,23.9 ,23.91 ,23.91 ,23.92 ,23.9 ,23.92 ,23.89 ,23.85 ,23.85 ,23.76 ,23.81 ,23.88 ,23.85 ,23.85 ,23.86 ,23.88 ,23.85 ,23.83 ,23.88 ,23.95 ,23.89 ,23.78 ,23.81 ,23.83 ,23.87 ,23.88 ,23.81 ,23.88 ,23.85 ,23.78 ,23.75 ,23.78 ,23.74 ,23.79 ,23.76 ,23.76 ,23.82 ,23.85 ,23.87 ,23.86 ,24 ,24.11 ,24.13 ,24.13 ,24.11 ,24.04 ,23.99 ,24.07 ,24.08 ,24.09 ,24.09 ,24.11 ,24.15 ,24.12 ,24.18 ,24.11 ,24.12 ,24.1 ,24.08 ,24.1 ,24.07 ,23.98 ,24.11 ,24.1 ,24.15 ,24.19 ,24.08 ,23.93 ,23.83 ,23.85 ,23.78 ,23.66 ,23.71 ,23.85 ,23.95 ,24.1 ,24.05 ,24.05 ,24.13 ,24.07 ,24.13 ,24.13 ,24.06 ,24.16 ,24.06 ,24.01 ,24.08 ,24.05 ,24.09 ,24.1 ,23.99 ,24.09 ,24.07 ,24.11 ,24.1 ,24.09 ,24.05 ,24.05 ,23.98 ,23.96 ,23.82 ,23.68 ,23.61 ,23.65 ,23.6 ,23.61 ,23.59 ,23.65 ,23.75 ,23.75 ,23.76 ,23.74 ,23.71 ,23.79 ,23.81 ,23.75 ,23.73 ,23.76 ,23.65 ,23.66 ,23.6 ,23.58 ,23.54 ,23.63 ,23.65 ,23.67 ,23.68 ,23.84 ,23.86 ,23.78 ,23.8 ,23.7 ,23.71 ,23.84 ,23.85 ,23.85 ,23.79 ,23.8 ,23.76 ,23.63 ,23.72 ,23.77 ,23.69 ,23.74 ,23.77 ,23.7 ,23.71 ,23.75 ,23.71 ,23.72 ,23.73 ,23.7 ,23.7 ,23.7 ,23.76 ,23.8 ,23.85 ,23.73 ,23.65 ,23.59 ,23.61 ,23.75 ,23.74 ,23.66 ,23.71 ,23.74 ,23.75 ,23.65 ,23.68 ,23.7 ,23.67 ,23.64 ,23.66 ,23.57 ,23.56 ,23.63 ,23.59 ,23.51 ,23.37 ,23.44 ,23.58 ,23.48 ,23.45 ,23.52 ,23.48 ,23.54 ,23.46 ,23.36 ,23.49 ,23.47 ,23.4 ,23.34 ,23.35 ,23.28 ,23.32 ,23.52 ,23.51 ,23.36 ,23.22 ,23.37 ,23.48 ,23.39 ,23.35 ,23.32 ,23.32 ,23.44 ,23.4 ,23.42 ,23.32 ,23.36 ,23.39 ,23.52 ,23.46 ,23.45 ,23.5 ,23.35 ,23.29 ,23.32 ,23.22 ,23.35 ,23.42 ,23.46 ,23.48 ,23.45 ,23.32 ,23.33 ,23.32 ,23.23 ,23.34 ,23.41 ,23.41 ,23.39 ,23.33 ,23.31 ,23.24 ,23.2 ,23.15 ,23.2 ,23.29 ,23.27 ,23.22 ,23.16 ,23.13 ,23.24 ,23.21 ,23.18 ,23.14 ,23.07 ,23.15 ,23.28 ,23.22 ,23.15 ,23.07 ,23.13 ,23.17 ,23.09 ,23.06 ,23.12 ,23.2 ,23.25 ,23.2 ,23.16 ,23.06 ,23.04 ,23.12 ,23.18 ,23.08 ,23 ,
186,23.37 ,23.35 ,23.42 ,23.5 ,23.48 ,23.43 ,23.47 ,23.43 ,23.41 ,23.31 ,23.33 ,23.48 ,23.5 ,23.36 ,23.37 ,23.45 ,23.48 ,23.5 ,23.46 ,23.39 ,23.27 ,23.33 ,23.23 ,23.22 ,23.3 ,23.43 ,23.43 ,23.39 ,23.38 ,23.44 ,23.52 ,23.41 ,23.32 ,23.41 ,23.51 ,23.6 ,23.55 ,23.57 ,23.46 ,23.45 ,23.57 ,23.55 ,23.53 ,23.54 ,23.55 ,23.57 ,23.63 ,23.66 ,23.68 ,23.65 ,23.62 ,23.65 ,23.58 ,23.6 ,23.6 ,23.72 ,23.65 ,23.63 ,23.68 ,23.73 ,23.7 ,23.7 ,23.62 ,23.65 ,23.7 ,23.63 ,23.63 ,23.65 ,23.63 ,23.67 ,23.64 ,23.6 ,23.62 ,23.62 ,23.59 ,23.64 ,23.63 ,23.63 ,23.6 ,23.56 ,23.67 ,23.61 ,23.6 ,23.66 ,23.66 ,23.62 ,23.7 ,23.76 ,23.71 ,23.66 ,23.63 ,23.71 ,23.78 ,23.71 ,23.67 ,23.73 ,23.78 ,23.67 ,23.75 ,23.68 ,23.66 ,23.68 ,23.69 ,23.65 ,23.69 ,23.69 ,23.72 ,23.64 ,23.53 ,23.6 ,23.7 ,23.68 ,23.74 ,23.72 ,23.69 ,23.74 ,23.75 ,23.64 ,23.68 ,23.75 ,23.75 ,23.69 ,23.73 ,23.81 ,23.77 ,23.72 ,23.79 ,23.76 ,23.73 ,23.79 ,23.69 ,23.8 ,23.72 ,23.65 ,23.7 ,23.72 ,23.74 ,23.75 ,23.8 ,23.84 ,23.84 ,23.81 ,23.78 ,23.78 ,23.8 ,23.81 ,23.78 ,23.83 ,23.83 ,23.79 ,23.74 ,23.74 ,23.75 ,23.79 ,23.77 ,23.74 ,23.71 ,23.7 ,23.76 ,23.83 ,23.85 ,23.85 ,23.73 ,23.75 ,23.79 ,23.82 ,23.83 ,23.79 ,23.77 ,23.86 ,23.81 ,23.8 ,23.78 ,23.82 ,23.8 ,23.73 ,23.76 ,23.79 ,23.82 ,23.64 ,23.7 ,23.72 ,23.71 ,23.68 ,23.68 ,23.73 ,23.69 ,23.72 ,23.75 ,23.8 ,23.86 ,23.8 ,23.79 ,23.82 ,23.85 ,23.92 ,23.81 ,23.72 ,23.79 ,23.84 ,23.87 ,23.81 ,23.83 ,23.82 ,23.81 ,23.91 ,23.82 ,23.75 ,23.85 ,23.78 ,23.82 ,23.82 ,23.77 ,23.78 ,23.84 ,23.84 ,23.9 ,23.9 ,23.86 ,23.78 ,23.75 ,23.88 ,23.93 ,23.93 ,23.95 ,23.95 ,23.91 ,23.82 ,23.84 ,23.76 ,23.76 ,23.68 ,23.65 ,23.71 ,23.61 ,23.57 ,23.54 ,23.5 ,23.45 ,23.5 ,23.58 ,23.6 ,23.64 ,23.63 ,23.57 ,23.42 ,23.29 ,23.35 ,23.55 ,23.57 ,23.58 ,23.6 ,23.62 ,23.62 ,23.63 ,23.67 ,23.68 ,23.68 ,23.69 ,23.66 ,23.67 ,23.66 ,23.66 ,23.63 ,23.68 ,23.63 ,23.59 ,23.68 ,23.63 ,23.58 ,23.52 ,23.57 ,23.57 ,23.63 ,23.67 ,23.62 ,23.61 ,23.6 ,23.6 ,23.6 ,23.6 ,23.58 ,23.65 ,23.71 ,23.62 ,23.58 ,23.58 ,23.6 ,23.6 ,23.6 ,23.6 ,23.64 ,23.63 ,23.7 ,23.57 ,23.55 ,23.59 ,23.6 ,23.58 ,23.56 ,23.63 ,23.66 ,23.56 ,23.57 ,23.53 ,23.54 ,23.62 ,23.61 ,23.59 ,23.61 ,23.61 ,23.61 ,23.63 ,23.68 ,23.68 ,23.6 ,23.58 ,23.49 ,23.45 ,23.57 ,23.63 ,23.64 ,23.69 ,23.64 ,23.59 ,23.61 ,23.66 ,23.64 ,23.64 ,23.7 ,23.75 ,23.72 ,23.66 ,23.68 ,23.72 ,23.58 ,23.57 ,23.55 ,23.62 ,23.61 ,23.55 ,23.61 ,23.58 ,23.72 ,23.83 ,23.82 ,23.85 ,23.87 ,23.9 ,23.86 ,23.87 ,23.79 ,23.78 ,23.83 ,23.85 ,23.86 ,23.85 ,23.77 ,23.74 ,23.71 ,23.81 ,23.89 ,23.99 ,23.9 ,23.79 ,23.83 ,23.86 ,23.86 ,23.78 ,23.8 ,23.86 ,23.89 ,23.89 ,23.9 ,23.81 ,23.85 ,23.87 ,23.85 ,23.89 ,23.86 ,23.83 ,23.76 ,23.78 ,23.87 ,23.84 ,23.79 ,23.81 ,23.9 ,23.89 ,23.84 ,23.83 ,23.86 ,23.85 ,23.81 ,23.86 ,23.79 ,23.81 ,23.83 ,23.84 ,23.81 ,23.86 ,23.82 ,23.77 ,23.79 ,23.79 ,23.8 ,23.81 ,23.81 ,23.79 ,23.82 ,23.89 ,23.96 ,24.06 ,24.09 ,24.04 ,24.06 ,24.16 ,24.12 ,24.08 ,24.04 ,24.07 ,24.1 ,24.1 ,24.08 ,24.1 ,24.18 ,24.16 ,24.21 ,24.17 ,24.14 ,24.11 ,24.09 ,24.09 ,24.04 ,24.1 ,24.17 ,24.22 ,24.13 ,24.03 ,23.88 ,23.76 ,23.81 ,23.77 ,23.68 ,23.75 ,23.82 ,23.85 ,23.97 ,23.98 ,24.09 ,24.16 ,24.14 ,24.09 ,24.07 ,24.12 ,24.15 ,24.1 ,24.08 ,24.12 ,24.06 ,24.11 ,24.05 ,23.98 ,24 ,24.04 ,24.01 ,23.96 ,23.98 ,24.06 ,23.98 ,23.9 ,23.9 ,23.73 ,23.69 ,23.56 ,23.62 ,23.57 ,23.7 ,23.77 ,23.74 ,23.75 ,23.75 ,23.75 ,23.79 ,23.79 ,23.74 ,23.81 ,23.83 ,23.72 ,23.71 ,23.78 ,23.71 ,23.6 ,23.53 ,23.52 ,23.61 ,23.63 ,23.72 ,23.67 ,23.78 ,23.88 ,23.78 ,23.79 ,23.73 ,23.69 ,23.77 ,23.79 ,23.9 ,23.78 ,23.71 ,23.7 ,23.6 ,23.59 ,23.8 ,23.73 ,23.73 ,23.79 ,23.75 ,23.66 ,23.67 ,23.71 ,23.71 ,23.69 ,23.76 ,23.75 ,23.65 ,23.7 ,23.76 ,23.81 ,23.69 ,23.63 ,23.58 ,23.57 ,23.72 ,23.75 ,23.73 ,23.67 ,23.72 ,23.66 ,23.57 ,23.7 ,23.76 ,23.65 ,23.63 ,23.66 ,23.65 ,23.58 ,23.57 ,23.56 ,23.53 ,23.39 ,23.44 ,23.52 ,23.52 ,23.51 ,23.49 ,23.42 ,23.48 ,23.46 ,23.37 ,23.47 ,23.48 ,23.39 ,23.36 ,23.29 ,23.21 ,23.29 ,23.45 ,23.5 ,23.42 ,23.23 ,23.29 ,23.37 ,23.38 ,23.39 ,23.37 ,23.3 ,23.43 ,23.47 ,23.38 ,23.33 ,23.36 ,23.41 ,23.39 ,23.43 ,23.39 ,23.42 ,23.33 ,23.23 ,23.29 ,23.38 ,23.4 ,23.38 ,23.46 ,23.47 ,23.46 ,23.36 ,23.33 ,23.38 ,23.27 ,23.31 ,23.37 ,23.35 ,23.4 ,23.24 ,23.29 ,23.29 ,23.22 ,23.2 ,23.3 ,23.16 ,23.18 ,23.2 ,23.23 ,23.17 ,23.18 ,23.16 ,23.2 ,23.16 ,23.08 ,23.1 ,23.21 ,23.22 ,23.16 ,23.18 ,23.07 ,23.09 ,23.15 ,23.1 ,23.2 ,23.2 ,23.25 ,23.27 ,23.15 ,23.01 ,22.92 ,23.07 ,23.11 ,23.07 ,23.01 ,
187,23.37 ,23.37 ,23.4 ,23.47 ,23.44 ,23.47 ,23.4 ,23.38 ,23.38 ,23.34 ,23.3 ,23.42 ,23.51 ,23.48 ,23.44 ,23.41 ,23.42 ,23.48 ,23.53 ,23.45 ,23.33 ,23.3 ,23.29 ,23.18 ,23.23 ,23.33 ,23.46 ,23.42 ,23.33 ,23.4 ,23.5 ,23.46 ,23.44 ,23.46 ,23.51 ,23.54 ,23.55 ,23.58 ,23.48 ,23.49 ,23.58 ,23.55 ,23.58 ,23.55 ,23.5 ,23.49 ,23.55 ,23.69 ,23.69 ,23.67 ,23.54 ,23.56 ,23.65 ,23.6 ,23.62 ,23.67 ,23.67 ,23.61 ,23.65 ,23.66 ,23.65 ,23.68 ,23.62 ,23.58 ,23.68 ,23.59 ,23.66 ,23.68 ,23.65 ,23.65 ,23.66 ,23.61 ,23.56 ,23.58 ,23.62 ,23.66 ,23.71 ,23.66 ,23.56 ,23.49 ,23.68 ,23.64 ,23.6 ,23.59 ,23.62 ,23.69 ,23.69 ,23.73 ,23.74 ,23.66 ,23.64 ,23.65 ,23.74 ,23.71 ,23.59 ,23.72 ,23.7 ,23.59 ,23.67 ,23.67 ,23.64 ,23.67 ,23.68 ,23.66 ,23.66 ,23.66 ,23.64 ,23.68 ,23.61 ,23.59 ,23.74 ,23.67 ,23.69 ,23.77 ,23.73 ,23.73 ,23.76 ,23.69 ,23.73 ,23.77 ,23.78 ,23.75 ,23.69 ,23.85 ,23.83 ,23.73 ,23.82 ,23.94 ,23.82 ,23.72 ,23.75 ,23.83 ,23.79 ,23.73 ,23.78 ,23.79 ,23.81 ,23.79 ,23.83 ,23.85 ,23.78 ,23.84 ,23.76 ,23.76 ,23.79 ,23.71 ,23.69 ,23.8 ,23.79 ,23.81 ,23.77 ,23.74 ,23.71 ,23.81 ,23.77 ,23.83 ,23.77 ,23.72 ,23.77 ,23.78 ,23.83 ,23.83 ,23.76 ,23.76 ,23.74 ,23.81 ,23.88 ,23.87 ,23.83 ,23.89 ,23.88 ,23.79 ,23.76 ,23.75 ,23.78 ,23.78 ,23.77 ,23.76 ,23.82 ,23.7 ,23.7 ,23.76 ,23.81 ,23.74 ,23.75 ,23.86 ,23.81 ,23.7 ,23.77 ,23.82 ,23.82 ,23.79 ,23.82 ,23.81 ,23.84 ,23.79 ,23.74 ,23.75 ,23.72 ,23.74 ,23.78 ,23.77 ,23.83 ,23.79 ,23.88 ,23.96 ,23.88 ,23.86 ,23.87 ,23.88 ,23.8 ,23.91 ,23.88 ,23.83 ,23.9 ,23.86 ,23.91 ,23.89 ,23.82 ,23.76 ,23.82 ,23.87 ,23.89 ,23.91 ,23.93 ,23.94 ,23.83 ,23.76 ,23.77 ,23.79 ,23.73 ,23.74 ,23.61 ,23.66 ,23.56 ,23.47 ,23.46 ,23.4 ,23.37 ,23.56 ,23.65 ,23.65 ,23.64 ,23.63 ,23.53 ,23.35 ,23.26 ,23.39 ,23.54 ,23.59 ,23.54 ,23.46 ,23.52 ,23.62 ,23.63 ,23.63 ,23.71 ,23.7 ,23.71 ,23.69 ,23.61 ,23.66 ,23.68 ,23.67 ,23.69 ,23.55 ,23.58 ,23.68 ,23.69 ,23.65 ,23.53 ,23.61 ,23.62 ,23.58 ,23.66 ,23.61 ,23.64 ,23.64 ,23.61 ,23.59 ,23.64 ,23.6 ,23.67 ,23.68 ,23.64 ,23.65 ,23.64 ,23.63 ,23.55 ,23.56 ,23.65 ,23.63 ,23.65 ,23.7 ,23.65 ,23.56 ,23.67 ,23.69 ,23.6 ,23.63 ,23.69 ,23.68 ,23.64 ,23.58 ,23.58 ,23.58 ,23.67 ,23.67 ,23.59 ,23.63 ,23.71 ,23.63 ,23.6 ,23.66 ,23.72 ,23.67 ,23.57 ,23.5 ,23.48 ,23.61 ,23.68 ,23.66 ,23.62 ,23.61 ,23.64 ,23.65 ,23.67 ,23.62 ,23.59 ,23.65 ,23.63 ,23.63 ,23.63 ,23.62 ,23.69 ,23.67 ,23.57 ,23.62 ,23.66 ,23.62 ,23.63 ,23.61 ,23.61 ,23.75 ,23.81 ,23.83 ,23.88 ,23.86 ,23.85 ,23.84 ,23.88 ,23.89 ,23.85 ,23.87 ,23.9 ,23.85 ,23.77 ,23.77 ,23.67 ,23.68 ,23.8 ,23.86 ,23.84 ,23.85 ,23.89 ,23.86 ,23.82 ,23.87 ,23.77 ,23.77 ,23.82 ,23.85 ,23.93 ,23.91 ,23.83 ,23.82 ,23.81 ,23.8 ,23.9 ,23.94 ,23.9 ,23.87 ,23.87 ,23.89 ,23.89 ,23.88 ,23.84 ,23.83 ,23.91 ,23.84 ,23.82 ,23.77 ,23.79 ,23.82 ,23.81 ,23.85 ,23.86 ,23.87 ,23.91 ,23.81 ,23.86 ,23.88 ,23.87 ,23.9 ,23.77 ,23.86 ,23.76 ,23.75 ,23.78 ,23.89 ,23.98 ,24 ,24.06 ,24.08 ,24.08 ,24.11 ,24.18 ,24.12 ,24.09 ,24.11 ,24.11 ,24.19 ,24.16 ,24.05 ,24.04 ,24.16 ,24.17 ,24.17 ,24.21 ,24.18 ,24.1 ,24.1 ,24.11 ,24.05 ,24.04 ,24.15 ,24.22 ,24.14 ,23.96 ,23.9 ,23.77 ,23.82 ,23.8 ,23.79 ,23.75 ,23.75 ,23.86 ,23.9 ,24.01 ,24.08 ,24.11 ,24.15 ,24.03 ,24.06 ,24.06 ,24.1 ,24.13 ,24.09 ,24.09 ,24.11 ,24.18 ,24.06 ,24.01 ,24.08 ,23.97 ,24.02 ,24.03 ,24.09 ,24.1 ,23.93 ,23.81 ,23.79 ,23.78 ,23.7 ,23.63 ,23.66 ,23.65 ,23.82 ,23.83 ,23.79 ,23.73 ,23.67 ,23.78 ,23.85 ,23.76 ,23.74 ,23.75 ,23.78 ,23.74 ,23.64 ,23.7 ,23.68 ,23.65 ,23.6 ,23.42 ,23.5 ,23.61 ,23.75 ,23.68 ,23.74 ,23.81 ,23.75 ,23.75 ,23.78 ,23.78 ,23.79 ,23.75 ,23.94 ,23.83 ,23.7 ,23.71 ,23.53 ,23.62 ,23.77 ,23.79 ,23.81 ,23.83 ,23.73 ,23.68 ,23.73 ,23.72 ,23.79 ,23.8 ,23.78 ,23.78 ,23.67 ,23.69 ,23.8 ,23.78 ,23.67 ,23.65 ,23.64 ,23.67 ,23.68 ,23.81 ,23.83 ,23.77 ,23.67 ,23.61 ,23.57 ,23.67 ,23.72 ,23.73 ,23.74 ,23.76 ,23.7 ,23.56 ,23.51 ,23.54 ,23.48 ,23.38 ,23.48 ,23.54 ,23.57 ,23.59 ,23.56 ,23.39 ,23.41 ,23.31 ,23.38 ,23.33 ,23.41 ,23.37 ,23.34 ,23.28 ,23.26 ,23.24 ,23.35 ,23.41 ,23.41 ,23.43 ,23.38 ,23.38 ,23.36 ,23.51 ,23.45 ,23.29 ,23.38 ,23.49 ,23.48 ,23.35 ,23.37 ,23.43 ,23.47 ,23.49 ,23.45 ,23.37 ,23.31 ,23.25 ,23.27 ,23.35 ,23.47 ,23.41 ,23.37 ,23.46 ,23.44 ,23.39 ,23.36 ,23.41 ,23.41 ,23.36 ,23.37 ,23.36 ,23.39 ,23.22 ,23.22 ,23.29 ,23.23 ,23.25 ,23.38 ,23.25 ,23.18 ,23.21 ,23.23 ,23.18 ,23.2 ,23.13 ,23.2 ,23.16 ,23.07 ,23.1 ,23.12 ,23.24 ,23.21 ,23.15 ,23.19 ,23.19 ,23.16 ,23.1 ,23.09 ,23.13 ,23.26 ,23.31 ,23.14 ,23.02 ,22.96 ,23.1 ,23.12 ,22.99 ,22.98 ,
188,23.4 ,23.4 ,23.46 ,23.4 ,23.35 ,23.43 ,23.32 ,23.3 ,23.39 ,23.35 ,23.32 ,23.44 ,23.44 ,23.42 ,23.54 ,23.48 ,23.41 ,23.5 ,23.5 ,23.45 ,23.35 ,23.33 ,23.29 ,23.25 ,23.33 ,23.39 ,23.39 ,23.46 ,23.46 ,23.42 ,23.41 ,23.44 ,23.39 ,23.49 ,23.5 ,23.47 ,23.45 ,23.54 ,23.48 ,23.5 ,23.57 ,23.54 ,23.6 ,23.61 ,23.58 ,23.55 ,23.57 ,23.7 ,23.67 ,23.67 ,23.56 ,23.51 ,23.65 ,23.65 ,23.67 ,23.64 ,23.68 ,23.59 ,23.61 ,23.66 ,23.65 ,23.63 ,23.67 ,23.6 ,23.59 ,23.63 ,23.66 ,23.69 ,23.64 ,23.65 ,23.63 ,23.69 ,23.6 ,23.54 ,23.67 ,23.71 ,23.67 ,23.75 ,23.63 ,23.64 ,23.71 ,23.65 ,23.64 ,23.65 ,23.6 ,23.64 ,23.69 ,23.73 ,23.72 ,23.62 ,23.63 ,23.66 ,23.71 ,23.72 ,23.73 ,23.75 ,23.65 ,23.56 ,23.61 ,23.66 ,23.65 ,23.71 ,23.73 ,23.69 ,23.76 ,23.81 ,23.74 ,23.7 ,23.72 ,23.69 ,23.74 ,23.73 ,23.75 ,23.77 ,23.77 ,23.75 ,23.76 ,23.73 ,23.75 ,23.78 ,23.78 ,23.7 ,23.68 ,23.83 ,23.83 ,23.79 ,23.83 ,23.86 ,23.87 ,23.74 ,23.74 ,23.88 ,23.77 ,23.8 ,23.81 ,23.8 ,23.75 ,23.73 ,23.75 ,23.8 ,23.68 ,23.75 ,23.75 ,23.66 ,23.73 ,23.7 ,23.7 ,23.7 ,23.76 ,23.8 ,23.81 ,23.82 ,23.72 ,23.8 ,23.83 ,23.79 ,23.76 ,23.8 ,23.76 ,23.73 ,23.76 ,23.87 ,23.78 ,23.76 ,23.78 ,23.82 ,23.77 ,23.82 ,23.78 ,23.85 ,23.83 ,23.81 ,23.79 ,23.73 ,23.76 ,23.84 ,23.78 ,23.75 ,23.79 ,23.76 ,23.81 ,23.83 ,23.8 ,23.78 ,23.77 ,23.85 ,23.77 ,23.72 ,23.8 ,23.78 ,23.78 ,23.74 ,23.76 ,23.72 ,23.76 ,23.74 ,23.76 ,23.75 ,23.69 ,23.69 ,23.74 ,23.78 ,23.81 ,23.77 ,23.85 ,23.91 ,23.81 ,23.86 ,23.88 ,23.9 ,23.9 ,23.89 ,23.9 ,23.86 ,23.89 ,23.83 ,23.83 ,23.86 ,23.82 ,23.79 ,23.9 ,23.94 ,23.86 ,23.83 ,23.9 ,23.85 ,23.76 ,23.75 ,23.76 ,23.76 ,23.73 ,23.66 ,23.64 ,23.58 ,23.54 ,23.5 ,23.48 ,23.41 ,23.36 ,23.48 ,23.59 ,23.63 ,23.64 ,23.6 ,23.61 ,23.42 ,23.33 ,23.46 ,23.61 ,23.59 ,23.61 ,23.54 ,23.53 ,23.59 ,23.68 ,23.57 ,23.65 ,23.72 ,23.72 ,23.65 ,23.66 ,23.62 ,23.71 ,23.65 ,23.68 ,23.62 ,23.59 ,23.71 ,23.73 ,23.66 ,23.53 ,23.57 ,23.69 ,23.69 ,23.66 ,23.64 ,23.59 ,23.67 ,23.63 ,23.57 ,23.68 ,23.72 ,23.66 ,23.64 ,23.69 ,23.62 ,23.63 ,23.65 ,23.59 ,23.6 ,23.7 ,23.65 ,23.61 ,23.68 ,23.75 ,23.77 ,23.73 ,23.67 ,23.6 ,23.62 ,23.7 ,23.74 ,23.66 ,23.64 ,23.56 ,23.64 ,23.71 ,23.72 ,23.68 ,23.69 ,23.67 ,23.66 ,23.59 ,23.71 ,23.66 ,23.63 ,23.58 ,23.43 ,23.49 ,23.57 ,23.71 ,23.7 ,23.59 ,23.57 ,23.67 ,23.65 ,23.63 ,23.67 ,23.66 ,23.63 ,23.63 ,23.61 ,23.65 ,23.65 ,23.7 ,23.6 ,23.56 ,23.61 ,23.74 ,23.68 ,23.66 ,23.65 ,23.61 ,23.79 ,23.9 ,23.84 ,23.87 ,23.87 ,23.83 ,23.85 ,23.88 ,23.91 ,23.92 ,23.87 ,23.93 ,23.83 ,23.79 ,23.77 ,23.75 ,23.7 ,23.8 ,23.79 ,23.78 ,23.83 ,23.85 ,23.87 ,23.8 ,23.82 ,23.81 ,23.73 ,23.75 ,23.85 ,23.93 ,23.91 ,23.82 ,23.9 ,23.87 ,23.81 ,23.91 ,23.97 ,23.94 ,23.88 ,23.94 ,24.01 ,23.88 ,23.9 ,23.93 ,23.87 ,23.85 ,23.87 ,23.84 ,23.84 ,23.78 ,23.82 ,23.79 ,23.82 ,23.85 ,23.88 ,23.89 ,23.9 ,23.8 ,23.77 ,23.81 ,23.89 ,23.83 ,23.86 ,23.87 ,23.84 ,23.86 ,23.9 ,23.95 ,23.97 ,24.06 ,24.09 ,24.06 ,24.03 ,24.15 ,24.17 ,24.14 ,24.12 ,24.19 ,24.23 ,24.2 ,24.11 ,24.03 ,24.13 ,24.12 ,24.17 ,24.17 ,24.19 ,24.07 ,24.04 ,24.1 ,24.06 ,24.07 ,24.14 ,24.21 ,24.21 ,24.05 ,23.87 ,23.8 ,23.8 ,23.81 ,23.79 ,23.8 ,23.81 ,23.81 ,23.89 ,24.03 ,24.14 ,24.12 ,24.14 ,24.04 ,24.11 ,24.1 ,24.18 ,24.11 ,24.07 ,24.07 ,24.09 ,24.1 ,24.07 ,24.04 ,24.09 ,24.12 ,24.04 ,24.03 ,24.04 ,24.12 ,23.88 ,23.73 ,23.72 ,23.66 ,23.68 ,23.67 ,23.68 ,23.73 ,23.86 ,23.78 ,23.72 ,23.65 ,23.7 ,23.75 ,23.81 ,23.8 ,23.76 ,23.75 ,23.73 ,23.71 ,23.69 ,23.66 ,23.62 ,23.6 ,23.53 ,23.46 ,23.5 ,23.58 ,23.65 ,23.69 ,23.72 ,23.82 ,23.67 ,23.66 ,23.61 ,23.75 ,23.79 ,23.7 ,23.84 ,23.83 ,23.72 ,23.68 ,23.55 ,23.66 ,23.85 ,23.76 ,23.71 ,23.81 ,23.72 ,23.67 ,23.74 ,23.71 ,23.73 ,23.77 ,23.73 ,23.83 ,23.74 ,23.78 ,23.8 ,23.81 ,23.73 ,23.68 ,23.63 ,23.69 ,23.72 ,23.76 ,23.8 ,23.78 ,23.71 ,23.67 ,23.56 ,23.58 ,23.72 ,23.66 ,23.67 ,23.64 ,23.57 ,23.57 ,23.54 ,23.51 ,23.47 ,23.35 ,23.47 ,23.53 ,23.59 ,23.64 ,23.51 ,23.41 ,23.34 ,23.29 ,23.44 ,23.4 ,23.37 ,23.39 ,23.32 ,23.33 ,23.26 ,23.21 ,23.37 ,23.46 ,23.52 ,23.47 ,23.46 ,23.46 ,23.48 ,23.43 ,23.41 ,23.34 ,23.4 ,23.46 ,23.41 ,23.36 ,23.32 ,23.38 ,23.45 ,23.41 ,23.46 ,23.39 ,23.37 ,23.34 ,23.31 ,23.34 ,23.37 ,23.36 ,23.36 ,23.38 ,23.38 ,23.5 ,23.43 ,23.28 ,23.35 ,23.35 ,23.36 ,23.39 ,23.31 ,23.24 ,23.3 ,23.3 ,23.25 ,23.27 ,23.27 ,23.22 ,23.16 ,23.16 ,23.15 ,23.12 ,23.27 ,23.19 ,23.18 ,23.21 ,23.03 ,23.08 ,23.21 ,23.25 ,23.25 ,23.09 ,23.08 ,23.23 ,23.19 ,23.11 ,23.12 ,23.11 ,23.2 ,23.23 ,23.1 ,23.09 ,23.12 ,23.12 ,23.12 ,23.03 ,23.04 ,
189,23.44 ,23.39 ,23.47 ,23.35 ,23.39 ,23.41 ,23.39 ,23.3 ,23.34 ,23.37 ,23.36 ,23.4 ,23.41 ,23.37 ,23.37 ,23.4 ,23.35 ,23.38 ,23.42 ,23.34 ,23.25 ,23.29 ,23.34 ,23.22 ,23.25 ,23.4 ,23.36 ,23.42 ,23.47 ,23.45 ,23.38 ,23.36 ,23.39 ,23.47 ,23.55 ,23.54 ,23.52 ,23.53 ,23.47 ,23.48 ,23.55 ,23.59 ,23.59 ,23.51 ,23.58 ,23.65 ,23.67 ,23.65 ,23.56 ,23.59 ,23.54 ,23.55 ,23.62 ,23.64 ,23.63 ,23.64 ,23.67 ,23.57 ,23.64 ,23.71 ,23.68 ,23.64 ,23.61 ,23.59 ,23.66 ,23.67 ,23.69 ,23.63 ,23.58 ,23.64 ,23.69 ,23.71 ,23.74 ,23.65 ,23.64 ,23.73 ,23.73 ,23.69 ,23.63 ,23.64 ,23.7 ,23.6 ,23.61 ,23.64 ,23.62 ,23.68 ,23.72 ,23.72 ,23.67 ,23.57 ,23.54 ,23.62 ,23.65 ,23.67 ,23.66 ,23.71 ,23.64 ,23.62 ,23.61 ,23.66 ,23.65 ,23.7 ,23.78 ,23.71 ,23.78 ,23.77 ,23.71 ,23.63 ,23.71 ,23.66 ,23.65 ,23.75 ,23.73 ,23.7 ,23.72 ,23.71 ,23.69 ,23.72 ,23.75 ,23.76 ,23.77 ,23.66 ,23.68 ,23.73 ,23.8 ,23.78 ,23.78 ,23.75 ,23.75 ,23.77 ,23.67 ,23.83 ,23.78 ,23.73 ,23.75 ,23.78 ,23.73 ,23.7 ,23.75 ,23.77 ,23.67 ,23.72 ,23.79 ,23.75 ,23.67 ,23.68 ,23.74 ,23.75 ,23.71 ,23.82 ,23.84 ,23.81 ,23.82 ,23.85 ,23.78 ,23.8 ,23.74 ,23.75 ,23.77 ,23.74 ,23.77 ,23.74 ,23.74 ,23.77 ,23.8 ,23.75 ,23.76 ,23.83 ,23.72 ,23.76 ,23.81 ,23.76 ,23.82 ,23.82 ,23.78 ,23.78 ,23.7 ,23.66 ,23.71 ,23.72 ,23.77 ,23.79 ,23.76 ,23.75 ,23.67 ,23.69 ,23.75 ,23.73 ,23.78 ,23.7 ,23.69 ,23.68 ,23.76 ,23.68 ,23.7 ,23.71 ,23.72 ,23.72 ,23.66 ,23.69 ,23.79 ,23.77 ,23.84 ,23.87 ,23.81 ,23.84 ,23.8 ,23.8 ,23.83 ,23.88 ,23.87 ,23.89 ,23.89 ,23.83 ,23.83 ,23.8 ,23.81 ,23.87 ,23.85 ,23.85 ,23.9 ,23.97 ,23.89 ,23.78 ,23.84 ,23.86 ,23.77 ,23.73 ,23.76 ,23.74 ,23.72 ,23.66 ,23.63 ,23.58 ,23.56 ,23.56 ,23.52 ,23.32 ,23.41 ,23.46 ,23.51 ,23.68 ,23.63 ,23.52 ,23.48 ,23.4 ,23.41 ,23.47 ,23.55 ,23.66 ,23.62 ,23.59 ,23.66 ,23.59 ,23.64 ,23.59 ,23.62 ,23.65 ,23.61 ,23.55 ,23.54 ,23.63 ,23.75 ,23.69 ,23.64 ,23.65 ,23.6 ,23.66 ,23.69 ,23.66 ,23.57 ,23.59 ,23.64 ,23.72 ,23.68 ,23.67 ,23.65 ,23.73 ,23.65 ,23.61 ,23.64 ,23.76 ,23.7 ,23.6 ,23.69 ,23.65 ,23.58 ,23.63 ,23.62 ,23.64 ,23.68 ,23.62 ,23.54 ,23.66 ,23.76 ,23.77 ,23.74 ,23.64 ,23.65 ,23.65 ,23.65 ,23.73 ,23.65 ,23.62 ,23.63 ,23.63 ,23.65 ,23.65 ,23.67 ,23.63 ,23.67 ,23.72 ,23.65 ,23.67 ,23.71 ,23.69 ,23.59 ,23.51 ,23.48 ,23.62 ,23.6 ,23.64 ,23.62 ,23.62 ,23.63 ,23.61 ,23.58 ,23.64 ,23.65 ,23.62 ,23.65 ,23.61 ,23.62 ,23.72 ,23.72 ,23.65 ,23.58 ,23.66 ,23.72 ,23.71 ,23.63 ,23.58 ,23.66 ,23.79 ,23.91 ,23.91 ,23.85 ,23.88 ,23.84 ,23.9 ,23.83 ,23.83 ,23.92 ,23.9 ,23.86 ,23.78 ,23.79 ,23.78 ,23.77 ,23.78 ,23.77 ,23.78 ,23.8 ,23.83 ,23.84 ,23.81 ,23.78 ,23.83 ,23.85 ,23.89 ,23.79 ,23.81 ,23.85 ,23.9 ,23.84 ,23.84 ,23.79 ,23.82 ,23.93 ,24 ,23.87 ,23.78 ,23.79 ,23.99 ,23.9 ,23.85 ,23.91 ,23.88 ,23.82 ,23.82 ,23.83 ,23.84 ,23.81 ,23.79 ,23.8 ,23.83 ,23.8 ,23.85 ,23.87 ,23.87 ,23.8 ,23.81 ,23.84 ,23.9 ,23.81 ,23.8 ,23.74 ,23.81 ,23.89 ,23.86 ,23.86 ,23.96 ,24.03 ,24.09 ,24.09 ,24.14 ,24.16 ,24.18 ,24.2 ,24.17 ,24.22 ,24.16 ,24.13 ,24.21 ,24.18 ,24.22 ,24.11 ,24.15 ,24.2 ,24.16 ,24.08 ,24.12 ,24.13 ,24.07 ,24.09 ,24.14 ,24.17 ,24.17 ,24.12 ,23.94 ,23.85 ,23.85 ,23.86 ,23.84 ,23.8 ,23.85 ,23.74 ,23.85 ,24.05 ,24.13 ,24.11 ,24.15 ,24.12 ,24.12 ,24.07 ,24.14 ,24.17 ,24.11 ,24.07 ,24.06 ,24.03 ,24 ,23.99 ,24.02 ,24.11 ,24.12 ,24.05 ,24.06 ,24.02 ,23.82 ,23.68 ,23.69 ,23.59 ,23.7 ,23.77 ,23.82 ,23.89 ,23.91 ,23.76 ,23.68 ,23.68 ,23.74 ,23.71 ,23.68 ,23.67 ,23.73 ,23.75 ,23.71 ,23.61 ,23.73 ,23.77 ,23.69 ,23.68 ,23.57 ,23.46 ,23.57 ,23.69 ,23.63 ,23.71 ,23.76 ,23.84 ,23.78 ,23.71 ,23.73 ,23.76 ,23.8 ,23.68 ,23.72 ,23.77 ,23.73 ,23.65 ,23.61 ,23.66 ,23.79 ,23.81 ,23.73 ,23.72 ,23.76 ,23.75 ,23.83 ,23.79 ,23.76 ,23.81 ,23.77 ,23.85 ,23.82 ,23.78 ,23.86 ,23.78 ,23.82 ,23.67 ,23.67 ,23.7 ,23.74 ,23.74 ,23.74 ,23.69 ,23.72 ,23.66 ,23.58 ,23.61 ,23.68 ,23.69 ,23.65 ,23.58 ,23.59 ,23.52 ,23.53 ,23.37 ,23.35 ,23.33 ,23.45 ,23.48 ,23.49 ,23.6 ,23.48 ,23.4 ,23.42 ,23.4 ,23.53 ,23.37 ,23.36 ,23.38 ,23.34 ,23.36 ,23.31 ,23.31 ,23.38 ,23.41 ,23.44 ,23.41 ,23.4 ,23.45 ,23.41 ,23.42 ,23.45 ,23.36 ,23.41 ,23.41 ,23.38 ,23.27 ,23.32 ,23.35 ,23.37 ,23.33 ,23.43 ,23.46 ,23.43 ,23.34 ,23.35 ,23.4 ,23.4 ,23.4 ,23.39 ,23.37 ,23.3 ,23.46 ,23.43 ,23.35 ,23.3 ,23.27 ,23.3 ,23.37 ,23.35 ,23.31 ,23.27 ,23.32 ,23.23 ,23.27 ,23.36 ,23.24 ,23.12 ,23.14 ,23.18 ,23.14 ,23.25 ,23.2 ,23.13 ,23.14 ,23.12 ,23.08 ,23.14 ,23.15 ,23.17 ,23.11 ,23.06 ,23.09 ,23.19 ,23.09 ,23 ,23.06 ,23.18 ,23.18 ,23.04 ,23.02 ,23.19 ,23.1 ,23.15 ,23.1 ,23.02 ,
190,23.39 ,23.4 ,23.4 ,23.29 ,23.29 ,23.33 ,23.39 ,23.32 ,23.31 ,23.31 ,23.32 ,23.36 ,23.38 ,23.39 ,23.45 ,23.38 ,23.36 ,23.44 ,23.37 ,23.27 ,23.21 ,23.26 ,23.32 ,23.24 ,23.27 ,23.39 ,23.38 ,23.34 ,23.44 ,23.39 ,23.39 ,23.33 ,23.39 ,23.52 ,23.48 ,23.53 ,23.53 ,23.53 ,23.55 ,23.49 ,23.46 ,23.52 ,23.57 ,23.47 ,23.46 ,23.6 ,23.62 ,23.61 ,23.58 ,23.61 ,23.59 ,23.6 ,23.71 ,23.58 ,23.62 ,23.65 ,23.63 ,23.62 ,23.58 ,23.66 ,23.62 ,23.67 ,23.61 ,23.59 ,23.66 ,23.66 ,23.65 ,23.66 ,23.62 ,23.61 ,23.6 ,23.64 ,23.68 ,23.72 ,23.67 ,23.7 ,23.72 ,23.7 ,23.58 ,23.65 ,23.7 ,23.62 ,23.61 ,23.65 ,23.63 ,23.68 ,23.67 ,23.71 ,23.69 ,23.57 ,23.58 ,23.6 ,23.64 ,23.73 ,23.7 ,23.66 ,23.66 ,23.61 ,23.67 ,23.67 ,23.69 ,23.7 ,23.72 ,23.62 ,23.7 ,23.74 ,23.7 ,23.65 ,23.63 ,23.65 ,23.69 ,23.73 ,23.69 ,23.68 ,23.68 ,23.65 ,23.68 ,23.71 ,23.74 ,23.72 ,23.65 ,23.67 ,23.7 ,23.72 ,23.75 ,23.76 ,23.75 ,23.67 ,23.69 ,23.63 ,23.7 ,23.78 ,23.81 ,23.78 ,23.69 ,23.68 ,23.71 ,23.75 ,23.84 ,23.86 ,23.71 ,23.76 ,23.8 ,23.71 ,23.67 ,23.68 ,23.73 ,23.66 ,23.72 ,23.87 ,23.85 ,23.82 ,23.91 ,23.88 ,23.81 ,23.82 ,23.77 ,23.71 ,23.82 ,23.82 ,23.83 ,23.72 ,23.73 ,23.81 ,23.79 ,23.76 ,23.74 ,23.79 ,23.73 ,23.75 ,23.78 ,23.73 ,23.7 ,23.77 ,23.78 ,23.75 ,23.73 ,23.69 ,23.7 ,23.73 ,23.72 ,23.73 ,23.74 ,23.71 ,23.71 ,23.74 ,23.72 ,23.74 ,23.69 ,23.71 ,23.7 ,23.73 ,23.7 ,23.67 ,23.7 ,23.62 ,23.69 ,23.77 ,23.64 ,23.66 ,23.8 ,23.8 ,23.85 ,23.84 ,23.83 ,23.92 ,23.91 ,23.83 ,23.82 ,23.84 ,23.84 ,23.82 ,23.86 ,23.87 ,23.84 ,23.89 ,23.86 ,23.85 ,23.91 ,23.84 ,23.87 ,23.88 ,23.82 ,23.72 ,23.75 ,23.77 ,23.67 ,23.68 ,23.73 ,23.71 ,23.7 ,23.65 ,23.63 ,23.62 ,23.57 ,23.53 ,23.45 ,23.31 ,23.42 ,23.55 ,23.51 ,23.69 ,23.66 ,23.51 ,23.49 ,23.38 ,23.41 ,23.5 ,23.51 ,23.66 ,23.67 ,23.55 ,23.64 ,23.64 ,23.63 ,23.65 ,23.68 ,23.63 ,23.54 ,23.58 ,23.6 ,23.64 ,23.69 ,23.68 ,23.61 ,23.66 ,23.66 ,23.63 ,23.65 ,23.62 ,23.63 ,23.63 ,23.64 ,23.63 ,23.71 ,23.66 ,23.63 ,23.74 ,23.67 ,23.65 ,23.65 ,23.67 ,23.7 ,23.58 ,23.64 ,23.66 ,23.61 ,23.63 ,23.54 ,23.58 ,23.61 ,23.56 ,23.57 ,23.58 ,23.67 ,23.75 ,23.67 ,23.62 ,23.62 ,23.62 ,23.64 ,23.67 ,23.57 ,23.54 ,23.58 ,23.61 ,23.58 ,23.65 ,23.63 ,23.58 ,23.64 ,23.74 ,23.64 ,23.57 ,23.64 ,23.62 ,23.55 ,23.47 ,23.55 ,23.61 ,23.59 ,23.6 ,23.61 ,23.58 ,23.66 ,23.58 ,23.57 ,23.59 ,23.62 ,23.65 ,23.69 ,23.65 ,23.56 ,23.68 ,23.69 ,23.68 ,23.71 ,23.72 ,23.7 ,23.63 ,23.63 ,23.6 ,23.66 ,23.81 ,23.89 ,23.88 ,23.87 ,23.75 ,23.83 ,23.89 ,23.88 ,23.79 ,23.88 ,23.9 ,23.82 ,23.74 ,23.78 ,23.81 ,23.78 ,23.8 ,23.81 ,23.83 ,23.86 ,23.85 ,23.82 ,23.8 ,23.74 ,23.79 ,23.83 ,23.93 ,23.87 ,23.8 ,23.85 ,23.88 ,23.82 ,23.78 ,23.74 ,23.8 ,23.91 ,23.93 ,23.86 ,23.79 ,23.77 ,23.92 ,23.83 ,23.84 ,23.81 ,23.81 ,23.84 ,23.85 ,23.83 ,23.84 ,23.82 ,23.76 ,23.78 ,23.84 ,23.79 ,23.82 ,23.91 ,23.9 ,23.79 ,23.76 ,23.86 ,23.93 ,23.88 ,23.74 ,23.75 ,23.79 ,23.79 ,23.88 ,23.97 ,23.98 ,24.09 ,24.15 ,24.13 ,24.19 ,24.2 ,24.18 ,24.23 ,24.24 ,24.15 ,24.15 ,24.12 ,24.15 ,24.12 ,24.16 ,24.16 ,24.12 ,24.15 ,24.17 ,24.14 ,24.15 ,24.17 ,24.1 ,24.14 ,24.19 ,24.1 ,24.11 ,24.06 ,23.97 ,23.88 ,23.89 ,23.9 ,23.87 ,23.84 ,23.85 ,23.74 ,23.81 ,23.99 ,24.11 ,24.04 ,24.11 ,24.14 ,24.08 ,24.07 ,24.12 ,24.12 ,24.11 ,24.05 ,24.09 ,23.99 ,23.97 ,23.99 ,24.11 ,24.03 ,24.13 ,24.07 ,24.04 ,23.95 ,23.86 ,23.73 ,23.69 ,23.7 ,23.73 ,23.86 ,23.87 ,23.98 ,23.9 ,23.79 ,23.73 ,23.67 ,23.79 ,23.75 ,23.78 ,23.74 ,23.72 ,23.7 ,23.7 ,23.58 ,23.63 ,23.73 ,23.6 ,23.61 ,23.61 ,23.51 ,23.61 ,23.65 ,23.67 ,23.7 ,23.82 ,23.86 ,23.79 ,23.7 ,23.67 ,23.76 ,23.84 ,23.79 ,23.81 ,23.78 ,23.77 ,23.73 ,23.61 ,23.61 ,23.77 ,23.84 ,23.8 ,23.71 ,23.75 ,23.83 ,23.75 ,23.76 ,23.73 ,23.75 ,23.88 ,23.82 ,23.8 ,23.73 ,23.78 ,23.86 ,23.83 ,23.74 ,23.64 ,23.66 ,23.73 ,23.76 ,23.71 ,23.75 ,23.69 ,23.64 ,23.63 ,23.68 ,23.66 ,23.62 ,23.58 ,23.55 ,23.66 ,23.58 ,23.56 ,23.45 ,23.37 ,23.28 ,23.37 ,23.51 ,23.45 ,23.54 ,23.52 ,23.49 ,23.49 ,23.46 ,23.49 ,23.33 ,23.23 ,23.4 ,23.32 ,23.29 ,23.28 ,23.27 ,23.38 ,23.4 ,23.35 ,23.33 ,23.33 ,23.36 ,23.42 ,23.42 ,23.4 ,23.27 ,23.36 ,23.39 ,23.39 ,23.23 ,23.25 ,23.44 ,23.45 ,23.39 ,23.34 ,23.39 ,23.44 ,23.33 ,23.35 ,23.39 ,23.43 ,23.41 ,23.47 ,23.41 ,23.32 ,23.4 ,23.43 ,23.37 ,23.39 ,23.31 ,23.29 ,23.38 ,23.35 ,23.35 ,23.23 ,23.23 ,23.22 ,23.13 ,23.37 ,23.36 ,23.3 ,23.17 ,23.16 ,23.08 ,23.22 ,23.24 ,23.11 ,23.07 ,23.09 ,23.07 ,23 ,23.11 ,23.1 ,23.18 ,23.14 ,23.13 ,23.15 ,23.12 ,23.08 ,23.09 ,23.16 ,23.17 ,23.1 ,23.05 ,23.07 ,23.13 ,23.16 ,23.06 ,22.98 ,
191,23.4 ,23.32 ,23.42 ,23.33 ,23.2 ,23.37 ,23.46 ,23.38 ,23.3 ,23.31 ,23.33 ,23.39 ,23.4 ,23.42 ,23.52 ,23.51 ,23.38 ,23.46 ,23.35 ,23.31 ,23.3 ,23.28 ,23.38 ,23.29 ,23.38 ,23.41 ,23.44 ,23.43 ,23.41 ,23.41 ,23.39 ,23.4 ,23.44 ,23.48 ,23.49 ,23.52 ,23.51 ,23.53 ,23.53 ,23.53 ,23.55 ,23.53 ,23.55 ,23.47 ,23.47 ,23.52 ,23.64 ,23.62 ,23.59 ,23.63 ,23.61 ,23.56 ,23.6 ,23.54 ,23.53 ,23.66 ,23.63 ,23.63 ,23.55 ,23.6 ,23.57 ,23.68 ,23.68 ,23.71 ,23.72 ,23.66 ,23.61 ,23.66 ,23.64 ,23.62 ,23.6 ,23.68 ,23.68 ,23.68 ,23.7 ,23.65 ,23.69 ,23.65 ,23.61 ,23.64 ,23.66 ,23.59 ,23.62 ,23.61 ,23.66 ,23.63 ,23.61 ,23.68 ,23.76 ,23.63 ,23.63 ,23.72 ,23.7 ,23.71 ,23.79 ,23.79 ,23.81 ,23.69 ,23.73 ,23.77 ,23.65 ,23.64 ,23.66 ,23.61 ,23.65 ,23.72 ,23.76 ,23.72 ,23.7 ,23.67 ,23.73 ,23.66 ,23.69 ,23.68 ,23.71 ,23.64 ,23.72 ,23.74 ,23.72 ,23.75 ,23.67 ,23.64 ,23.68 ,23.74 ,23.79 ,23.74 ,23.75 ,23.77 ,23.7 ,23.59 ,23.63 ,23.82 ,23.83 ,23.76 ,23.69 ,23.75 ,23.72 ,23.77 ,23.85 ,23.83 ,23.73 ,23.7 ,23.71 ,23.69 ,23.76 ,23.71 ,23.73 ,23.7 ,23.72 ,23.86 ,23.91 ,23.86 ,23.91 ,23.83 ,23.72 ,23.79 ,23.72 ,23.65 ,23.7 ,23.76 ,23.79 ,23.72 ,23.71 ,23.81 ,23.79 ,23.75 ,23.78 ,23.81 ,23.73 ,23.65 ,23.71 ,23.69 ,23.69 ,23.7 ,23.74 ,23.72 ,23.7 ,23.7 ,23.71 ,23.75 ,23.78 ,23.72 ,23.71 ,23.7 ,23.7 ,23.73 ,23.68 ,23.61 ,23.63 ,23.6 ,23.57 ,23.66 ,23.65 ,23.66 ,23.75 ,23.7 ,23.66 ,23.78 ,23.68 ,23.65 ,23.73 ,23.8 ,23.81 ,23.8 ,23.88 ,23.92 ,23.85 ,23.83 ,23.86 ,23.88 ,23.86 ,23.84 ,23.85 ,23.89 ,23.93 ,23.93 ,23.91 ,23.84 ,23.85 ,23.86 ,23.9 ,23.9 ,23.83 ,23.77 ,23.77 ,23.72 ,23.66 ,23.61 ,23.7 ,23.74 ,23.68 ,23.6 ,23.63 ,23.54 ,23.48 ,23.43 ,23.47 ,23.42 ,23.45 ,23.57 ,23.54 ,23.62 ,23.65 ,23.58 ,23.54 ,23.4 ,23.43 ,23.54 ,23.57 ,23.63 ,23.68 ,23.61 ,23.54 ,23.61 ,23.65 ,23.69 ,23.72 ,23.67 ,23.59 ,23.6 ,23.66 ,23.6 ,23.66 ,23.68 ,23.66 ,23.62 ,23.67 ,23.64 ,23.56 ,23.58 ,23.58 ,23.54 ,23.61 ,23.61 ,23.64 ,23.7 ,23.66 ,23.62 ,23.59 ,23.67 ,23.69 ,23.67 ,23.72 ,23.69 ,23.6 ,23.57 ,23.61 ,23.63 ,23.6 ,23.63 ,23.65 ,23.62 ,23.59 ,23.61 ,23.64 ,23.69 ,23.65 ,23.6 ,23.58 ,23.6 ,23.66 ,23.6 ,23.53 ,23.55 ,23.56 ,23.62 ,23.59 ,23.66 ,23.65 ,23.59 ,23.55 ,23.62 ,23.61 ,23.56 ,23.6 ,23.56 ,23.51 ,23.42 ,23.58 ,23.63 ,23.6 ,23.61 ,23.66 ,23.65 ,23.62 ,23.64 ,23.61 ,23.68 ,23.64 ,23.67 ,23.69 ,23.72 ,23.64 ,23.68 ,23.69 ,23.61 ,23.68 ,23.71 ,23.64 ,23.66 ,23.7 ,23.6 ,23.66 ,23.84 ,23.92 ,23.82 ,23.85 ,23.81 ,23.79 ,23.87 ,23.89 ,23.84 ,23.85 ,23.9 ,23.83 ,23.78 ,23.81 ,23.85 ,23.87 ,23.84 ,23.83 ,23.86 ,23.81 ,23.8 ,23.86 ,23.86 ,23.81 ,23.78 ,23.87 ,23.91 ,23.83 ,23.78 ,23.91 ,23.84 ,23.77 ,23.79 ,23.77 ,23.85 ,23.93 ,23.84 ,23.82 ,23.8 ,23.85 ,23.91 ,23.89 ,23.82 ,23.85 ,23.88 ,23.88 ,23.85 ,23.9 ,23.85 ,23.86 ,23.77 ,23.83 ,23.85 ,23.87 ,23.88 ,23.87 ,23.85 ,23.77 ,23.75 ,23.88 ,23.9 ,23.85 ,23.79 ,23.76 ,23.8 ,23.79 ,23.83 ,23.98 ,23.98 ,24.08 ,24.17 ,24.14 ,24.1 ,24.11 ,24.13 ,24.18 ,24.28 ,24.18 ,24.07 ,24.15 ,24.15 ,24.12 ,24.16 ,24.17 ,24.11 ,24.12 ,24.19 ,24.15 ,24.11 ,24.2 ,24.14 ,24.13 ,24.18 ,24.2 ,24.14 ,24.1 ,24.01 ,23.99 ,24 ,24.03 ,23.98 ,23.85 ,23.86 ,23.74 ,23.82 ,23.92 ,24.04 ,24.11 ,24.1 ,24.17 ,24.09 ,24.02 ,24.1 ,24.11 ,24.01 ,24.03 ,24.1 ,24.08 ,24.01 ,24.07 ,24.07 ,24.07 ,24.13 ,24.11 ,23.95 ,23.9 ,23.82 ,23.73 ,23.64 ,23.74 ,23.86 ,23.9 ,24.01 ,23.97 ,23.96 ,23.85 ,23.8 ,23.75 ,23.75 ,23.66 ,23.76 ,23.69 ,23.76 ,23.71 ,23.67 ,23.62 ,23.65 ,23.77 ,23.73 ,23.57 ,23.64 ,23.59 ,23.63 ,23.63 ,23.67 ,23.72 ,23.82 ,23.83 ,23.82 ,23.73 ,23.67 ,23.73 ,23.77 ,23.8 ,23.85 ,23.83 ,23.76 ,23.79 ,23.71 ,23.68 ,23.86 ,23.87 ,23.78 ,23.74 ,23.74 ,23.79 ,23.81 ,23.81 ,23.73 ,23.67 ,23.79 ,23.75 ,23.72 ,23.72 ,23.71 ,23.79 ,23.84 ,23.74 ,23.69 ,23.66 ,23.81 ,23.78 ,23.66 ,23.69 ,23.74 ,23.66 ,23.63 ,23.71 ,23.77 ,23.7 ,23.63 ,23.56 ,23.67 ,23.65 ,23.48 ,23.4 ,23.37 ,23.36 ,23.41 ,23.53 ,23.54 ,23.54 ,23.48 ,23.43 ,23.48 ,23.43 ,23.48 ,23.36 ,23.33 ,23.36 ,23.35 ,23.3 ,23.26 ,23.35 ,23.41 ,23.4 ,23.42 ,23.42 ,23.31 ,23.34 ,23.48 ,23.55 ,23.41 ,23.3 ,23.39 ,23.43 ,23.37 ,23.24 ,23.25 ,23.4 ,23.44 ,23.42 ,23.45 ,23.38 ,23.38 ,23.43 ,23.29 ,23.41 ,23.49 ,23.4 ,23.47 ,23.34 ,23.28 ,23.45 ,23.41 ,23.35 ,23.36 ,23.33 ,23.33 ,23.46 ,23.43 ,23.31 ,23.38 ,23.36 ,23.31 ,23.16 ,23.28 ,23.33 ,23.31 ,23.27 ,23.11 ,23.08 ,23.23 ,23.27 ,23.12 ,22.99 ,23 ,23.1 ,23.06 ,23.12 ,23.1 ,23.13 ,23.17 ,23.24 ,23.17 ,23.07 ,23.05 ,23.09 ,23.18 ,23.17 ,23.14 ,23.17 ,23.09 ,23.09 ,23.14 ,23.02 ,22.91 ,
192,23.47 ,23.33 ,23.34 ,23.39 ,23.29 ,23.4 ,23.47 ,23.44 ,23.33 ,23.3 ,23.37 ,23.39 ,23.45 ,23.39 ,23.43 ,23.5 ,23.45 ,23.47 ,23.47 ,23.32 ,23.36 ,23.34 ,23.4 ,23.34 ,23.3 ,23.43 ,23.44 ,23.38 ,23.42 ,23.35 ,23.41 ,23.42 ,23.46 ,23.52 ,23.52 ,23.56 ,23.58 ,23.57 ,23.45 ,23.49 ,23.57 ,23.55 ,23.53 ,23.53 ,23.64 ,23.61 ,23.64 ,23.66 ,23.68 ,23.63 ,23.56 ,23.59 ,23.56 ,23.53 ,23.58 ,23.62 ,23.6 ,23.66 ,23.62 ,23.61 ,23.61 ,23.61 ,23.61 ,23.65 ,23.69 ,23.7 ,23.67 ,23.62 ,23.63 ,23.65 ,23.61 ,23.67 ,23.74 ,23.71 ,23.65 ,23.67 ,23.61 ,23.62 ,23.67 ,23.63 ,23.62 ,23.59 ,23.61 ,23.59 ,23.57 ,23.68 ,23.66 ,23.69 ,23.73 ,23.66 ,23.62 ,23.7 ,23.71 ,23.67 ,23.69 ,23.69 ,23.75 ,23.76 ,23.75 ,23.74 ,23.69 ,23.63 ,23.62 ,23.63 ,23.71 ,23.7 ,23.72 ,23.72 ,23.72 ,23.73 ,23.75 ,23.7 ,23.73 ,23.72 ,23.76 ,23.7 ,23.62 ,23.7 ,23.76 ,23.76 ,23.74 ,23.7 ,23.73 ,23.76 ,23.77 ,23.81 ,23.73 ,23.79 ,23.81 ,23.67 ,23.68 ,23.79 ,23.79 ,23.74 ,23.71 ,23.75 ,23.74 ,23.76 ,23.78 ,23.87 ,23.76 ,23.69 ,23.73 ,23.75 ,23.83 ,23.75 ,23.75 ,23.73 ,23.72 ,23.84 ,23.87 ,23.84 ,23.8 ,23.84 ,23.78 ,23.73 ,23.68 ,23.63 ,23.64 ,23.69 ,23.72 ,23.72 ,23.77 ,23.78 ,23.78 ,23.76 ,23.86 ,23.83 ,23.8 ,23.71 ,23.67 ,23.71 ,23.68 ,23.69 ,23.68 ,23.71 ,23.72 ,23.71 ,23.64 ,23.72 ,23.76 ,23.74 ,23.7 ,23.7 ,23.61 ,23.65 ,23.59 ,23.56 ,23.57 ,23.55 ,23.57 ,23.55 ,23.58 ,23.63 ,23.73 ,23.77 ,23.65 ,23.69 ,23.68 ,23.74 ,23.8 ,23.83 ,23.87 ,23.82 ,23.83 ,23.88 ,23.84 ,23.79 ,23.86 ,23.9 ,23.93 ,23.9 ,23.87 ,23.88 ,23.81 ,23.85 ,23.84 ,23.83 ,23.82 ,23.91 ,23.86 ,23.84 ,23.82 ,23.76 ,23.79 ,23.74 ,23.69 ,23.66 ,23.64 ,23.71 ,23.67 ,23.61 ,23.68 ,23.55 ,23.49 ,23.4 ,23.36 ,23.46 ,23.51 ,23.54 ,23.56 ,23.62 ,23.66 ,23.57 ,23.47 ,23.35 ,23.39 ,23.55 ,23.65 ,23.66 ,23.64 ,23.66 ,23.64 ,23.6 ,23.69 ,23.65 ,23.68 ,23.67 ,23.58 ,23.55 ,23.66 ,23.66 ,23.65 ,23.7 ,23.73 ,23.68 ,23.66 ,23.68 ,23.62 ,23.6 ,23.6 ,23.56 ,23.6 ,23.61 ,23.62 ,23.62 ,23.66 ,23.64 ,23.54 ,23.6 ,23.65 ,23.68 ,23.71 ,23.69 ,23.68 ,23.56 ,23.56 ,23.64 ,23.65 ,23.72 ,23.68 ,23.57 ,23.54 ,23.6 ,23.65 ,23.65 ,23.58 ,23.67 ,23.64 ,23.55 ,23.59 ,23.58 ,23.52 ,23.51 ,23.54 ,23.61 ,23.67 ,23.61 ,23.66 ,23.61 ,23.63 ,23.59 ,23.62 ,23.66 ,23.68 ,23.62 ,23.52 ,23.43 ,23.54 ,23.67 ,23.65 ,23.62 ,23.73 ,23.72 ,23.69 ,23.67 ,23.65 ,23.6 ,23.64 ,23.63 ,23.65 ,23.69 ,23.74 ,23.72 ,23.71 ,23.65 ,23.61 ,23.68 ,23.64 ,23.67 ,23.69 ,23.59 ,23.63 ,23.83 ,23.85 ,23.81 ,23.87 ,23.86 ,23.85 ,23.84 ,23.82 ,23.85 ,23.84 ,23.88 ,23.88 ,23.86 ,23.79 ,23.82 ,23.85 ,23.89 ,23.88 ,23.87 ,23.83 ,23.82 ,23.82 ,23.79 ,23.82 ,23.84 ,23.87 ,23.88 ,23.81 ,23.8 ,23.83 ,23.8 ,23.79 ,23.81 ,23.88 ,23.91 ,23.89 ,23.79 ,23.78 ,23.8 ,23.79 ,23.85 ,23.87 ,23.81 ,23.82 ,23.9 ,23.91 ,23.87 ,23.86 ,23.85 ,23.87 ,23.79 ,23.75 ,23.77 ,23.82 ,23.97 ,23.9 ,23.84 ,23.86 ,23.88 ,23.84 ,23.9 ,23.88 ,23.8 ,23.75 ,23.74 ,23.84 ,23.88 ,23.98 ,24.04 ,24.06 ,24.16 ,24.13 ,24.16 ,24.13 ,24.1 ,24.13 ,24.24 ,24.26 ,24.13 ,24.13 ,24.2 ,24.12 ,24.14 ,24.16 ,24.11 ,24.21 ,24.2 ,24.14 ,24.12 ,24.19 ,24.16 ,24.13 ,24.12 ,24.07 ,24.1 ,24.07 ,24.12 ,24.1 ,24.1 ,24.14 ,24.08 ,23.98 ,23.77 ,23.65 ,23.8 ,23.87 ,23.99 ,24.05 ,24.09 ,24.18 ,24.13 ,24.09 ,24.07 ,24.1 ,24.05 ,24.03 ,24.08 ,24.08 ,24.1 ,24.14 ,24.11 ,24.05 ,24.07 ,24.1 ,23.96 ,23.87 ,23.79 ,23.74 ,23.64 ,23.7 ,23.83 ,23.89 ,24.02 ,24.01 ,23.94 ,23.78 ,23.77 ,23.77 ,23.8 ,23.72 ,23.71 ,23.64 ,23.69 ,23.71 ,23.7 ,23.69 ,23.71 ,23.76 ,23.82 ,23.68 ,23.6 ,23.65 ,23.65 ,23.69 ,23.71 ,23.68 ,23.74 ,23.73 ,23.73 ,23.76 ,23.75 ,23.8 ,23.79 ,23.76 ,23.77 ,23.72 ,23.65 ,23.7 ,23.8 ,23.76 ,23.8 ,23.86 ,23.78 ,23.78 ,23.73 ,23.76 ,23.75 ,23.78 ,23.82 ,23.74 ,23.75 ,23.73 ,23.76 ,23.7 ,23.69 ,23.79 ,23.73 ,23.75 ,23.67 ,23.71 ,23.7 ,23.74 ,23.7 ,23.67 ,23.74 ,23.74 ,23.63 ,23.64 ,23.73 ,23.77 ,23.67 ,23.61 ,23.65 ,23.62 ,23.48 ,23.4 ,23.36 ,23.38 ,23.48 ,23.59 ,23.47 ,23.52 ,23.49 ,23.47 ,23.47 ,23.43 ,23.43 ,23.43 ,23.47 ,23.45 ,23.33 ,23.32 ,23.25 ,23.3 ,23.38 ,23.43 ,23.44 ,23.42 ,23.39 ,23.36 ,23.48 ,23.51 ,23.46 ,23.37 ,23.4 ,23.46 ,23.46 ,23.39 ,23.37 ,23.42 ,23.4 ,23.44 ,23.44 ,23.37 ,23.37 ,23.36 ,23.32 ,23.35 ,23.46 ,23.48 ,23.44 ,23.45 ,23.37 ,23.42 ,23.41 ,23.32 ,23.41 ,23.39 ,23.39 ,23.37 ,23.33 ,23.36 ,23.35 ,23.43 ,23.32 ,23.29 ,23.36 ,23.33 ,23.24 ,23.19 ,23.15 ,23.03 ,23.15 ,23.19 ,23.07 ,23 ,22.94 ,22.95 ,23.07 ,23.02 ,23.08 ,23.05 ,23.04 ,23.07 ,23.12 ,22.98 ,23.12 ,23.14 ,23.11 ,23.13 ,23.07 ,23.11 ,23.21 ,23.16 ,23.13 ,23.01 ,22.93 ,
193,23.4 ,23.36 ,23.42 ,23.37 ,23.36 ,23.43 ,23.46 ,23.39 ,23.4 ,23.37 ,23.34 ,23.34 ,23.38 ,23.34 ,23.39 ,23.45 ,23.49 ,23.54 ,23.5 ,23.39 ,23.31 ,23.39 ,23.37 ,23.35 ,23.33 ,23.32 ,23.36 ,23.33 ,23.36 ,23.38 ,23.42 ,23.39 ,23.41 ,23.55 ,23.6 ,23.56 ,23.54 ,23.64 ,23.63 ,23.56 ,23.53 ,23.6 ,23.65 ,23.54 ,23.61 ,23.62 ,23.65 ,23.67 ,23.71 ,23.65 ,23.52 ,23.59 ,23.67 ,23.62 ,23.61 ,23.66 ,23.62 ,23.63 ,23.72 ,23.66 ,23.64 ,23.66 ,23.63 ,23.62 ,23.66 ,23.67 ,23.66 ,23.67 ,23.68 ,23.65 ,23.7 ,23.67 ,23.67 ,23.73 ,23.7 ,23.74 ,23.72 ,23.63 ,23.67 ,23.66 ,23.66 ,23.59 ,23.61 ,23.65 ,23.63 ,23.66 ,23.71 ,23.69 ,23.65 ,23.57 ,23.64 ,23.67 ,23.7 ,23.72 ,23.65 ,23.65 ,23.68 ,23.69 ,23.74 ,23.69 ,23.67 ,23.74 ,23.72 ,23.56 ,23.74 ,23.73 ,23.73 ,23.7 ,23.71 ,23.75 ,23.76 ,23.8 ,23.77 ,23.7 ,23.67 ,23.72 ,23.7 ,23.73 ,23.79 ,23.75 ,23.74 ,23.75 ,23.82 ,23.85 ,23.8 ,23.77 ,23.75 ,23.79 ,23.81 ,23.81 ,23.77 ,23.79 ,23.78 ,23.78 ,23.73 ,23.76 ,23.76 ,23.75 ,23.79 ,23.84 ,23.85 ,23.8 ,23.76 ,23.77 ,23.8 ,23.83 ,23.79 ,23.75 ,23.79 ,23.88 ,23.84 ,23.76 ,23.78 ,23.75 ,23.8 ,23.71 ,23.67 ,23.72 ,23.74 ,23.72 ,23.8 ,23.75 ,23.76 ,23.78 ,23.77 ,23.77 ,23.87 ,23.86 ,23.75 ,23.73 ,23.72 ,23.65 ,23.71 ,23.73 ,23.71 ,23.68 ,23.72 ,23.77 ,23.64 ,23.56 ,23.6 ,23.67 ,23.67 ,23.68 ,23.63 ,23.54 ,23.61 ,23.55 ,23.54 ,23.54 ,23.6 ,23.57 ,23.56 ,23.57 ,23.68 ,23.76 ,23.77 ,23.72 ,23.81 ,23.83 ,23.79 ,23.77 ,23.85 ,23.84 ,23.82 ,23.85 ,23.91 ,23.83 ,23.77 ,23.85 ,23.9 ,23.91 ,23.76 ,23.75 ,23.76 ,23.72 ,23.7 ,23.7 ,23.85 ,23.81 ,23.8 ,23.8 ,23.81 ,23.82 ,23.78 ,23.68 ,23.67 ,23.75 ,23.71 ,23.77 ,23.72 ,23.62 ,23.6 ,23.57 ,23.55 ,23.41 ,23.36 ,23.51 ,23.57 ,23.63 ,23.61 ,23.62 ,23.67 ,23.59 ,23.5 ,23.38 ,23.38 ,23.47 ,23.55 ,23.63 ,23.6 ,23.58 ,23.68 ,23.7 ,23.66 ,23.65 ,23.65 ,23.71 ,23.62 ,23.61 ,23.65 ,23.65 ,23.71 ,23.73 ,23.67 ,23.61 ,23.61 ,23.67 ,23.68 ,23.59 ,23.53 ,23.59 ,23.64 ,23.66 ,23.64 ,23.65 ,23.62 ,23.69 ,23.57 ,23.56 ,23.62 ,23.61 ,23.64 ,23.56 ,23.65 ,23.62 ,23.65 ,23.63 ,23.62 ,23.67 ,23.64 ,23.56 ,23.54 ,23.59 ,23.64 ,23.63 ,23.62 ,23.67 ,23.7 ,23.61 ,23.59 ,23.51 ,23.5 ,23.54 ,23.53 ,23.58 ,23.68 ,23.69 ,23.66 ,23.6 ,23.69 ,23.75 ,23.63 ,23.65 ,23.63 ,23.64 ,23.56 ,23.44 ,23.53 ,23.62 ,23.62 ,23.64 ,23.67 ,23.67 ,23.65 ,23.65 ,23.61 ,23.62 ,23.61 ,23.61 ,23.63 ,23.68 ,23.7 ,23.69 ,23.6 ,23.6 ,23.63 ,23.69 ,23.71 ,23.71 ,23.7 ,23.57 ,23.59 ,23.82 ,23.88 ,23.77 ,23.84 ,23.92 ,23.84 ,23.89 ,23.85 ,23.83 ,23.79 ,23.8 ,23.85 ,23.91 ,23.8 ,23.82 ,23.8 ,23.88 ,23.87 ,23.85 ,23.9 ,23.92 ,23.88 ,23.75 ,23.81 ,23.83 ,23.83 ,23.83 ,23.82 ,23.89 ,23.91 ,23.89 ,23.86 ,23.8 ,23.82 ,23.87 ,23.87 ,23.77 ,23.71 ,23.75 ,23.72 ,23.7 ,23.71 ,23.75 ,23.74 ,23.78 ,23.84 ,23.78 ,23.89 ,23.87 ,23.79 ,23.8 ,23.81 ,23.82 ,23.81 ,23.83 ,23.89 ,23.72 ,23.79 ,23.95 ,23.94 ,23.85 ,23.86 ,23.86 ,23.81 ,23.8 ,23.79 ,23.86 ,23.92 ,24.02 ,24.1 ,24.15 ,24.18 ,24.18 ,24.19 ,24.06 ,24.06 ,24.16 ,24.23 ,24.16 ,24.13 ,24.17 ,24.1 ,24.16 ,24.19 ,24.14 ,24.19 ,24.2 ,24.14 ,24.2 ,24.25 ,24.18 ,24.18 ,24.22 ,24.13 ,24.09 ,24.07 ,24.14 ,24.12 ,24.12 ,24.08 ,24.1 ,24.03 ,23.83 ,23.67 ,23.73 ,23.85 ,24.01 ,24.05 ,24.11 ,24.15 ,24.11 ,24.07 ,24.19 ,24.06 ,24.08 ,24.03 ,24.17 ,24.07 ,24.08 ,24.11 ,24.14 ,24.1 ,24.07 ,24.09 ,23.96 ,23.85 ,23.8 ,23.74 ,23.74 ,23.81 ,23.87 ,23.98 ,24.06 ,24.09 ,23.97 ,23.84 ,23.81 ,23.97 ,23.74 ,23.68 ,23.75 ,23.67 ,23.66 ,23.7 ,23.73 ,23.67 ,23.67 ,23.71 ,23.78 ,23.65 ,23.59 ,23.57 ,23.58 ,23.64 ,23.69 ,23.67 ,23.71 ,23.73 ,23.74 ,23.78 ,23.78 ,23.84 ,23.81 ,23.77 ,23.75 ,23.79 ,23.75 ,23.68 ,23.75 ,23.86 ,23.83 ,23.79 ,23.81 ,23.78 ,23.73 ,23.64 ,23.71 ,23.7 ,23.8 ,23.82 ,23.76 ,23.75 ,23.82 ,23.79 ,23.69 ,23.76 ,23.79 ,23.72 ,23.77 ,23.78 ,23.73 ,23.73 ,23.76 ,23.75 ,23.74 ,23.7 ,23.65 ,23.6 ,23.68 ,23.65 ,23.58 ,23.54 ,23.56 ,23.49 ,23.45 ,23.49 ,23.38 ,23.31 ,23.43 ,23.51 ,23.42 ,23.49 ,23.57 ,23.54 ,23.52 ,23.43 ,23.44 ,23.45 ,23.47 ,23.43 ,23.33 ,23.34 ,23.22 ,23.3 ,23.36 ,23.55 ,23.55 ,23.36 ,23.28 ,23.41 ,23.54 ,23.53 ,23.37 ,23.37 ,23.36 ,23.33 ,23.43 ,23.43 ,23.41 ,23.34 ,23.48 ,23.49 ,23.46 ,23.31 ,23.38 ,23.34 ,23.38 ,23.41 ,23.44 ,23.43 ,23.47 ,23.51 ,23.46 ,23.36 ,23.32 ,23.35 ,23.37 ,23.47 ,23.46 ,23.38 ,23.28 ,23.31 ,23.36 ,23.37 ,23.3 ,23.32 ,23.36 ,23.28 ,23.19 ,23.07 ,23.14 ,23.14 ,23.08 ,23.18 ,23.15 ,23.05 ,22.94 ,22.91 ,23 ,23.03 ,22.97 ,22.96 ,23 ,22.98 ,23.01 ,22.98 ,22.99 ,23.06 ,23.06 ,23.09 ,23.04 ,23.03 ,23.14 ,23.07 ,23.12 ,23.1 ,23.02 ,
194,23.38 ,23.33 ,23.43 ,23.41 ,23.27 ,23.37 ,23.38 ,23.35 ,23.4 ,23.4 ,23.33 ,23.28 ,23.36 ,23.32 ,23.36 ,23.44 ,23.38 ,23.43 ,23.4 ,23.3 ,23.27 ,23.31 ,23.37 ,23.32 ,23.35 ,23.48 ,23.38 ,23.37 ,23.42 ,23.44 ,23.44 ,23.38 ,23.35 ,23.48 ,23.5 ,23.55 ,23.54 ,23.68 ,23.71 ,23.56 ,23.56 ,23.61 ,23.59 ,23.58 ,23.6 ,23.69 ,23.6 ,23.61 ,23.57 ,23.71 ,23.56 ,23.54 ,23.56 ,23.61 ,23.55 ,23.6 ,23.63 ,23.62 ,23.6 ,23.59 ,23.61 ,23.7 ,23.68 ,23.62 ,23.68 ,23.65 ,23.63 ,23.69 ,23.63 ,23.6 ,23.61 ,23.68 ,23.71 ,23.72 ,23.74 ,23.73 ,23.72 ,23.71 ,23.71 ,23.64 ,23.71 ,23.68 ,23.61 ,23.61 ,23.65 ,23.68 ,23.68 ,23.7 ,23.7 ,23.57 ,23.6 ,23.68 ,23.71 ,23.66 ,23.65 ,23.67 ,23.71 ,23.67 ,23.68 ,23.71 ,23.63 ,23.69 ,23.71 ,23.65 ,23.74 ,23.73 ,23.73 ,23.67 ,23.65 ,23.74 ,23.74 ,23.77 ,23.77 ,23.68 ,23.67 ,23.66 ,23.74 ,23.73 ,23.78 ,23.79 ,23.76 ,23.7 ,23.73 ,23.85 ,23.83 ,23.82 ,23.8 ,23.83 ,23.78 ,23.74 ,23.82 ,23.84 ,23.86 ,23.89 ,23.77 ,23.74 ,23.77 ,23.77 ,23.76 ,23.85 ,23.89 ,23.82 ,23.78 ,23.75 ,23.76 ,23.72 ,23.73 ,23.78 ,23.8 ,23.87 ,23.89 ,23.76 ,23.77 ,23.77 ,23.74 ,23.65 ,23.72 ,23.73 ,23.75 ,23.77 ,23.76 ,23.68 ,23.68 ,23.7 ,23.65 ,23.68 ,23.69 ,23.66 ,23.58 ,23.62 ,23.64 ,23.56 ,23.58 ,23.69 ,23.65 ,23.65 ,23.67 ,23.71 ,23.68 ,23.58 ,23.61 ,23.6 ,23.57 ,23.52 ,23.58 ,23.56 ,23.5 ,23.49 ,23.51 ,23.56 ,23.55 ,23.58 ,23.68 ,23.63 ,23.62 ,23.73 ,23.77 ,23.79 ,23.79 ,23.8 ,23.68 ,23.77 ,23.79 ,23.74 ,23.73 ,23.8 ,23.78 ,23.77 ,23.76 ,23.79 ,23.77 ,23.79 ,23.68 ,23.67 ,23.64 ,23.64 ,23.71 ,23.73 ,23.81 ,23.87 ,23.87 ,23.86 ,23.81 ,23.76 ,23.85 ,23.73 ,23.7 ,23.76 ,23.76 ,23.76 ,23.68 ,23.65 ,23.65 ,23.59 ,23.47 ,23.45 ,23.46 ,23.55 ,23.55 ,23.64 ,23.6 ,23.6 ,23.59 ,23.57 ,23.52 ,23.44 ,23.43 ,23.41 ,23.51 ,23.56 ,23.56 ,23.54 ,23.67 ,23.69 ,23.64 ,23.62 ,23.65 ,23.69 ,23.69 ,23.63 ,23.64 ,23.64 ,23.69 ,23.64 ,23.62 ,23.61 ,23.64 ,23.66 ,23.65 ,23.54 ,23.55 ,23.55 ,23.63 ,23.61 ,23.66 ,23.66 ,23.65 ,23.64 ,23.61 ,23.56 ,23.6 ,23.56 ,23.58 ,23.64 ,23.66 ,23.65 ,23.67 ,23.7 ,23.58 ,23.64 ,23.58 ,23.61 ,23.62 ,23.69 ,23.68 ,23.67 ,23.68 ,23.66 ,23.71 ,23.64 ,23.59 ,23.57 ,23.54 ,23.54 ,23.69 ,23.65 ,23.69 ,23.71 ,23.65 ,23.61 ,23.64 ,23.71 ,23.65 ,23.64 ,23.63 ,23.59 ,23.51 ,23.42 ,23.46 ,23.51 ,23.54 ,23.63 ,23.67 ,23.65 ,23.65 ,23.63 ,23.66 ,23.72 ,23.7 ,23.6 ,23.66 ,23.72 ,23.68 ,23.67 ,23.63 ,23.56 ,23.64 ,23.7 ,23.72 ,23.73 ,23.71 ,23.63 ,23.71 ,23.89 ,23.86 ,23.75 ,23.9 ,23.93 ,23.89 ,23.9 ,23.84 ,23.8 ,23.81 ,23.81 ,23.86 ,23.87 ,23.85 ,23.86 ,23.83 ,23.89 ,23.9 ,23.82 ,23.84 ,23.88 ,23.87 ,23.79 ,23.76 ,23.81 ,23.82 ,23.81 ,23.81 ,23.88 ,23.88 ,23.86 ,23.82 ,23.82 ,23.79 ,23.69 ,23.69 ,23.65 ,23.62 ,23.64 ,23.65 ,23.59 ,23.64 ,23.67 ,23.69 ,23.74 ,23.75 ,23.64 ,23.68 ,23.81 ,23.79 ,23.78 ,23.84 ,23.86 ,23.83 ,23.83 ,23.85 ,23.73 ,23.74 ,23.85 ,23.86 ,23.85 ,23.79 ,23.79 ,23.75 ,23.8 ,23.83 ,23.79 ,23.91 ,23.96 ,24.03 ,24.19 ,24.1 ,24.19 ,24.15 ,24.1 ,24.07 ,24.12 ,24.1 ,24.16 ,24.16 ,24.14 ,24.05 ,24.13 ,24.17 ,24.15 ,24.18 ,24.16 ,24.15 ,24.22 ,24.27 ,24.23 ,24.17 ,24.2 ,24.21 ,24.22 ,24.11 ,24.12 ,24.08 ,24.12 ,24.07 ,24.12 ,23.96 ,23.85 ,23.68 ,23.62 ,23.83 ,23.98 ,24.08 ,24.17 ,24.17 ,24.1 ,24.02 ,24.17 ,24.13 ,24.11 ,24.1 ,24.09 ,24.03 ,24.06 ,24.09 ,24.09 ,24.09 ,24.1 ,24.09 ,23.95 ,23.78 ,23.79 ,23.79 ,23.75 ,23.78 ,23.82 ,23.99 ,24.07 ,24.07 ,23.97 ,23.8 ,23.79 ,23.76 ,23.65 ,23.69 ,23.72 ,23.66 ,23.66 ,23.74 ,23.74 ,23.65 ,23.64 ,23.65 ,23.74 ,23.65 ,23.56 ,23.55 ,23.55 ,23.63 ,23.7 ,23.69 ,23.74 ,23.74 ,23.78 ,23.78 ,23.7 ,23.74 ,23.71 ,23.75 ,23.82 ,23.77 ,23.76 ,23.81 ,23.79 ,23.78 ,23.78 ,23.74 ,23.75 ,23.81 ,23.65 ,23.59 ,23.67 ,23.76 ,23.83 ,23.83 ,23.82 ,23.84 ,23.79 ,23.8 ,23.72 ,23.76 ,23.81 ,23.76 ,23.73 ,23.65 ,23.75 ,23.75 ,23.67 ,23.7 ,23.78 ,23.69 ,23.71 ,23.68 ,23.69 ,23.65 ,23.63 ,23.6 ,23.55 ,23.48 ,23.39 ,23.33 ,23.31 ,23.26 ,23.39 ,23.53 ,23.44 ,23.44 ,23.54 ,23.51 ,23.48 ,23.55 ,23.48 ,23.49 ,23.42 ,23.33 ,23.26 ,23.35 ,23.24 ,23.33 ,23.32 ,23.38 ,23.45 ,23.32 ,23.28 ,23.31 ,23.45 ,23.4 ,23.33 ,23.34 ,23.41 ,23.38 ,23.38 ,23.37 ,23.33 ,23.36 ,23.47 ,23.53 ,23.38 ,23.41 ,23.51 ,23.44 ,23.38 ,23.42 ,23.48 ,23.44 ,23.39 ,23.45 ,23.35 ,23.35 ,23.32 ,23.39 ,23.38 ,23.47 ,23.5 ,23.4 ,23.3 ,23.35 ,23.34 ,23.33 ,23.24 ,23.27 ,23.32 ,23.29 ,23.27 ,23.08 ,23.14 ,23.12 ,23.09 ,23.06 ,23.05 ,22.96 ,22.98 ,22.88 ,23.01 ,23.07 ,23.05 ,23.04 ,23.01 ,22.98 ,22.98 ,22.96 ,23.06 ,22.97 ,22.99 ,22.97 ,22.99 ,22.99 ,22.96 ,22.96 ,23 ,23.2 ,23.13 ,
195,23.36 ,23.34 ,23.35 ,23.33 ,23.31 ,23.31 ,23.4 ,23.44 ,23.42 ,23.33 ,23.29 ,23.34 ,23.4 ,23.39 ,23.4 ,23.39 ,23.36 ,23.47 ,23.37 ,23.29 ,23.24 ,23.24 ,23.38 ,23.38 ,23.37 ,23.48 ,23.45 ,23.34 ,23.42 ,23.42 ,23.44 ,23.35 ,23.35 ,23.45 ,23.55 ,23.52 ,23.5 ,23.64 ,23.72 ,23.65 ,23.58 ,23.56 ,23.52 ,23.51 ,23.48 ,23.61 ,23.68 ,23.55 ,23.52 ,23.55 ,23.53 ,23.51 ,23.53 ,23.51 ,23.48 ,23.53 ,23.57 ,23.65 ,23.6 ,23.61 ,23.62 ,23.63 ,23.57 ,23.58 ,23.59 ,23.62 ,23.62 ,23.67 ,23.5 ,23.52 ,23.63 ,23.68 ,23.66 ,23.75 ,23.68 ,23.67 ,23.64 ,23.68 ,23.65 ,23.64 ,23.67 ,23.67 ,23.71 ,23.75 ,23.66 ,23.64 ,23.69 ,23.67 ,23.74 ,23.57 ,23.59 ,23.65 ,23.66 ,23.7 ,23.63 ,23.65 ,23.7 ,23.61 ,23.57 ,23.62 ,23.69 ,23.64 ,23.64 ,23.7 ,23.75 ,23.71 ,23.71 ,23.67 ,23.7 ,23.68 ,23.61 ,23.71 ,23.75 ,23.66 ,23.7 ,23.63 ,23.68 ,23.73 ,23.79 ,23.79 ,23.79 ,23.74 ,23.74 ,23.78 ,23.83 ,23.85 ,23.83 ,23.85 ,23.77 ,23.75 ,23.77 ,23.82 ,23.84 ,23.83 ,23.78 ,23.82 ,23.82 ,23.81 ,23.78 ,23.83 ,23.88 ,23.84 ,23.75 ,23.72 ,23.73 ,23.71 ,23.68 ,23.65 ,23.76 ,23.81 ,23.82 ,23.75 ,23.74 ,23.77 ,23.72 ,23.68 ,23.69 ,23.71 ,23.7 ,23.68 ,23.66 ,23.62 ,23.6 ,23.69 ,23.63 ,23.67 ,23.67 ,23.59 ,23.49 ,23.53 ,23.62 ,23.53 ,23.48 ,23.55 ,23.55 ,23.52 ,23.62 ,23.59 ,23.61 ,23.57 ,23.69 ,23.59 ,23.56 ,23.51 ,23.55 ,23.61 ,23.51 ,23.47 ,23.45 ,23.5 ,23.54 ,23.55 ,23.61 ,23.67 ,23.62 ,23.54 ,23.59 ,23.69 ,23.7 ,23.62 ,23.6 ,23.66 ,23.81 ,23.7 ,23.63 ,23.66 ,23.65 ,23.65 ,23.73 ,23.73 ,23.77 ,23.8 ,23.72 ,23.75 ,23.7 ,23.72 ,23.75 ,23.79 ,23.78 ,23.87 ,23.98 ,23.89 ,23.8 ,23.77 ,23.79 ,23.82 ,23.78 ,23.74 ,23.84 ,23.83 ,23.75 ,23.67 ,23.7 ,23.55 ,23.48 ,23.47 ,23.58 ,23.54 ,23.51 ,23.54 ,23.63 ,23.62 ,23.62 ,23.57 ,23.42 ,23.38 ,23.45 ,23.54 ,23.59 ,23.63 ,23.61 ,23.61 ,23.68 ,23.73 ,23.64 ,23.61 ,23.68 ,23.62 ,23.6 ,23.69 ,23.65 ,23.67 ,23.73 ,23.6 ,23.58 ,23.56 ,23.57 ,23.69 ,23.62 ,23.53 ,23.59 ,23.62 ,23.63 ,23.61 ,23.61 ,23.62 ,23.63 ,23.68 ,23.56 ,23.59 ,23.64 ,23.64 ,23.58 ,23.64 ,23.65 ,23.57 ,23.64 ,23.59 ,23.6 ,23.6 ,23.59 ,23.65 ,23.61 ,23.65 ,23.68 ,23.61 ,23.62 ,23.7 ,23.68 ,23.63 ,23.59 ,23.51 ,23.5 ,23.56 ,23.54 ,23.61 ,23.62 ,23.65 ,23.63 ,23.58 ,23.62 ,23.66 ,23.56 ,23.63 ,23.62 ,23.55 ,23.52 ,23.48 ,23.45 ,23.5 ,23.56 ,23.69 ,23.69 ,23.65 ,23.66 ,23.64 ,23.66 ,23.68 ,23.67 ,23.65 ,23.64 ,23.67 ,23.68 ,23.66 ,23.6 ,23.58 ,23.62 ,23.67 ,23.66 ,23.63 ,23.63 ,23.67 ,23.71 ,23.87 ,23.91 ,23.8 ,23.89 ,23.92 ,23.86 ,23.9 ,23.92 ,23.77 ,23.81 ,23.86 ,23.86 ,23.79 ,23.77 ,23.85 ,23.83 ,23.79 ,23.83 ,23.88 ,23.91 ,23.91 ,23.88 ,23.82 ,23.77 ,23.8 ,23.79 ,23.81 ,23.75 ,23.74 ,23.89 ,23.88 ,23.86 ,23.82 ,23.68 ,23.56 ,23.53 ,23.56 ,23.61 ,23.58 ,23.6 ,23.62 ,23.56 ,23.66 ,23.69 ,23.71 ,23.68 ,23.65 ,23.61 ,23.64 ,23.7 ,23.71 ,23.66 ,23.68 ,23.77 ,23.79 ,23.87 ,23.75 ,23.7 ,23.74 ,23.78 ,23.81 ,23.81 ,23.82 ,23.76 ,23.76 ,23.75 ,23.83 ,23.97 ,23.98 ,24.07 ,24.13 ,24.22 ,24.21 ,24.19 ,24.16 ,24.1 ,24.09 ,24.15 ,24.09 ,24.21 ,24.17 ,24.09 ,24.14 ,24.13 ,24.18 ,24.22 ,24.16 ,24.08 ,24.2 ,24.3 ,24.25 ,24.1 ,24.13 ,24.21 ,24.18 ,24.04 ,24.09 ,24.11 ,24.12 ,24.11 ,24.07 ,24.04 ,23.82 ,23.71 ,23.7 ,23.78 ,24.01 ,24.14 ,24.21 ,24.18 ,24.16 ,24.07 ,24.11 ,24.12 ,24.08 ,24.07 ,24 ,23.99 ,24.08 ,24.08 ,24.12 ,24.13 ,24.18 ,24.13 ,23.94 ,23.83 ,23.77 ,23.7 ,23.75 ,23.78 ,23.86 ,23.96 ,24.07 ,24.06 ,24.01 ,23.83 ,23.76 ,23.71 ,23.65 ,23.67 ,23.67 ,23.65 ,23.68 ,23.71 ,23.7 ,23.62 ,23.73 ,23.74 ,23.68 ,23.64 ,23.6 ,23.53 ,23.61 ,23.69 ,23.84 ,23.78 ,23.7 ,23.81 ,23.73 ,23.76 ,23.74 ,23.76 ,23.72 ,23.71 ,23.81 ,23.83 ,23.73 ,23.78 ,23.78 ,23.78 ,23.8 ,23.77 ,23.73 ,23.76 ,23.66 ,23.72 ,23.77 ,23.81 ,23.81 ,23.75 ,23.78 ,23.77 ,23.67 ,23.71 ,23.67 ,23.69 ,23.8 ,23.76 ,23.72 ,23.6 ,23.68 ,23.71 ,23.62 ,23.68 ,23.69 ,23.71 ,23.82 ,23.79 ,23.71 ,23.68 ,23.63 ,23.64 ,23.62 ,23.47 ,23.43 ,23.3 ,23.27 ,23.27 ,23.49 ,23.57 ,23.45 ,23.47 ,23.5 ,23.44 ,23.44 ,23.43 ,23.52 ,23.39 ,23.37 ,23.32 ,23.38 ,23.41 ,23.31 ,23.33 ,23.39 ,23.37 ,23.38 ,23.37 ,23.36 ,23.3 ,23.38 ,23.42 ,23.31 ,23.35 ,23.36 ,23.37 ,23.33 ,23.28 ,23.34 ,23.42 ,23.43 ,23.4 ,23.39 ,23.38 ,23.51 ,23.42 ,23.34 ,23.38 ,23.49 ,23.54 ,23.36 ,23.36 ,23.35 ,23.39 ,23.41 ,23.41 ,23.43 ,23.36 ,23.41 ,23.3 ,23.25 ,23.3 ,23.28 ,23.37 ,23.26 ,23.24 ,23.34 ,23.29 ,23.29 ,23.15 ,23.17 ,23.09 ,23.04 ,23.01 ,22.97 ,22.91 ,22.87 ,22.84 ,22.93 ,22.92 ,22.92 ,22.99 ,22.92 ,22.83 ,23.01 ,22.9 ,23 ,23.06 ,22.98 ,22.91 ,23.04 ,23.05 ,22.94 ,22.92 ,22.99 ,23.12 ,23.12 ,
196,23.36 ,23.33 ,23.41 ,23.35 ,23.35 ,23.33 ,23.4 ,23.39 ,23.4 ,23.29 ,23.33 ,23.4 ,23.46 ,23.53 ,23.42 ,23.45 ,23.42 ,23.46 ,23.44 ,23.33 ,23.28 ,23.31 ,23.38 ,23.37 ,23.44 ,23.41 ,23.39 ,23.4 ,23.36 ,23.35 ,23.38 ,23.38 ,23.38 ,23.53 ,23.57 ,23.62 ,23.49 ,23.61 ,23.64 ,23.59 ,23.63 ,23.56 ,23.52 ,23.56 ,23.45 ,23.57 ,23.66 ,23.65 ,23.54 ,23.52 ,23.41 ,23.46 ,23.51 ,23.54 ,23.52 ,23.57 ,23.57 ,23.67 ,23.67 ,23.58 ,23.57 ,23.61 ,23.63 ,23.65 ,23.67 ,23.65 ,23.66 ,23.68 ,23.57 ,23.55 ,23.62 ,23.67 ,23.68 ,23.71 ,23.7 ,23.66 ,23.63 ,23.68 ,23.69 ,23.68 ,23.69 ,23.61 ,23.66 ,23.63 ,23.67 ,23.72 ,23.78 ,23.71 ,23.6 ,23.54 ,23.55 ,23.64 ,23.62 ,23.6 ,23.59 ,23.66 ,23.7 ,23.66 ,23.6 ,23.66 ,23.71 ,23.71 ,23.62 ,23.65 ,23.75 ,23.7 ,23.73 ,23.71 ,23.75 ,23.66 ,23.61 ,23.67 ,23.75 ,23.72 ,23.65 ,23.71 ,23.68 ,23.76 ,23.83 ,23.74 ,23.73 ,23.69 ,23.69 ,23.74 ,23.8 ,23.81 ,23.78 ,23.77 ,23.71 ,23.69 ,23.72 ,23.76 ,23.69 ,23.83 ,23.72 ,23.75 ,23.82 ,23.84 ,23.75 ,23.72 ,23.7 ,23.79 ,23.76 ,23.67 ,23.7 ,23.74 ,23.69 ,23.66 ,23.71 ,23.77 ,23.77 ,23.74 ,23.75 ,23.74 ,23.74 ,23.67 ,23.63 ,23.66 ,23.76 ,23.71 ,23.64 ,23.59 ,23.6 ,23.62 ,23.65 ,23.62 ,23.66 ,23.68 ,23.55 ,23.59 ,23.65 ,23.57 ,23.52 ,23.55 ,23.57 ,23.55 ,23.55 ,23.59 ,23.6 ,23.57 ,23.64 ,23.6 ,23.52 ,23.59 ,23.61 ,23.65 ,23.57 ,23.53 ,23.52 ,23.51 ,23.56 ,23.56 ,23.61 ,23.63 ,23.71 ,23.59 ,23.53 ,23.71 ,23.7 ,23.69 ,23.68 ,23.69 ,23.8 ,23.75 ,23.66 ,23.76 ,23.71 ,23.67 ,23.7 ,23.72 ,23.79 ,23.79 ,23.78 ,23.73 ,23.81 ,23.78 ,23.82 ,23.79 ,23.76 ,23.84 ,23.84 ,23.8 ,23.72 ,23.7 ,23.79 ,23.79 ,23.81 ,23.77 ,23.81 ,23.88 ,23.86 ,23.65 ,23.65 ,23.61 ,23.57 ,23.53 ,23.64 ,23.64 ,23.6 ,23.57 ,23.58 ,23.57 ,23.6 ,23.59 ,23.45 ,23.29 ,23.42 ,23.54 ,23.63 ,23.64 ,23.61 ,23.64 ,23.63 ,23.62 ,23.64 ,23.66 ,23.7 ,23.65 ,23.56 ,23.65 ,23.66 ,23.64 ,23.69 ,23.65 ,23.61 ,23.63 ,23.56 ,23.65 ,23.59 ,23.55 ,23.56 ,23.56 ,23.63 ,23.65 ,23.58 ,23.6 ,23.61 ,23.68 ,23.65 ,23.61 ,23.68 ,23.69 ,23.59 ,23.64 ,23.65 ,23.55 ,23.66 ,23.6 ,23.56 ,23.62 ,23.62 ,23.7 ,23.6 ,23.64 ,23.67 ,23.7 ,23.62 ,23.67 ,23.69 ,23.57 ,23.56 ,23.56 ,23.52 ,23.61 ,23.59 ,23.6 ,23.6 ,23.67 ,23.66 ,23.62 ,23.67 ,23.74 ,23.58 ,23.6 ,23.6 ,23.53 ,23.56 ,23.52 ,23.51 ,23.62 ,23.62 ,23.71 ,23.63 ,23.63 ,23.66 ,23.63 ,23.65 ,23.6 ,23.58 ,23.69 ,23.67 ,23.61 ,23.58 ,23.67 ,23.58 ,23.57 ,23.68 ,23.73 ,23.64 ,23.56 ,23.58 ,23.67 ,23.82 ,23.84 ,23.92 ,23.95 ,23.86 ,23.9 ,23.86 ,23.85 ,23.87 ,23.87 ,23.87 ,23.85 ,23.75 ,23.7 ,23.74 ,23.87 ,23.83 ,23.76 ,23.8 ,23.89 ,23.95 ,23.92 ,23.92 ,23.85 ,23.81 ,23.9 ,23.8 ,23.87 ,23.9 ,23.8 ,23.84 ,23.93 ,23.82 ,23.71 ,23.61 ,23.58 ,23.59 ,23.56 ,23.6 ,23.67 ,23.61 ,23.65 ,23.63 ,23.68 ,23.65 ,23.66 ,23.69 ,23.56 ,23.59 ,23.66 ,23.6 ,23.63 ,23.57 ,23.53 ,23.64 ,23.67 ,23.64 ,23.7 ,23.65 ,23.74 ,23.75 ,23.81 ,23.8 ,23.8 ,23.73 ,23.78 ,23.84 ,23.81 ,23.95 ,23.94 ,24.08 ,24.19 ,24.2 ,24.15 ,24.11 ,24.21 ,24.12 ,24.13 ,24.17 ,24.12 ,24.12 ,24.24 ,24.2 ,24.21 ,24.14 ,24.17 ,24.17 ,24.15 ,24.08 ,24.04 ,24.22 ,24.18 ,24.14 ,24.13 ,24.18 ,24.16 ,24.11 ,24.14 ,24.08 ,24.11 ,24.17 ,24.02 ,23.91 ,23.87 ,23.74 ,23.72 ,23.74 ,23.88 ,24.11 ,24.2 ,24.2 ,24.16 ,24.1 ,24.13 ,24.2 ,24.1 ,24.04 ,24.06 ,24.07 ,24.12 ,24.09 ,24.09 ,24.12 ,24.12 ,24.05 ,23.94 ,23.8 ,23.74 ,23.75 ,23.82 ,23.85 ,23.94 ,23.99 ,24.07 ,24.06 ,23.98 ,23.86 ,23.79 ,23.74 ,23.71 ,23.7 ,23.67 ,23.65 ,23.68 ,23.67 ,23.67 ,23.67 ,23.8 ,23.81 ,23.75 ,23.62 ,23.63 ,23.59 ,23.68 ,23.82 ,23.85 ,23.81 ,23.76 ,23.85 ,23.83 ,23.76 ,23.8 ,23.83 ,23.8 ,23.8 ,23.86 ,23.8 ,23.79 ,23.79 ,23.75 ,23.75 ,23.82 ,23.82 ,23.83 ,23.8 ,23.7 ,23.72 ,23.82 ,23.79 ,23.79 ,23.71 ,23.76 ,23.73 ,23.66 ,23.66 ,23.72 ,23.7 ,23.73 ,23.66 ,23.61 ,23.57 ,23.64 ,23.65 ,23.72 ,23.7 ,23.69 ,23.7 ,23.74 ,23.75 ,23.68 ,23.73 ,23.72 ,23.7 ,23.63 ,23.57 ,23.47 ,23.39 ,23.33 ,23.33 ,23.47 ,23.53 ,23.48 ,23.39 ,23.45 ,23.42 ,23.44 ,23.5 ,23.49 ,23.49 ,23.42 ,23.38 ,23.39 ,23.46 ,23.28 ,23.23 ,23.27 ,23.37 ,23.36 ,23.33 ,23.36 ,23.43 ,23.4 ,23.44 ,23.36 ,23.33 ,23.32 ,23.39 ,23.33 ,23.3 ,23.4 ,23.41 ,23.44 ,23.41 ,23.47 ,23.35 ,23.39 ,23.4 ,23.33 ,23.37 ,23.43 ,23.48 ,23.42 ,23.34 ,23.4 ,23.4 ,23.45 ,23.39 ,23.33 ,23.37 ,23.31 ,23.28 ,23.31 ,23.34 ,23.29 ,23.3 ,23.27 ,23.31 ,23.41 ,23.42 ,23.24 ,23.23 ,23.24 ,23.1 ,23.05 ,22.96 ,22.95 ,22.8 ,22.77 ,22.82 ,22.89 ,22.84 ,22.77 ,22.84 ,22.8 ,22.8 ,22.96 ,22.89 ,22.97 ,23.02 ,23 ,22.96 ,23.08 ,23.07 ,23.04 ,23.02 ,22.96 ,23.1 ,23.06 ,
197,23.39 ,23.41 ,23.35 ,23.33 ,23.31 ,23.3 ,23.28 ,23.25 ,23.29 ,23.31 ,23.27 ,23.45 ,23.53 ,23.47 ,23.49 ,23.46 ,23.37 ,23.43 ,23.43 ,23.45 ,23.26 ,23.41 ,23.43 ,23.37 ,23.38 ,23.41 ,23.39 ,23.33 ,23.31 ,23.46 ,23.48 ,23.41 ,23.45 ,23.51 ,23.54 ,23.54 ,23.55 ,23.61 ,23.64 ,23.48 ,23.6 ,23.62 ,23.56 ,23.58 ,23.53 ,23.56 ,23.58 ,23.67 ,23.57 ,23.55 ,23.51 ,23.53 ,23.54 ,23.54 ,23.62 ,23.69 ,23.6 ,23.59 ,23.62 ,23.59 ,23.55 ,23.52 ,23.56 ,23.66 ,23.68 ,23.59 ,23.68 ,23.69 ,23.72 ,23.66 ,23.63 ,23.62 ,23.73 ,23.69 ,23.74 ,23.67 ,23.71 ,23.74 ,23.71 ,23.67 ,23.71 ,23.66 ,23.62 ,23.62 ,23.71 ,23.71 ,23.75 ,23.76 ,23.73 ,23.58 ,23.61 ,23.61 ,23.64 ,23.67 ,23.62 ,23.66 ,23.72 ,23.66 ,23.64 ,23.74 ,23.75 ,23.77 ,23.72 ,23.66 ,23.72 ,23.72 ,23.76 ,23.72 ,23.77 ,23.75 ,23.71 ,23.69 ,23.79 ,23.74 ,23.69 ,23.73 ,23.76 ,23.76 ,23.79 ,23.69 ,23.72 ,23.72 ,23.68 ,23.77 ,23.76 ,23.76 ,23.73 ,23.77 ,23.76 ,23.67 ,23.72 ,23.83 ,23.79 ,23.8 ,23.85 ,23.81 ,23.79 ,23.76 ,23.76 ,23.72 ,23.66 ,23.72 ,23.81 ,23.79 ,23.74 ,23.78 ,23.74 ,23.72 ,23.77 ,23.81 ,23.85 ,23.85 ,23.77 ,23.78 ,23.7 ,23.68 ,23.72 ,23.76 ,23.78 ,23.77 ,23.78 ,23.7 ,23.64 ,23.61 ,23.57 ,23.56 ,23.62 ,23.67 ,23.63 ,23.59 ,23.6 ,23.57 ,23.51 ,23.56 ,23.66 ,23.57 ,23.58 ,23.62 ,23.65 ,23.54 ,23.54 ,23.59 ,23.51 ,23.5 ,23.59 ,23.58 ,23.51 ,23.55 ,23.56 ,23.56 ,23.64 ,23.54 ,23.67 ,23.73 ,23.74 ,23.7 ,23.61 ,23.7 ,23.73 ,23.72 ,23.7 ,23.71 ,23.79 ,23.75 ,23.79 ,23.85 ,23.81 ,23.73 ,23.73 ,23.74 ,23.69 ,23.72 ,23.8 ,23.77 ,23.81 ,23.88 ,23.76 ,23.77 ,23.73 ,23.77 ,23.79 ,23.8 ,23.71 ,23.65 ,23.74 ,23.81 ,23.78 ,23.8 ,23.81 ,23.82 ,23.76 ,23.53 ,23.62 ,23.64 ,23.61 ,23.57 ,23.65 ,23.7 ,23.72 ,23.67 ,23.6 ,23.57 ,23.61 ,23.52 ,23.45 ,23.38 ,23.39 ,23.53 ,23.59 ,23.58 ,23.51 ,23.62 ,23.65 ,23.67 ,23.65 ,23.7 ,23.7 ,23.69 ,23.63 ,23.62 ,23.58 ,23.62 ,23.66 ,23.64 ,23.68 ,23.73 ,23.65 ,23.64 ,23.55 ,23.59 ,23.6 ,23.61 ,23.69 ,23.66 ,23.57 ,23.58 ,23.54 ,23.69 ,23.69 ,23.63 ,23.68 ,23.69 ,23.65 ,23.58 ,23.62 ,23.6 ,23.71 ,23.71 ,23.62 ,23.67 ,23.67 ,23.65 ,23.66 ,23.64 ,23.67 ,23.64 ,23.61 ,23.68 ,23.66 ,23.57 ,23.54 ,23.55 ,23.61 ,23.6 ,23.63 ,23.68 ,23.65 ,23.65 ,23.63 ,23.61 ,23.61 ,23.67 ,23.67 ,23.6 ,23.56 ,23.59 ,23.51 ,23.52 ,23.55 ,23.64 ,23.6 ,23.61 ,23.64 ,23.61 ,23.67 ,23.6 ,23.63 ,23.62 ,23.62 ,23.75 ,23.77 ,23.61 ,23.61 ,23.59 ,23.67 ,23.62 ,23.62 ,23.73 ,23.66 ,23.64 ,23.66 ,23.65 ,23.75 ,23.85 ,23.93 ,23.88 ,23.87 ,23.94 ,23.92 ,23.87 ,23.83 ,23.86 ,23.92 ,23.86 ,23.78 ,23.72 ,23.75 ,23.87 ,23.79 ,23.76 ,23.8 ,23.89 ,23.91 ,23.81 ,23.81 ,23.86 ,23.81 ,23.93 ,23.86 ,23.9 ,23.95 ,23.86 ,23.82 ,23.84 ,23.74 ,23.65 ,23.51 ,23.59 ,23.62 ,23.58 ,23.61 ,23.7 ,23.62 ,23.59 ,23.61 ,23.69 ,23.68 ,23.62 ,23.67 ,23.6 ,23.59 ,23.65 ,23.59 ,23.6 ,23.62 ,23.55 ,23.58 ,23.58 ,23.56 ,23.54 ,23.63 ,23.68 ,23.65 ,23.73 ,23.65 ,23.63 ,23.63 ,23.77 ,23.88 ,23.93 ,23.95 ,24 ,24.12 ,24.2 ,24.17 ,24.07 ,24.07 ,24.2 ,24.15 ,24.17 ,24.24 ,24.24 ,24.25 ,24.18 ,24.15 ,24.22 ,24.15 ,24.13 ,24.16 ,24.15 ,24.18 ,24.08 ,24.15 ,24.23 ,24.15 ,24.18 ,24.15 ,24.2 ,24.21 ,24.15 ,24.09 ,24.14 ,24.18 ,24.17 ,23.99 ,23.9 ,23.88 ,23.71 ,23.74 ,23.86 ,23.95 ,24.13 ,24.14 ,24.09 ,24.1 ,24.13 ,24.17 ,24.12 ,24.1 ,24.08 ,24.11 ,24.14 ,24.04 ,24.09 ,24.11 ,24.13 ,24.06 ,23.98 ,23.86 ,23.73 ,23.73 ,23.76 ,23.79 ,23.94 ,24.06 ,24.03 ,24.06 ,23.99 ,23.91 ,23.84 ,23.79 ,23.78 ,23.78 ,23.82 ,23.75 ,23.75 ,23.8 ,23.7 ,23.66 ,23.66 ,23.7 ,23.75 ,23.7 ,23.67 ,23.74 ,23.79 ,23.93 ,23.87 ,23.74 ,23.71 ,23.75 ,23.82 ,23.84 ,23.83 ,23.84 ,23.86 ,23.78 ,23.83 ,23.72 ,23.7 ,23.78 ,23.75 ,23.75 ,23.76 ,23.8 ,23.76 ,23.79 ,23.65 ,23.66 ,23.75 ,23.69 ,23.73 ,23.7 ,23.72 ,23.72 ,23.67 ,23.69 ,23.74 ,23.77 ,23.76 ,23.64 ,23.6 ,23.75 ,23.72 ,23.67 ,23.68 ,23.72 ,23.69 ,23.76 ,23.81 ,23.63 ,23.61 ,23.64 ,23.72 ,23.78 ,23.69 ,23.56 ,23.56 ,23.44 ,23.34 ,23.26 ,23.44 ,23.53 ,23.55 ,23.47 ,23.46 ,23.57 ,23.55 ,23.57 ,23.54 ,23.51 ,23.5 ,23.39 ,23.36 ,23.39 ,23.32 ,23.19 ,23.24 ,23.37 ,23.44 ,23.4 ,23.35 ,23.44 ,23.45 ,23.44 ,23.42 ,23.29 ,23.38 ,23.43 ,23.37 ,23.32 ,23.33 ,23.47 ,23.49 ,23.48 ,23.52 ,23.37 ,23.39 ,23.4 ,23.37 ,23.36 ,23.42 ,23.51 ,23.43 ,23.32 ,23.32 ,23.36 ,23.38 ,23.33 ,23.35 ,23.47 ,23.39 ,23.29 ,23.31 ,23.29 ,23.36 ,23.34 ,23.29 ,23.32 ,23.45 ,23.42 ,23.24 ,23.24 ,23.29 ,23.09 ,23.01 ,22.91 ,22.97 ,22.82 ,22.8 ,22.84 ,22.91 ,22.89 ,22.85 ,22.79 ,22.71 ,22.74 ,22.86 ,22.8 ,22.88 ,22.9 ,22.97 ,23.06 ,23.1 ,23.08 ,22.99 ,23.05 ,23 ,23.05 ,23.08 ,
198,23.32 ,23.29 ,23.32 ,23.31 ,23.31 ,23.3 ,23.32 ,23.31 ,23.29 ,23.34 ,23.3 ,23.45 ,23.43 ,23.48 ,23.48 ,23.46 ,23.37 ,23.45 ,23.46 ,23.39 ,23.28 ,23.35 ,23.39 ,23.38 ,23.42 ,23.48 ,23.51 ,23.35 ,23.27 ,23.35 ,23.41 ,23.32 ,23.39 ,23.54 ,23.5 ,23.53 ,23.52 ,23.59 ,23.56 ,23.56 ,23.62 ,23.61 ,23.62 ,23.61 ,23.55 ,23.51 ,23.55 ,23.63 ,23.56 ,23.59 ,23.53 ,23.51 ,23.58 ,23.56 ,23.68 ,23.64 ,23.61 ,23.55 ,23.52 ,23.61 ,23.58 ,23.59 ,23.64 ,23.65 ,23.6 ,23.58 ,23.65 ,23.68 ,23.67 ,23.62 ,23.66 ,23.63 ,23.72 ,23.68 ,23.65 ,23.72 ,23.69 ,23.68 ,23.65 ,23.66 ,23.67 ,23.63 ,23.61 ,23.61 ,23.72 ,23.64 ,23.64 ,23.72 ,23.67 ,23.62 ,23.65 ,23.63 ,23.64 ,23.72 ,23.73 ,23.67 ,23.68 ,23.71 ,23.71 ,23.7 ,23.74 ,23.76 ,23.79 ,23.71 ,23.73 ,23.74 ,23.77 ,23.7 ,23.74 ,23.76 ,23.71 ,23.74 ,23.81 ,23.72 ,23.73 ,23.68 ,23.75 ,23.74 ,23.81 ,23.8 ,23.78 ,23.77 ,23.76 ,23.84 ,23.7 ,23.73 ,23.77 ,23.8 ,23.81 ,23.67 ,23.69 ,23.81 ,23.79 ,23.76 ,23.84 ,23.86 ,23.83 ,23.76 ,23.82 ,23.77 ,23.82 ,23.84 ,23.87 ,23.86 ,23.81 ,23.82 ,23.81 ,23.79 ,23.77 ,23.84 ,23.94 ,23.85 ,23.77 ,23.77 ,23.76 ,23.72 ,23.75 ,23.79 ,23.84 ,23.85 ,23.77 ,23.67 ,23.6 ,23.55 ,23.49 ,23.55 ,23.6 ,23.61 ,23.58 ,23.58 ,23.58 ,23.61 ,23.55 ,23.61 ,23.68 ,23.59 ,23.57 ,23.66 ,23.59 ,23.54 ,23.51 ,23.6 ,23.51 ,23.5 ,23.57 ,23.58 ,23.59 ,23.56 ,23.55 ,23.61 ,23.65 ,23.62 ,23.73 ,23.82 ,23.74 ,23.67 ,23.69 ,23.73 ,23.67 ,23.66 ,23.69 ,23.71 ,23.76 ,23.74 ,23.77 ,23.79 ,23.66 ,23.67 ,23.79 ,23.72 ,23.65 ,23.7 ,23.73 ,23.73 ,23.66 ,23.75 ,23.74 ,23.69 ,23.73 ,23.66 ,23.68 ,23.77 ,23.75 ,23.72 ,23.73 ,23.76 ,23.81 ,23.76 ,23.74 ,23.71 ,23.67 ,23.61 ,23.58 ,23.55 ,23.53 ,23.53 ,23.69 ,23.64 ,23.65 ,23.65 ,23.63 ,23.63 ,23.62 ,23.5 ,23.4 ,23.44 ,23.49 ,23.52 ,23.55 ,23.54 ,23.54 ,23.6 ,23.62 ,23.64 ,23.68 ,23.66 ,23.65 ,23.67 ,23.61 ,23.57 ,23.53 ,23.61 ,23.66 ,23.6 ,23.65 ,23.72 ,23.79 ,23.72 ,23.65 ,23.58 ,23.58 ,23.66 ,23.68 ,23.7 ,23.63 ,23.65 ,23.66 ,23.71 ,23.68 ,23.61 ,23.65 ,23.71 ,23.7 ,23.61 ,23.57 ,23.64 ,23.78 ,23.72 ,23.71 ,23.7 ,23.65 ,23.6 ,23.66 ,23.76 ,23.64 ,23.64 ,23.61 ,23.67 ,23.7 ,23.57 ,23.48 ,23.53 ,23.61 ,23.62 ,23.61 ,23.61 ,23.6 ,23.67 ,23.65 ,23.66 ,23.64 ,23.64 ,23.59 ,23.61 ,23.57 ,23.54 ,23.51 ,23.47 ,23.58 ,23.64 ,23.51 ,23.5 ,23.55 ,23.6 ,23.7 ,23.67 ,23.69 ,23.65 ,23.59 ,23.66 ,23.74 ,23.62 ,23.61 ,23.59 ,23.64 ,23.68 ,23.61 ,23.72 ,23.72 ,23.62 ,23.66 ,23.7 ,23.79 ,23.84 ,23.93 ,23.91 ,23.86 ,23.93 ,23.9 ,23.92 ,23.96 ,23.9 ,23.87 ,23.86 ,23.83 ,23.8 ,23.81 ,23.78 ,23.81 ,23.77 ,23.79 ,23.9 ,23.94 ,23.88 ,23.81 ,23.82 ,23.88 ,23.94 ,23.97 ,23.9 ,23.88 ,23.89 ,23.94 ,23.89 ,23.7 ,23.63 ,23.6 ,23.58 ,23.65 ,23.66 ,23.63 ,23.6 ,23.61 ,23.6 ,23.61 ,23.63 ,23.65 ,23.69 ,23.64 ,23.66 ,23.61 ,23.59 ,23.57 ,23.58 ,23.64 ,23.58 ,23.53 ,23.6 ,23.63 ,23.62 ,23.6 ,23.6 ,23.6 ,23.63 ,23.65 ,23.55 ,23.58 ,23.64 ,23.76 ,23.84 ,23.97 ,24.06 ,24.15 ,24.25 ,24.19 ,24.2 ,24.16 ,24.1 ,24.15 ,24.21 ,24.25 ,24.23 ,24.23 ,24.17 ,24.06 ,24.1 ,24.16 ,24.15 ,24.18 ,24.22 ,24.17 ,24.17 ,24.2 ,24.2 ,24.2 ,24.22 ,24.15 ,24.1 ,24.18 ,24.11 ,24.12 ,24.17 ,24.12 ,24.11 ,24.02 ,23.93 ,23.81 ,23.7 ,23.73 ,23.85 ,23.94 ,24.05 ,24.1 ,24.12 ,24.03 ,24.13 ,24.18 ,24.13 ,24.13 ,24.14 ,24.06 ,24.13 ,24.12 ,24.14 ,24.16 ,24.1 ,24.05 ,24.01 ,23.87 ,23.74 ,23.69 ,23.75 ,23.72 ,23.92 ,24.1 ,24.08 ,24.04 ,23.99 ,23.94 ,23.87 ,23.83 ,23.78 ,23.75 ,23.8 ,23.72 ,23.77 ,23.84 ,23.76 ,23.75 ,23.66 ,23.72 ,23.82 ,23.74 ,23.7 ,23.68 ,23.77 ,23.87 ,23.9 ,23.75 ,23.79 ,23.8 ,23.77 ,23.78 ,23.82 ,23.86 ,23.84 ,23.81 ,23.8 ,23.77 ,23.7 ,23.74 ,23.79 ,23.8 ,23.79 ,23.73 ,23.72 ,23.71 ,23.66 ,23.71 ,23.77 ,23.76 ,23.67 ,23.68 ,23.77 ,23.69 ,23.66 ,23.71 ,23.66 ,23.73 ,23.76 ,23.72 ,23.68 ,23.68 ,23.7 ,23.76 ,23.66 ,23.69 ,23.7 ,23.68 ,23.77 ,23.63 ,23.69 ,23.72 ,23.71 ,23.74 ,23.7 ,23.57 ,23.54 ,23.44 ,23.31 ,23.31 ,23.39 ,23.49 ,23.45 ,23.59 ,23.54 ,23.5 ,23.51 ,23.52 ,23.54 ,23.43 ,23.47 ,23.48 ,23.4 ,23.43 ,23.37 ,23.2 ,23.24 ,23.37 ,23.42 ,23.44 ,23.41 ,23.39 ,23.4 ,23.46 ,23.41 ,23.34 ,23.4 ,23.43 ,23.34 ,23.23 ,23.29 ,23.48 ,23.5 ,23.43 ,23.53 ,23.52 ,23.4 ,23.37 ,23.32 ,23.3 ,23.44 ,23.45 ,23.4 ,23.31 ,23.34 ,23.42 ,23.32 ,23.28 ,23.31 ,23.37 ,23.35 ,23.29 ,23.29 ,23.25 ,23.23 ,23.29 ,23.23 ,23.2 ,23.3 ,23.35 ,23.27 ,23.18 ,23.25 ,23.07 ,23.06 ,22.94 ,22.95 ,22.88 ,22.82 ,22.72 ,22.82 ,22.89 ,22.78 ,22.7 ,22.71 ,22.75 ,22.86 ,22.81 ,22.89 ,22.97 ,22.91 ,23.02 ,23.09 ,23.04 ,22.95 ,22.95 ,22.98 ,22.97 ,22.96 ,
199,23.37 ,23.34 ,23.39 ,23.36 ,23.4 ,23.36 ,23.44 ,23.38 ,23.37 ,23.4 ,23.3 ,23.41 ,23.53 ,23.48 ,23.46 ,23.49 ,23.51 ,23.43 ,23.38 ,23.41 ,23.34 ,23.3 ,23.38 ,23.37 ,23.36 ,23.51 ,23.5 ,23.43 ,23.37 ,23.39 ,23.4 ,23.34 ,23.4 ,23.52 ,23.51 ,23.52 ,23.55 ,23.61 ,23.53 ,23.5 ,23.6 ,23.63 ,23.61 ,23.56 ,23.63 ,23.55 ,23.56 ,23.65 ,23.62 ,23.65 ,23.58 ,23.51 ,23.58 ,23.61 ,23.61 ,23.62 ,23.6 ,23.57 ,23.55 ,23.61 ,23.66 ,23.63 ,23.65 ,23.68 ,23.61 ,23.6 ,23.68 ,23.68 ,23.57 ,23.62 ,23.68 ,23.64 ,23.66 ,23.7 ,23.61 ,23.7 ,23.67 ,23.58 ,23.68 ,23.67 ,23.63 ,23.54 ,23.59 ,23.56 ,23.63 ,23.62 ,23.59 ,23.61 ,23.59 ,23.59 ,23.68 ,23.72 ,23.67 ,23.67 ,23.69 ,23.71 ,23.66 ,23.74 ,23.73 ,23.74 ,23.74 ,23.77 ,23.74 ,23.68 ,23.72 ,23.72 ,23.74 ,23.72 ,23.7 ,23.74 ,23.73 ,23.7 ,23.72 ,23.67 ,23.78 ,23.74 ,23.75 ,23.71 ,23.72 ,23.74 ,23.77 ,23.72 ,23.74 ,23.82 ,23.78 ,23.79 ,23.85 ,23.8 ,23.78 ,23.69 ,23.73 ,23.83 ,23.79 ,23.72 ,23.79 ,23.83 ,23.82 ,23.78 ,23.8 ,23.78 ,23.8 ,23.84 ,23.78 ,23.84 ,23.79 ,23.85 ,23.92 ,23.79 ,23.83 ,23.82 ,23.81 ,23.77 ,23.84 ,23.84 ,23.75 ,23.77 ,23.72 ,23.75 ,23.82 ,23.83 ,23.77 ,23.62 ,23.53 ,23.53 ,23.5 ,23.59 ,23.67 ,23.61 ,23.58 ,23.53 ,23.59 ,23.6 ,23.58 ,23.65 ,23.68 ,23.58 ,23.6 ,23.66 ,23.62 ,23.56 ,23.54 ,23.56 ,23.54 ,23.59 ,23.6 ,23.62 ,23.63 ,23.67 ,23.7 ,23.66 ,23.6 ,23.57 ,23.68 ,23.7 ,23.66 ,23.57 ,23.59 ,23.66 ,23.65 ,23.66 ,23.7 ,23.69 ,23.75 ,23.72 ,23.73 ,23.71 ,23.66 ,23.7 ,23.81 ,23.77 ,23.67 ,23.67 ,23.66 ,23.63 ,23.63 ,23.65 ,23.64 ,23.68 ,23.71 ,23.7 ,23.63 ,23.69 ,23.71 ,23.7 ,23.76 ,23.72 ,23.7 ,23.76 ,23.73 ,23.72 ,23.69 ,23.71 ,23.7 ,23.54 ,23.48 ,23.49 ,23.64 ,23.64 ,23.57 ,23.69 ,23.64 ,23.63 ,23.62 ,23.51 ,23.4 ,23.44 ,23.54 ,23.59 ,23.6 ,23.63 ,23.65 ,23.65 ,23.64 ,23.63 ,23.66 ,23.63 ,23.63 ,23.66 ,23.62 ,23.63 ,23.66 ,23.61 ,23.65 ,23.62 ,23.65 ,23.63 ,23.7 ,23.66 ,23.67 ,23.68 ,23.63 ,23.63 ,23.65 ,23.68 ,23.66 ,23.64 ,23.68 ,23.72 ,23.69 ,23.64 ,23.61 ,23.66 ,23.68 ,23.61 ,23.6 ,23.62 ,23.71 ,23.63 ,23.71 ,23.75 ,23.67 ,23.58 ,23.64 ,23.75 ,23.62 ,23.61 ,23.67 ,23.64 ,23.63 ,23.57 ,23.55 ,23.58 ,23.58 ,23.59 ,23.58 ,23.59 ,23.57 ,23.63 ,23.65 ,23.63 ,23.68 ,23.64 ,23.58 ,23.61 ,23.59 ,23.55 ,23.56 ,23.47 ,23.52 ,23.6 ,23.61 ,23.56 ,23.56 ,23.64 ,23.73 ,23.71 ,23.66 ,23.69 ,23.58 ,23.6 ,23.66 ,23.61 ,23.61 ,23.61 ,23.68 ,23.63 ,23.62 ,23.73 ,23.73 ,23.59 ,23.61 ,23.71 ,23.89 ,23.9 ,23.91 ,23.94 ,23.89 ,23.91 ,23.87 ,23.89 ,23.87 ,23.9 ,23.89 ,23.82 ,23.79 ,23.76 ,23.83 ,23.83 ,23.91 ,23.9 ,23.85 ,23.94 ,23.93 ,23.93 ,23.88 ,23.79 ,23.79 ,23.92 ,23.94 ,23.88 ,23.82 ,23.88 ,23.95 ,23.93 ,23.67 ,23.61 ,23.67 ,23.6 ,23.64 ,23.66 ,23.67 ,23.65 ,23.6 ,23.61 ,23.61 ,23.57 ,23.55 ,23.6 ,23.6 ,23.64 ,23.61 ,23.57 ,23.58 ,23.64 ,23.67 ,23.64 ,23.59 ,23.56 ,23.71 ,23.67 ,23.59 ,23.55 ,23.55 ,23.6 ,23.65 ,23.59 ,23.55 ,23.62 ,23.68 ,23.7 ,23.92 ,24.16 ,24.16 ,24.22 ,24.18 ,24.18 ,24.14 ,24.07 ,24.15 ,24.17 ,24.25 ,24.18 ,24.16 ,24.18 ,24.07 ,24.05 ,24.2 ,24.17 ,24.22 ,24.19 ,24.16 ,24.14 ,24.21 ,24.17 ,24.2 ,24.22 ,24.2 ,24.15 ,24.13 ,24.12 ,24.16 ,24.17 ,24.13 ,24.03 ,23.98 ,23.91 ,23.78 ,23.67 ,23.71 ,23.83 ,23.89 ,24.08 ,24.17 ,24.19 ,24.11 ,24.1 ,24.12 ,24.07 ,24.08 ,24.11 ,24.09 ,24.1 ,24.09 ,24.12 ,24.24 ,24.14 ,24.06 ,24.08 ,23.89 ,23.78 ,23.75 ,23.72 ,23.78 ,23.99 ,24.16 ,24.13 ,24.11 ,24.03 ,23.88 ,23.82 ,23.81 ,23.79 ,23.72 ,23.74 ,23.69 ,23.72 ,23.81 ,23.73 ,23.73 ,23.79 ,23.75 ,23.83 ,23.7 ,23.65 ,23.66 ,23.6 ,23.72 ,23.73 ,23.74 ,23.83 ,23.85 ,23.82 ,23.75 ,23.75 ,23.78 ,23.8 ,23.8 ,23.8 ,23.73 ,23.75 ,23.77 ,23.77 ,23.74 ,23.7 ,23.7 ,23.65 ,23.73 ,23.68 ,23.67 ,23.74 ,23.78 ,23.74 ,23.69 ,23.75 ,23.67 ,23.72 ,23.76 ,23.73 ,23.72 ,23.68 ,23.65 ,23.69 ,23.75 ,23.71 ,23.72 ,23.71 ,23.64 ,23.68 ,23.68 ,23.67 ,23.66 ,23.67 ,23.74 ,23.74 ,23.74 ,23.7 ,23.51 ,23.45 ,23.39 ,23.43 ,23.4 ,23.43 ,23.55 ,23.46 ,23.45 ,23.57 ,23.53 ,23.49 ,23.41 ,23.51 ,23.42 ,23.38 ,23.44 ,23.36 ,23.32 ,23.25 ,23.3 ,23.35 ,23.39 ,23.44 ,23.41 ,23.38 ,23.36 ,23.36 ,23.39 ,23.41 ,23.34 ,23.35 ,23.46 ,23.4 ,23.32 ,23.31 ,23.35 ,23.4 ,23.37 ,23.38 ,23.33 ,23.36 ,23.34 ,23.3 ,23.27 ,23.41 ,23.43 ,23.36 ,23.35 ,23.28 ,23.34 ,23.38 ,23.41 ,23.37 ,23.33 ,23.35 ,23.32 ,23.3 ,23.28 ,23.26 ,23.25 ,23.27 ,23.25 ,23.32 ,23.3 ,23.34 ,23.2 ,23.17 ,23.07 ,23 ,22.95 ,22.93 ,22.86 ,22.81 ,22.78 ,22.89 ,22.88 ,22.71 ,22.66 ,22.64 ,22.73 ,22.87 ,22.88 ,22.83 ,22.96 ,23.02 ,23.02 ,23.01 ,22.88 ,22.71 ,22.77 ,22.88 ,22.91 ,22.89 ,
200,23.42 ,23.37 ,23.39 ,23.36 ,23.34 ,23.45 ,23.46 ,23.38 ,23.32 ,23.35 ,23.3 ,23.38 ,23.45 ,23.44 ,23.42 ,23.44 ,23.43 ,23.46 ,23.44 ,23.44 ,23.39 ,23.32 ,23.38 ,23.34 ,23.34 ,23.37 ,23.41 ,23.33 ,23.4 ,23.42 ,23.6 ,23.47 ,23.46 ,23.58 ,23.56 ,23.56 ,23.53 ,23.56 ,23.54 ,23.57 ,23.53 ,23.6 ,23.6 ,23.59 ,23.64 ,23.62 ,23.51 ,23.57 ,23.62 ,23.59 ,23.6 ,23.57 ,23.62 ,23.62 ,23.61 ,23.66 ,23.63 ,23.52 ,23.52 ,23.63 ,23.6 ,23.59 ,23.57 ,23.54 ,23.62 ,23.6 ,23.69 ,23.63 ,23.55 ,23.61 ,23.67 ,23.62 ,23.55 ,23.64 ,23.61 ,23.54 ,23.67 ,23.63 ,23.64 ,23.64 ,23.69 ,23.64 ,23.57 ,23.57 ,23.54 ,23.56 ,23.57 ,23.53 ,23.5 ,23.51 ,23.6 ,23.71 ,23.68 ,23.66 ,23.69 ,23.68 ,23.71 ,23.68 ,23.65 ,23.73 ,23.73 ,23.78 ,23.71 ,23.73 ,23.72 ,23.69 ,23.71 ,23.77 ,23.78 ,23.68 ,23.71 ,23.71 ,23.78 ,23.79 ,23.8 ,23.76 ,23.73 ,23.75 ,23.82 ,23.76 ,23.69 ,23.7 ,23.73 ,23.77 ,23.81 ,23.86 ,23.88 ,23.82 ,23.77 ,23.71 ,23.79 ,23.78 ,23.75 ,23.73 ,23.82 ,23.8 ,23.79 ,23.8 ,23.8 ,23.89 ,23.8 ,23.79 ,23.84 ,23.87 ,23.86 ,23.8 ,23.79 ,23.79 ,23.8 ,23.81 ,23.8 ,23.77 ,23.88 ,23.92 ,23.77 ,23.77 ,23.76 ,23.78 ,23.81 ,23.75 ,23.76 ,23.68 ,23.63 ,23.56 ,23.56 ,23.58 ,23.65 ,23.69 ,23.57 ,23.58 ,23.62 ,23.59 ,23.66 ,23.68 ,23.64 ,23.57 ,23.55 ,23.59 ,23.6 ,23.53 ,23.52 ,23.54 ,23.53 ,23.61 ,23.63 ,23.64 ,23.64 ,23.67 ,23.67 ,23.65 ,23.61 ,23.57 ,23.64 ,23.61 ,23.6 ,23.53 ,23.45 ,23.55 ,23.63 ,23.71 ,23.7 ,23.76 ,23.69 ,23.64 ,23.67 ,23.67 ,23.63 ,23.63 ,23.72 ,23.68 ,23.61 ,23.49 ,23.52 ,23.56 ,23.58 ,23.6 ,23.65 ,23.67 ,23.65 ,23.7 ,23.65 ,23.64 ,23.67 ,23.67 ,23.73 ,23.77 ,23.7 ,23.69 ,23.68 ,23.7 ,23.66 ,23.69 ,23.76 ,23.66 ,23.5 ,23.54 ,23.61 ,23.66 ,23.61 ,23.62 ,23.59 ,23.65 ,23.66 ,23.45 ,23.42 ,23.48 ,23.55 ,23.59 ,23.67 ,23.63 ,23.67 ,23.7 ,23.64 ,23.63 ,23.63 ,23.62 ,23.63 ,23.69 ,23.56 ,23.63 ,23.64 ,23.63 ,23.62 ,23.65 ,23.69 ,23.63 ,23.57 ,23.62 ,23.62 ,23.65 ,23.6 ,23.63 ,23.68 ,23.64 ,23.58 ,23.58 ,23.59 ,23.61 ,23.59 ,23.61 ,23.56 ,23.62 ,23.68 ,23.61 ,23.57 ,23.59 ,23.65 ,23.6 ,23.57 ,23.71 ,23.69 ,23.58 ,23.55 ,23.65 ,23.59 ,23.63 ,23.64 ,23.62 ,23.6 ,23.55 ,23.61 ,23.64 ,23.58 ,23.59 ,23.62 ,23.65 ,23.65 ,23.59 ,23.64 ,23.59 ,23.62 ,23.65 ,23.6 ,23.59 ,23.64 ,23.53 ,23.54 ,23.5 ,23.52 ,23.62 ,23.63 ,23.74 ,23.65 ,23.66 ,23.74 ,23.64 ,23.61 ,23.58 ,23.62 ,23.61 ,23.67 ,23.62 ,23.64 ,23.58 ,23.66 ,23.63 ,23.6 ,23.75 ,23.69 ,23.59 ,23.69 ,23.72 ,23.8 ,23.89 ,23.91 ,23.87 ,23.92 ,23.95 ,23.92 ,23.86 ,23.77 ,23.8 ,23.9 ,23.84 ,23.76 ,23.68 ,23.73 ,23.79 ,23.92 ,23.89 ,23.84 ,23.93 ,23.89 ,23.86 ,23.88 ,23.78 ,23.76 ,23.89 ,23.85 ,23.85 ,23.86 ,23.86 ,23.91 ,23.85 ,23.67 ,23.6 ,23.6 ,23.59 ,23.63 ,23.64 ,23.64 ,23.68 ,23.58 ,23.58 ,23.66 ,23.63 ,23.54 ,23.54 ,23.56 ,23.54 ,23.6 ,23.66 ,23.66 ,23.57 ,23.59 ,23.63 ,23.63 ,23.66 ,23.65 ,23.72 ,23.67 ,23.57 ,23.54 ,23.61 ,23.68 ,23.61 ,23.62 ,23.55 ,23.57 ,23.66 ,23.84 ,24.1 ,24.2 ,24.16 ,24.19 ,24.22 ,24.19 ,24.08 ,24.17 ,24.15 ,24.2 ,24.13 ,24.13 ,24.16 ,24.16 ,24.13 ,24.11 ,24.13 ,24.19 ,24.23 ,24.18 ,24.16 ,24.21 ,24.2 ,24.18 ,24.19 ,24.2 ,24.24 ,24.2 ,24.11 ,24.16 ,24.12 ,24.08 ,24.12 ,23.94 ,23.83 ,23.7 ,23.65 ,23.7 ,23.77 ,23.89 ,23.97 ,24.07 ,24.14 ,24.14 ,24.13 ,24.1 ,24.07 ,24.04 ,24.13 ,24.08 ,24.08 ,24.05 ,24.08 ,24.15 ,24.12 ,24.12 ,24.12 ,23.93 ,23.73 ,23.72 ,23.69 ,23.85 ,24.01 ,24.05 ,24.08 ,24.02 ,23.96 ,23.88 ,23.79 ,23.76 ,23.76 ,23.71 ,23.73 ,23.71 ,23.73 ,23.8 ,23.71 ,23.68 ,23.7 ,23.6 ,23.68 ,23.68 ,23.64 ,23.62 ,23.59 ,23.69 ,23.77 ,23.72 ,23.74 ,23.75 ,23.72 ,23.68 ,23.65 ,23.72 ,23.78 ,23.75 ,23.78 ,23.76 ,23.69 ,23.77 ,23.67 ,23.69 ,23.67 ,23.69 ,23.7 ,23.77 ,23.79 ,23.71 ,23.78 ,23.75 ,23.73 ,23.68 ,23.72 ,23.78 ,23.76 ,23.77 ,23.78 ,23.76 ,23.73 ,23.6 ,23.63 ,23.64 ,23.72 ,23.73 ,23.69 ,23.63 ,23.62 ,23.7 ,23.65 ,23.67 ,23.69 ,23.67 ,23.73 ,23.68 ,23.63 ,23.53 ,23.48 ,23.43 ,23.35 ,23.4 ,23.39 ,23.49 ,23.55 ,23.44 ,23.48 ,23.5 ,23.56 ,23.4 ,23.39 ,23.39 ,23.37 ,23.4 ,23.31 ,23.37 ,23.23 ,23.37 ,23.44 ,23.44 ,23.52 ,23.41 ,23.38 ,23.41 ,23.32 ,23.32 ,23.3 ,23.34 ,23.33 ,23.44 ,23.48 ,23.37 ,23.42 ,23.43 ,23.35 ,23.35 ,23.35 ,23.29 ,23.33 ,23.41 ,23.31 ,23.31 ,23.41 ,23.39 ,23.37 ,23.4 ,23.36 ,23.33 ,23.38 ,23.47 ,23.35 ,23.32 ,23.42 ,23.41 ,23.37 ,23.32 ,23.35 ,23.31 ,23.35 ,23.32 ,23.32 ,23.26 ,23.26 ,23.21 ,23.21 ,23.1 ,23.02 ,22.91 ,22.84 ,22.82 ,22.8 ,22.7 ,22.76 ,22.87 ,22.69 ,22.72 ,22.72 ,22.76 ,22.86 ,22.81 ,22.86 ,22.9 ,23.04 ,23.02 ,22.95 ,22.93 ,22.83 ,22.78 ,22.93 ,22.94 ,22.94 ,
201,23.44 ,23.43 ,23.37 ,23.37 ,23.33 ,23.32 ,23.46 ,23.45 ,23.38 ,23.24 ,23.33 ,23.49 ,23.43 ,23.41 ,23.52 ,23.39 ,23.33 ,23.43 ,23.46 ,23.43 ,23.33 ,23.37 ,23.37 ,23.3 ,23.3 ,23.32 ,23.43 ,23.36 ,23.34 ,23.39 ,23.48 ,23.49 ,23.52 ,23.54 ,23.52 ,23.55 ,23.55 ,23.54 ,23.58 ,23.58 ,23.47 ,23.54 ,23.64 ,23.54 ,23.61 ,23.59 ,23.54 ,23.59 ,23.68 ,23.65 ,23.58 ,23.53 ,23.57 ,23.56 ,23.55 ,23.64 ,23.62 ,23.58 ,23.56 ,23.6 ,23.59 ,23.57 ,23.59 ,23.63 ,23.61 ,23.68 ,23.7 ,23.73 ,23.59 ,23.6 ,23.58 ,23.6 ,23.69 ,23.69 ,23.6 ,23.59 ,23.59 ,23.62 ,23.61 ,23.58 ,23.6 ,23.64 ,23.57 ,23.55 ,23.58 ,23.49 ,23.5 ,23.53 ,23.53 ,23.45 ,23.55 ,23.6 ,23.64 ,23.62 ,23.7 ,23.78 ,23.77 ,23.64 ,23.62 ,23.71 ,23.69 ,23.74 ,23.76 ,23.7 ,23.78 ,23.7 ,23.72 ,23.8 ,23.79 ,23.7 ,23.68 ,23.72 ,23.81 ,23.83 ,23.76 ,23.71 ,23.71 ,23.75 ,23.78 ,23.77 ,23.78 ,23.79 ,23.75 ,23.73 ,23.82 ,23.84 ,23.83 ,23.76 ,23.81 ,23.74 ,23.81 ,23.82 ,23.71 ,23.77 ,23.79 ,23.78 ,23.82 ,23.84 ,23.82 ,23.87 ,23.84 ,23.75 ,23.87 ,23.8 ,23.77 ,23.82 ,23.77 ,23.85 ,23.83 ,23.79 ,23.82 ,23.75 ,23.77 ,23.84 ,23.84 ,23.82 ,23.81 ,23.75 ,23.77 ,23.84 ,23.81 ,23.72 ,23.65 ,23.63 ,23.62 ,23.58 ,23.59 ,23.62 ,23.51 ,23.54 ,23.6 ,23.55 ,23.6 ,23.6 ,23.6 ,23.56 ,23.56 ,23.57 ,23.64 ,23.57 ,23.59 ,23.6 ,23.61 ,23.59 ,23.68 ,23.67 ,23.65 ,23.58 ,23.56 ,23.61 ,23.65 ,23.58 ,23.65 ,23.64 ,23.62 ,23.59 ,23.45 ,23.52 ,23.6 ,23.71 ,23.8 ,23.75 ,23.74 ,23.66 ,23.68 ,23.66 ,23.64 ,23.63 ,23.69 ,23.73 ,23.68 ,23.62 ,23.49 ,23.58 ,23.6 ,23.55 ,23.61 ,23.61 ,23.6 ,23.61 ,23.68 ,23.72 ,23.67 ,23.64 ,23.69 ,23.62 ,23.68 ,23.75 ,23.72 ,23.7 ,23.63 ,23.68 ,23.77 ,23.65 ,23.58 ,23.56 ,23.59 ,23.65 ,23.62 ,23.6 ,23.53 ,23.63 ,23.62 ,23.5 ,23.37 ,23.47 ,23.56 ,23.57 ,23.59 ,23.58 ,23.62 ,23.66 ,23.63 ,23.69 ,23.71 ,23.65 ,23.65 ,23.66 ,23.6 ,23.59 ,23.64 ,23.63 ,23.65 ,23.64 ,23.68 ,23.65 ,23.57 ,23.59 ,23.66 ,23.63 ,23.61 ,23.67 ,23.62 ,23.59 ,23.53 ,23.55 ,23.5 ,23.59 ,23.59 ,23.58 ,23.64 ,23.64 ,23.62 ,23.61 ,23.71 ,23.62 ,23.64 ,23.62 ,23.56 ,23.63 ,23.72 ,23.64 ,23.55 ,23.67 ,23.62 ,23.71 ,23.62 ,23.65 ,23.59 ,23.5 ,23.63 ,23.69 ,23.61 ,23.63 ,23.65 ,23.65 ,23.66 ,23.56 ,23.57 ,23.58 ,23.52 ,23.61 ,23.57 ,23.58 ,23.55 ,23.54 ,23.54 ,23.53 ,23.53 ,23.62 ,23.67 ,23.65 ,23.59 ,23.64 ,23.65 ,23.68 ,23.69 ,23.64 ,23.69 ,23.59 ,23.55 ,23.6 ,23.6 ,23.59 ,23.65 ,23.59 ,23.62 ,23.66 ,23.74 ,23.7 ,23.78 ,23.86 ,23.78 ,23.83 ,23.92 ,23.85 ,23.81 ,23.86 ,23.88 ,23.85 ,23.77 ,23.74 ,23.9 ,23.86 ,23.75 ,23.79 ,23.76 ,23.7 ,23.82 ,23.87 ,23.86 ,23.89 ,23.88 ,23.82 ,23.88 ,23.82 ,23.79 ,23.86 ,23.85 ,23.81 ,23.87 ,23.89 ,23.9 ,23.82 ,23.67 ,23.65 ,23.64 ,23.59 ,23.63 ,23.62 ,23.57 ,23.61 ,23.57 ,23.61 ,23.64 ,23.63 ,23.58 ,23.6 ,23.57 ,23.5 ,23.53 ,23.63 ,23.58 ,23.6 ,23.57 ,23.61 ,23.59 ,23.65 ,23.63 ,23.62 ,23.61 ,23.58 ,23.57 ,23.61 ,23.6 ,23.58 ,23.58 ,23.51 ,23.53 ,23.58 ,23.85 ,24.03 ,24.11 ,24.16 ,24.1 ,24.15 ,24.17 ,24.17 ,24.16 ,24.15 ,24.15 ,24.12 ,24.08 ,24.13 ,24.1 ,24.14 ,24.07 ,24.1 ,24.17 ,24.17 ,24.16 ,24.13 ,24.22 ,24.16 ,24.19 ,24.18 ,24.22 ,24.23 ,24.17 ,24.1 ,24.12 ,24.1 ,24.07 ,24.12 ,24.05 ,23.86 ,23.75 ,23.73 ,23.68 ,23.72 ,23.84 ,23.91 ,23.99 ,23.99 ,24.05 ,24.14 ,24.14 ,24.13 ,24.07 ,24.11 ,24.07 ,24.05 ,24.06 ,24.07 ,24.1 ,24.1 ,24.16 ,24.09 ,23.92 ,23.79 ,23.75 ,23.75 ,23.77 ,23.95 ,24 ,24.04 ,24.01 ,23.87 ,23.76 ,23.81 ,23.75 ,23.72 ,23.7 ,23.69 ,23.68 ,23.65 ,23.71 ,23.72 ,23.65 ,23.62 ,23.61 ,23.66 ,23.64 ,23.62 ,23.63 ,23.63 ,23.68 ,23.75 ,23.78 ,23.7 ,23.73 ,23.76 ,23.75 ,23.73 ,23.76 ,23.82 ,23.8 ,23.75 ,23.76 ,23.67 ,23.73 ,23.72 ,23.72 ,23.85 ,23.78 ,23.74 ,23.75 ,23.72 ,23.71 ,23.79 ,23.77 ,23.75 ,23.68 ,23.68 ,23.73 ,23.73 ,23.69 ,23.73 ,23.74 ,23.76 ,23.66 ,23.65 ,23.57 ,23.55 ,23.67 ,23.71 ,23.71 ,23.69 ,23.68 ,23.63 ,23.71 ,23.76 ,23.75 ,23.72 ,23.66 ,23.64 ,23.54 ,23.49 ,23.41 ,23.34 ,23.39 ,23.45 ,23.53 ,23.44 ,23.42 ,23.48 ,23.44 ,23.52 ,23.51 ,23.44 ,23.45 ,23.42 ,23.43 ,23.53 ,23.46 ,23.34 ,23.35 ,23.44 ,23.42 ,23.45 ,23.4 ,23.41 ,23.45 ,23.37 ,23.37 ,23.45 ,23.38 ,23.44 ,23.41 ,23.42 ,23.38 ,23.35 ,23.32 ,23.36 ,23.36 ,23.45 ,23.36 ,23.39 ,23.37 ,23.36 ,23.27 ,23.29 ,23.32 ,23.36 ,23.4 ,23.27 ,23.31 ,23.35 ,23.4 ,23.32 ,23.37 ,23.46 ,23.49 ,23.45 ,23.41 ,23.29 ,23.36 ,23.26 ,23.3 ,23.39 ,23.38 ,23.26 ,23.14 ,23.19 ,23.08 ,23.05 ,22.92 ,22.79 ,22.85 ,22.83 ,22.74 ,22.7 ,22.74 ,22.85 ,22.81 ,22.82 ,22.77 ,22.85 ,22.78 ,22.83 ,22.96 ,22.95 ,22.9 ,22.9 ,22.85 ,22.79 ,22.85 ,23.06 ,22.97 ,22.88 ,
202,23.43 ,23.39 ,23.35 ,23.4 ,23.27 ,23.22 ,23.35 ,23.45 ,23.37 ,23.27 ,23.3 ,23.43 ,23.53 ,23.5 ,23.49 ,23.41 ,23.31 ,23.38 ,23.44 ,23.39 ,23.33 ,23.33 ,23.38 ,23.26 ,23.35 ,23.36 ,23.45 ,23.45 ,23.45 ,23.45 ,23.48 ,23.45 ,23.55 ,23.54 ,23.45 ,23.54 ,23.6 ,23.57 ,23.59 ,23.61 ,23.6 ,23.61 ,23.57 ,23.53 ,23.58 ,23.63 ,23.6 ,23.52 ,23.57 ,23.63 ,23.52 ,23.58 ,23.57 ,23.53 ,23.56 ,23.62 ,23.54 ,23.53 ,23.65 ,23.6 ,23.63 ,23.65 ,23.6 ,23.56 ,23.67 ,23.74 ,23.68 ,23.67 ,23.63 ,23.56 ,23.57 ,23.57 ,23.71 ,23.7 ,23.67 ,23.67 ,23.67 ,23.7 ,23.65 ,23.57 ,23.47 ,23.58 ,23.61 ,23.53 ,23.52 ,23.5 ,23.49 ,23.47 ,23.51 ,23.39 ,23.48 ,23.53 ,23.52 ,23.62 ,23.67 ,23.77 ,23.8 ,23.71 ,23.71 ,23.74 ,23.75 ,23.72 ,23.71 ,23.7 ,23.71 ,23.7 ,23.72 ,23.72 ,23.76 ,23.78 ,23.71 ,23.69 ,23.75 ,23.75 ,23.76 ,23.71 ,23.68 ,23.71 ,23.77 ,23.82 ,23.79 ,23.75 ,23.73 ,23.75 ,23.78 ,23.78 ,23.78 ,23.75 ,23.83 ,23.71 ,23.76 ,23.87 ,23.77 ,23.75 ,23.74 ,23.79 ,23.79 ,23.89 ,23.86 ,23.86 ,23.79 ,23.72 ,23.78 ,23.73 ,23.72 ,23.8 ,23.8 ,23.77 ,23.8 ,23.83 ,23.78 ,23.8 ,23.8 ,23.82 ,23.85 ,23.84 ,23.78 ,23.78 ,23.79 ,23.83 ,23.76 ,23.66 ,23.62 ,23.65 ,23.7 ,23.61 ,23.63 ,23.62 ,23.59 ,23.58 ,23.59 ,23.53 ,23.52 ,23.55 ,23.55 ,23.52 ,23.55 ,23.59 ,23.62 ,23.64 ,23.56 ,23.64 ,23.68 ,23.64 ,23.69 ,23.68 ,23.64 ,23.62 ,23.63 ,23.62 ,23.68 ,23.62 ,23.6 ,23.7 ,23.59 ,23.57 ,23.58 ,23.54 ,23.62 ,23.72 ,23.77 ,23.76 ,23.68 ,23.67 ,23.67 ,23.67 ,23.66 ,23.63 ,23.69 ,23.74 ,23.78 ,23.67 ,23.64 ,23.62 ,23.66 ,23.55 ,23.63 ,23.53 ,23.52 ,23.56 ,23.62 ,23.63 ,23.61 ,23.61 ,23.62 ,23.59 ,23.55 ,23.66 ,23.69 ,23.69 ,23.64 ,23.72 ,23.79 ,23.72 ,23.6 ,23.57 ,23.54 ,23.68 ,23.68 ,23.63 ,23.53 ,23.58 ,23.53 ,23.38 ,23.41 ,23.4 ,23.51 ,23.6 ,23.65 ,23.6 ,23.63 ,23.61 ,23.59 ,23.66 ,23.64 ,23.68 ,23.68 ,23.67 ,23.62 ,23.6 ,23.61 ,23.67 ,23.67 ,23.65 ,23.69 ,23.66 ,23.68 ,23.65 ,23.66 ,23.6 ,23.6 ,23.62 ,23.66 ,23.63 ,23.56 ,23.6 ,23.57 ,23.58 ,23.6 ,23.62 ,23.61 ,23.64 ,23.66 ,23.63 ,23.66 ,23.68 ,23.65 ,23.63 ,23.6 ,23.56 ,23.64 ,23.66 ,23.64 ,23.66 ,23.67 ,23.75 ,23.7 ,23.71 ,23.61 ,23.45 ,23.52 ,23.68 ,23.61 ,23.64 ,23.69 ,23.63 ,23.56 ,23.6 ,23.56 ,23.59 ,23.54 ,23.53 ,23.55 ,23.56 ,23.55 ,23.52 ,23.5 ,23.5 ,23.58 ,23.66 ,23.65 ,23.59 ,23.62 ,23.64 ,23.64 ,23.59 ,23.65 ,23.7 ,23.67 ,23.56 ,23.59 ,23.58 ,23.62 ,23.64 ,23.69 ,23.67 ,23.61 ,23.59 ,23.61 ,23.69 ,23.77 ,23.83 ,23.8 ,23.86 ,23.88 ,23.88 ,23.83 ,23.84 ,23.89 ,23.82 ,23.79 ,23.85 ,23.87 ,23.94 ,23.82 ,23.78 ,23.79 ,23.76 ,23.79 ,23.84 ,23.87 ,23.91 ,23.92 ,23.84 ,23.89 ,23.85 ,23.82 ,23.9 ,23.84 ,23.76 ,23.83 ,23.88 ,23.87 ,23.83 ,23.69 ,23.64 ,23.61 ,23.6 ,23.65 ,23.67 ,23.64 ,23.61 ,23.56 ,23.66 ,23.64 ,23.67 ,23.6 ,23.61 ,23.66 ,23.62 ,23.56 ,23.58 ,23.54 ,23.59 ,23.62 ,23.6 ,23.63 ,23.68 ,23.65 ,23.61 ,23.57 ,23.51 ,23.58 ,23.56 ,23.59 ,23.58 ,23.57 ,23.53 ,23.59 ,23.64 ,23.77 ,24.01 ,24.15 ,24.23 ,24.15 ,24.13 ,24.19 ,24.2 ,24.18 ,24.13 ,24.09 ,24.1 ,24.12 ,24.13 ,24.1 ,24.12 ,24.09 ,24.12 ,24.17 ,24.18 ,24.16 ,24.16 ,24.18 ,24.13 ,24.18 ,24.22 ,24.22 ,24.26 ,24.2 ,24.13 ,24.14 ,24.1 ,24.1 ,24.16 ,24.12 ,23.98 ,23.72 ,23.73 ,23.75 ,23.73 ,23.81 ,23.8 ,23.87 ,23.95 ,23.99 ,24.15 ,24.13 ,24.09 ,24.15 ,24.14 ,24.15 ,24.12 ,24.04 ,24.07 ,24.17 ,24.12 ,24.11 ,24.06 ,23.92 ,23.82 ,23.84 ,23.79 ,23.74 ,23.87 ,23.88 ,23.98 ,23.96 ,23.81 ,23.71 ,23.73 ,23.64 ,23.72 ,23.71 ,23.71 ,23.64 ,23.62 ,23.66 ,23.72 ,23.72 ,23.7 ,23.71 ,23.77 ,23.68 ,23.66 ,23.7 ,23.7 ,23.72 ,23.72 ,23.72 ,23.77 ,23.78 ,23.77 ,23.8 ,23.76 ,23.84 ,23.84 ,23.79 ,23.78 ,23.69 ,23.66 ,23.7 ,23.72 ,23.73 ,23.81 ,23.75 ,23.74 ,23.75 ,23.61 ,23.62 ,23.69 ,23.68 ,23.73 ,23.72 ,23.71 ,23.69 ,23.74 ,23.7 ,23.67 ,23.72 ,23.76 ,23.67 ,23.7 ,23.7 ,23.65 ,23.68 ,23.71 ,23.72 ,23.72 ,23.69 ,23.68 ,23.67 ,23.68 ,23.73 ,23.77 ,23.64 ,23.69 ,23.5 ,23.4 ,23.38 ,23.32 ,23.38 ,23.43 ,23.61 ,23.52 ,23.42 ,23.49 ,23.53 ,23.52 ,23.52 ,23.46 ,23.46 ,23.42 ,23.42 ,23.49 ,23.5 ,23.35 ,23.35 ,23.43 ,23.47 ,23.5 ,23.48 ,23.43 ,23.42 ,23.44 ,23.46 ,23.39 ,23.38 ,23.37 ,23.32 ,23.27 ,23.32 ,23.35 ,23.35 ,23.34 ,23.39 ,23.41 ,23.44 ,23.41 ,23.4 ,23.38 ,23.35 ,23.36 ,23.38 ,23.38 ,23.43 ,23.37 ,23.34 ,23.38 ,23.34 ,23.34 ,23.28 ,23.4 ,23.4 ,23.44 ,23.47 ,23.48 ,23.27 ,23.22 ,23.23 ,23.42 ,23.42 ,23.31 ,23.18 ,23.17 ,23.02 ,22.94 ,22.95 ,22.8 ,22.72 ,22.7 ,22.72 ,22.83 ,22.79 ,22.81 ,22.86 ,22.86 ,22.74 ,22.79 ,22.83 ,22.83 ,22.91 ,22.93 ,22.94 ,22.94 ,22.74 ,22.8 ,22.87 ,23 ,22.92 ,22.81 ,
203,23.32 ,23.29 ,23.34 ,23.35 ,23.24 ,23.19 ,23.3 ,23.33 ,23.29 ,23.31 ,23.38 ,23.38 ,23.43 ,23.47 ,23.46 ,23.47 ,23.35 ,23.39 ,23.46 ,23.36 ,23.35 ,23.28 ,23.37 ,23.38 ,23.38 ,23.4 ,23.36 ,23.38 ,23.51 ,23.54 ,23.43 ,23.41 ,23.46 ,23.53 ,23.52 ,23.54 ,23.58 ,23.63 ,23.54 ,23.56 ,23.52 ,23.55 ,23.54 ,23.51 ,23.63 ,23.66 ,23.54 ,23.57 ,23.59 ,23.58 ,23.46 ,23.43 ,23.61 ,23.6 ,23.63 ,23.61 ,23.59 ,23.52 ,23.59 ,23.59 ,23.58 ,23.61 ,23.61 ,23.55 ,23.62 ,23.63 ,23.6 ,23.61 ,23.59 ,23.59 ,23.54 ,23.54 ,23.63 ,23.62 ,23.72 ,23.75 ,23.71 ,23.65 ,23.64 ,23.61 ,23.51 ,23.52 ,23.61 ,23.61 ,23.61 ,23.53 ,23.52 ,23.45 ,23.48 ,23.46 ,23.44 ,23.46 ,23.51 ,23.58 ,23.64 ,23.77 ,23.77 ,23.63 ,23.72 ,23.79 ,23.75 ,23.77 ,23.74 ,23.74 ,23.69 ,23.63 ,23.78 ,23.71 ,23.74 ,23.77 ,23.77 ,23.77 ,23.77 ,23.71 ,23.7 ,23.7 ,23.69 ,23.71 ,23.76 ,23.76 ,23.72 ,23.71 ,23.76 ,23.8 ,23.81 ,23.72 ,23.76 ,23.78 ,23.86 ,23.68 ,23.69 ,23.87 ,23.76 ,23.8 ,23.77 ,23.78 ,23.83 ,23.9 ,23.89 ,23.81 ,23.76 ,23.8 ,23.72 ,23.75 ,23.77 ,23.81 ,23.84 ,23.77 ,23.82 ,23.89 ,23.85 ,23.77 ,23.85 ,23.87 ,23.78 ,23.86 ,23.84 ,23.78 ,23.76 ,23.77 ,23.79 ,23.68 ,23.63 ,23.61 ,23.69 ,23.63 ,23.58 ,23.65 ,23.57 ,23.59 ,23.51 ,23.49 ,23.49 ,23.61 ,23.63 ,23.51 ,23.54 ,23.57 ,23.59 ,23.58 ,23.56 ,23.66 ,23.67 ,23.61 ,23.64 ,23.64 ,23.6 ,23.52 ,23.56 ,23.58 ,23.59 ,23.6 ,23.57 ,23.61 ,23.61 ,23.51 ,23.56 ,23.53 ,23.62 ,23.67 ,23.71 ,23.76 ,23.8 ,23.76 ,23.72 ,23.64 ,23.59 ,23.63 ,23.73 ,23.74 ,23.75 ,23.67 ,23.64 ,23.65 ,23.6 ,23.54 ,23.61 ,23.6 ,23.55 ,23.58 ,23.6 ,23.58 ,23.63 ,23.64 ,23.66 ,23.64 ,23.62 ,23.61 ,23.7 ,23.73 ,23.76 ,23.68 ,23.8 ,23.9 ,23.7 ,23.6 ,23.58 ,23.63 ,23.68 ,23.69 ,23.64 ,23.56 ,23.55 ,23.31 ,23.27 ,23.49 ,23.56 ,23.56 ,23.66 ,23.63 ,23.62 ,23.61 ,23.58 ,23.57 ,23.65 ,23.63 ,23.7 ,23.67 ,23.59 ,23.6 ,23.62 ,23.65 ,23.6 ,23.6 ,23.68 ,23.68 ,23.66 ,23.62 ,23.65 ,23.64 ,23.6 ,23.61 ,23.66 ,23.65 ,23.66 ,23.65 ,23.65 ,23.67 ,23.58 ,23.62 ,23.64 ,23.64 ,23.66 ,23.59 ,23.6 ,23.61 ,23.68 ,23.6 ,23.54 ,23.52 ,23.67 ,23.7 ,23.66 ,23.68 ,23.65 ,23.73 ,23.71 ,23.68 ,23.58 ,23.49 ,23.57 ,23.63 ,23.57 ,23.67 ,23.69 ,23.64 ,23.59 ,23.64 ,23.61 ,23.61 ,23.66 ,23.67 ,23.55 ,23.59 ,23.56 ,23.51 ,23.55 ,23.5 ,23.55 ,23.7 ,23.62 ,23.61 ,23.62 ,23.67 ,23.65 ,23.63 ,23.64 ,23.68 ,23.68 ,23.62 ,23.63 ,23.64 ,23.64 ,23.63 ,23.72 ,23.75 ,23.68 ,23.57 ,23.6 ,23.62 ,23.78 ,23.86 ,23.79 ,23.8 ,23.87 ,23.91 ,23.94 ,23.92 ,23.91 ,23.8 ,23.88 ,23.91 ,23.87 ,23.86 ,23.78 ,23.74 ,23.79 ,23.83 ,23.87 ,23.83 ,23.86 ,23.9 ,23.85 ,23.84 ,23.85 ,23.82 ,23.8 ,23.79 ,23.8 ,23.8 ,23.86 ,23.77 ,23.82 ,23.75 ,23.7 ,23.66 ,23.52 ,23.53 ,23.66 ,23.62 ,23.64 ,23.66 ,23.54 ,23.65 ,23.61 ,23.66 ,23.64 ,23.59 ,23.62 ,23.58 ,23.57 ,23.62 ,23.61 ,23.6 ,23.56 ,23.62 ,23.64 ,23.66 ,23.69 ,23.57 ,23.55 ,23.5 ,23.55 ,23.51 ,23.56 ,23.61 ,23.58 ,23.55 ,23.61 ,23.63 ,23.87 ,24.06 ,24.14 ,24.19 ,24.08 ,24.09 ,24.17 ,24.2 ,24.16 ,24.13 ,24.16 ,24.13 ,24.18 ,24.17 ,24.2 ,24.15 ,24.16 ,24.12 ,24.11 ,24.17 ,24.13 ,24.28 ,24.25 ,24.14 ,24.13 ,24.23 ,24.25 ,24.23 ,24.23 ,24.17 ,24.15 ,24.14 ,24.15 ,24.16 ,24.17 ,24.03 ,23.8 ,23.7 ,23.78 ,23.7 ,23.78 ,23.86 ,23.8 ,23.86 ,23.99 ,24.15 ,24.12 ,24.05 ,24.15 ,24.25 ,24.15 ,24.15 ,24.08 ,24.1 ,24.11 ,24.13 ,24.1 ,24.04 ,23.91 ,23.79 ,23.73 ,23.75 ,23.74 ,23.85 ,23.78 ,23.77 ,23.78 ,23.75 ,23.71 ,23.73 ,23.61 ,23.66 ,23.68 ,23.79 ,23.7 ,23.68 ,23.69 ,23.72 ,23.75 ,23.79 ,23.78 ,23.72 ,23.71 ,23.7 ,23.72 ,23.69 ,23.7 ,23.68 ,23.77 ,23.83 ,23.77 ,23.77 ,23.77 ,23.73 ,23.73 ,23.78 ,23.84 ,23.79 ,23.71 ,23.63 ,23.65 ,23.67 ,23.62 ,23.75 ,23.76 ,23.78 ,23.72 ,23.57 ,23.62 ,23.76 ,23.67 ,23.72 ,23.8 ,23.81 ,23.74 ,23.78 ,23.74 ,23.7 ,23.73 ,23.75 ,23.69 ,23.69 ,23.66 ,23.65 ,23.68 ,23.78 ,23.67 ,23.69 ,23.74 ,23.69 ,23.68 ,23.69 ,23.73 ,23.7 ,23.62 ,23.61 ,23.52 ,23.44 ,23.48 ,23.44 ,23.46 ,23.51 ,23.59 ,23.53 ,23.52 ,23.53 ,23.44 ,23.5 ,23.48 ,23.51 ,23.44 ,23.4 ,23.37 ,23.39 ,23.4 ,23.32 ,23.32 ,23.35 ,23.44 ,23.46 ,23.48 ,23.45 ,23.5 ,23.46 ,23.46 ,23.46 ,23.37 ,23.37 ,23.35 ,23.27 ,23.24 ,23.38 ,23.42 ,23.37 ,23.37 ,23.48 ,23.45 ,23.36 ,23.34 ,23.3 ,23.34 ,23.42 ,23.41 ,23.38 ,23.42 ,23.52 ,23.44 ,23.34 ,23.37 ,23.36 ,23.38 ,23.39 ,23.39 ,23.45 ,23.39 ,23.37 ,23.29 ,23.24 ,23.22 ,23.26 ,23.33 ,23.28 ,23.16 ,23.26 ,23.14 ,23.04 ,22.96 ,22.87 ,22.77 ,22.76 ,22.78 ,22.91 ,22.96 ,22.87 ,22.89 ,22.89 ,22.79 ,22.8 ,22.83 ,22.82 ,22.81 ,22.77 ,22.88 ,22.91 ,22.73 ,22.76 ,22.9 ,22.9 ,22.83 ,22.81 ,
204,23.35 ,23.31 ,23.35 ,23.29 ,23.21 ,23.26 ,23.33 ,23.4 ,23.37 ,23.35 ,23.35 ,23.47 ,23.47 ,23.39 ,23.42 ,23.45 ,23.35 ,23.39 ,23.49 ,23.36 ,23.3 ,23.25 ,23.36 ,23.38 ,23.32 ,23.33 ,23.3 ,23.37 ,23.45 ,23.48 ,23.49 ,23.42 ,23.39 ,23.5 ,23.55 ,23.56 ,23.54 ,23.53 ,23.59 ,23.59 ,23.53 ,23.48 ,23.47 ,23.53 ,23.56 ,23.66 ,23.67 ,23.59 ,23.62 ,23.58 ,23.53 ,23.45 ,23.51 ,23.58 ,23.62 ,23.62 ,23.57 ,23.59 ,23.61 ,23.66 ,23.6 ,23.58 ,23.62 ,23.57 ,23.57 ,23.6 ,23.64 ,23.62 ,23.59 ,23.61 ,23.61 ,23.59 ,23.68 ,23.61 ,23.63 ,23.67 ,23.64 ,23.62 ,23.57 ,23.58 ,23.62 ,23.53 ,23.6 ,23.57 ,23.59 ,23.53 ,23.5 ,23.46 ,23.48 ,23.47 ,23.46 ,23.5 ,23.47 ,23.54 ,23.64 ,23.76 ,23.79 ,23.6 ,23.65 ,23.77 ,23.8 ,23.74 ,23.72 ,23.71 ,23.72 ,23.7 ,23.71 ,23.75 ,23.74 ,23.77 ,23.68 ,23.73 ,23.75 ,23.77 ,23.73 ,23.74 ,23.76 ,23.84 ,23.8 ,23.81 ,23.76 ,23.73 ,23.77 ,23.82 ,23.82 ,23.75 ,23.75 ,23.77 ,23.82 ,23.82 ,23.78 ,23.86 ,23.77 ,23.84 ,23.85 ,23.79 ,23.8 ,23.87 ,23.87 ,23.84 ,23.73 ,23.75 ,23.76 ,23.8 ,23.79 ,23.81 ,23.81 ,23.77 ,23.81 ,23.83 ,23.81 ,23.79 ,23.83 ,23.9 ,23.85 ,23.79 ,23.83 ,23.78 ,23.84 ,23.83 ,23.87 ,23.72 ,23.64 ,23.55 ,23.59 ,23.55 ,23.55 ,23.61 ,23.59 ,23.56 ,23.58 ,23.57 ,23.52 ,23.57 ,23.66 ,23.55 ,23.55 ,23.54 ,23.58 ,23.63 ,23.56 ,23.63 ,23.61 ,23.62 ,23.57 ,23.59 ,23.61 ,23.62 ,23.54 ,23.58 ,23.55 ,23.57 ,23.6 ,23.51 ,23.52 ,23.56 ,23.49 ,23.46 ,23.55 ,23.62 ,23.72 ,23.75 ,23.78 ,23.8 ,23.79 ,23.72 ,23.63 ,23.71 ,23.73 ,23.7 ,23.68 ,23.7 ,23.67 ,23.68 ,23.59 ,23.56 ,23.55 ,23.56 ,23.54 ,23.55 ,23.61 ,23.57 ,23.63 ,23.69 ,23.67 ,23.66 ,23.69 ,23.64 ,23.69 ,23.71 ,23.7 ,23.61 ,23.72 ,23.83 ,23.73 ,23.64 ,23.64 ,23.64 ,23.63 ,23.59 ,23.6 ,23.57 ,23.53 ,23.31 ,23.33 ,23.55 ,23.67 ,23.65 ,23.64 ,23.64 ,23.61 ,23.55 ,23.55 ,23.66 ,23.7 ,23.63 ,23.58 ,23.6 ,23.64 ,23.63 ,23.62 ,23.66 ,23.59 ,23.57 ,23.67 ,23.71 ,23.62 ,23.6 ,23.67 ,23.65 ,23.55 ,23.58 ,23.64 ,23.65 ,23.59 ,23.62 ,23.65 ,23.69 ,23.63 ,23.57 ,23.63 ,23.69 ,23.66 ,23.59 ,23.6 ,23.59 ,23.66 ,23.66 ,23.57 ,23.55 ,23.65 ,23.74 ,23.65 ,23.64 ,23.67 ,23.7 ,23.65 ,23.65 ,23.55 ,23.51 ,23.57 ,23.58 ,23.56 ,23.65 ,23.7 ,23.62 ,23.6 ,23.61 ,23.61 ,23.6 ,23.62 ,23.68 ,23.62 ,23.55 ,23.61 ,23.56 ,23.52 ,23.57 ,23.62 ,23.71 ,23.62 ,23.55 ,23.6 ,23.6 ,23.63 ,23.58 ,23.61 ,23.64 ,23.68 ,23.65 ,23.74 ,23.66 ,23.6 ,23.54 ,23.7 ,23.73 ,23.69 ,23.62 ,23.62 ,23.64 ,23.81 ,23.92 ,23.83 ,23.83 ,23.89 ,23.87 ,23.92 ,23.89 ,23.9 ,23.85 ,23.8 ,23.85 ,23.83 ,23.85 ,23.8 ,23.84 ,23.82 ,23.93 ,23.86 ,23.87 ,23.84 ,23.96 ,23.96 ,23.83 ,23.88 ,23.9 ,23.87 ,23.82 ,23.83 ,23.86 ,23.91 ,23.8 ,23.85 ,23.77 ,23.62 ,23.65 ,23.6 ,23.57 ,23.6 ,23.61 ,23.53 ,23.59 ,23.52 ,23.59 ,23.63 ,23.59 ,23.63 ,23.63 ,23.68 ,23.59 ,23.52 ,23.54 ,23.58 ,23.52 ,23.56 ,23.54 ,23.63 ,23.67 ,23.67 ,23.53 ,23.6 ,23.68 ,23.55 ,23.62 ,23.63 ,23.55 ,23.55 ,23.56 ,23.54 ,23.62 ,23.83 ,24.05 ,24.11 ,24.15 ,24.04 ,24.03 ,24.05 ,24.12 ,24.19 ,24.21 ,24.19 ,24.16 ,24.18 ,24.14 ,24.16 ,24.14 ,24.19 ,24.22 ,24.18 ,24.15 ,24.11 ,24.15 ,24.27 ,24.14 ,24.11 ,24.12 ,24.2 ,24.25 ,24.16 ,24.11 ,24.14 ,24.14 ,24.16 ,24.13 ,24.15 ,24.12 ,23.9 ,23.83 ,23.87 ,23.7 ,23.64 ,23.82 ,23.87 ,23.86 ,23.86 ,24.01 ,24.04 ,24.07 ,24.15 ,24.16 ,24.11 ,24.06 ,24.02 ,24.02 ,24.06 ,24.12 ,24.06 ,24.03 ,23.84 ,23.73 ,23.69 ,23.72 ,23.78 ,23.79 ,23.75 ,23.79 ,23.78 ,23.8 ,23.83 ,23.8 ,23.68 ,23.69 ,23.66 ,23.78 ,23.8 ,23.71 ,23.7 ,23.68 ,23.72 ,23.7 ,23.75 ,23.7 ,23.7 ,23.68 ,23.63 ,23.67 ,23.76 ,23.73 ,23.73 ,23.8 ,23.78 ,23.79 ,23.83 ,23.71 ,23.77 ,23.77 ,23.75 ,23.78 ,23.77 ,23.78 ,23.72 ,23.69 ,23.66 ,23.7 ,23.79 ,23.74 ,23.7 ,23.64 ,23.27 ,23.86 ,23.76 ,23.77 ,23.72 ,23.74 ,23.76 ,23.81 ,23.84 ,23.79 ,23.74 ,23.75 ,23.69 ,23.72 ,23.74 ,23.7 ,23.7 ,23.76 ,23.71 ,23.68 ,23.78 ,23.69 ,23.71 ,23.74 ,23.65 ,23.68 ,23.65 ,23.61 ,23.43 ,23.48 ,23.45 ,23.47 ,23.53 ,23.52 ,23.5 ,23.49 ,23.42 ,23.44 ,23.42 ,23.46 ,23.44 ,23.4 ,23.34 ,23.34 ,23.32 ,23.38 ,23.34 ,23.27 ,23.29 ,23.4 ,23.44 ,23.33 ,23.34 ,23.42 ,23.45 ,23.46 ,23.51 ,23.52 ,23.4 ,23.41 ,23.43 ,23.32 ,23.26 ,23.27 ,23.4 ,23.36 ,23.34 ,23.45 ,23.39 ,23.37 ,23.32 ,23.28 ,23.19 ,23.4 ,23.42 ,23.41 ,23.42 ,23.48 ,23.47 ,23.31 ,23.33 ,23.37 ,23.41 ,23.4 ,23.33 ,23.47 ,23.37 ,23.27 ,23.26 ,23.26 ,23.38 ,23.28 ,23.25 ,23.27 ,23.09 ,23.25 ,23.14 ,23.07 ,22.98 ,22.91 ,22.85 ,22.71 ,22.73 ,22.87 ,22.91 ,22.91 ,22.94 ,22.99 ,22.92 ,22.97 ,22.85 ,22.84 ,22.93 ,22.77 ,22.81 ,22.76 ,22.7 ,22.71 ,22.78 ,22.87 ,22.86 ,22.79 ,
205,23.31 ,23.34 ,23.41 ,23.32 ,23.27 ,23.31 ,23.36 ,23.43 ,23.42 ,23.36 ,23.3 ,23.38 ,23.5 ,23.49 ,23.47 ,23.5 ,23.38 ,23.46 ,23.5 ,23.42 ,23.29 ,23.34 ,23.41 ,23.35 ,23.24 ,23.34 ,23.35 ,23.37 ,23.38 ,23.43 ,23.51 ,23.49 ,23.43 ,23.52 ,23.56 ,23.55 ,23.51 ,23.49 ,23.52 ,23.62 ,23.67 ,23.59 ,23.44 ,23.5 ,23.59 ,23.67 ,23.67 ,23.63 ,23.57 ,23.56 ,23.57 ,23.59 ,23.53 ,23.56 ,23.55 ,23.62 ,23.6 ,23.61 ,23.62 ,23.69 ,23.59 ,23.62 ,23.65 ,23.66 ,23.73 ,23.65 ,23.63 ,23.66 ,23.7 ,23.76 ,23.64 ,23.69 ,23.64 ,23.59 ,23.61 ,23.62 ,23.66 ,23.63 ,23.6 ,23.63 ,23.66 ,23.54 ,23.59 ,23.56 ,23.53 ,23.56 ,23.54 ,23.51 ,23.48 ,23.41 ,23.32 ,23.46 ,23.52 ,23.58 ,23.63 ,23.76 ,23.73 ,23.57 ,23.64 ,23.8 ,23.83 ,23.73 ,23.74 ,23.76 ,23.71 ,23.73 ,23.77 ,23.71 ,23.72 ,23.72 ,23.71 ,23.66 ,23.77 ,23.73 ,23.71 ,23.69 ,23.77 ,23.75 ,23.82 ,23.78 ,23.83 ,23.75 ,23.75 ,23.85 ,23.79 ,23.74 ,23.73 ,23.74 ,23.8 ,23.86 ,23.82 ,23.83 ,23.84 ,23.86 ,23.83 ,23.79 ,23.78 ,23.86 ,23.78 ,23.82 ,23.8 ,23.76 ,23.81 ,23.86 ,23.84 ,23.79 ,23.77 ,23.76 ,23.82 ,23.85 ,23.8 ,23.76 ,23.86 ,23.85 ,23.83 ,23.83 ,23.84 ,23.83 ,23.81 ,23.86 ,23.85 ,23.74 ,23.59 ,23.6 ,23.63 ,23.57 ,23.52 ,23.53 ,23.57 ,23.63 ,23.63 ,23.62 ,23.57 ,23.53 ,23.62 ,23.61 ,23.55 ,23.57 ,23.55 ,23.56 ,23.57 ,23.58 ,23.57 ,23.56 ,23.54 ,23.57 ,23.6 ,23.55 ,23.64 ,23.56 ,23.54 ,23.48 ,23.53 ,23.59 ,23.55 ,23.51 ,23.49 ,23.47 ,23.57 ,23.56 ,23.7 ,23.83 ,23.78 ,23.75 ,23.76 ,23.73 ,23.68 ,23.71 ,23.68 ,23.72 ,23.68 ,23.67 ,23.71 ,23.69 ,23.64 ,23.58 ,23.53 ,23.49 ,23.5 ,23.56 ,23.61 ,23.63 ,23.58 ,23.62 ,23.68 ,23.66 ,23.65 ,23.68 ,23.67 ,23.63 ,23.52 ,23.5 ,23.66 ,23.65 ,23.64 ,23.62 ,23.61 ,23.65 ,23.58 ,23.52 ,23.51 ,23.56 ,23.54 ,23.39 ,23.41 ,23.57 ,23.67 ,23.67 ,23.64 ,23.6 ,23.59 ,23.53 ,23.56 ,23.67 ,23.74 ,23.61 ,23.6 ,23.62 ,23.61 ,23.57 ,23.6 ,23.71 ,23.62 ,23.58 ,23.64 ,23.61 ,23.6 ,23.65 ,23.74 ,23.6 ,23.51 ,23.59 ,23.62 ,23.68 ,23.62 ,23.55 ,23.63 ,23.68 ,23.61 ,23.62 ,23.65 ,23.7 ,23.69 ,23.57 ,23.62 ,23.59 ,23.64 ,23.63 ,23.59 ,23.59 ,23.61 ,23.63 ,23.55 ,23.61 ,23.71 ,23.68 ,23.58 ,23.58 ,23.54 ,23.49 ,23.61 ,23.6 ,23.57 ,23.56 ,23.58 ,23.6 ,23.58 ,23.58 ,23.62 ,23.62 ,23.58 ,23.64 ,23.59 ,23.56 ,23.56 ,23.59 ,23.5 ,23.5 ,23.6 ,23.64 ,23.66 ,23.7 ,23.69 ,23.6 ,23.63 ,23.63 ,23.6 ,23.66 ,23.68 ,23.61 ,23.65 ,23.66 ,23.6 ,23.65 ,23.67 ,23.66 ,23.65 ,23.72 ,23.71 ,23.73 ,23.88 ,23.97 ,23.89 ,23.93 ,23.9 ,23.82 ,23.84 ,23.85 ,23.85 ,23.84 ,23.83 ,23.76 ,23.76 ,23.79 ,23.86 ,23.84 ,23.83 ,23.89 ,23.88 ,23.87 ,23.89 ,23.88 ,23.92 ,23.9 ,23.93 ,23.93 ,23.85 ,23.9 ,23.87 ,23.88 ,23.92 ,23.88 ,23.89 ,23.83 ,23.61 ,23.59 ,23.55 ,23.59 ,23.58 ,23.58 ,23.6 ,23.63 ,23.54 ,23.62 ,23.61 ,23.66 ,23.63 ,23.62 ,23.72 ,23.63 ,23.53 ,23.49 ,23.57 ,23.51 ,23.56 ,23.57 ,23.62 ,23.61 ,23.65 ,23.6 ,23.61 ,23.66 ,23.58 ,23.62 ,23.73 ,23.62 ,23.56 ,23.66 ,23.58 ,23.63 ,23.82 ,24 ,24.04 ,24.1 ,23.98 ,23.87 ,23.95 ,24.08 ,24.17 ,24.31 ,24.19 ,24.19 ,24.2 ,24.18 ,24.15 ,24.19 ,24.18 ,24.18 ,24.19 ,24.11 ,24.07 ,24.08 ,24.15 ,24.24 ,24.17 ,24.1 ,24.15 ,24.23 ,24.14 ,24.01 ,24.09 ,24.08 ,24.11 ,24.11 ,24.15 ,24.19 ,24.02 ,23.78 ,23.8 ,23.77 ,23.63 ,23.7 ,23.78 ,23.81 ,23.76 ,23.84 ,23.94 ,24.02 ,24.08 ,24.11 ,24 ,23.97 ,23.95 ,23.97 ,24.02 ,23.99 ,23.95 ,23.87 ,23.81 ,23.74 ,23.66 ,23.71 ,23.73 ,23.81 ,23.78 ,23.75 ,23.77 ,23.73 ,23.79 ,23.87 ,23.77 ,23.76 ,23.75 ,23.79 ,23.8 ,23.77 ,23.71 ,23.64 ,23.6 ,23.68 ,23.71 ,23.68 ,23.75 ,23.62 ,23.57 ,23.65 ,23.73 ,23.77 ,23.72 ,23.77 ,23.77 ,23.76 ,23.82 ,23.76 ,23.78 ,23.74 ,23.71 ,23.74 ,23.79 ,23.77 ,23.74 ,23.73 ,23.79 ,23.73 ,23.68 ,23.62 ,23.66 ,23.7 ,23.78 ,23.81 ,23.74 ,23.77 ,23.74 ,23.75 ,23.74 ,23.81 ,23.8 ,23.84 ,23.75 ,23.69 ,23.62 ,23.66 ,23.66 ,23.72 ,23.8 ,23.69 ,23.74 ,23.72 ,23.69 ,23.7 ,23.69 ,23.72 ,23.59 ,23.57 ,23.6 ,23.5 ,23.38 ,23.43 ,23.5 ,23.48 ,23.5 ,23.49 ,23.49 ,23.45 ,23.45 ,23.43 ,23.37 ,23.35 ,23.41 ,23.39 ,23.34 ,23.4 ,23.37 ,23.33 ,23.33 ,23.31 ,23.33 ,23.33 ,23.42 ,23.41 ,23.4 ,23.43 ,23.45 ,23.44 ,23.48 ,23.51 ,23.32 ,23.41 ,23.44 ,23.34 ,23.16 ,23.14 ,23.29 ,23.43 ,23.42 ,23.4 ,23.36 ,23.38 ,23.37 ,23.29 ,23.22 ,23.32 ,23.37 ,23.45 ,23.44 ,23.38 ,23.44 ,23.39 ,23.3 ,23.25 ,23.34 ,23.34 ,23.29 ,23.35 ,23.37 ,23.28 ,23.3 ,23.18 ,23.23 ,23.29 ,23.15 ,23.2 ,23.13 ,23.08 ,23.11 ,22.9 ,22.94 ,22.89 ,22.74 ,22.69 ,22.67 ,22.77 ,22.91 ,22.9 ,22.95 ,23.03 ,22.92 ,22.96 ,22.84 ,22.81 ,22.86 ,22.86 ,22.87 ,22.81 ,22.68 ,22.68 ,22.74 ,22.69 ,22.73 ,22.69 ,
206,23.33 ,23.33 ,23.41 ,23.38 ,23.33 ,23.34 ,23.42 ,23.48 ,23.39 ,23.33 ,23.35 ,23.4 ,23.47 ,23.48 ,23.48 ,23.46 ,23.39 ,23.5 ,23.41 ,23.37 ,23.3 ,23.38 ,23.38 ,23.26 ,23.26 ,23.38 ,23.38 ,23.31 ,23.35 ,23.45 ,23.45 ,23.42 ,23.46 ,23.6 ,23.64 ,23.5 ,23.46 ,23.53 ,23.52 ,23.56 ,23.59 ,23.55 ,23.47 ,23.53 ,23.57 ,23.63 ,23.57 ,23.56 ,23.64 ,23.63 ,23.55 ,23.6 ,23.67 ,23.64 ,23.56 ,23.63 ,23.62 ,23.56 ,23.63 ,23.66 ,23.62 ,23.58 ,23.59 ,23.63 ,23.65 ,23.67 ,23.66 ,23.62 ,23.58 ,23.7 ,23.69 ,23.69 ,23.66 ,23.55 ,23.64 ,23.69 ,23.68 ,23.66 ,23.64 ,23.67 ,23.66 ,23.56 ,23.53 ,23.62 ,23.57 ,23.57 ,23.52 ,23.56 ,23.54 ,23.4 ,23.4 ,23.43 ,23.48 ,23.59 ,23.62 ,23.7 ,23.75 ,23.63 ,23.69 ,23.8 ,23.75 ,23.68 ,23.73 ,23.8 ,23.78 ,23.75 ,23.79 ,23.68 ,23.67 ,23.74 ,23.72 ,23.74 ,23.76 ,23.8 ,23.71 ,23.75 ,23.81 ,23.77 ,23.78 ,23.73 ,23.78 ,23.75 ,23.7 ,23.79 ,23.81 ,23.7 ,23.64 ,23.78 ,23.79 ,23.74 ,23.74 ,23.83 ,23.83 ,23.84 ,23.81 ,23.83 ,23.81 ,23.83 ,23.79 ,23.8 ,23.86 ,23.78 ,23.76 ,23.8 ,23.82 ,23.78 ,23.81 ,23.82 ,23.84 ,23.92 ,23.84 ,23.79 ,23.77 ,23.79 ,23.83 ,23.79 ,23.78 ,23.76 ,23.78 ,23.79 ,23.82 ,23.76 ,23.61 ,23.55 ,23.6 ,23.58 ,23.57 ,23.6 ,23.51 ,23.56 ,23.62 ,23.58 ,23.55 ,23.52 ,23.61 ,23.62 ,23.52 ,23.49 ,23.57 ,23.56 ,23.6 ,23.58 ,23.54 ,23.53 ,23.59 ,23.59 ,23.59 ,23.58 ,23.54 ,23.51 ,23.55 ,23.5 ,23.51 ,23.6 ,23.63 ,23.54 ,23.51 ,23.53 ,23.53 ,23.59 ,23.64 ,23.81 ,23.81 ,23.72 ,23.66 ,23.63 ,23.62 ,23.74 ,23.64 ,23.7 ,23.72 ,23.7 ,23.64 ,23.66 ,23.62 ,23.62 ,23.65 ,23.68 ,23.62 ,23.57 ,23.66 ,23.63 ,23.65 ,23.62 ,23.69 ,23.68 ,23.7 ,23.69 ,23.7 ,23.68 ,23.57 ,23.55 ,23.74 ,23.73 ,23.67 ,23.65 ,23.65 ,23.64 ,23.63 ,23.65 ,23.57 ,23.53 ,23.47 ,23.27 ,23.43 ,23.53 ,23.58 ,23.61 ,23.64 ,23.61 ,23.64 ,23.55 ,23.6 ,23.68 ,23.65 ,23.62 ,23.6 ,23.61 ,23.61 ,23.64 ,23.65 ,23.67 ,23.72 ,23.67 ,23.64 ,23.6 ,23.6 ,23.63 ,23.7 ,23.61 ,23.49 ,23.6 ,23.65 ,23.64 ,23.57 ,23.56 ,23.6 ,23.69 ,23.57 ,23.58 ,23.62 ,23.62 ,23.65 ,23.61 ,23.6 ,23.62 ,23.66 ,23.63 ,23.6 ,23.63 ,23.64 ,23.61 ,23.52 ,23.58 ,23.65 ,23.69 ,23.55 ,23.55 ,23.55 ,23.49 ,23.58 ,23.63 ,23.57 ,23.61 ,23.57 ,23.61 ,23.64 ,23.61 ,23.64 ,23.61 ,23.61 ,23.61 ,23.57 ,23.52 ,23.52 ,23.51 ,23.5 ,23.49 ,23.59 ,23.64 ,23.6 ,23.66 ,23.65 ,23.64 ,23.61 ,23.66 ,23.62 ,23.63 ,23.63 ,23.62 ,23.64 ,23.65 ,23.64 ,23.73 ,23.67 ,23.6 ,23.68 ,23.72 ,23.67 ,23.72 ,23.87 ,23.88 ,23.84 ,23.93 ,23.94 ,23.89 ,23.89 ,23.93 ,23.89 ,23.86 ,23.85 ,23.82 ,23.8 ,23.86 ,23.87 ,23.85 ,23.77 ,23.78 ,23.82 ,23.9 ,23.89 ,23.88 ,23.85 ,23.83 ,23.93 ,23.87 ,23.82 ,23.85 ,23.87 ,23.87 ,23.88 ,23.85 ,23.83 ,23.76 ,23.61 ,23.61 ,23.59 ,23.54 ,23.6 ,23.58 ,23.54 ,23.58 ,23.53 ,23.6 ,23.59 ,23.57 ,23.57 ,23.62 ,23.63 ,23.56 ,23.54 ,23.55 ,23.57 ,23.56 ,23.56 ,23.54 ,23.55 ,23.6 ,23.57 ,23.66 ,23.69 ,23.61 ,23.59 ,23.61 ,23.59 ,23.58 ,23.56 ,23.7 ,23.64 ,23.62 ,23.83 ,23.94 ,23.85 ,23.93 ,23.84 ,23.78 ,23.82 ,23.97 ,24.08 ,24.21 ,24.25 ,24.22 ,24.21 ,24.24 ,24.22 ,24.2 ,24.26 ,24.24 ,24.22 ,24.13 ,24.04 ,24.1 ,24.16 ,24.21 ,24.2 ,24.15 ,24.17 ,24.19 ,24.17 ,24.1 ,24.12 ,24.18 ,24.14 ,24.14 ,24.16 ,24.18 ,24.06 ,23.79 ,23.63 ,23.81 ,23.74 ,23.68 ,23.74 ,23.73 ,23.79 ,23.87 ,23.88 ,23.84 ,23.89 ,23.92 ,23.92 ,23.91 ,23.83 ,23.79 ,23.79 ,23.81 ,23.83 ,23.72 ,23.69 ,23.68 ,23.66 ,23.7 ,23.62 ,23.71 ,23.79 ,23.79 ,23.73 ,23.64 ,23.63 ,23.7 ,23.68 ,23.69 ,23.68 ,23.8 ,23.81 ,23.75 ,23.74 ,23.68 ,23.63 ,23.63 ,23.69 ,23.67 ,23.71 ,23.65 ,23.57 ,23.6 ,23.67 ,23.76 ,23.74 ,23.77 ,23.79 ,23.71 ,23.73 ,23.69 ,23.72 ,23.71 ,23.69 ,23.75 ,23.73 ,23.74 ,23.74 ,23.71 ,23.83 ,23.83 ,23.69 ,23.66 ,23.73 ,23.69 ,23.72 ,23.82 ,23.76 ,23.7 ,23.64 ,23.72 ,23.71 ,23.74 ,23.72 ,23.71 ,23.76 ,23.73 ,23.74 ,23.71 ,23.62 ,23.63 ,23.73 ,23.66 ,23.62 ,23.72 ,23.66 ,23.65 ,23.67 ,23.66 ,23.64 ,23.66 ,23.62 ,23.49 ,23.41 ,23.48 ,23.53 ,23.47 ,23.5 ,23.57 ,23.45 ,23.54 ,23.58 ,23.49 ,23.52 ,23.36 ,23.43 ,23.46 ,23.37 ,23.35 ,23.31 ,23.28 ,23.35 ,23.3 ,23.3 ,23.2 ,23.35 ,23.48 ,23.43 ,23.4 ,23.41 ,23.4 ,23.46 ,23.5 ,23.28 ,23.33 ,23.42 ,23.37 ,23.32 ,23.32 ,23.4 ,23.5 ,23.43 ,23.36 ,23.36 ,23.35 ,23.35 ,23.45 ,23.32 ,23.42 ,23.43 ,23.44 ,23.38 ,23.32 ,23.5 ,23.4 ,23.37 ,23.39 ,23.38 ,23.38 ,23.26 ,23.22 ,23.29 ,23.33 ,23.27 ,23.25 ,23.16 ,23.25 ,23.2 ,23.14 ,23.2 ,23.17 ,23.09 ,23.01 ,22.92 ,22.93 ,22.75 ,22.69 ,22.71 ,22.88 ,22.95 ,22.96 ,22.9 ,22.88 ,22.86 ,22.98 ,22.89 ,22.87 ,22.84 ,22.88 ,22.91 ,22.92 ,22.73 ,22.63 ,22.72 ,22.67 ,22.58 ,22.6 ,
207,23.44 ,23.42 ,23.35 ,23.4 ,23.3 ,23.36 ,23.39 ,23.4 ,23.37 ,23.36 ,23.37 ,23.46 ,23.46 ,23.45 ,23.49 ,23.45 ,23.33 ,23.46 ,23.4 ,23.32 ,23.32 ,23.31 ,23.34 ,23.27 ,23.33 ,23.4 ,23.4 ,23.3 ,23.35 ,23.42 ,23.52 ,23.46 ,23.44 ,23.48 ,23.53 ,23.51 ,23.55 ,23.56 ,23.59 ,23.49 ,23.57 ,23.53 ,23.55 ,23.57 ,23.59 ,23.59 ,23.57 ,23.59 ,23.66 ,23.66 ,23.62 ,23.6 ,23.68 ,23.59 ,23.5 ,23.65 ,23.64 ,23.54 ,23.58 ,23.65 ,23.6 ,23.62 ,23.65 ,23.59 ,23.63 ,23.59 ,23.66 ,23.67 ,23.56 ,23.55 ,23.69 ,23.68 ,23.66 ,23.59 ,23.59 ,23.67 ,23.67 ,23.64 ,23.64 ,23.63 ,23.61 ,23.56 ,23.56 ,23.57 ,23.54 ,23.49 ,23.49 ,23.48 ,23.51 ,23.47 ,23.48 ,23.47 ,23.53 ,23.48 ,23.47 ,23.64 ,23.68 ,23.64 ,23.65 ,23.67 ,23.69 ,23.7 ,23.75 ,23.75 ,23.79 ,23.75 ,23.74 ,23.74 ,23.73 ,23.73 ,23.7 ,23.67 ,23.76 ,23.77 ,23.74 ,23.77 ,23.76 ,23.82 ,23.84 ,23.79 ,23.84 ,23.77 ,23.7 ,23.68 ,23.79 ,23.78 ,23.77 ,23.84 ,23.8 ,23.75 ,23.74 ,23.78 ,23.78 ,23.79 ,23.82 ,23.84 ,23.82 ,23.77 ,23.75 ,23.81 ,23.81 ,23.78 ,23.72 ,23.75 ,23.85 ,23.8 ,23.82 ,23.87 ,23.89 ,23.88 ,23.8 ,23.78 ,23.8 ,23.78 ,23.82 ,23.83 ,23.78 ,23.78 ,23.81 ,23.8 ,23.85 ,23.78 ,23.73 ,23.62 ,23.57 ,23.54 ,23.53 ,23.62 ,23.5 ,23.53 ,23.58 ,23.5 ,23.53 ,23.53 ,23.64 ,23.61 ,23.56 ,23.55 ,23.64 ,23.58 ,23.55 ,23.61 ,23.55 ,23.5 ,23.53 ,23.54 ,23.55 ,23.59 ,23.57 ,23.52 ,23.61 ,23.56 ,23.55 ,23.58 ,23.67 ,23.63 ,23.55 ,23.55 ,23.57 ,23.59 ,23.6 ,23.69 ,23.71 ,23.68 ,23.63 ,23.65 ,23.57 ,23.68 ,23.7 ,23.74 ,23.68 ,23.62 ,23.6 ,23.58 ,23.56 ,23.54 ,23.64 ,23.68 ,23.65 ,23.57 ,23.58 ,23.62 ,23.64 ,23.65 ,23.71 ,23.7 ,23.68 ,23.67 ,23.61 ,23.7 ,23.67 ,23.68 ,23.77 ,23.82 ,23.73 ,23.63 ,23.65 ,23.67 ,23.6 ,23.61 ,23.61 ,23.5 ,23.38 ,23.25 ,23.42 ,23.59 ,23.57 ,23.58 ,23.65 ,23.62 ,23.62 ,23.51 ,23.57 ,23.67 ,23.65 ,23.66 ,23.66 ,23.65 ,23.61 ,23.62 ,23.66 ,23.59 ,23.69 ,23.68 ,23.59 ,23.57 ,23.56 ,23.64 ,23.64 ,23.61 ,23.61 ,23.53 ,23.64 ,23.64 ,23.57 ,23.56 ,23.56 ,23.6 ,23.54 ,23.57 ,23.62 ,23.63 ,23.6 ,23.57 ,23.6 ,23.55 ,23.59 ,23.63 ,23.61 ,23.68 ,23.6 ,23.6 ,23.6 ,23.64 ,23.62 ,23.65 ,23.55 ,23.53 ,23.51 ,23.52 ,23.56 ,23.57 ,23.61 ,23.66 ,23.67 ,23.64 ,23.62 ,23.66 ,23.59 ,23.56 ,23.59 ,23.57 ,23.59 ,23.58 ,23.5 ,23.46 ,23.51 ,23.47 ,23.57 ,23.6 ,23.62 ,23.66 ,23.69 ,23.62 ,23.59 ,23.59 ,23.58 ,23.59 ,23.54 ,23.62 ,23.66 ,23.68 ,23.71 ,23.65 ,23.65 ,23.64 ,23.7 ,23.71 ,23.71 ,23.73 ,23.83 ,23.86 ,23.86 ,23.86 ,23.91 ,23.91 ,23.88 ,23.84 ,23.8 ,23.76 ,23.81 ,23.82 ,23.86 ,23.92 ,23.91 ,23.83 ,23.73 ,23.77 ,23.83 ,23.83 ,23.81 ,23.86 ,23.8 ,23.78 ,23.87 ,23.8 ,23.73 ,23.88 ,23.93 ,23.85 ,23.85 ,23.84 ,23.81 ,23.7 ,23.54 ,23.61 ,23.64 ,23.6 ,23.61 ,23.64 ,23.66 ,23.56 ,23.5 ,23.65 ,23.68 ,23.58 ,23.58 ,23.6 ,23.62 ,23.56 ,23.52 ,23.6 ,23.6 ,23.59 ,23.62 ,23.56 ,23.6 ,23.65 ,23.59 ,23.51 ,23.64 ,23.68 ,23.57 ,23.68 ,23.61 ,23.55 ,23.52 ,23.61 ,23.65 ,23.64 ,23.83 ,23.95 ,23.81 ,23.85 ,23.79 ,23.77 ,23.8 ,23.91 ,24.01 ,24.15 ,24.21 ,24.22 ,24.25 ,24.12 ,24.2 ,24.19 ,24.18 ,24.2 ,24.13 ,24.15 ,24.2 ,24.19 ,24.19 ,24.18 ,24.12 ,24.13 ,24.19 ,24.14 ,24.09 ,24.09 ,24.2 ,24.18 ,24.2 ,24.11 ,24.05 ,24.1 ,24.05 ,23.87 ,23.7 ,23.78 ,23.78 ,23.76 ,23.69 ,23.72 ,23.76 ,23.84 ,23.83 ,23.72 ,23.73 ,23.76 ,23.73 ,23.73 ,23.64 ,23.64 ,23.72 ,23.75 ,23.83 ,23.8 ,23.74 ,23.75 ,23.68 ,23.67 ,23.68 ,23.74 ,23.83 ,23.9 ,23.83 ,23.75 ,23.73 ,23.66 ,23.66 ,23.66 ,23.69 ,23.73 ,23.73 ,23.76 ,23.62 ,23.62 ,23.69 ,23.68 ,23.61 ,23.65 ,23.62 ,23.53 ,23.57 ,23.57 ,23.68 ,23.7 ,23.68 ,23.8 ,23.86 ,23.75 ,23.74 ,23.68 ,23.66 ,23.71 ,23.66 ,23.69 ,23.68 ,23.66 ,23.69 ,23.73 ,23.73 ,23.82 ,23.81 ,23.72 ,23.75 ,23.71 ,23.7 ,23.82 ,23.74 ,23.66 ,23.67 ,23.68 ,23.74 ,23.7 ,23.66 ,23.67 ,23.72 ,23.68 ,23.7 ,23.76 ,23.66 ,23.69 ,23.69 ,23.66 ,23.61 ,23.71 ,23.71 ,23.64 ,23.62 ,23.6 ,23.54 ,23.64 ,23.69 ,23.6 ,23.44 ,23.49 ,23.6 ,23.55 ,23.49 ,23.61 ,23.57 ,23.47 ,23.57 ,23.6 ,23.56 ,23.5 ,23.46 ,23.54 ,23.41 ,23.36 ,23.29 ,23.25 ,23.34 ,23.26 ,23.24 ,23.24 ,23.27 ,23.39 ,23.41 ,23.31 ,23.33 ,23.32 ,23.4 ,23.54 ,23.41 ,23.39 ,23.34 ,23.28 ,23.34 ,23.34 ,23.45 ,23.5 ,23.39 ,23.33 ,23.37 ,23.39 ,23.3 ,23.39 ,23.27 ,23.4 ,23.52 ,23.44 ,23.34 ,23.37 ,23.42 ,23.46 ,23.43 ,23.42 ,23.43 ,23.4 ,23.22 ,23.23 ,23.27 ,23.26 ,23.29 ,23.25 ,23.26 ,23.34 ,23.27 ,23.25 ,23.17 ,23.15 ,23.04 ,23 ,22.91 ,22.85 ,22.78 ,22.68 ,22.71 ,22.87 ,22.97 ,22.93 ,22.89 ,22.87 ,22.89 ,23.04 ,22.99 ,22.88 ,22.89 ,22.85 ,22.96 ,23.01 ,22.81 ,22.66 ,22.68 ,22.7 ,22.7 ,22.68 ,
208,23.55 ,23.51 ,23.3 ,23.33 ,23.23 ,23.33 ,23.42 ,23.38 ,23.43 ,23.45 ,23.39 ,23.38 ,23.5 ,23.51 ,23.56 ,23.45 ,23.4 ,23.5 ,23.46 ,23.38 ,23.37 ,23.43 ,23.37 ,23.38 ,23.39 ,23.4 ,23.39 ,23.32 ,23.41 ,23.47 ,23.57 ,23.53 ,23.56 ,23.52 ,23.57 ,23.58 ,23.63 ,23.58 ,23.55 ,23.57 ,23.59 ,23.6 ,23.58 ,23.57 ,23.58 ,23.62 ,23.59 ,23.59 ,23.58 ,23.67 ,23.6 ,23.64 ,23.65 ,23.58 ,23.48 ,23.61 ,23.65 ,23.6 ,23.62 ,23.6 ,23.71 ,23.73 ,23.69 ,23.6 ,23.58 ,23.55 ,23.7 ,23.69 ,23.61 ,23.6 ,23.7 ,23.71 ,23.65 ,23.69 ,23.77 ,23.66 ,23.61 ,23.69 ,23.69 ,23.58 ,23.62 ,23.58 ,23.6 ,23.57 ,23.59 ,23.54 ,23.47 ,23.51 ,23.49 ,23.46 ,23.54 ,23.5 ,23.51 ,23.6 ,23.49 ,23.61 ,23.69 ,23.61 ,23.66 ,23.71 ,23.77 ,23.74 ,23.73 ,23.68 ,23.81 ,23.75 ,23.73 ,23.78 ,23.77 ,23.75 ,23.76 ,23.73 ,23.74 ,23.74 ,23.72 ,23.75 ,23.74 ,23.8 ,23.84 ,23.83 ,23.87 ,23.86 ,23.82 ,23.69 ,23.69 ,23.84 ,23.88 ,23.96 ,23.84 ,23.77 ,23.8 ,23.8 ,23.81 ,23.81 ,23.8 ,23.81 ,23.85 ,23.85 ,23.82 ,23.81 ,23.84 ,23.73 ,23.73 ,23.78 ,23.87 ,23.85 ,23.85 ,23.86 ,23.91 ,23.79 ,23.73 ,23.8 ,23.86 ,23.84 ,23.79 ,23.85 ,23.84 ,23.83 ,23.87 ,23.85 ,23.85 ,23.87 ,23.76 ,23.68 ,23.62 ,23.66 ,23.58 ,23.67 ,23.61 ,23.61 ,23.61 ,23.51 ,23.5 ,23.59 ,23.66 ,23.62 ,23.59 ,23.53 ,23.53 ,23.55 ,23.55 ,23.59 ,23.61 ,23.55 ,23.51 ,23.57 ,23.59 ,23.56 ,23.58 ,23.63 ,23.64 ,23.62 ,23.58 ,23.61 ,23.67 ,23.58 ,23.58 ,23.58 ,23.57 ,23.52 ,23.55 ,23.65 ,23.7 ,23.68 ,23.68 ,23.69 ,23.63 ,23.69 ,23.68 ,23.73 ,23.67 ,23.59 ,23.6 ,23.59 ,23.49 ,23.55 ,23.62 ,23.6 ,23.6 ,23.57 ,23.6 ,23.59 ,23.65 ,23.66 ,23.72 ,23.7 ,23.66 ,23.69 ,23.65 ,23.64 ,23.63 ,23.64 ,23.74 ,23.75 ,23.86 ,23.77 ,23.65 ,23.61 ,23.6 ,23.55 ,23.55 ,23.55 ,23.35 ,23.28 ,23.47 ,23.57 ,23.61 ,23.61 ,23.6 ,23.63 ,23.63 ,23.55 ,23.58 ,23.67 ,23.68 ,23.66 ,23.68 ,23.61 ,23.58 ,23.57 ,23.61 ,23.59 ,23.62 ,23.66 ,23.65 ,23.59 ,23.57 ,23.65 ,23.66 ,23.63 ,23.59 ,23.6 ,23.6 ,23.7 ,23.57 ,23.57 ,23.62 ,23.66 ,23.61 ,23.63 ,23.65 ,23.61 ,23.58 ,23.56 ,23.52 ,23.49 ,23.57 ,23.6 ,23.59 ,23.68 ,23.6 ,23.56 ,23.59 ,23.68 ,23.68 ,23.56 ,23.49 ,23.51 ,23.52 ,23.53 ,23.58 ,23.58 ,23.61 ,23.62 ,23.63 ,23.61 ,23.62 ,23.66 ,23.65 ,23.59 ,23.58 ,23.59 ,23.66 ,23.59 ,23.56 ,23.57 ,23.52 ,23.52 ,23.62 ,23.61 ,23.68 ,23.71 ,23.64 ,23.58 ,23.6 ,23.59 ,23.61 ,23.61 ,23.55 ,23.59 ,23.66 ,23.66 ,23.7 ,23.64 ,23.63 ,23.66 ,23.62 ,23.76 ,23.84 ,23.86 ,23.77 ,23.83 ,23.86 ,23.92 ,23.94 ,23.95 ,23.94 ,23.88 ,23.82 ,23.8 ,23.84 ,23.88 ,23.83 ,23.92 ,23.85 ,23.79 ,23.8 ,23.8 ,23.83 ,23.84 ,23.85 ,23.83 ,23.86 ,23.81 ,23.78 ,23.82 ,23.82 ,23.87 ,23.94 ,23.81 ,23.75 ,23.78 ,23.73 ,23.68 ,23.57 ,23.63 ,23.66 ,23.63 ,23.58 ,23.62 ,23.69 ,23.61 ,23.56 ,23.65 ,23.68 ,23.69 ,23.65 ,23.65 ,23.66 ,23.65 ,23.63 ,23.62 ,23.67 ,23.62 ,23.63 ,23.66 ,23.64 ,23.68 ,23.62 ,23.5 ,23.6 ,23.68 ,23.57 ,23.56 ,23.64 ,23.6 ,23.56 ,23.6 ,23.55 ,23.61 ,23.84 ,23.89 ,23.75 ,23.85 ,23.74 ,23.63 ,23.76 ,23.97 ,24.06 ,24.24 ,24.17 ,24.21 ,24.2 ,24.17 ,24.16 ,24.13 ,24.11 ,24.12 ,24.12 ,24.11 ,24.1 ,24.09 ,24.16 ,24.07 ,24.02 ,24.01 ,24.01 ,23.99 ,23.99 ,23.96 ,24.02 ,24.02 ,23.96 ,23.95 ,23.91 ,23.97 ,23.98 ,23.8 ,23.69 ,23.7 ,23.68 ,23.7 ,23.72 ,23.68 ,23.7 ,23.79 ,23.79 ,23.73 ,23.68 ,23.71 ,23.72 ,23.69 ,23.67 ,23.77 ,23.83 ,23.89 ,23.93 ,24.01 ,24 ,23.96 ,23.9 ,23.75 ,23.74 ,23.87 ,24.02 ,24.09 ,23.99 ,23.84 ,23.77 ,23.7 ,23.75 ,23.76 ,23.72 ,23.75 ,23.68 ,23.74 ,23.61 ,23.5 ,23.51 ,23.54 ,23.49 ,23.6 ,23.57 ,23.53 ,23.63 ,23.63 ,23.64 ,23.78 ,23.69 ,23.84 ,23.81 ,23.78 ,23.72 ,23.65 ,23.65 ,23.74 ,23.77 ,23.74 ,23.72 ,23.69 ,23.68 ,23.74 ,23.68 ,23.78 ,23.79 ,23.73 ,23.77 ,23.68 ,23.6 ,23.68 ,23.74 ,23.72 ,23.69 ,23.76 ,23.81 ,23.78 ,23.7 ,23.66 ,23.69 ,23.71 ,23.6 ,23.69 ,23.73 ,23.7 ,23.74 ,23.67 ,23.57 ,23.68 ,23.77 ,23.7 ,23.63 ,23.59 ,23.57 ,23.55 ,23.65 ,23.67 ,23.58 ,23.52 ,23.54 ,23.47 ,23.5 ,23.58 ,23.66 ,23.54 ,23.5 ,23.5 ,23.56 ,23.52 ,23.48 ,23.43 ,23.46 ,23.39 ,23.34 ,23.3 ,23.35 ,23.25 ,23.28 ,23.39 ,23.38 ,23.51 ,23.48 ,23.49 ,23.38 ,23.34 ,23.41 ,23.47 ,23.44 ,23.41 ,23.41 ,23.38 ,23.37 ,23.39 ,23.46 ,23.46 ,23.35 ,23.35 ,23.38 ,23.42 ,23.42 ,23.37 ,23.35 ,23.4 ,23.49 ,23.46 ,23.4 ,23.36 ,23.32 ,23.35 ,23.41 ,23.35 ,23.4 ,23.42 ,23.31 ,23.34 ,23.36 ,23.32 ,23.35 ,23.29 ,23.23 ,23.39 ,23.28 ,23.29 ,23.27 ,23.21 ,23.06 ,22.98 ,22.95 ,22.89 ,22.83 ,22.68 ,22.68 ,22.82 ,22.89 ,22.88 ,22.88 ,22.91 ,22.87 ,23 ,23.02 ,22.86 ,22.88 ,22.91 ,22.88 ,22.89 ,22.82 ,22.8 ,22.74 ,22.77 ,22.74 ,22.69 ,
209,23.59 ,23.48 ,23.41 ,23.41 ,23.3 ,23.37 ,23.44 ,23.39 ,23.41 ,23.36 ,23.28 ,23.38 ,23.45 ,23.46 ,23.43 ,23.45 ,23.46 ,23.51 ,23.51 ,23.41 ,23.36 ,23.42 ,23.41 ,23.38 ,23.37 ,23.33 ,23.37 ,23.44 ,23.45 ,23.53 ,23.54 ,23.52 ,23.53 ,23.54 ,23.56 ,23.62 ,23.61 ,23.55 ,23.52 ,23.54 ,23.61 ,23.6 ,23.61 ,23.53 ,23.52 ,23.65 ,23.61 ,23.59 ,23.6 ,23.61 ,23.52 ,23.63 ,23.59 ,23.58 ,23.57 ,23.55 ,23.61 ,23.66 ,23.63 ,23.62 ,23.7 ,23.72 ,23.65 ,23.58 ,23.62 ,23.59 ,23.71 ,23.63 ,23.61 ,23.66 ,23.64 ,23.68 ,23.71 ,23.74 ,23.72 ,23.68 ,23.65 ,23.6 ,23.63 ,23.61 ,23.61 ,23.58 ,23.58 ,23.6 ,23.61 ,23.55 ,23.52 ,23.51 ,23.51 ,23.45 ,23.45 ,23.41 ,23.46 ,23.59 ,23.57 ,23.6 ,23.63 ,23.61 ,23.7 ,23.77 ,23.78 ,23.8 ,23.74 ,23.75 ,23.82 ,23.78 ,23.75 ,23.72 ,23.71 ,23.75 ,23.78 ,23.79 ,23.72 ,23.74 ,23.74 ,23.75 ,23.69 ,23.71 ,23.83 ,23.79 ,23.8 ,23.84 ,23.83 ,23.78 ,23.77 ,23.83 ,23.88 ,23.84 ,23.79 ,23.71 ,23.76 ,23.76 ,23.68 ,23.76 ,23.82 ,23.82 ,23.86 ,23.87 ,23.96 ,23.89 ,23.8 ,23.71 ,23.78 ,23.79 ,23.9 ,23.87 ,23.83 ,23.78 ,23.83 ,23.83 ,23.73 ,23.81 ,23.84 ,23.85 ,23.75 ,23.88 ,23.88 ,23.72 ,23.8 ,23.91 ,23.87 ,23.81 ,23.69 ,23.67 ,23.64 ,23.64 ,23.6 ,23.6 ,23.58 ,23.62 ,23.65 ,23.6 ,23.59 ,23.64 ,23.67 ,23.65 ,23.63 ,23.49 ,23.52 ,23.53 ,23.58 ,23.63 ,23.65 ,23.56 ,23.61 ,23.6 ,23.55 ,23.55 ,23.56 ,23.62 ,23.63 ,23.73 ,23.74 ,23.66 ,23.62 ,23.57 ,23.54 ,23.62 ,23.58 ,23.45 ,23.52 ,23.63 ,23.68 ,23.66 ,23.68 ,23.72 ,23.67 ,23.68 ,23.7 ,23.76 ,23.68 ,23.61 ,23.61 ,23.65 ,23.58 ,23.56 ,23.66 ,23.64 ,23.59 ,23.49 ,23.61 ,23.55 ,23.56 ,23.62 ,23.6 ,23.67 ,23.61 ,23.61 ,23.66 ,23.64 ,23.61 ,23.61 ,23.64 ,23.66 ,23.72 ,23.81 ,23.68 ,23.59 ,23.67 ,23.64 ,23.57 ,23.54 ,23.42 ,23.3 ,23.45 ,23.56 ,23.57 ,23.59 ,23.58 ,23.57 ,23.62 ,23.64 ,23.66 ,23.69 ,23.62 ,23.62 ,23.64 ,23.62 ,23.58 ,23.6 ,23.62 ,23.66 ,23.62 ,23.59 ,23.61 ,23.67 ,23.6 ,23.6 ,23.59 ,23.6 ,23.57 ,23.62 ,23.63 ,23.58 ,23.61 ,23.67 ,23.66 ,23.65 ,23.66 ,23.66 ,23.67 ,23.62 ,23.6 ,23.65 ,23.65 ,23.57 ,23.6 ,23.63 ,23.57 ,23.65 ,23.57 ,23.52 ,23.5 ,23.56 ,23.64 ,23.62 ,23.53 ,23.48 ,23.55 ,23.61 ,23.65 ,23.61 ,23.6 ,23.61 ,23.62 ,23.57 ,23.59 ,23.65 ,23.57 ,23.57 ,23.61 ,23.63 ,23.61 ,23.53 ,23.59 ,23.54 ,23.54 ,23.55 ,23.56 ,23.61 ,23.66 ,23.74 ,23.66 ,23.57 ,23.62 ,23.65 ,23.57 ,23.6 ,23.51 ,23.6 ,23.59 ,23.67 ,23.64 ,23.63 ,23.7 ,23.62 ,23.66 ,23.72 ,23.84 ,23.81 ,23.86 ,23.82 ,23.77 ,23.92 ,23.95 ,23.93 ,23.94 ,23.94 ,23.89 ,23.84 ,23.88 ,23.85 ,23.8 ,23.85 ,23.82 ,23.83 ,23.85 ,23.94 ,23.87 ,23.83 ,23.86 ,23.96 ,23.98 ,23.89 ,23.91 ,23.87 ,23.92 ,23.87 ,23.8 ,23.78 ,23.75 ,23.77 ,23.68 ,23.69 ,23.68 ,23.63 ,23.59 ,23.67 ,23.59 ,23.54 ,23.62 ,23.63 ,23.6 ,23.64 ,23.66 ,23.72 ,23.65 ,23.66 ,23.72 ,23.67 ,23.63 ,23.58 ,23.61 ,23.55 ,23.57 ,23.64 ,23.62 ,23.6 ,23.52 ,23.57 ,23.71 ,23.73 ,23.63 ,23.57 ,23.62 ,23.56 ,23.59 ,23.62 ,23.57 ,23.68 ,23.79 ,23.74 ,23.65 ,23.79 ,23.75 ,23.69 ,23.75 ,23.91 ,23.97 ,24.02 ,24.05 ,23.98 ,24.02 ,24.02 ,24.02 ,23.96 ,23.96 ,23.95 ,23.91 ,23.86 ,23.89 ,23.86 ,23.93 ,23.92 ,23.84 ,23.89 ,23.79 ,23.75 ,23.79 ,23.75 ,23.75 ,23.79 ,23.79 ,23.76 ,23.81 ,23.9 ,23.86 ,23.72 ,23.65 ,23.79 ,23.7 ,23.74 ,23.76 ,23.7 ,23.66 ,23.73 ,23.73 ,23.74 ,23.6 ,23.68 ,23.7 ,23.74 ,23.73 ,23.84 ,23.82 ,23.81 ,23.93 ,24.07 ,24.07 ,23.96 ,23.98 ,23.9 ,23.77 ,23.87 ,24.02 ,24.12 ,24.07 ,23.91 ,23.81 ,23.74 ,23.72 ,23.81 ,23.76 ,23.72 ,23.7 ,23.68 ,23.61 ,23.53 ,23.41 ,23.49 ,23.51 ,23.49 ,23.55 ,23.53 ,23.74 ,23.74 ,23.68 ,23.76 ,23.77 ,23.81 ,23.77 ,23.71 ,23.7 ,23.67 ,23.65 ,23.68 ,23.8 ,23.9 ,23.76 ,23.68 ,23.7 ,23.66 ,23.7 ,23.78 ,23.73 ,23.7 ,23.69 ,23.67 ,23.61 ,23.68 ,23.67 ,23.79 ,23.71 ,23.7 ,23.72 ,23.73 ,23.73 ,23.75 ,23.72 ,23.74 ,23.62 ,23.68 ,23.72 ,23.68 ,23.62 ,23.73 ,23.61 ,23.61 ,23.68 ,23.68 ,23.63 ,23.63 ,23.66 ,23.6 ,23.62 ,23.62 ,23.47 ,23.53 ,23.55 ,23.43 ,23.45 ,23.57 ,23.67 ,23.59 ,23.54 ,23.52 ,23.58 ,23.5 ,23.47 ,23.46 ,23.41 ,23.44 ,23.38 ,23.39 ,23.4 ,23.3 ,23.27 ,23.28 ,23.36 ,23.45 ,23.42 ,23.45 ,23.46 ,23.33 ,23.35 ,23.32 ,23.42 ,23.32 ,23.38 ,23.41 ,23.36 ,23.4 ,23.48 ,23.44 ,23.31 ,23.29 ,23.39 ,23.32 ,23.31 ,23.39 ,23.36 ,23.47 ,23.45 ,23.48 ,23.48 ,23.5 ,23.46 ,23.34 ,23.32 ,23.28 ,23.44 ,23.49 ,23.38 ,23.34 ,23.38 ,23.33 ,23.23 ,23.35 ,23.31 ,23.4 ,23.28 ,23.19 ,23.22 ,23.19 ,23.04 ,22.97 ,22.95 ,22.87 ,22.85 ,22.83 ,22.71 ,22.81 ,22.93 ,22.88 ,22.98 ,22.99 ,22.93 ,22.98 ,23.02 ,22.88 ,22.89 ,22.93 ,22.88 ,22.8 ,22.75 ,22.71 ,22.71 ,22.76 ,22.77 ,22.77 ,
210,23.41 ,23.38 ,23.44 ,23.45 ,23.4 ,23.37 ,23.38 ,23.41 ,23.41 ,23.34 ,23.37 ,23.36 ,23.39 ,23.44 ,23.45 ,23.41 ,23.38 ,23.42 ,23.38 ,23.42 ,23.36 ,23.35 ,23.36 ,23.32 ,23.32 ,23.34 ,23.34 ,23.41 ,23.4 ,23.46 ,23.5 ,23.46 ,23.46 ,23.5 ,23.51 ,23.6 ,23.6 ,23.6 ,23.56 ,23.47 ,23.46 ,23.51 ,23.56 ,23.58 ,23.62 ,23.66 ,23.65 ,23.66 ,23.65 ,23.59 ,23.52 ,23.55 ,23.61 ,23.62 ,23.65 ,23.56 ,23.63 ,23.6 ,23.62 ,23.6 ,23.61 ,23.66 ,23.65 ,23.62 ,23.64 ,23.57 ,23.62 ,23.56 ,23.55 ,23.63 ,23.67 ,23.68 ,23.67 ,23.73 ,23.68 ,23.65 ,23.69 ,23.6 ,23.62 ,23.57 ,23.64 ,23.59 ,23.55 ,23.61 ,23.62 ,23.58 ,23.56 ,23.48 ,23.4 ,23.39 ,23.42 ,23.42 ,23.46 ,23.56 ,23.49 ,23.54 ,23.55 ,23.57 ,23.68 ,23.74 ,23.77 ,23.82 ,23.77 ,23.72 ,23.79 ,23.76 ,23.7 ,23.71 ,23.72 ,23.76 ,23.75 ,23.73 ,23.78 ,23.82 ,23.76 ,23.71 ,23.69 ,23.68 ,23.75 ,23.84 ,23.85 ,23.81 ,23.75 ,23.7 ,23.72 ,23.74 ,23.82 ,23.8 ,23.8 ,23.73 ,23.69 ,23.76 ,23.73 ,23.81 ,23.88 ,23.81 ,23.82 ,23.87 ,23.88 ,23.89 ,23.83 ,23.73 ,23.74 ,23.79 ,23.82 ,23.85 ,23.82 ,23.75 ,23.82 ,23.86 ,23.78 ,23.82 ,23.78 ,23.78 ,23.79 ,23.79 ,23.8 ,23.69 ,23.8 ,23.87 ,23.88 ,23.86 ,23.73 ,23.58 ,23.6 ,23.59 ,23.56 ,23.62 ,23.51 ,23.59 ,23.68 ,23.61 ,23.58 ,23.61 ,23.63 ,23.7 ,23.67 ,23.6 ,23.56 ,23.63 ,23.57 ,23.55 ,23.57 ,23.52 ,23.49 ,23.51 ,23.53 ,23.5 ,23.56 ,23.63 ,23.6 ,23.63 ,23.74 ,23.59 ,23.54 ,23.62 ,23.64 ,23.58 ,23.6 ,23.55 ,23.58 ,23.71 ,23.71 ,23.65 ,23.66 ,23.78 ,23.68 ,23.72 ,23.79 ,23.8 ,23.72 ,23.6 ,23.59 ,23.61 ,23.6 ,23.53 ,23.52 ,23.6 ,23.64 ,23.52 ,23.59 ,23.65 ,23.53 ,23.53 ,23.58 ,23.63 ,23.52 ,23.61 ,23.64 ,23.65 ,23.71 ,23.67 ,23.7 ,23.68 ,23.64 ,23.75 ,23.78 ,23.76 ,23.76 ,23.64 ,23.62 ,23.49 ,23.32 ,23.33 ,23.56 ,23.62 ,23.55 ,23.56 ,23.7 ,23.57 ,23.51 ,23.61 ,23.69 ,23.7 ,23.64 ,23.6 ,23.62 ,23.62 ,23.62 ,23.64 ,23.58 ,23.71 ,23.71 ,23.62 ,23.68 ,23.67 ,23.67 ,23.58 ,23.55 ,23.59 ,23.62 ,23.59 ,23.59 ,23.59 ,23.63 ,23.64 ,23.64 ,23.64 ,23.64 ,23.67 ,23.71 ,23.58 ,23.6 ,23.66 ,23.64 ,23.58 ,23.62 ,23.64 ,23.57 ,23.58 ,23.6 ,23.53 ,23.49 ,23.55 ,23.59 ,23.6 ,23.59 ,23.55 ,23.6 ,23.6 ,23.65 ,23.63 ,23.63 ,23.69 ,23.65 ,23.58 ,23.6 ,23.66 ,23.57 ,23.54 ,23.63 ,23.73 ,23.67 ,23.5 ,23.61 ,23.55 ,23.48 ,23.48 ,23.6 ,23.61 ,23.6 ,23.71 ,23.71 ,23.64 ,23.61 ,23.62 ,23.61 ,23.58 ,23.56 ,23.67 ,23.64 ,23.67 ,23.67 ,23.69 ,23.67 ,23.59 ,23.69 ,23.87 ,23.98 ,23.94 ,23.89 ,23.91 ,23.75 ,23.86 ,23.89 ,23.88 ,23.87 ,23.9 ,23.84 ,23.86 ,23.91 ,23.89 ,23.82 ,23.75 ,23.74 ,23.83 ,23.85 ,23.9 ,23.88 ,23.87 ,23.87 ,23.92 ,23.94 ,23.88 ,23.9 ,23.81 ,23.82 ,23.85 ,23.79 ,23.78 ,23.82 ,23.78 ,23.73 ,23.73 ,23.67 ,23.57 ,23.51 ,23.67 ,23.63 ,23.52 ,23.61 ,23.58 ,23.58 ,23.66 ,23.63 ,23.62 ,23.63 ,23.6 ,23.67 ,23.65 ,23.6 ,23.57 ,23.65 ,23.58 ,23.55 ,23.64 ,23.62 ,23.62 ,23.56 ,23.53 ,23.64 ,23.66 ,23.64 ,23.69 ,23.65 ,23.57 ,23.58 ,23.64 ,23.54 ,23.65 ,23.78 ,23.75 ,23.75 ,23.8 ,23.75 ,23.89 ,23.85 ,23.9 ,23.93 ,23.92 ,23.85 ,23.78 ,23.81 ,23.82 ,23.72 ,23.73 ,23.78 ,23.79 ,23.79 ,23.73 ,23.79 ,23.75 ,23.72 ,23.78 ,23.78 ,23.75 ,23.68 ,23.67 ,23.71 ,23.73 ,23.75 ,23.74 ,23.81 ,23.83 ,23.81 ,23.9 ,23.92 ,23.9 ,23.91 ,23.91 ,23.91 ,23.81 ,23.82 ,23.75 ,23.68 ,23.77 ,23.76 ,23.67 ,23.65 ,23.65 ,23.69 ,23.81 ,23.8 ,23.77 ,23.82 ,23.75 ,23.86 ,23.94 ,23.93 ,23.91 ,23.87 ,23.87 ,23.77 ,23.82 ,23.91 ,24.11 ,24.05 ,23.95 ,23.82 ,23.77 ,23.74 ,23.79 ,23.74 ,23.68 ,23.61 ,23.61 ,23.54 ,23.49 ,23.48 ,23.55 ,23.61 ,23.54 ,23.67 ,23.64 ,23.71 ,23.77 ,23.71 ,23.72 ,23.76 ,23.78 ,23.73 ,23.7 ,23.73 ,23.68 ,23.69 ,23.72 ,23.73 ,23.82 ,23.8 ,23.69 ,23.65 ,23.6 ,23.71 ,23.81 ,23.77 ,23.65 ,23.65 ,23.65 ,23.7 ,23.74 ,23.73 ,23.79 ,23.74 ,23.73 ,23.66 ,23.68 ,23.72 ,23.73 ,23.73 ,23.72 ,23.63 ,23.64 ,23.67 ,23.64 ,23.61 ,23.62 ,23.68 ,23.63 ,23.64 ,23.66 ,23.66 ,23.56 ,23.69 ,23.68 ,23.7 ,23.61 ,23.46 ,23.47 ,23.58 ,23.46 ,23.57 ,23.62 ,23.66 ,23.51 ,23.6 ,23.61 ,23.57 ,23.46 ,23.43 ,23.48 ,23.49 ,23.5 ,23.39 ,23.31 ,23.34 ,23.28 ,23.3 ,23.29 ,23.29 ,23.51 ,23.41 ,23.39 ,23.44 ,23.42 ,23.38 ,23.37 ,23.36 ,23.32 ,23.34 ,23.32 ,23.27 ,23.39 ,23.45 ,23.45 ,23.36 ,23.29 ,23.38 ,23.34 ,23.23 ,23.3 ,23.35 ,23.4 ,23.39 ,23.37 ,23.4 ,23.49 ,23.48 ,23.4 ,23.32 ,23.34 ,23.41 ,23.46 ,23.36 ,23.23 ,23.26 ,23.33 ,23.33 ,23.26 ,23.2 ,23.31 ,23.3 ,23.18 ,23.12 ,23.07 ,23.06 ,23.02 ,23.01 ,22.9 ,22.76 ,22.76 ,22.74 ,22.87 ,23.05 ,23.04 ,22.92 ,22.9 ,22.9 ,23.06 ,22.92 ,22.88 ,22.9 ,22.98 ,22.9 ,22.77 ,22.67 ,22.67 ,22.69 ,22.67 ,22.8 ,22.77 ,
211,23.4 ,23.4 ,23.44 ,23.46 ,23.41 ,23.41 ,23.45 ,23.47 ,23.43 ,23.41 ,23.51 ,23.47 ,23.46 ,23.43 ,23.48 ,23.46 ,23.4 ,23.33 ,23.39 ,23.4 ,23.38 ,23.4 ,23.4 ,23.31 ,23.3 ,23.27 ,23.36 ,23.4 ,23.34 ,23.39 ,23.49 ,23.49 ,23.5 ,23.57 ,23.56 ,23.5 ,23.61 ,23.56 ,23.61 ,23.5 ,23.48 ,23.55 ,23.58 ,23.49 ,23.56 ,23.65 ,23.64 ,23.69 ,23.64 ,23.51 ,23.5 ,23.56 ,23.61 ,23.69 ,23.67 ,23.63 ,23.66 ,23.6 ,23.63 ,23.7 ,23.65 ,23.65 ,23.69 ,23.64 ,23.71 ,23.71 ,23.62 ,23.63 ,23.63 ,23.61 ,23.64 ,23.72 ,23.71 ,23.66 ,23.67 ,23.65 ,23.66 ,23.67 ,23.61 ,23.58 ,23.65 ,23.65 ,23.52 ,23.54 ,23.56 ,23.6 ,23.51 ,23.52 ,23.43 ,23.35 ,23.46 ,23.46 ,23.55 ,23.58 ,23.54 ,23.56 ,23.63 ,23.66 ,23.7 ,23.68 ,23.7 ,23.79 ,23.76 ,23.74 ,23.75 ,23.74 ,23.72 ,23.73 ,23.77 ,23.72 ,23.77 ,23.76 ,23.72 ,23.8 ,23.76 ,23.71 ,23.67 ,23.76 ,23.74 ,23.83 ,23.88 ,23.81 ,23.75 ,23.8 ,23.84 ,23.81 ,23.75 ,23.73 ,23.72 ,23.65 ,23.71 ,23.78 ,23.91 ,23.9 ,23.92 ,23.85 ,23.82 ,23.87 ,23.84 ,23.87 ,23.83 ,23.8 ,23.74 ,23.8 ,23.85 ,23.82 ,23.87 ,23.82 ,23.81 ,23.81 ,23.83 ,23.87 ,23.9 ,23.84 ,23.75 ,23.74 ,23.75 ,23.78 ,23.82 ,23.87 ,23.81 ,23.83 ,23.8 ,23.67 ,23.59 ,23.55 ,23.58 ,23.66 ,23.53 ,23.59 ,23.65 ,23.57 ,23.55 ,23.56 ,23.6 ,23.61 ,23.6 ,23.55 ,23.59 ,23.57 ,23.58 ,23.6 ,23.57 ,23.56 ,23.54 ,23.51 ,23.57 ,23.51 ,23.57 ,23.55 ,23.53 ,23.58 ,23.69 ,23.6 ,23.54 ,23.57 ,23.64 ,23.51 ,23.56 ,23.57 ,23.56 ,23.67 ,23.75 ,23.72 ,23.62 ,23.67 ,23.64 ,23.7 ,23.8 ,23.81 ,23.67 ,23.6 ,23.6 ,23.64 ,23.6 ,23.52 ,23.58 ,23.59 ,23.6 ,23.63 ,23.6 ,23.64 ,23.55 ,23.55 ,23.66 ,23.68 ,23.66 ,23.59 ,23.67 ,23.68 ,23.71 ,23.66 ,23.68 ,23.71 ,23.63 ,23.74 ,23.78 ,23.79 ,23.72 ,23.66 ,23.54 ,23.49 ,23.34 ,23.39 ,23.61 ,23.65 ,23.61 ,23.59 ,23.65 ,23.6 ,23.54 ,23.58 ,23.73 ,23.69 ,23.64 ,23.61 ,23.55 ,23.56 ,23.57 ,23.65 ,23.7 ,23.73 ,23.79 ,23.71 ,23.74 ,23.64 ,23.65 ,23.7 ,23.64 ,23.62 ,23.58 ,23.62 ,23.64 ,23.64 ,23.69 ,23.62 ,23.64 ,23.67 ,23.65 ,23.64 ,23.68 ,23.59 ,23.53 ,23.57 ,23.62 ,23.59 ,23.54 ,23.58 ,23.6 ,23.63 ,23.59 ,23.52 ,23.52 ,23.57 ,23.59 ,23.58 ,23.51 ,23.55 ,23.61 ,23.52 ,23.57 ,23.63 ,23.67 ,23.73 ,23.67 ,23.56 ,23.61 ,23.7 ,23.58 ,23.53 ,23.61 ,23.76 ,23.7 ,23.52 ,23.51 ,23.54 ,23.51 ,23.48 ,23.64 ,23.72 ,23.66 ,23.64 ,23.65 ,23.64 ,23.62 ,23.62 ,23.66 ,23.59 ,23.6 ,23.62 ,23.63 ,23.66 ,23.7 ,23.7 ,23.73 ,23.68 ,23.76 ,23.93 ,24.04 ,24.01 ,23.92 ,23.87 ,23.87 ,23.92 ,23.88 ,23.8 ,23.87 ,23.91 ,23.82 ,23.88 ,23.9 ,23.86 ,23.83 ,23.79 ,23.74 ,23.81 ,23.85 ,23.83 ,23.88 ,23.85 ,23.84 ,23.88 ,23.85 ,23.82 ,23.84 ,23.85 ,23.81 ,23.83 ,23.92 ,23.87 ,23.8 ,23.77 ,23.75 ,23.75 ,23.67 ,23.66 ,23.55 ,23.64 ,23.68 ,23.59 ,23.63 ,23.67 ,23.52 ,23.67 ,23.7 ,23.56 ,23.61 ,23.67 ,23.56 ,23.51 ,23.56 ,23.57 ,23.63 ,23.67 ,23.62 ,23.63 ,23.67 ,23.63 ,23.64 ,23.58 ,23.58 ,23.63 ,23.67 ,23.66 ,23.65 ,23.55 ,23.58 ,23.59 ,23.63 ,23.62 ,23.74 ,23.78 ,23.73 ,23.79 ,23.76 ,23.9 ,23.94 ,23.85 ,23.84 ,23.85 ,23.87 ,23.83 ,23.74 ,23.76 ,23.7 ,23.76 ,23.82 ,23.84 ,23.83 ,23.87 ,23.94 ,23.9 ,23.82 ,23.84 ,23.89 ,23.84 ,23.81 ,23.86 ,23.89 ,23.91 ,23.95 ,23.86 ,23.97 ,24 ,23.94 ,24.04 ,24.07 ,24.01 ,24.06 ,24.03 ,24.02 ,24 ,23.88 ,23.83 ,23.75 ,23.75 ,23.72 ,23.64 ,23.66 ,23.8 ,23.76 ,23.82 ,23.83 ,23.74 ,23.8 ,23.75 ,23.72 ,23.78 ,23.74 ,23.72 ,23.78 ,23.85 ,23.74 ,23.82 ,23.88 ,24.04 ,24.04 ,23.89 ,23.83 ,23.76 ,23.8 ,23.74 ,23.73 ,23.65 ,23.54 ,23.61 ,23.59 ,23.58 ,23.65 ,23.69 ,23.7 ,23.69 ,23.7 ,23.66 ,23.68 ,23.79 ,23.8 ,23.82 ,23.76 ,23.77 ,23.79 ,23.66 ,23.71 ,23.67 ,23.68 ,23.73 ,23.73 ,23.79 ,23.76 ,23.73 ,23.68 ,23.74 ,23.7 ,23.84 ,23.86 ,23.78 ,23.71 ,23.7 ,23.7 ,23.71 ,23.72 ,23.67 ,23.72 ,23.74 ,23.67 ,23.68 ,23.73 ,23.69 ,23.74 ,23.7 ,23.65 ,23.67 ,23.64 ,23.61 ,23.63 ,23.64 ,23.69 ,23.69 ,23.7 ,23.64 ,23.61 ,23.62 ,23.7 ,23.73 ,23.67 ,23.62 ,23.45 ,23.54 ,23.56 ,23.51 ,23.57 ,23.52 ,23.53 ,23.45 ,23.53 ,23.62 ,23.51 ,23.46 ,23.45 ,23.47 ,23.48 ,23.47 ,23.35 ,23.28 ,23.33 ,23.3 ,23.25 ,23.23 ,23.28 ,23.43 ,23.47 ,23.49 ,23.37 ,23.37 ,23.4 ,23.4 ,23.41 ,23.35 ,23.5 ,23.45 ,23.36 ,23.39 ,23.37 ,23.43 ,23.41 ,23.38 ,23.4 ,23.36 ,23.3 ,23.32 ,23.39 ,23.41 ,23.36 ,23.43 ,23.34 ,23.46 ,23.45 ,23.3 ,23.36 ,23.35 ,23.36 ,23.33 ,23.33 ,23.29 ,23.24 ,23.36 ,23.4 ,23.31 ,23.12 ,23.27 ,23.3 ,23.18 ,23.16 ,23.16 ,23.09 ,23.06 ,22.93 ,22.9 ,22.72 ,22.67 ,22.69 ,22.86 ,22.99 ,22.99 ,22.84 ,22.92 ,22.92 ,23.04 ,22.92 ,22.81 ,22.89 ,22.95 ,23.01 ,22.84 ,22.79 ,22.7 ,22.73 ,22.7 ,22.7 ,22.74 ,
212,23.39 ,23.36 ,23.44 ,23.46 ,23.44 ,23.38 ,23.39 ,23.47 ,23.47 ,23.37 ,23.4 ,23.43 ,23.46 ,23.4 ,23.43 ,23.42 ,23.41 ,23.41 ,23.47 ,23.37 ,23.35 ,23.4 ,23.45 ,23.32 ,23.29 ,23.33 ,23.29 ,23.29 ,23.25 ,23.35 ,23.44 ,23.48 ,23.52 ,23.56 ,23.56 ,23.5 ,23.6 ,23.64 ,23.56 ,23.54 ,23.54 ,23.57 ,23.64 ,23.52 ,23.53 ,23.58 ,23.63 ,23.69 ,23.65 ,23.55 ,23.48 ,23.54 ,23.64 ,23.67 ,23.66 ,23.68 ,23.7 ,23.66 ,23.63 ,23.69 ,23.68 ,23.64 ,23.64 ,23.68 ,23.71 ,23.67 ,23.7 ,23.61 ,23.7 ,23.66 ,23.65 ,23.65 ,23.68 ,23.62 ,23.62 ,23.7 ,23.72 ,23.69 ,23.63 ,23.59 ,23.68 ,23.64 ,23.62 ,23.56 ,23.56 ,23.57 ,23.53 ,23.49 ,23.47 ,23.38 ,23.46 ,23.52 ,23.53 ,23.56 ,23.52 ,23.56 ,23.62 ,23.64 ,23.65 ,23.65 ,23.68 ,23.73 ,23.78 ,23.77 ,23.83 ,23.77 ,23.71 ,23.69 ,23.81 ,23.74 ,23.72 ,23.73 ,23.67 ,23.73 ,23.78 ,23.74 ,23.7 ,23.78 ,23.74 ,23.78 ,23.89 ,23.85 ,23.73 ,23.81 ,23.91 ,23.87 ,23.82 ,23.76 ,23.77 ,23.7 ,23.7 ,23.77 ,23.83 ,23.81 ,23.75 ,23.77 ,23.79 ,23.83 ,23.85 ,23.85 ,23.74 ,23.79 ,23.77 ,23.82 ,23.82 ,23.8 ,23.84 ,23.83 ,23.78 ,23.83 ,23.89 ,23.9 ,23.87 ,23.91 ,23.83 ,23.78 ,23.76 ,23.76 ,23.82 ,23.92 ,23.9 ,23.82 ,23.79 ,23.7 ,23.64 ,23.6 ,23.64 ,23.64 ,23.55 ,23.61 ,23.64 ,23.54 ,23.53 ,23.55 ,23.56 ,23.63 ,23.57 ,23.58 ,23.59 ,23.57 ,23.57 ,23.63 ,23.6 ,23.6 ,23.62 ,23.6 ,23.63 ,23.6 ,23.54 ,23.57 ,23.5 ,23.53 ,23.66 ,23.66 ,23.61 ,23.61 ,23.54 ,23.47 ,23.47 ,23.6 ,23.5 ,23.52 ,23.67 ,23.73 ,23.66 ,23.67 ,23.67 ,23.69 ,23.75 ,23.8 ,23.73 ,23.68 ,23.66 ,23.67 ,23.62 ,23.6 ,23.63 ,23.64 ,23.61 ,23.59 ,23.58 ,23.57 ,23.48 ,23.53 ,23.68 ,23.68 ,23.66 ,23.62 ,23.69 ,23.75 ,23.66 ,23.64 ,23.72 ,23.75 ,23.65 ,23.72 ,23.78 ,23.75 ,23.67 ,23.64 ,23.59 ,23.44 ,23.42 ,23.45 ,23.67 ,23.58 ,23.64 ,23.65 ,23.68 ,23.65 ,23.6 ,23.64 ,23.72 ,23.66 ,23.6 ,23.62 ,23.68 ,23.67 ,23.58 ,23.56 ,23.64 ,23.73 ,23.77 ,23.67 ,23.67 ,23.66 ,23.61 ,23.63 ,23.64 ,23.57 ,23.56 ,23.6 ,23.68 ,23.7 ,23.76 ,23.68 ,23.59 ,23.66 ,23.67 ,23.7 ,23.63 ,23.61 ,23.63 ,23.54 ,23.58 ,23.62 ,23.53 ,23.51 ,23.56 ,23.64 ,23.62 ,23.59 ,23.6 ,23.63 ,23.66 ,23.64 ,23.47 ,23.51 ,23.61 ,23.58 ,23.6 ,23.64 ,23.65 ,23.64 ,23.63 ,23.57 ,23.58 ,23.64 ,23.62 ,23.58 ,23.55 ,23.67 ,23.68 ,23.6 ,23.58 ,23.54 ,23.51 ,23.48 ,23.55 ,23.65 ,23.67 ,23.67 ,23.67 ,23.65 ,23.71 ,23.67 ,23.67 ,23.6 ,23.62 ,23.61 ,23.62 ,23.64 ,23.68 ,23.68 ,23.71 ,23.72 ,23.8 ,23.91 ,23.96 ,23.91 ,23.82 ,23.82 ,23.85 ,24 ,23.96 ,23.86 ,23.87 ,23.92 ,23.89 ,23.85 ,23.9 ,23.86 ,23.78 ,23.84 ,23.81 ,23.81 ,23.86 ,23.81 ,23.83 ,23.84 ,23.82 ,23.86 ,23.9 ,23.88 ,23.89 ,23.79 ,23.78 ,23.84 ,23.88 ,23.92 ,23.83 ,23.74 ,23.68 ,23.66 ,23.65 ,23.63 ,23.55 ,23.58 ,23.66 ,23.64 ,23.65 ,23.69 ,23.6 ,23.68 ,23.7 ,23.66 ,23.64 ,23.67 ,23.62 ,23.54 ,23.58 ,23.59 ,23.63 ,23.6 ,23.56 ,23.63 ,23.61 ,23.66 ,23.62 ,23.61 ,23.61 ,23.65 ,23.69 ,23.68 ,23.65 ,23.57 ,23.52 ,23.63 ,23.64 ,23.69 ,23.74 ,23.81 ,23.74 ,23.83 ,23.73 ,23.77 ,23.86 ,23.95 ,23.87 ,23.89 ,23.97 ,23.95 ,23.94 ,23.91 ,23.85 ,23.91 ,23.94 ,23.99 ,23.98 ,24.02 ,24.07 ,24.09 ,24.08 ,24.03 ,24.06 ,24.04 ,24.02 ,24.02 ,24.04 ,24.09 ,24.09 ,24.1 ,24.11 ,24.1 ,24.07 ,24.2 ,24.17 ,24.09 ,24.12 ,24.12 ,24.08 ,24.15 ,24 ,23.93 ,23.86 ,23.82 ,23.75 ,23.74 ,23.72 ,23.78 ,23.71 ,23.82 ,23.82 ,23.78 ,23.74 ,23.69 ,23.66 ,23.7 ,23.65 ,23.71 ,23.7 ,23.79 ,23.66 ,23.68 ,23.73 ,23.83 ,23.8 ,23.75 ,23.77 ,23.77 ,23.74 ,23.74 ,23.68 ,23.66 ,23.56 ,23.55 ,23.62 ,23.68 ,23.71 ,23.68 ,23.67 ,23.63 ,23.63 ,23.59 ,23.64 ,23.76 ,23.77 ,23.76 ,23.73 ,23.72 ,23.81 ,23.71 ,23.68 ,23.69 ,23.71 ,23.77 ,23.73 ,23.8 ,23.79 ,23.72 ,23.72 ,23.66 ,23.76 ,23.81 ,23.9 ,23.79 ,23.76 ,23.75 ,23.75 ,23.81 ,23.76 ,23.75 ,23.72 ,23.66 ,23.65 ,23.69 ,23.74 ,23.64 ,23.63 ,23.67 ,23.63 ,23.7 ,23.67 ,23.61 ,23.62 ,23.67 ,23.7 ,23.73 ,23.65 ,23.62 ,23.62 ,23.61 ,23.73 ,23.74 ,23.66 ,23.59 ,23.46 ,23.53 ,23.6 ,23.56 ,23.62 ,23.55 ,23.49 ,23.47 ,23.44 ,23.49 ,23.51 ,23.4 ,23.42 ,23.49 ,23.49 ,23.36 ,23.31 ,23.31 ,23.43 ,23.27 ,23.2 ,23.11 ,23.2 ,23.31 ,23.36 ,23.46 ,23.44 ,23.43 ,23.43 ,23.37 ,23.37 ,23.4 ,23.46 ,23.49 ,23.42 ,23.41 ,23.43 ,23.48 ,23.46 ,23.43 ,23.38 ,23.38 ,23.37 ,23.37 ,23.48 ,23.53 ,23.41 ,23.41 ,23.37 ,23.4 ,23.45 ,23.28 ,23.27 ,23.31 ,23.31 ,23.4 ,23.35 ,23.34 ,23.33 ,23.33 ,23.31 ,23.26 ,23.24 ,23.36 ,23.35 ,23.21 ,23.21 ,23.26 ,23.17 ,23.03 ,22.84 ,22.85 ,22.81 ,22.77 ,22.83 ,22.81 ,22.86 ,22.95 ,22.96 ,22.94 ,22.94 ,22.99 ,22.98 ,22.87 ,22.86 ,22.86 ,22.85 ,22.79 ,22.72 ,22.66 ,22.78 ,22.77 ,22.77 ,22.71 ,
213,23.42 ,23.4 ,23.48 ,23.46 ,23.48 ,23.39 ,23.32 ,23.38 ,23.37 ,23.41 ,23.35 ,23.37 ,23.43 ,23.41 ,23.41 ,23.45 ,23.38 ,23.42 ,23.49 ,23.38 ,23.27 ,23.35 ,23.37 ,23.38 ,23.29 ,23.39 ,23.41 ,23.28 ,23.29 ,23.35 ,23.43 ,23.46 ,23.45 ,23.55 ,23.62 ,23.59 ,23.62 ,23.6 ,23.55 ,23.5 ,23.57 ,23.57 ,23.56 ,23.59 ,23.49 ,23.65 ,23.68 ,23.67 ,23.65 ,23.63 ,23.54 ,23.58 ,23.54 ,23.6 ,23.63 ,23.61 ,23.64 ,23.67 ,23.64 ,23.64 ,23.61 ,23.6 ,23.61 ,23.68 ,23.64 ,23.61 ,23.73 ,23.61 ,23.61 ,23.69 ,23.68 ,23.63 ,23.59 ,23.65 ,23.6 ,23.69 ,23.74 ,23.65 ,23.59 ,23.58 ,23.66 ,23.57 ,23.57 ,23.61 ,23.59 ,23.59 ,23.53 ,23.5 ,23.5 ,23.45 ,23.43 ,23.42 ,23.53 ,23.51 ,23.51 ,23.58 ,23.61 ,23.6 ,23.66 ,23.71 ,23.65 ,23.68 ,23.83 ,23.76 ,23.76 ,23.79 ,23.75 ,23.71 ,23.74 ,23.77 ,23.71 ,23.64 ,23.67 ,23.69 ,23.81 ,23.75 ,23.74 ,23.8 ,23.76 ,23.78 ,23.83 ,23.85 ,23.77 ,23.77 ,23.82 ,23.89 ,23.88 ,23.78 ,23.79 ,23.77 ,23.8 ,23.81 ,23.75 ,23.78 ,23.81 ,23.84 ,23.79 ,23.87 ,23.87 ,23.81 ,23.72 ,23.72 ,23.79 ,23.86 ,23.84 ,23.83 ,23.79 ,23.75 ,23.79 ,23.79 ,23.85 ,23.82 ,23.87 ,23.88 ,23.85 ,23.82 ,23.79 ,23.73 ,23.76 ,23.84 ,23.82 ,23.81 ,23.76 ,23.69 ,23.58 ,23.53 ,23.6 ,23.69 ,23.53 ,23.51 ,23.6 ,23.55 ,23.53 ,23.57 ,23.52 ,23.57 ,23.56 ,23.57 ,23.52 ,23.54 ,23.51 ,23.56 ,23.62 ,23.58 ,23.59 ,23.63 ,23.59 ,23.64 ,23.59 ,23.51 ,23.58 ,23.59 ,23.62 ,23.65 ,23.64 ,23.59 ,23.52 ,23.53 ,23.55 ,23.54 ,23.52 ,23.48 ,23.54 ,23.7 ,23.72 ,23.73 ,23.68 ,23.68 ,23.78 ,23.76 ,23.73 ,23.72 ,23.72 ,23.65 ,23.64 ,23.62 ,23.65 ,23.64 ,23.62 ,23.65 ,23.58 ,23.54 ,23.49 ,23.52 ,23.65 ,23.69 ,23.7 ,23.61 ,23.67 ,23.74 ,23.66 ,23.65 ,23.72 ,23.69 ,23.64 ,23.69 ,23.76 ,23.68 ,23.67 ,23.63 ,23.59 ,23.55 ,23.46 ,23.47 ,23.63 ,23.63 ,23.59 ,23.63 ,23.64 ,23.65 ,23.61 ,23.59 ,23.63 ,23.58 ,23.55 ,23.66 ,23.73 ,23.68 ,23.62 ,23.61 ,23.57 ,23.63 ,23.7 ,23.66 ,23.65 ,23.64 ,23.64 ,23.62 ,23.58 ,23.59 ,23.58 ,23.61 ,23.64 ,23.71 ,23.77 ,23.71 ,23.62 ,23.64 ,23.64 ,23.67 ,23.63 ,23.57 ,23.56 ,23.54 ,23.6 ,23.62 ,23.62 ,23.56 ,23.58 ,23.64 ,23.64 ,23.55 ,23.59 ,23.64 ,23.66 ,23.59 ,23.48 ,23.54 ,23.64 ,23.6 ,23.62 ,23.64 ,23.61 ,23.56 ,23.6 ,23.61 ,23.57 ,23.64 ,23.61 ,23.59 ,23.58 ,23.68 ,23.61 ,23.56 ,23.57 ,23.57 ,23.53 ,23.55 ,23.56 ,23.68 ,23.65 ,23.66 ,23.67 ,23.65 ,23.64 ,23.64 ,23.62 ,23.63 ,23.66 ,23.64 ,23.62 ,23.64 ,23.67 ,23.7 ,23.66 ,23.68 ,23.76 ,23.88 ,23.89 ,23.86 ,23.83 ,23.85 ,23.79 ,23.87 ,23.96 ,23.92 ,23.93 ,23.93 ,23.91 ,23.85 ,23.81 ,23.86 ,23.89 ,23.87 ,23.85 ,23.86 ,23.88 ,23.88 ,23.88 ,23.87 ,23.84 ,23.85 ,23.92 ,23.92 ,23.98 ,23.88 ,23.82 ,23.84 ,23.89 ,23.84 ,23.77 ,23.72 ,23.72 ,23.69 ,23.57 ,23.57 ,23.55 ,23.59 ,23.6 ,23.64 ,23.64 ,23.62 ,23.58 ,23.68 ,23.67 ,23.64 ,23.6 ,23.64 ,23.69 ,23.65 ,23.54 ,23.54 ,23.59 ,23.65 ,23.63 ,23.69 ,23.66 ,23.65 ,23.69 ,23.62 ,23.58 ,23.64 ,23.65 ,23.67 ,23.69 ,23.63 ,23.61 ,23.64 ,23.68 ,23.65 ,23.83 ,23.85 ,23.79 ,23.82 ,23.7 ,23.76 ,23.95 ,24.06 ,24.09 ,24.13 ,24.19 ,24.16 ,24.15 ,24.17 ,24.06 ,24.11 ,24.12 ,24.11 ,24.16 ,24.12 ,24.19 ,24.19 ,24.21 ,24.14 ,24.11 ,24.15 ,24.11 ,24.09 ,24.08 ,24.15 ,24.21 ,24.19 ,24.19 ,24.1 ,24.06 ,24.16 ,24.2 ,24.15 ,24.14 ,24.21 ,24.19 ,24.18 ,24.12 ,24.04 ,24.09 ,24.04 ,23.95 ,23.83 ,23.73 ,23.76 ,23.66 ,23.66 ,23.62 ,23.69 ,23.7 ,23.77 ,23.75 ,23.68 ,23.58 ,23.7 ,23.72 ,23.66 ,23.64 ,23.65 ,23.62 ,23.66 ,23.69 ,23.63 ,23.71 ,23.74 ,23.69 ,23.65 ,23.68 ,23.63 ,23.55 ,23.62 ,23.63 ,23.65 ,23.65 ,23.62 ,23.6 ,23.55 ,23.58 ,23.6 ,23.68 ,23.75 ,23.78 ,23.66 ,23.6 ,23.71 ,23.73 ,23.71 ,23.71 ,23.67 ,23.71 ,23.77 ,23.78 ,23.73 ,23.72 ,23.73 ,23.72 ,23.71 ,23.75 ,23.78 ,23.74 ,23.78 ,23.79 ,23.77 ,23.8 ,23.8 ,23.77 ,23.72 ,23.73 ,23.62 ,23.65 ,23.68 ,23.7 ,23.64 ,23.64 ,23.64 ,23.61 ,23.63 ,23.66 ,23.67 ,23.71 ,23.68 ,23.64 ,23.65 ,23.7 ,23.6 ,23.56 ,23.6 ,23.71 ,23.74 ,23.65 ,23.53 ,23.49 ,23.47 ,23.61 ,23.57 ,23.55 ,23.57 ,23.56 ,23.47 ,23.45 ,23.45 ,23.5 ,23.44 ,23.4 ,23.48 ,23.46 ,23.31 ,23.27 ,23.32 ,23.32 ,23.29 ,23.25 ,23.26 ,23.24 ,23.36 ,23.39 ,23.46 ,23.42 ,23.38 ,23.52 ,23.41 ,23.3 ,23.4 ,23.41 ,23.35 ,23.38 ,23.34 ,23.45 ,23.48 ,23.41 ,23.33 ,23.26 ,23.38 ,23.35 ,23.32 ,23.4 ,23.45 ,23.42 ,23.4 ,23.4 ,23.31 ,23.4 ,23.42 ,23.27 ,23.26 ,23.3 ,23.4 ,23.4 ,23.36 ,23.36 ,23.34 ,23.23 ,23.15 ,23.26 ,23.42 ,23.37 ,23.19 ,23.1 ,23.2 ,23.09 ,22.97 ,22.86 ,22.79 ,22.85 ,22.92 ,22.88 ,22.84 ,22.89 ,22.96 ,22.95 ,22.95 ,22.89 ,22.95 ,22.95 ,22.8 ,22.81 ,22.79 ,22.73 ,22.75 ,22.69 ,22.66 ,22.76 ,22.79 ,22.74 ,22.6 ,
214,23.46 ,23.39 ,23.39 ,23.39 ,23.36 ,23.31 ,23.38 ,23.38 ,23.41 ,23.36 ,23.41 ,23.42 ,23.46 ,23.51 ,23.43 ,23.44 ,23.47 ,23.43 ,23.35 ,23.36 ,23.35 ,23.41 ,23.39 ,23.3 ,23.21 ,23.37 ,23.44 ,23.33 ,23.31 ,23.4 ,23.43 ,23.49 ,23.47 ,23.55 ,23.65 ,23.62 ,23.62 ,23.6 ,23.51 ,23.49 ,23.51 ,23.56 ,23.59 ,23.61 ,23.58 ,23.53 ,23.61 ,23.6 ,23.6 ,23.57 ,23.58 ,23.62 ,23.64 ,23.59 ,23.6 ,23.63 ,23.59 ,23.59 ,23.58 ,23.55 ,23.6 ,23.6 ,23.62 ,23.71 ,23.67 ,23.68 ,23.75 ,23.65 ,23.62 ,23.64 ,23.69 ,23.71 ,23.63 ,23.65 ,23.61 ,23.6 ,23.65 ,23.63 ,23.63 ,23.63 ,23.63 ,23.59 ,23.6 ,23.53 ,23.61 ,23.66 ,23.54 ,23.53 ,23.46 ,23.4 ,23.42 ,23.48 ,23.48 ,23.49 ,23.45 ,23.55 ,23.61 ,23.58 ,23.71 ,23.8 ,23.73 ,23.61 ,23.75 ,23.74 ,23.71 ,23.75 ,23.67 ,23.71 ,23.75 ,23.71 ,23.74 ,23.65 ,23.68 ,23.68 ,23.7 ,23.76 ,23.78 ,23.78 ,23.78 ,23.8 ,23.75 ,23.78 ,23.82 ,23.83 ,23.77 ,23.81 ,23.75 ,23.81 ,23.84 ,23.73 ,23.8 ,23.8 ,23.76 ,23.84 ,23.88 ,23.86 ,23.79 ,23.92 ,23.89 ,23.83 ,23.8 ,23.76 ,23.8 ,23.85 ,23.92 ,23.83 ,23.86 ,23.81 ,23.8 ,23.74 ,23.79 ,23.85 ,23.77 ,23.78 ,23.83 ,23.82 ,23.75 ,23.73 ,23.83 ,23.8 ,23.75 ,23.78 ,23.8 ,23.68 ,23.61 ,23.56 ,23.59 ,23.71 ,23.57 ,23.46 ,23.55 ,23.43 ,23.51 ,23.57 ,23.51 ,23.53 ,23.58 ,23.59 ,23.56 ,23.42 ,23.52 ,23.56 ,23.55 ,23.53 ,23.49 ,23.58 ,23.52 ,23.52 ,23.59 ,23.53 ,23.51 ,23.59 ,23.57 ,23.62 ,23.64 ,23.56 ,23.53 ,23.61 ,23.58 ,23.47 ,23.44 ,23.48 ,23.53 ,23.62 ,23.76 ,23.76 ,23.61 ,23.69 ,23.76 ,23.77 ,23.7 ,23.69 ,23.65 ,23.62 ,23.59 ,23.66 ,23.66 ,23.66 ,23.62 ,23.57 ,23.58 ,23.54 ,23.53 ,23.55 ,23.62 ,23.67 ,23.7 ,23.69 ,23.67 ,23.69 ,23.7 ,23.7 ,23.7 ,23.75 ,23.64 ,23.64 ,23.74 ,23.71 ,23.66 ,23.62 ,23.54 ,23.58 ,23.58 ,23.5 ,23.63 ,23.65 ,23.67 ,23.58 ,23.6 ,23.63 ,23.61 ,23.6 ,23.63 ,23.69 ,23.65 ,23.64 ,23.67 ,23.56 ,23.53 ,23.56 ,23.55 ,23.58 ,23.61 ,23.62 ,23.66 ,23.69 ,23.63 ,23.65 ,23.67 ,23.62 ,23.63 ,23.62 ,23.6 ,23.63 ,23.7 ,23.68 ,23.62 ,23.64 ,23.63 ,23.61 ,23.58 ,23.59 ,23.5 ,23.52 ,23.58 ,23.59 ,23.6 ,23.59 ,23.57 ,23.57 ,23.59 ,23.53 ,23.52 ,23.6 ,23.58 ,23.52 ,23.48 ,23.56 ,23.61 ,23.56 ,23.57 ,23.61 ,23.54 ,23.54 ,23.59 ,23.61 ,23.58 ,23.6 ,23.54 ,23.53 ,23.6 ,23.66 ,23.63 ,23.51 ,23.51 ,23.54 ,23.62 ,23.6 ,23.62 ,23.68 ,23.61 ,23.62 ,23.72 ,23.67 ,23.61 ,23.54 ,23.59 ,23.64 ,23.62 ,23.63 ,23.59 ,23.63 ,23.67 ,23.7 ,23.74 ,23.74 ,23.79 ,23.86 ,23.93 ,23.89 ,23.9 ,23.9 ,23.8 ,23.81 ,23.95 ,23.92 ,23.85 ,23.86 ,23.85 ,23.86 ,23.78 ,23.85 ,23.86 ,23.85 ,23.87 ,23.83 ,23.81 ,23.83 ,23.89 ,23.87 ,23.85 ,23.86 ,23.88 ,23.9 ,23.99 ,23.96 ,23.9 ,23.84 ,23.86 ,23.84 ,23.73 ,23.67 ,23.76 ,23.74 ,23.66 ,23.6 ,23.56 ,23.63 ,23.62 ,23.56 ,23.66 ,23.63 ,23.56 ,23.61 ,23.63 ,23.58 ,23.6 ,23.58 ,23.65 ,23.57 ,23.52 ,23.54 ,23.55 ,23.63 ,23.69 ,23.74 ,23.71 ,23.66 ,23.67 ,23.53 ,23.55 ,23.63 ,23.66 ,23.65 ,23.57 ,23.59 ,23.64 ,23.63 ,23.68 ,23.71 ,23.86 ,23.89 ,23.79 ,23.83 ,23.75 ,23.82 ,24.07 ,24.17 ,24.19 ,24.26 ,24.18 ,24.22 ,24.21 ,24.16 ,24.11 ,24.18 ,24.18 ,24.15 ,24.15 ,24.1 ,24.13 ,24.23 ,24.2 ,24.18 ,24.19 ,24.21 ,24.2 ,24.19 ,24.21 ,24.2 ,24.2 ,24.26 ,24.26 ,24.19 ,24.15 ,24.19 ,24.08 ,24.15 ,24.11 ,24.13 ,24.15 ,24.15 ,24.13 ,24.07 ,24.14 ,24.14 ,24.15 ,24.01 ,23.87 ,23.88 ,23.81 ,23.76 ,23.57 ,23.61 ,23.69 ,23.76 ,23.75 ,23.65 ,23.72 ,23.77 ,23.68 ,23.64 ,23.67 ,23.65 ,23.58 ,23.66 ,23.66 ,23.77 ,23.73 ,23.66 ,23.61 ,23.62 ,23.61 ,23.59 ,23.57 ,23.6 ,23.7 ,23.66 ,23.57 ,23.64 ,23.63 ,23.7 ,23.75 ,23.67 ,23.65 ,23.69 ,23.77 ,23.7 ,23.64 ,23.67 ,23.72 ,23.73 ,23.68 ,23.6 ,23.72 ,23.81 ,23.76 ,23.82 ,23.75 ,23.76 ,23.8 ,23.82 ,23.78 ,23.82 ,23.74 ,23.71 ,23.75 ,23.74 ,23.73 ,23.7 ,23.68 ,23.65 ,23.64 ,23.74 ,23.66 ,23.65 ,23.65 ,23.67 ,23.66 ,23.67 ,23.61 ,23.65 ,23.59 ,23.65 ,23.74 ,23.66 ,23.6 ,23.68 ,23.67 ,23.58 ,23.47 ,23.59 ,23.66 ,23.64 ,23.67 ,23.58 ,23.5 ,23.49 ,23.53 ,23.58 ,23.5 ,23.59 ,23.53 ,23.42 ,23.41 ,23.52 ,23.59 ,23.48 ,23.47 ,23.5 ,23.44 ,23.41 ,23.32 ,23.28 ,23.28 ,23.15 ,23.23 ,23.35 ,23.31 ,23.4 ,23.44 ,23.45 ,23.4 ,23.37 ,23.38 ,23.47 ,23.36 ,23.39 ,23.43 ,23.33 ,23.35 ,23.36 ,23.36 ,23.38 ,23.31 ,23.32 ,23.36 ,23.36 ,23.41 ,23.32 ,23.33 ,23.4 ,23.42 ,23.49 ,23.41 ,23.27 ,23.38 ,23.37 ,23.39 ,23.34 ,23.3 ,23.39 ,23.36 ,23.37 ,23.38 ,23.33 ,23.31 ,23.16 ,23.15 ,23.33 ,23.28 ,23.15 ,23.14 ,23.14 ,23.13 ,23.06 ,22.94 ,22.92 ,22.94 ,22.85 ,22.82 ,22.81 ,22.84 ,22.89 ,22.94 ,22.9 ,22.96 ,22.99 ,22.95 ,22.87 ,22.85 ,22.92 ,22.83 ,22.83 ,22.76 ,22.66 ,22.71 ,22.75 ,22.63 ,22.58 ,
215,23.37 ,23.4 ,23.38 ,23.42 ,23.35 ,23.19 ,23.29 ,23.39 ,23.37 ,23.34 ,23.4 ,23.42 ,23.38 ,23.37 ,23.42 ,23.44 ,23.54 ,23.55 ,23.41 ,23.41 ,23.38 ,23.36 ,23.39 ,23.32 ,23.25 ,23.34 ,23.4 ,23.3 ,23.22 ,23.4 ,23.51 ,23.5 ,23.48 ,23.58 ,23.59 ,23.57 ,23.57 ,23.65 ,23.55 ,23.53 ,23.58 ,23.58 ,23.52 ,23.57 ,23.58 ,23.56 ,23.53 ,23.68 ,23.63 ,23.62 ,23.6 ,23.65 ,23.65 ,23.63 ,23.55 ,23.61 ,23.67 ,23.59 ,23.57 ,23.53 ,23.55 ,23.66 ,23.68 ,23.65 ,23.64 ,23.62 ,23.74 ,23.74 ,23.62 ,23.61 ,23.6 ,23.68 ,23.68 ,23.63 ,23.57 ,23.61 ,23.58 ,23.58 ,23.64 ,23.56 ,23.58 ,23.58 ,23.58 ,23.51 ,23.59 ,23.64 ,23.57 ,23.55 ,23.49 ,23.43 ,23.52 ,23.53 ,23.51 ,23.5 ,23.45 ,23.51 ,23.56 ,23.61 ,23.74 ,23.82 ,23.74 ,23.7 ,23.72 ,23.7 ,23.77 ,23.76 ,23.71 ,23.62 ,23.71 ,23.72 ,23.69 ,23.69 ,23.77 ,23.73 ,23.74 ,23.75 ,23.78 ,23.8 ,23.83 ,23.82 ,23.81 ,23.82 ,23.74 ,23.82 ,23.78 ,23.85 ,23.8 ,23.77 ,23.82 ,23.74 ,23.78 ,23.81 ,23.71 ,23.85 ,23.8 ,23.74 ,23.8 ,23.88 ,23.89 ,23.88 ,23.82 ,23.77 ,23.81 ,23.81 ,23.79 ,23.73 ,23.81 ,23.9 ,23.89 ,23.82 ,23.77 ,23.8 ,23.84 ,23.8 ,23.79 ,23.84 ,23.74 ,23.73 ,23.81 ,23.86 ,23.8 ,23.82 ,23.79 ,23.72 ,23.69 ,23.64 ,23.59 ,23.67 ,23.58 ,23.54 ,23.61 ,23.48 ,23.47 ,23.51 ,23.57 ,23.51 ,23.56 ,23.58 ,23.58 ,23.55 ,23.61 ,23.66 ,23.57 ,23.47 ,23.56 ,23.56 ,23.52 ,23.44 ,23.51 ,23.52 ,23.54 ,23.53 ,23.65 ,23.66 ,23.67 ,23.58 ,23.48 ,23.52 ,23.52 ,23.48 ,23.45 ,23.46 ,23.53 ,23.62 ,23.69 ,23.73 ,23.68 ,23.68 ,23.74 ,23.78 ,23.73 ,23.68 ,23.61 ,23.64 ,23.63 ,23.64 ,23.71 ,23.66 ,23.64 ,23.57 ,23.51 ,23.55 ,23.54 ,23.55 ,23.58 ,23.62 ,23.66 ,23.64 ,23.65 ,23.61 ,23.65 ,23.72 ,23.72 ,23.72 ,23.69 ,23.63 ,23.75 ,23.78 ,23.69 ,23.6 ,23.5 ,23.47 ,23.52 ,23.6 ,23.7 ,23.72 ,23.63 ,23.5 ,23.54 ,23.6 ,23.62 ,23.6 ,23.6 ,23.7 ,23.7 ,23.65 ,23.63 ,23.6 ,23.55 ,23.57 ,23.56 ,23.62 ,23.67 ,23.56 ,23.62 ,23.68 ,23.58 ,23.61 ,23.66 ,23.61 ,23.57 ,23.66 ,23.65 ,23.7 ,23.66 ,23.61 ,23.6 ,23.62 ,23.66 ,23.65 ,23.59 ,23.61 ,23.58 ,23.57 ,23.59 ,23.64 ,23.64 ,23.52 ,23.54 ,23.66 ,23.57 ,23.54 ,23.49 ,23.56 ,23.63 ,23.56 ,23.5 ,23.51 ,23.56 ,23.49 ,23.54 ,23.62 ,23.57 ,23.52 ,23.58 ,23.57 ,23.56 ,23.55 ,23.51 ,23.51 ,23.63 ,23.63 ,23.67 ,23.63 ,23.56 ,23.55 ,23.57 ,23.61 ,23.64 ,23.67 ,23.7 ,23.71 ,23.69 ,23.65 ,23.61 ,23.61 ,23.66 ,23.72 ,23.6 ,23.59 ,23.64 ,23.58 ,23.65 ,23.68 ,23.79 ,23.82 ,23.88 ,23.85 ,23.85 ,23.88 ,23.94 ,23.93 ,23.78 ,23.84 ,23.9 ,23.96 ,23.87 ,23.91 ,23.91 ,23.85 ,23.8 ,23.83 ,23.83 ,23.81 ,23.9 ,23.88 ,23.81 ,23.8 ,23.85 ,23.85 ,23.81 ,23.95 ,23.97 ,23.93 ,23.94 ,23.92 ,23.92 ,23.86 ,23.84 ,23.86 ,23.72 ,23.54 ,23.63 ,23.69 ,23.66 ,23.68 ,23.57 ,23.67 ,23.63 ,23.6 ,23.64 ,23.58 ,23.57 ,23.62 ,23.54 ,23.56 ,23.56 ,23.6 ,23.61 ,23.55 ,23.57 ,23.63 ,23.62 ,23.56 ,23.59 ,23.67 ,23.66 ,23.66 ,23.64 ,23.58 ,23.58 ,23.66 ,23.68 ,23.64 ,23.56 ,23.51 ,23.57 ,23.66 ,23.7 ,23.72 ,23.86 ,23.86 ,23.99 ,23.85 ,23.82 ,23.88 ,24.01 ,24.05 ,24.14 ,24.23 ,24.11 ,24.12 ,24.2 ,24.11 ,24.04 ,24.12 ,24.18 ,24.21 ,24.15 ,24.07 ,24.02 ,24.18 ,24.26 ,24.16 ,24.14 ,24.13 ,24.2 ,24.19 ,24.22 ,24.21 ,24.19 ,24.23 ,24.27 ,24.21 ,24.14 ,24.27 ,24.15 ,24.06 ,24.04 ,24.08 ,24.11 ,24.16 ,24.19 ,24.09 ,24.11 ,24.17 ,24.16 ,24.16 ,24.08 ,24.07 ,24.1 ,23.99 ,23.84 ,23.79 ,23.78 ,23.83 ,23.8 ,23.63 ,23.75 ,23.77 ,23.7 ,23.61 ,23.67 ,23.71 ,23.65 ,23.69 ,23.71 ,23.75 ,23.66 ,23.57 ,23.62 ,23.59 ,23.59 ,23.63 ,23.64 ,23.68 ,23.7 ,23.68 ,23.62 ,23.7 ,23.69 ,23.73 ,23.75 ,23.69 ,23.68 ,23.75 ,23.76 ,23.76 ,23.76 ,23.66 ,23.64 ,23.79 ,23.81 ,23.7 ,23.75 ,23.8 ,23.74 ,23.74 ,23.78 ,23.76 ,23.71 ,23.74 ,23.76 ,23.81 ,23.79 ,23.75 ,23.68 ,23.66 ,23.66 ,23.69 ,23.65 ,23.66 ,23.69 ,23.71 ,23.72 ,23.65 ,23.64 ,23.68 ,23.73 ,23.67 ,23.65 ,23.76 ,23.61 ,23.64 ,23.74 ,23.66 ,23.68 ,23.71 ,23.65 ,23.59 ,23.56 ,23.66 ,23.69 ,23.59 ,23.69 ,23.65 ,23.57 ,23.55 ,23.57 ,23.52 ,23.52 ,23.6 ,23.58 ,23.43 ,23.45 ,23.55 ,23.55 ,23.41 ,23.38 ,23.47 ,23.46 ,23.42 ,23.34 ,23.26 ,23.31 ,23.26 ,23.29 ,23.33 ,23.38 ,23.39 ,23.41 ,23.48 ,23.48 ,23.39 ,23.32 ,23.38 ,23.32 ,23.33 ,23.32 ,23.33 ,23.35 ,23.43 ,23.38 ,23.31 ,23.28 ,23.34 ,23.37 ,23.3 ,23.35 ,23.43 ,23.32 ,23.42 ,23.5 ,23.41 ,23.35 ,23.37 ,23.41 ,23.33 ,23.33 ,23.35 ,23.33 ,23.38 ,23.32 ,23.31 ,23.4 ,23.38 ,23.25 ,23.15 ,23.23 ,23.3 ,23.25 ,23.15 ,23.09 ,23.07 ,23.1 ,23.13 ,23.06 ,23.01 ,22.97 ,22.96 ,22.89 ,22.89 ,22.94 ,22.91 ,22.9 ,22.93 ,22.97 ,23.05 ,22.96 ,22.91 ,22.86 ,22.95 ,22.83 ,22.84 ,22.81 ,22.68 ,22.71 ,22.68 ,22.66 ,22.62 ,
216,23.37 ,23.34 ,23.42 ,23.4 ,23.45 ,23.3 ,23.3 ,23.34 ,23.3 ,23.4 ,23.44 ,23.36 ,23.43 ,23.4 ,23.48 ,23.45 ,23.49 ,23.59 ,23.53 ,23.37 ,23.3 ,23.32 ,23.44 ,23.4 ,23.26 ,23.29 ,23.33 ,23.26 ,23.26 ,23.32 ,23.42 ,23.51 ,23.49 ,23.5 ,23.6 ,23.59 ,23.48 ,23.62 ,23.59 ,23.54 ,23.58 ,23.57 ,23.5 ,23.55 ,23.57 ,23.6 ,23.61 ,23.65 ,23.65 ,23.66 ,23.62 ,23.64 ,23.66 ,23.66 ,23.65 ,23.65 ,23.64 ,23.62 ,23.55 ,23.57 ,23.55 ,23.65 ,23.75 ,23.68 ,23.65 ,23.62 ,23.67 ,23.69 ,23.64 ,23.64 ,23.62 ,23.65 ,23.63 ,23.65 ,23.64 ,23.6 ,23.65 ,23.63 ,23.69 ,23.66 ,23.65 ,23.61 ,23.56 ,23.62 ,23.59 ,23.61 ,23.63 ,23.56 ,23.49 ,23.44 ,23.49 ,23.44 ,23.41 ,23.48 ,23.45 ,23.49 ,23.57 ,23.62 ,23.73 ,23.71 ,23.74 ,23.72 ,23.79 ,23.73 ,23.81 ,23.79 ,23.8 ,23.68 ,23.66 ,23.77 ,23.78 ,23.66 ,23.72 ,23.74 ,23.75 ,23.76 ,23.83 ,23.81 ,23.82 ,23.87 ,23.84 ,23.85 ,23.82 ,23.83 ,23.78 ,23.8 ,23.88 ,23.82 ,23.74 ,23.72 ,23.73 ,23.78 ,23.74 ,23.79 ,23.79 ,23.81 ,23.86 ,23.85 ,23.93 ,23.94 ,23.81 ,23.78 ,23.83 ,23.79 ,23.73 ,23.73 ,23.75 ,23.81 ,23.84 ,23.86 ,23.83 ,23.77 ,23.88 ,23.89 ,23.81 ,23.78 ,23.76 ,23.73 ,23.82 ,23.83 ,23.85 ,23.77 ,23.79 ,23.75 ,23.63 ,23.63 ,23.65 ,23.64 ,23.54 ,23.57 ,23.65 ,23.54 ,23.48 ,23.59 ,23.67 ,23.61 ,23.58 ,23.6 ,23.57 ,23.62 ,23.73 ,23.65 ,23.59 ,23.51 ,23.59 ,23.57 ,23.56 ,23.46 ,23.48 ,23.52 ,23.57 ,23.57 ,23.58 ,23.6 ,23.57 ,23.54 ,23.47 ,23.47 ,23.54 ,23.48 ,23.49 ,23.49 ,23.59 ,23.67 ,23.65 ,23.67 ,23.7 ,23.69 ,23.75 ,23.75 ,23.71 ,23.73 ,23.73 ,23.68 ,23.66 ,23.69 ,23.7 ,23.75 ,23.69 ,23.66 ,23.6 ,23.56 ,23.55 ,23.52 ,23.61 ,23.59 ,23.64 ,23.62 ,23.58 ,23.59 ,23.64 ,23.64 ,23.72 ,23.74 ,23.72 ,23.72 ,23.78 ,23.76 ,23.73 ,23.63 ,23.47 ,23.43 ,23.52 ,23.66 ,23.69 ,23.7 ,23.6 ,23.51 ,23.58 ,23.62 ,23.63 ,23.58 ,23.63 ,23.63 ,23.61 ,23.55 ,23.64 ,23.72 ,23.64 ,23.57 ,23.62 ,23.72 ,23.72 ,23.7 ,23.66 ,23.65 ,23.53 ,23.55 ,23.57 ,23.61 ,23.55 ,23.62 ,23.67 ,23.63 ,23.67 ,23.55 ,23.57 ,23.68 ,23.59 ,23.6 ,23.67 ,23.61 ,23.63 ,23.63 ,23.63 ,23.7 ,23.66 ,23.56 ,23.6 ,23.65 ,23.69 ,23.61 ,23.6 ,23.55 ,23.62 ,23.55 ,23.54 ,23.63 ,23.57 ,23.54 ,23.63 ,23.72 ,23.59 ,23.54 ,23.55 ,23.58 ,23.57 ,23.61 ,23.55 ,23.56 ,23.67 ,23.73 ,23.64 ,23.68 ,23.6 ,23.5 ,23.52 ,23.57 ,23.63 ,23.64 ,23.61 ,23.64 ,23.66 ,23.71 ,23.67 ,23.65 ,23.68 ,23.64 ,23.56 ,23.66 ,23.58 ,23.61 ,23.68 ,23.74 ,23.85 ,23.85 ,23.92 ,23.9 ,23.83 ,23.89 ,23.91 ,23.91 ,23.81 ,23.89 ,23.94 ,23.95 ,23.93 ,23.9 ,23.89 ,23.82 ,23.86 ,23.79 ,23.78 ,23.83 ,23.86 ,23.88 ,23.9 ,23.81 ,23.83 ,23.86 ,23.82 ,23.91 ,23.98 ,23.96 ,23.92 ,23.82 ,23.85 ,23.87 ,23.82 ,23.76 ,23.68 ,23.55 ,23.51 ,23.63 ,23.64 ,23.68 ,23.65 ,23.62 ,23.6 ,23.57 ,23.63 ,23.57 ,23.6 ,23.73 ,23.62 ,23.59 ,23.62 ,23.62 ,23.64 ,23.56 ,23.61 ,23.6 ,23.63 ,23.59 ,23.53 ,23.64 ,23.66 ,23.61 ,23.57 ,23.53 ,23.59 ,23.67 ,23.63 ,23.67 ,23.66 ,23.62 ,23.65 ,23.71 ,23.75 ,23.78 ,23.84 ,23.83 ,23.9 ,23.91 ,23.85 ,23.84 ,23.87 ,23.93 ,23.96 ,24.05 ,23.96 ,23.94 ,23.98 ,23.99 ,23.94 ,23.95 ,24.03 ,24 ,23.96 ,24.05 ,24.02 ,24.07 ,24.14 ,24.09 ,24.02 ,24.1 ,24.2 ,24.19 ,24.14 ,24.13 ,24.1 ,24.11 ,24.16 ,24.19 ,24.08 ,24.14 ,24.17 ,24.12 ,24.06 ,24.07 ,24.12 ,24.22 ,24.24 ,24.13 ,24.16 ,24.16 ,24.11 ,24.1 ,24.06 ,24.1 ,24.13 ,24.15 ,24.02 ,23.96 ,23.99 ,23.96 ,23.94 ,23.91 ,23.83 ,23.76 ,23.72 ,23.69 ,23.78 ,23.79 ,23.69 ,23.66 ,23.74 ,23.77 ,23.69 ,23.66 ,23.62 ,23.55 ,23.57 ,23.67 ,23.62 ,23.68 ,23.73 ,23.64 ,23.62 ,23.67 ,23.66 ,23.67 ,23.68 ,23.67 ,23.74 ,23.78 ,23.76 ,23.71 ,23.67 ,23.7 ,23.73 ,23.72 ,23.75 ,23.69 ,23.74 ,23.86 ,23.84 ,23.8 ,23.81 ,23.76 ,23.66 ,23.6 ,23.73 ,23.73 ,23.76 ,23.79 ,23.76 ,23.63 ,23.67 ,23.73 ,23.7 ,23.72 ,23.69 ,23.68 ,23.73 ,23.71 ,23.7 ,23.71 ,23.67 ,23.7 ,23.67 ,23.71 ,23.65 ,23.68 ,23.73 ,23.72 ,23.73 ,23.69 ,23.68 ,23.63 ,23.62 ,23.59 ,23.6 ,23.56 ,23.65 ,23.64 ,23.5 ,23.56 ,23.59 ,23.61 ,23.55 ,23.6 ,23.5 ,23.42 ,23.42 ,23.57 ,23.49 ,23.47 ,23.41 ,23.46 ,23.4 ,23.46 ,23.43 ,23.33 ,23.3 ,23.29 ,23.25 ,23.25 ,23.39 ,23.43 ,23.38 ,23.35 ,23.43 ,23.43 ,23.4 ,23.42 ,23.29 ,23.33 ,23.44 ,23.38 ,23.38 ,23.42 ,23.43 ,23.32 ,23.29 ,23.34 ,23.38 ,23.33 ,23.28 ,23.38 ,23.39 ,23.46 ,23.47 ,23.38 ,23.33 ,23.41 ,23.47 ,23.36 ,23.29 ,23.28 ,23.33 ,23.41 ,23.31 ,23.31 ,23.45 ,23.43 ,23.24 ,23.06 ,23.2 ,23.31 ,23.26 ,23.17 ,23.16 ,23.18 ,23.17 ,23.15 ,23.11 ,23.04 ,23.05 ,23.03 ,23.02 ,22.94 ,22.95 ,22.95 ,22.94 ,23 ,23.01 ,23.05 ,23.02 ,22.99 ,22.95 ,22.91 ,22.87 ,22.84 ,22.85 ,22.82 ,22.85 ,22.84 ,22.76 ,22.78 ,
217,23.36 ,23.4 ,23.4 ,23.37 ,23.33 ,23.33 ,23.39 ,23.34 ,23.31 ,23.35 ,23.45 ,23.36 ,23.38 ,23.39 ,23.51 ,23.49 ,23.43 ,23.46 ,23.39 ,23.33 ,23.29 ,23.34 ,23.41 ,23.39 ,23.29 ,23.22 ,23.33 ,23.26 ,23.26 ,23.42 ,23.46 ,23.46 ,23.54 ,23.45 ,23.46 ,23.52 ,23.52 ,23.51 ,23.63 ,23.62 ,23.59 ,23.6 ,23.54 ,23.5 ,23.53 ,23.59 ,23.65 ,23.61 ,23.56 ,23.61 ,23.65 ,23.61 ,23.65 ,23.64 ,23.62 ,23.61 ,23.64 ,23.64 ,23.63 ,23.61 ,23.57 ,23.61 ,23.69 ,23.66 ,23.7 ,23.6 ,23.58 ,23.63 ,23.6 ,23.63 ,23.62 ,23.67 ,23.69 ,23.64 ,23.68 ,23.62 ,23.63 ,23.61 ,23.54 ,23.63 ,23.72 ,23.68 ,23.65 ,23.59 ,23.61 ,23.6 ,23.63 ,23.52 ,23.43 ,23.38 ,23.43 ,23.39 ,23.36 ,23.36 ,23.46 ,23.57 ,23.63 ,23.59 ,23.65 ,23.72 ,23.72 ,23.79 ,23.78 ,23.81 ,23.8 ,23.83 ,23.81 ,23.74 ,23.7 ,23.73 ,23.8 ,23.73 ,23.69 ,23.72 ,23.79 ,23.78 ,23.79 ,23.83 ,23.86 ,23.83 ,23.79 ,23.82 ,23.7 ,23.75 ,23.81 ,23.79 ,23.89 ,23.86 ,23.83 ,23.71 ,23.77 ,23.82 ,23.74 ,23.79 ,23.78 ,23.67 ,23.76 ,23.83 ,23.89 ,23.86 ,23.83 ,23.78 ,23.78 ,23.74 ,23.79 ,23.85 ,23.83 ,23.74 ,23.81 ,23.79 ,23.85 ,23.81 ,23.91 ,23.93 ,23.8 ,23.78 ,23.79 ,23.77 ,23.88 ,23.87 ,23.84 ,23.79 ,23.74 ,23.75 ,23.61 ,23.63 ,23.65 ,23.63 ,23.55 ,23.59 ,23.57 ,23.48 ,23.47 ,23.64 ,23.69 ,23.63 ,23.52 ,23.57 ,23.63 ,23.64 ,23.68 ,23.62 ,23.61 ,23.61 ,23.6 ,23.61 ,23.59 ,23.5 ,23.49 ,23.43 ,23.53 ,23.55 ,23.53 ,23.56 ,23.56 ,23.53 ,23.43 ,23.52 ,23.53 ,23.49 ,23.51 ,23.47 ,23.49 ,23.59 ,23.68 ,23.74 ,23.66 ,23.63 ,23.71 ,23.68 ,23.65 ,23.71 ,23.67 ,23.64 ,23.64 ,23.72 ,23.79 ,23.72 ,23.69 ,23.7 ,23.59 ,23.54 ,23.52 ,23.55 ,23.64 ,23.63 ,23.62 ,23.59 ,23.55 ,23.54 ,23.56 ,23.54 ,23.64 ,23.71 ,23.7 ,23.68 ,23.77 ,23.77 ,23.74 ,23.67 ,23.49 ,23.43 ,23.56 ,23.65 ,23.58 ,23.65 ,23.57 ,23.51 ,23.59 ,23.6 ,23.58 ,23.58 ,23.6 ,23.55 ,23.52 ,23.56 ,23.61 ,23.68 ,23.63 ,23.61 ,23.54 ,23.63 ,23.63 ,23.67 ,23.63 ,23.6 ,23.61 ,23.58 ,23.58 ,23.68 ,23.57 ,23.51 ,23.59 ,23.59 ,23.57 ,23.61 ,23.6 ,23.64 ,23.59 ,23.55 ,23.63 ,23.66 ,23.56 ,23.66 ,23.61 ,23.57 ,23.63 ,23.53 ,23.53 ,23.54 ,23.61 ,23.61 ,23.58 ,23.52 ,23.56 ,23.58 ,23.58 ,23.65 ,23.65 ,23.66 ,23.7 ,23.73 ,23.62 ,23.59 ,23.59 ,23.61 ,23.55 ,23.58 ,23.57 ,23.55 ,23.61 ,23.71 ,23.6 ,23.56 ,23.5 ,23.43 ,23.52 ,23.62 ,23.61 ,23.62 ,23.55 ,23.61 ,23.63 ,23.69 ,23.65 ,23.52 ,23.59 ,23.66 ,23.61 ,23.65 ,23.6 ,23.59 ,23.75 ,23.89 ,23.87 ,23.87 ,23.93 ,23.92 ,23.85 ,23.86 ,23.95 ,23.89 ,23.85 ,23.95 ,24.03 ,23.93 ,23.86 ,23.88 ,23.86 ,23.84 ,23.87 ,23.8 ,23.78 ,23.83 ,23.84 ,23.87 ,23.86 ,23.87 ,23.85 ,23.91 ,23.9 ,23.85 ,23.92 ,23.9 ,23.93 ,23.9 ,23.8 ,23.87 ,23.84 ,23.75 ,23.6 ,23.58 ,23.58 ,23.63 ,23.64 ,23.64 ,23.62 ,23.63 ,23.6 ,23.57 ,23.59 ,23.62 ,23.65 ,23.74 ,23.68 ,23.68 ,23.65 ,23.61 ,23.6 ,23.6 ,23.6 ,23.56 ,23.58 ,23.56 ,23.5 ,23.6 ,23.67 ,23.65 ,23.59 ,23.59 ,23.57 ,23.65 ,23.6 ,23.67 ,23.69 ,23.7 ,23.74 ,23.72 ,23.71 ,23.74 ,23.84 ,23.82 ,23.85 ,23.94 ,23.9 ,23.85 ,23.85 ,23.9 ,23.83 ,23.93 ,23.91 ,23.82 ,23.8 ,23.81 ,23.77 ,23.78 ,23.78 ,23.7 ,23.73 ,23.76 ,23.8 ,23.86 ,23.94 ,23.92 ,23.88 ,23.96 ,24.02 ,23.99 ,24.03 ,23.97 ,23.95 ,23.91 ,24.01 ,24.02 ,23.96 ,24.01 ,24.05 ,24 ,24 ,24 ,23.97 ,24.07 ,24.09 ,24.07 ,24.14 ,24.11 ,24.05 ,24.06 ,24.05 ,24.04 ,24.1 ,24.15 ,24.06 ,23.98 ,24.1 ,24.06 ,24 ,24.04 ,24 ,23.88 ,23.83 ,23.78 ,23.79 ,23.77 ,23.74 ,23.77 ,23.85 ,23.79 ,23.64 ,23.61 ,23.55 ,23.53 ,23.52 ,23.6 ,23.5 ,23.61 ,23.68 ,23.53 ,23.5 ,23.53 ,23.58 ,23.62 ,23.61 ,23.66 ,23.74 ,23.74 ,23.7 ,23.69 ,23.61 ,23.68 ,23.83 ,23.78 ,23.78 ,23.75 ,23.75 ,23.87 ,23.84 ,23.83 ,23.81 ,23.79 ,23.65 ,23.59 ,23.67 ,23.73 ,23.74 ,23.84 ,23.81 ,23.67 ,23.72 ,23.74 ,23.7 ,23.71 ,23.69 ,23.69 ,23.69 ,23.7 ,23.69 ,23.63 ,23.61 ,23.67 ,23.62 ,23.64 ,23.65 ,23.7 ,23.74 ,23.71 ,23.71 ,23.69 ,23.62 ,23.67 ,23.65 ,23.6 ,23.5 ,23.66 ,23.66 ,23.58 ,23.44 ,23.53 ,23.65 ,23.63 ,23.57 ,23.59 ,23.51 ,23.44 ,23.49 ,23.53 ,23.55 ,23.47 ,23.41 ,23.46 ,23.36 ,23.37 ,23.44 ,23.35 ,23.26 ,23.21 ,23.23 ,23.24 ,23.36 ,23.37 ,23.41 ,23.39 ,23.44 ,23.45 ,23.42 ,23.49 ,23.37 ,23.32 ,23.28 ,23.38 ,23.36 ,23.41 ,23.48 ,23.39 ,23.39 ,23.35 ,23.44 ,23.34 ,23.29 ,23.33 ,23.35 ,23.4 ,23.36 ,23.27 ,23.27 ,23.25 ,23.36 ,23.43 ,23.39 ,23.33 ,23.35 ,23.44 ,23.41 ,23.42 ,23.35 ,23.28 ,23.32 ,23.28 ,23.23 ,23.29 ,23.35 ,23.25 ,23.22 ,23.21 ,23.25 ,23.21 ,23.14 ,23.05 ,23.04 ,23.13 ,23.08 ,23.05 ,22.94 ,22.97 ,23.02 ,23.03 ,23.01 ,23.11 ,23.02 ,23.03 ,23.04 ,23.1 ,23.02 ,22.97 ,22.93 ,22.94 ,22.95 ,23.02 ,22.9 ,22.83 ,
218,23.41 ,23.39 ,23.34 ,23.35 ,23.29 ,23.25 ,23.36 ,23.41 ,23.36 ,23.34 ,23.34 ,23.38 ,23.43 ,23.39 ,23.47 ,23.48 ,23.35 ,23.34 ,23.3 ,23.32 ,23.39 ,23.29 ,23.32 ,23.32 ,23.34 ,23.29 ,23.32 ,23.32 ,23.35 ,23.42 ,23.46 ,23.48 ,23.56 ,23.56 ,23.47 ,23.49 ,23.57 ,23.58 ,23.6 ,23.55 ,23.63 ,23.6 ,23.52 ,23.52 ,23.46 ,23.51 ,23.63 ,23.65 ,23.59 ,23.63 ,23.65 ,23.67 ,23.62 ,23.6 ,23.53 ,23.55 ,23.55 ,23.65 ,23.65 ,23.7 ,23.67 ,23.59 ,23.69 ,23.64 ,23.67 ,23.62 ,23.61 ,23.64 ,23.7 ,23.56 ,23.53 ,23.52 ,23.61 ,23.56 ,23.64 ,23.63 ,23.71 ,23.69 ,23.62 ,23.6 ,23.64 ,23.55 ,23.57 ,23.56 ,23.58 ,23.59 ,23.57 ,23.53 ,23.49 ,23.4 ,23.41 ,23.35 ,23.34 ,23.33 ,23.42 ,23.58 ,23.62 ,23.56 ,23.67 ,23.74 ,23.69 ,23.73 ,23.77 ,23.8 ,23.79 ,23.81 ,23.81 ,23.78 ,23.71 ,23.7 ,23.72 ,23.78 ,23.74 ,23.66 ,23.77 ,23.8 ,23.74 ,23.72 ,23.75 ,23.77 ,23.75 ,23.8 ,23.73 ,23.71 ,23.83 ,23.79 ,23.76 ,23.83 ,23.84 ,23.73 ,23.72 ,23.81 ,23.8 ,23.76 ,23.79 ,23.73 ,23.75 ,23.81 ,23.9 ,23.85 ,23.82 ,23.79 ,23.87 ,23.74 ,23.73 ,23.83 ,23.87 ,23.76 ,23.84 ,23.81 ,23.84 ,23.9 ,23.94 ,23.93 ,23.75 ,23.77 ,23.81 ,23.78 ,23.79 ,23.88 ,23.88 ,23.87 ,23.85 ,23.75 ,23.7 ,23.72 ,23.71 ,23.68 ,23.58 ,23.59 ,23.6 ,23.53 ,23.52 ,23.6 ,23.7 ,23.63 ,23.51 ,23.5 ,23.58 ,23.6 ,23.57 ,23.59 ,23.6 ,23.48 ,23.55 ,23.58 ,23.6 ,23.59 ,23.46 ,23.47 ,23.57 ,23.57 ,23.57 ,23.55 ,23.62 ,23.53 ,23.45 ,23.46 ,23.47 ,23.48 ,23.55 ,23.46 ,23.46 ,23.49 ,23.61 ,23.73 ,23.72 ,23.65 ,23.77 ,23.7 ,23.68 ,23.68 ,23.71 ,23.65 ,23.61 ,23.66 ,23.72 ,23.7 ,23.64 ,23.58 ,23.59 ,23.56 ,23.51 ,23.58 ,23.59 ,23.63 ,23.56 ,23.53 ,23.55 ,23.61 ,23.62 ,23.61 ,23.66 ,23.67 ,23.6 ,23.67 ,23.75 ,23.72 ,23.68 ,23.7 ,23.61 ,23.53 ,23.63 ,23.59 ,23.56 ,23.6 ,23.58 ,23.53 ,23.58 ,23.57 ,23.58 ,23.61 ,23.59 ,23.6 ,23.51 ,23.58 ,23.68 ,23.65 ,23.57 ,23.63 ,23.56 ,23.6 ,23.66 ,23.63 ,23.67 ,23.63 ,23.59 ,23.6 ,23.64 ,23.7 ,23.58 ,23.55 ,23.65 ,23.62 ,23.53 ,23.57 ,23.64 ,23.68 ,23.63 ,23.59 ,23.67 ,23.73 ,23.59 ,23.61 ,23.62 ,23.54 ,23.64 ,23.6 ,23.57 ,23.6 ,23.57 ,23.57 ,23.56 ,23.56 ,23.57 ,23.62 ,23.62 ,23.64 ,23.65 ,23.6 ,23.59 ,23.68 ,23.63 ,23.56 ,23.62 ,23.64 ,23.6 ,23.62 ,23.63 ,23.59 ,23.62 ,23.69 ,23.55 ,23.51 ,23.5 ,23.54 ,23.54 ,23.59 ,23.64 ,23.66 ,23.63 ,23.66 ,23.61 ,23.66 ,23.63 ,23.59 ,23.66 ,23.68 ,23.68 ,23.69 ,23.57 ,23.67 ,23.81 ,23.93 ,23.96 ,23.86 ,23.89 ,23.9 ,23.88 ,23.87 ,23.82 ,23.87 ,23.78 ,23.87 ,23.96 ,23.87 ,23.83 ,23.9 ,23.84 ,23.84 ,23.87 ,23.9 ,23.86 ,23.88 ,23.86 ,23.81 ,23.82 ,23.87 ,23.89 ,23.9 ,23.91 ,23.9 ,23.95 ,23.92 ,23.95 ,23.88 ,23.84 ,23.83 ,23.85 ,23.73 ,23.63 ,23.58 ,23.64 ,23.65 ,23.63 ,23.62 ,23.6 ,23.64 ,23.6 ,23.61 ,23.62 ,23.6 ,23.68 ,23.66 ,23.61 ,23.68 ,23.67 ,23.62 ,23.61 ,23.65 ,23.6 ,23.58 ,23.6 ,23.63 ,23.61 ,23.62 ,23.66 ,23.64 ,23.67 ,23.63 ,23.62 ,23.68 ,23.67 ,23.67 ,23.71 ,23.68 ,23.72 ,23.65 ,23.69 ,23.74 ,23.85 ,23.84 ,23.87 ,23.97 ,23.93 ,23.86 ,23.89 ,23.88 ,23.86 ,23.93 ,23.92 ,23.89 ,23.84 ,23.86 ,23.78 ,23.82 ,23.87 ,23.71 ,23.78 ,23.77 ,23.68 ,23.76 ,23.81 ,23.79 ,23.67 ,23.87 ,23.88 ,23.77 ,23.79 ,23.76 ,23.73 ,23.75 ,23.73 ,23.82 ,23.75 ,23.88 ,23.84 ,23.78 ,23.75 ,23.84 ,23.83 ,23.82 ,23.89 ,23.85 ,23.91 ,23.99 ,23.93 ,23.89 ,23.94 ,24.05 ,23.94 ,23.98 ,23.96 ,23.97 ,24.06 ,24.09 ,23.99 ,24 ,23.96 ,23.95 ,23.94 ,23.88 ,23.86 ,23.82 ,23.79 ,23.89 ,23.9 ,23.8 ,23.64 ,23.56 ,23.57 ,23.56 ,23.56 ,23.54 ,23.5 ,23.55 ,23.6 ,23.51 ,23.47 ,23.55 ,23.59 ,23.57 ,23.55 ,23.72 ,23.7 ,23.69 ,23.74 ,23.69 ,23.62 ,23.69 ,23.81 ,23.86 ,23.78 ,23.77 ,23.78 ,23.84 ,23.8 ,23.82 ,23.87 ,23.83 ,23.71 ,23.65 ,23.68 ,23.8 ,23.81 ,23.81 ,23.84 ,23.71 ,23.71 ,23.77 ,23.77 ,23.69 ,23.67 ,23.71 ,23.75 ,23.66 ,23.65 ,23.67 ,23.65 ,23.67 ,23.61 ,23.66 ,23.68 ,23.68 ,23.73 ,23.75 ,23.7 ,23.64 ,23.62 ,23.68 ,23.67 ,23.56 ,23.58 ,23.64 ,23.7 ,23.61 ,23.47 ,23.57 ,23.61 ,23.58 ,23.67 ,23.64 ,23.62 ,23.6 ,23.51 ,23.5 ,23.53 ,23.47 ,23.4 ,23.48 ,23.45 ,23.37 ,23.3 ,23.28 ,23.32 ,23.24 ,23.28 ,23.24 ,23.31 ,23.36 ,23.4 ,23.38 ,23.48 ,23.48 ,23.48 ,23.45 ,23.33 ,23.24 ,23.31 ,23.32 ,23.32 ,23.39 ,23.41 ,23.4 ,23.43 ,23.43 ,23.37 ,23.33 ,23.29 ,23.32 ,23.43 ,23.44 ,23.37 ,23.28 ,23.26 ,23.43 ,23.46 ,23.41 ,23.38 ,23.31 ,23.43 ,23.44 ,23.43 ,23.44 ,23.43 ,23.25 ,23.21 ,23.23 ,23.29 ,23.38 ,23.41 ,23.29 ,23.29 ,23.24 ,23.21 ,23.14 ,23.08 ,23.03 ,23.04 ,23.12 ,23.11 ,23.14 ,23.1 ,23.01 ,23.06 ,23.13 ,23.07 ,23.09 ,23.03 ,23.04 ,23.07 ,23.26 ,23.21 ,23.12 ,23.01 ,22.92 ,22.99 ,23.05 ,22.93 ,22.87 ,
219,23.39 ,23.33 ,23.33 ,23.35 ,23.27 ,23.29 ,23.32 ,23.42 ,23.41 ,23.38 ,23.33 ,23.42 ,23.53 ,23.52 ,23.53 ,23.5 ,23.35 ,23.39 ,23.36 ,23.34 ,23.35 ,23.32 ,23.36 ,23.31 ,23.32 ,23.35 ,23.29 ,23.25 ,23.3 ,23.49 ,23.46 ,23.4 ,23.53 ,23.6 ,23.56 ,23.54 ,23.56 ,23.63 ,23.61 ,23.53 ,23.54 ,23.55 ,23.49 ,23.54 ,23.55 ,23.52 ,23.64 ,23.62 ,23.61 ,23.56 ,23.61 ,23.67 ,23.61 ,23.55 ,23.55 ,23.57 ,23.51 ,23.62 ,23.62 ,23.62 ,23.67 ,23.61 ,23.59 ,23.6 ,23.63 ,23.61 ,23.7 ,23.57 ,23.58 ,23.65 ,23.47 ,23.51 ,23.59 ,23.66 ,23.66 ,23.64 ,23.67 ,23.67 ,23.71 ,23.68 ,23.69 ,23.58 ,23.52 ,23.61 ,23.58 ,23.56 ,23.61 ,23.48 ,23.44 ,23.46 ,23.46 ,23.38 ,23.43 ,23.41 ,23.4 ,23.54 ,23.59 ,23.59 ,23.74 ,23.8 ,23.75 ,23.73 ,23.74 ,23.7 ,23.77 ,23.74 ,23.86 ,23.81 ,23.73 ,23.75 ,23.76 ,23.79 ,23.82 ,23.74 ,23.75 ,23.85 ,23.78 ,23.72 ,23.81 ,23.73 ,23.76 ,23.79 ,23.8 ,23.8 ,23.86 ,23.85 ,23.78 ,23.81 ,23.79 ,23.74 ,23.75 ,23.83 ,23.8 ,23.8 ,23.75 ,23.76 ,23.78 ,23.79 ,23.91 ,23.85 ,23.79 ,23.77 ,23.83 ,23.82 ,23.72 ,23.82 ,23.84 ,23.78 ,23.86 ,23.82 ,23.82 ,23.86 ,23.88 ,23.85 ,23.76 ,23.82 ,23.87 ,23.85 ,23.8 ,23.82 ,23.86 ,23.88 ,23.91 ,23.82 ,23.69 ,23.65 ,23.64 ,23.61 ,23.58 ,23.62 ,23.66 ,23.62 ,23.52 ,23.5 ,23.59 ,23.66 ,23.59 ,23.5 ,23.55 ,23.63 ,23.57 ,23.56 ,23.58 ,23.52 ,23.5 ,23.63 ,23.57 ,23.6 ,23.58 ,23.54 ,23.6 ,23.6 ,23.57 ,23.54 ,23.64 ,23.55 ,23.5 ,23.51 ,23.47 ,23.54 ,23.57 ,23.57 ,23.53 ,23.58 ,23.64 ,23.76 ,23.66 ,23.68 ,23.74 ,23.74 ,23.74 ,23.76 ,23.75 ,23.73 ,23.69 ,23.67 ,23.72 ,23.69 ,23.65 ,23.59 ,23.65 ,23.64 ,23.61 ,23.59 ,23.59 ,23.48 ,23.51 ,23.58 ,23.58 ,23.67 ,23.7 ,23.66 ,23.65 ,23.66 ,23.62 ,23.73 ,23.76 ,23.68 ,23.66 ,23.69 ,23.68 ,23.61 ,23.65 ,23.63 ,23.6 ,23.67 ,23.59 ,23.58 ,23.62 ,23.63 ,23.59 ,23.56 ,23.65 ,23.68 ,23.56 ,23.53 ,23.68 ,23.7 ,23.68 ,23.65 ,23.57 ,23.6 ,23.72 ,23.69 ,23.6 ,23.64 ,23.61 ,23.64 ,23.68 ,23.63 ,23.61 ,23.62 ,23.63 ,23.64 ,23.67 ,23.64 ,23.63 ,23.65 ,23.67 ,23.6 ,23.59 ,23.65 ,23.62 ,23.58 ,23.57 ,23.58 ,23.68 ,23.63 ,23.61 ,23.67 ,23.6 ,23.65 ,23.67 ,23.59 ,23.53 ,23.68 ,23.65 ,23.6 ,23.72 ,23.6 ,23.57 ,23.6 ,23.67 ,23.62 ,23.62 ,23.62 ,23.64 ,23.63 ,23.69 ,23.66 ,23.64 ,23.69 ,23.63 ,23.56 ,23.5 ,23.56 ,23.56 ,23.58 ,23.59 ,23.69 ,23.64 ,23.68 ,23.58 ,23.64 ,23.66 ,23.64 ,23.77 ,23.7 ,23.65 ,23.67 ,23.62 ,23.68 ,23.83 ,23.82 ,23.97 ,23.96 ,23.93 ,23.87 ,23.85 ,23.85 ,23.83 ,23.81 ,23.8 ,23.77 ,23.93 ,23.96 ,23.87 ,23.85 ,23.82 ,23.84 ,23.85 ,23.86 ,23.89 ,23.9 ,23.83 ,23.79 ,23.81 ,23.88 ,23.81 ,23.77 ,23.83 ,23.96 ,23.98 ,23.9 ,23.92 ,23.92 ,23.9 ,23.88 ,23.76 ,23.69 ,23.67 ,23.63 ,23.62 ,23.69 ,23.62 ,23.6 ,23.53 ,23.57 ,23.62 ,23.61 ,23.63 ,23.62 ,23.64 ,23.65 ,23.63 ,23.66 ,23.68 ,23.63 ,23.61 ,23.68 ,23.67 ,23.63 ,23.63 ,23.63 ,23.59 ,23.59 ,23.62 ,23.65 ,23.65 ,23.6 ,23.6 ,23.68 ,23.74 ,23.71 ,23.69 ,23.65 ,23.6 ,23.56 ,23.59 ,23.79 ,23.84 ,23.82 ,23.86 ,23.97 ,23.96 ,23.96 ,23.91 ,23.86 ,23.87 ,23.94 ,23.92 ,23.92 ,23.84 ,23.93 ,23.92 ,23.82 ,23.89 ,23.88 ,23.9 ,23.79 ,23.77 ,23.83 ,23.82 ,23.85 ,23.77 ,23.82 ,23.8 ,23.74 ,23.72 ,23.76 ,23.73 ,23.77 ,23.72 ,23.8 ,23.86 ,23.88 ,23.89 ,23.75 ,23.69 ,23.73 ,23.81 ,23.87 ,23.79 ,23.73 ,23.73 ,23.79 ,23.79 ,23.72 ,23.77 ,23.86 ,23.77 ,23.76 ,23.8 ,23.83 ,23.89 ,23.9 ,23.83 ,23.9 ,23.83 ,23.83 ,23.84 ,23.88 ,23.89 ,23.77 ,23.85 ,23.87 ,23.76 ,23.78 ,23.68 ,23.6 ,23.56 ,23.61 ,23.59 ,23.51 ,23.44 ,23.62 ,23.58 ,23.5 ,23.47 ,23.58 ,23.68 ,23.69 ,23.56 ,23.69 ,23.69 ,23.65 ,23.67 ,23.67 ,23.71 ,23.73 ,23.73 ,23.77 ,23.79 ,23.78 ,23.72 ,23.81 ,23.84 ,23.79 ,23.8 ,23.78 ,23.74 ,23.64 ,23.63 ,23.71 ,23.84 ,23.9 ,23.8 ,23.74 ,23.7 ,23.73 ,23.77 ,23.77 ,23.74 ,23.67 ,23.69 ,23.73 ,23.7 ,23.8 ,23.7 ,23.67 ,23.7 ,23.7 ,23.7 ,23.68 ,23.75 ,23.64 ,23.66 ,23.71 ,23.69 ,23.68 ,23.69 ,23.56 ,23.5 ,23.51 ,23.59 ,23.64 ,23.55 ,23.54 ,23.58 ,23.55 ,23.65 ,23.71 ,23.69 ,23.7 ,23.59 ,23.52 ,23.52 ,23.46 ,23.38 ,23.47 ,23.57 ,23.44 ,23.29 ,23.3 ,23.32 ,23.23 ,23.24 ,23.23 ,23.25 ,23.34 ,23.4 ,23.35 ,23.4 ,23.49 ,23.51 ,23.43 ,23.38 ,23.42 ,23.42 ,23.44 ,23.39 ,23.42 ,23.43 ,23.39 ,23.37 ,23.45 ,23.38 ,23.3 ,23.36 ,23.46 ,23.36 ,23.49 ,23.46 ,23.36 ,23.37 ,23.35 ,23.46 ,23.45 ,23.41 ,23.37 ,23.32 ,23.37 ,23.35 ,23.27 ,23.39 ,23.36 ,23.26 ,23.14 ,23.24 ,23.36 ,23.27 ,23.21 ,23.18 ,23.18 ,23.2 ,23.17 ,23.14 ,23.12 ,23.06 ,23.09 ,23.17 ,23.18 ,23.22 ,23.17 ,23.08 ,23.23 ,23.14 ,23.13 ,23.07 ,23.12 ,23.12 ,23.17 ,23.16 ,23.14 ,23.1 ,22.9 ,23 ,23.09 ,23.03 ,22.96 ,
220,23.36 ,23.33 ,23.31 ,23.31 ,23.26 ,23.28 ,23.39 ,23.3 ,23.3 ,23.32 ,23.32 ,23.4 ,23.48 ,23.53 ,23.46 ,23.43 ,23.39 ,23.42 ,23.36 ,23.33 ,23.32 ,23.33 ,23.38 ,23.33 ,23.27 ,23.29 ,23.32 ,23.21 ,23.32 ,23.43 ,23.54 ,23.45 ,23.51 ,23.58 ,23.55 ,23.53 ,23.53 ,23.62 ,23.65 ,23.55 ,23.6 ,23.54 ,23.49 ,23.47 ,23.53 ,23.54 ,23.62 ,23.62 ,23.52 ,23.62 ,23.55 ,23.56 ,23.62 ,23.63 ,23.65 ,23.63 ,23.53 ,23.57 ,23.58 ,23.59 ,23.72 ,23.64 ,23.54 ,23.57 ,23.66 ,23.64 ,23.66 ,23.69 ,23.54 ,23.57 ,23.58 ,23.6 ,23.69 ,23.63 ,23.74 ,23.61 ,23.65 ,23.62 ,23.62 ,23.62 ,23.64 ,23.69 ,23.66 ,23.68 ,23.67 ,23.61 ,23.63 ,23.53 ,23.43 ,23.4 ,23.49 ,23.53 ,23.53 ,23.51 ,23.4 ,23.42 ,23.51 ,23.47 ,23.64 ,23.7 ,23.7 ,23.8 ,23.8 ,23.68 ,23.69 ,23.71 ,23.76 ,23.83 ,23.81 ,23.81 ,23.76 ,23.74 ,23.74 ,23.74 ,23.78 ,23.85 ,23.84 ,23.79 ,23.8 ,23.78 ,23.74 ,23.79 ,23.81 ,23.8 ,23.85 ,23.83 ,23.81 ,23.77 ,23.8 ,23.71 ,23.78 ,23.88 ,23.84 ,23.8 ,23.79 ,23.76 ,23.84 ,23.82 ,23.81 ,23.83 ,23.76 ,23.73 ,23.8 ,23.77 ,23.77 ,23.85 ,23.84 ,23.82 ,23.86 ,23.89 ,23.82 ,23.87 ,23.83 ,23.86 ,23.73 ,23.9 ,23.92 ,23.82 ,23.84 ,23.9 ,23.81 ,23.87 ,23.89 ,23.84 ,23.78 ,23.62 ,23.53 ,23.56 ,23.55 ,23.58 ,23.61 ,23.58 ,23.56 ,23.5 ,23.58 ,23.59 ,23.6 ,23.48 ,23.49 ,23.53 ,23.59 ,23.58 ,23.55 ,23.62 ,23.6 ,23.58 ,23.56 ,23.51 ,23.53 ,23.55 ,23.54 ,23.52 ,23.54 ,23.58 ,23.62 ,23.56 ,23.46 ,23.56 ,23.59 ,23.58 ,23.59 ,23.58 ,23.58 ,23.58 ,23.62 ,23.7 ,23.7 ,23.62 ,23.68 ,23.73 ,23.77 ,23.76 ,23.73 ,23.7 ,23.64 ,23.61 ,23.72 ,23.7 ,23.63 ,23.65 ,23.64 ,23.65 ,23.64 ,23.62 ,23.57 ,23.5 ,23.5 ,23.61 ,23.66 ,23.72 ,23.67 ,23.61 ,23.64 ,23.62 ,23.63 ,23.71 ,23.65 ,23.62 ,23.68 ,23.66 ,23.68 ,23.69 ,23.62 ,23.6 ,23.61 ,23.67 ,23.61 ,23.56 ,23.65 ,23.61 ,23.59 ,23.54 ,23.64 ,23.65 ,23.6 ,23.6 ,23.64 ,23.65 ,23.64 ,23.67 ,23.63 ,23.58 ,23.68 ,23.68 ,23.64 ,23.61 ,23.62 ,23.64 ,23.65 ,23.59 ,23.62 ,23.59 ,23.57 ,23.57 ,23.67 ,23.7 ,23.63 ,23.61 ,23.62 ,23.61 ,23.57 ,23.61 ,23.56 ,23.56 ,23.7 ,23.64 ,23.66 ,23.58 ,23.57 ,23.62 ,23.58 ,23.64 ,23.67 ,23.56 ,23.47 ,23.57 ,23.67 ,23.65 ,23.66 ,23.66 ,23.57 ,23.62 ,23.65 ,23.65 ,23.69 ,23.65 ,23.63 ,23.68 ,23.71 ,23.68 ,23.67 ,23.74 ,23.67 ,23.59 ,23.48 ,23.5 ,23.6 ,23.62 ,23.63 ,23.62 ,23.64 ,23.68 ,23.59 ,23.61 ,23.73 ,23.64 ,23.65 ,23.64 ,23.62 ,23.68 ,23.73 ,23.8 ,23.81 ,23.82 ,23.87 ,23.93 ,23.9 ,23.93 ,23.93 ,23.87 ,23.87 ,23.81 ,23.77 ,23.79 ,23.88 ,24.03 ,23.95 ,23.85 ,23.82 ,23.84 ,23.88 ,23.89 ,23.84 ,23.84 ,23.82 ,23.78 ,23.88 ,23.85 ,23.79 ,23.81 ,23.83 ,23.93 ,23.99 ,23.98 ,23.95 ,23.91 ,23.83 ,23.82 ,23.69 ,23.64 ,23.65 ,23.61 ,23.71 ,23.7 ,23.54 ,23.57 ,23.54 ,23.62 ,23.62 ,23.67 ,23.62 ,23.64 ,23.62 ,23.73 ,23.63 ,23.63 ,23.69 ,23.7 ,23.67 ,23.7 ,23.68 ,23.6 ,23.63 ,23.57 ,23.59 ,23.55 ,23.53 ,23.58 ,23.68 ,23.59 ,23.63 ,23.7 ,23.7 ,23.71 ,23.74 ,23.65 ,23.6 ,23.55 ,23.58 ,23.75 ,23.86 ,23.87 ,23.83 ,23.86 ,23.83 ,23.83 ,23.89 ,23.87 ,23.91 ,23.93 ,23.98 ,23.89 ,23.78 ,23.91 ,23.93 ,23.85 ,23.93 ,23.92 ,23.99 ,23.89 ,23.91 ,23.94 ,23.85 ,23.93 ,23.95 ,23.89 ,23.9 ,23.88 ,23.82 ,23.83 ,23.92 ,23.87 ,23.83 ,23.89 ,23.89 ,23.94 ,23.96 ,23.91 ,23.83 ,23.78 ,23.8 ,23.91 ,23.82 ,23.72 ,23.76 ,23.83 ,23.76 ,23.77 ,23.79 ,23.8 ,23.73 ,23.72 ,23.77 ,23.77 ,23.69 ,23.82 ,23.78 ,23.74 ,23.74 ,23.62 ,23.67 ,23.75 ,23.73 ,23.75 ,23.74 ,23.8 ,23.68 ,23.64 ,23.66 ,23.57 ,23.58 ,23.63 ,23.58 ,23.53 ,23.49 ,23.63 ,23.59 ,23.51 ,23.49 ,23.55 ,23.71 ,23.73 ,23.68 ,23.72 ,23.68 ,23.67 ,23.6 ,23.68 ,23.78 ,23.84 ,23.83 ,23.73 ,23.88 ,23.81 ,23.77 ,23.82 ,23.81 ,23.78 ,23.81 ,23.75 ,23.78 ,23.7 ,23.62 ,23.76 ,23.76 ,23.91 ,23.84 ,23.72 ,23.74 ,23.7 ,23.7 ,23.71 ,23.76 ,23.71 ,23.71 ,23.76 ,23.79 ,23.72 ,23.66 ,23.79 ,23.72 ,23.72 ,23.67 ,23.67 ,23.72 ,23.73 ,23.71 ,23.68 ,23.67 ,23.7 ,23.71 ,23.7 ,23.67 ,23.53 ,23.59 ,23.62 ,23.6 ,23.6 ,23.57 ,23.61 ,23.63 ,23.79 ,23.75 ,23.69 ,23.6 ,23.53 ,23.49 ,23.46 ,23.39 ,23.47 ,23.53 ,23.44 ,23.39 ,23.28 ,23.23 ,23.15 ,23.19 ,23.24 ,23.3 ,23.37 ,23.43 ,23.41 ,23.37 ,23.42 ,23.38 ,23.37 ,23.38 ,23.42 ,23.42 ,23.46 ,23.41 ,23.36 ,23.45 ,23.4 ,23.34 ,23.33 ,23.35 ,23.37 ,23.38 ,23.44 ,23.37 ,23.47 ,23.48 ,23.44 ,23.37 ,23.36 ,23.46 ,23.47 ,23.4 ,23.37 ,23.34 ,23.35 ,23.38 ,23.3 ,23.34 ,23.36 ,23.29 ,23.19 ,23.18 ,23.26 ,23.19 ,23.16 ,23.23 ,23.12 ,23.1 ,23.17 ,23.26 ,23.27 ,23.2 ,23.1 ,23.16 ,23.2 ,23.16 ,23.1 ,23.19 ,23.24 ,23.17 ,23.16 ,23.18 ,23.14 ,23.14 ,23.13 ,23.21 ,23.23 ,23.15 ,23.01 ,23.03 ,23.09 ,23.09 ,23.09 ,
221,23.43 ,23.33 ,23.26 ,23.29 ,23.24 ,23.24 ,23.26 ,23.34 ,23.35 ,23.38 ,23.4 ,23.39 ,23.5 ,23.45 ,23.44 ,23.4 ,23.34 ,23.39 ,23.37 ,23.29 ,23.34 ,23.36 ,23.42 ,23.42 ,23.35 ,23.34 ,23.32 ,23.34 ,23.38 ,23.39 ,23.47 ,23.47 ,23.47 ,23.57 ,23.57 ,23.61 ,23.64 ,23.67 ,23.69 ,23.53 ,23.49 ,23.57 ,23.59 ,23.6 ,23.6 ,23.54 ,23.57 ,23.64 ,23.61 ,23.56 ,23.56 ,23.57 ,23.58 ,23.62 ,23.6 ,23.71 ,23.63 ,23.6 ,23.59 ,23.61 ,23.66 ,23.63 ,23.57 ,23.62 ,23.63 ,23.61 ,23.61 ,23.6 ,23.55 ,23.56 ,23.65 ,23.67 ,23.74 ,23.69 ,23.69 ,23.7 ,23.69 ,23.67 ,23.64 ,23.55 ,23.61 ,23.58 ,23.67 ,23.68 ,23.61 ,23.61 ,23.64 ,23.51 ,23.43 ,23.38 ,23.43 ,23.49 ,23.52 ,23.49 ,23.46 ,23.47 ,23.48 ,23.46 ,23.63 ,23.67 ,23.66 ,23.79 ,23.8 ,23.72 ,23.75 ,23.75 ,23.84 ,23.78 ,23.78 ,23.81 ,23.7 ,23.74 ,23.73 ,23.77 ,23.77 ,23.78 ,23.82 ,23.83 ,23.78 ,23.75 ,23.71 ,23.81 ,23.79 ,23.77 ,23.76 ,23.83 ,23.83 ,23.8 ,23.79 ,23.69 ,23.75 ,23.84 ,23.86 ,23.84 ,23.82 ,23.75 ,23.84 ,23.84 ,23.84 ,23.79 ,23.77 ,23.78 ,23.78 ,23.81 ,23.82 ,23.86 ,23.93 ,23.91 ,23.87 ,23.86 ,23.88 ,23.83 ,23.8 ,23.82 ,23.75 ,23.75 ,23.85 ,23.81 ,23.83 ,23.86 ,23.84 ,23.87 ,23.89 ,23.82 ,23.83 ,23.75 ,23.67 ,23.6 ,23.66 ,23.66 ,23.68 ,23.57 ,23.55 ,23.52 ,23.58 ,23.59 ,23.6 ,23.58 ,23.51 ,23.49 ,23.55 ,23.59 ,23.54 ,23.52 ,23.59 ,23.54 ,23.55 ,23.5 ,23.51 ,23.55 ,23.53 ,23.48 ,23.54 ,23.58 ,23.54 ,23.49 ,23.47 ,23.53 ,23.54 ,23.53 ,23.53 ,23.6 ,23.62 ,23.61 ,23.58 ,23.67 ,23.74 ,23.66 ,23.7 ,23.79 ,23.75 ,23.8 ,23.75 ,23.75 ,23.7 ,23.69 ,23.62 ,23.55 ,23.61 ,23.65 ,23.67 ,23.66 ,23.63 ,23.62 ,23.57 ,23.56 ,23.54 ,23.55 ,23.62 ,23.66 ,23.63 ,23.58 ,23.62 ,23.61 ,23.61 ,23.63 ,23.72 ,23.63 ,23.64 ,23.61 ,23.64 ,23.73 ,23.71 ,23.58 ,23.59 ,23.63 ,23.64 ,23.62 ,23.64 ,23.59 ,23.69 ,23.58 ,23.62 ,23.62 ,23.56 ,23.55 ,23.6 ,23.55 ,23.55 ,23.6 ,23.65 ,23.62 ,23.63 ,23.61 ,23.56 ,23.6 ,23.62 ,23.63 ,23.67 ,23.61 ,23.58 ,23.61 ,23.61 ,23.61 ,23.59 ,23.6 ,23.54 ,23.58 ,23.58 ,23.59 ,23.58 ,23.64 ,23.62 ,23.54 ,23.67 ,23.71 ,23.69 ,23.64 ,23.58 ,23.61 ,23.65 ,23.65 ,23.59 ,23.56 ,23.44 ,23.57 ,23.68 ,23.7 ,23.73 ,23.66 ,23.59 ,23.56 ,23.64 ,23.62 ,23.63 ,23.67 ,23.65 ,23.68 ,23.66 ,23.61 ,23.65 ,23.81 ,23.66 ,23.58 ,23.5 ,23.56 ,23.66 ,23.64 ,23.63 ,23.6 ,23.59 ,23.7 ,23.66 ,23.67 ,23.69 ,23.63 ,23.61 ,23.59 ,23.62 ,23.77 ,23.85 ,23.81 ,23.89 ,23.88 ,23.88 ,23.84 ,23.79 ,23.86 ,24.01 ,23.92 ,23.92 ,23.84 ,23.78 ,23.87 ,23.88 ,23.95 ,23.97 ,23.9 ,23.92 ,23.87 ,23.83 ,23.87 ,23.87 ,23.84 ,23.75 ,23.76 ,23.89 ,23.9 ,23.85 ,23.9 ,23.95 ,23.91 ,23.91 ,23.97 ,23.93 ,23.84 ,23.87 ,23.88 ,23.79 ,23.7 ,23.64 ,23.68 ,23.71 ,23.71 ,23.62 ,23.57 ,23.56 ,23.66 ,23.67 ,23.66 ,23.66 ,23.64 ,23.62 ,23.71 ,23.65 ,23.6 ,23.6 ,23.68 ,23.64 ,23.66 ,23.61 ,23.58 ,23.6 ,23.65 ,23.64 ,23.53 ,23.57 ,23.59 ,23.59 ,23.62 ,23.64 ,23.77 ,23.72 ,23.65 ,23.69 ,23.63 ,23.6 ,23.64 ,23.68 ,23.82 ,23.88 ,23.81 ,23.86 ,23.89 ,23.79 ,23.82 ,23.95 ,24.02 ,23.9 ,23.89 ,23.9 ,23.8 ,23.76 ,23.86 ,23.88 ,23.85 ,23.89 ,23.93 ,23.95 ,23.96 ,23.98 ,24.02 ,23.95 ,23.87 ,23.92 ,23.94 ,23.91 ,23.92 ,23.87 ,23.82 ,23.98 ,24.03 ,23.95 ,23.96 ,23.88 ,23.92 ,23.96 ,23.94 ,23.92 ,23.9 ,23.91 ,24.02 ,23.88 ,23.77 ,23.74 ,23.88 ,23.83 ,23.8 ,23.83 ,23.83 ,23.71 ,23.7 ,23.74 ,23.77 ,23.81 ,23.82 ,23.81 ,23.71 ,23.71 ,23.64 ,23.62 ,23.71 ,23.73 ,23.82 ,23.81 ,23.81 ,23.73 ,23.66 ,23.56 ,23.57 ,23.63 ,23.74 ,23.62 ,23.54 ,23.56 ,23.64 ,23.63 ,23.54 ,23.58 ,23.6 ,23.64 ,23.79 ,23.74 ,23.74 ,23.65 ,23.7 ,23.76 ,23.82 ,23.76 ,23.8 ,23.92 ,23.85 ,23.87 ,23.85 ,23.82 ,23.89 ,23.86 ,23.81 ,23.79 ,23.78 ,23.77 ,23.74 ,23.75 ,23.77 ,23.75 ,23.79 ,23.85 ,23.73 ,23.69 ,23.83 ,23.73 ,23.66 ,23.73 ,23.76 ,23.64 ,23.62 ,23.74 ,23.71 ,23.69 ,23.79 ,23.75 ,23.72 ,23.74 ,23.73 ,23.77 ,23.79 ,23.78 ,23.62 ,23.71 ,23.68 ,23.65 ,23.71 ,23.68 ,23.64 ,23.65 ,23.58 ,23.54 ,23.62 ,23.6 ,23.57 ,23.65 ,23.72 ,23.67 ,23.63 ,23.6 ,23.51 ,23.53 ,23.52 ,23.39 ,23.44 ,23.48 ,23.53 ,23.41 ,23.3 ,23.25 ,23.14 ,23.28 ,23.29 ,23.35 ,23.33 ,23.4 ,23.35 ,23.32 ,23.4 ,23.45 ,23.42 ,23.37 ,23.34 ,23.47 ,23.42 ,23.42 ,23.4 ,23.39 ,23.4 ,23.35 ,23.34 ,23.33 ,23.35 ,23.37 ,23.3 ,23.36 ,23.43 ,23.5 ,23.46 ,23.38 ,23.37 ,23.48 ,23.45 ,23.41 ,23.4 ,23.35 ,23.4 ,23.44 ,23.41 ,23.37 ,23.39 ,23.28 ,23.19 ,23.27 ,23.35 ,23.22 ,23.19 ,23.24 ,23.2 ,23.11 ,23.12 ,23.22 ,23.3 ,23.25 ,23.19 ,23.19 ,23.24 ,23.24 ,23.16 ,23.18 ,23.27 ,23.24 ,23.24 ,23.21 ,23.21 ,23.22 ,23.26 ,23.27 ,23.26 ,23.2 ,23.09 ,23.1 ,23.16 ,23.13 ,23.08 ,
222,23.43 ,23.35 ,23.35 ,23.31 ,23.23 ,23.29 ,23.3 ,23.39 ,23.42 ,23.33 ,23.38 ,23.42 ,23.44 ,23.49 ,23.44 ,23.46 ,23.37 ,23.35 ,23.4 ,23.31 ,23.17 ,23.22 ,23.35 ,23.36 ,23.28 ,23.31 ,23.29 ,23.37 ,23.45 ,23.41 ,23.49 ,23.48 ,23.44 ,23.55 ,23.54 ,23.61 ,23.65 ,23.57 ,23.68 ,23.56 ,23.51 ,23.5 ,23.54 ,23.62 ,23.62 ,23.55 ,23.55 ,23.71 ,23.65 ,23.63 ,23.53 ,23.64 ,23.67 ,23.61 ,23.56 ,23.63 ,23.63 ,23.64 ,23.63 ,23.64 ,23.6 ,23.55 ,23.6 ,23.65 ,23.62 ,23.63 ,23.69 ,23.64 ,23.63 ,23.63 ,23.65 ,23.71 ,23.71 ,23.69 ,23.67 ,23.67 ,23.7 ,23.68 ,23.65 ,23.58 ,23.62 ,23.59 ,23.49 ,23.58 ,23.58 ,23.61 ,23.64 ,23.55 ,23.51 ,23.48 ,23.45 ,23.46 ,23.51 ,23.48 ,23.44 ,23.56 ,23.52 ,23.46 ,23.58 ,23.7 ,23.72 ,23.78 ,23.8 ,23.68 ,23.67 ,23.68 ,23.81 ,23.85 ,23.77 ,23.74 ,23.72 ,23.71 ,23.77 ,23.8 ,23.77 ,23.73 ,23.71 ,23.73 ,23.72 ,23.75 ,23.82 ,23.75 ,23.73 ,23.76 ,23.8 ,23.82 ,23.79 ,23.84 ,23.86 ,23.79 ,23.74 ,23.77 ,23.82 ,23.87 ,23.86 ,23.8 ,23.82 ,23.86 ,23.84 ,23.91 ,23.83 ,23.83 ,23.82 ,23.73 ,23.81 ,23.79 ,23.83 ,23.93 ,23.87 ,23.93 ,23.83 ,23.76 ,23.77 ,23.83 ,23.75 ,23.76 ,23.78 ,23.81 ,23.86 ,23.88 ,23.86 ,23.88 ,23.88 ,23.89 ,23.77 ,23.75 ,23.72 ,23.66 ,23.65 ,23.66 ,23.59 ,23.53 ,23.51 ,23.57 ,23.64 ,23.52 ,23.62 ,23.61 ,23.61 ,23.51 ,23.58 ,23.64 ,23.52 ,23.43 ,23.48 ,23.52 ,23.5 ,23.52 ,23.48 ,23.6 ,23.6 ,23.49 ,23.5 ,23.54 ,23.6 ,23.51 ,23.51 ,23.53 ,23.5 ,23.4 ,23.43 ,23.48 ,23.58 ,23.59 ,23.54 ,23.64 ,23.76 ,23.73 ,23.78 ,23.81 ,23.77 ,23.76 ,23.77 ,23.74 ,23.69 ,23.7 ,23.71 ,23.54 ,23.63 ,23.73 ,23.67 ,23.64 ,23.62 ,23.61 ,23.59 ,23.62 ,23.61 ,23.59 ,23.5 ,23.59 ,23.64 ,23.61 ,23.7 ,23.66 ,23.64 ,23.67 ,23.64 ,23.66 ,23.72 ,23.72 ,23.72 ,23.68 ,23.74 ,23.65 ,23.66 ,23.64 ,23.59 ,23.56 ,23.61 ,23.59 ,23.69 ,23.62 ,23.65 ,23.64 ,23.62 ,23.6 ,23.59 ,23.62 ,23.55 ,23.6 ,23.57 ,23.54 ,23.59 ,23.62 ,23.56 ,23.58 ,23.59 ,23.6 ,23.62 ,23.57 ,23.55 ,23.61 ,23.62 ,23.58 ,23.64 ,23.62 ,23.6 ,23.62 ,23.65 ,23.65 ,23.62 ,23.65 ,23.65 ,23.66 ,23.65 ,23.64 ,23.62 ,23.62 ,23.68 ,23.64 ,23.66 ,23.65 ,23.56 ,23.53 ,23.57 ,23.62 ,23.68 ,23.72 ,23.72 ,23.62 ,23.57 ,23.59 ,23.65 ,23.66 ,23.6 ,23.58 ,23.59 ,23.67 ,23.64 ,23.66 ,23.61 ,23.74 ,23.59 ,23.45 ,23.4 ,23.52 ,23.67 ,23.64 ,23.56 ,23.64 ,23.6 ,23.65 ,23.69 ,23.71 ,23.7 ,23.55 ,23.6 ,23.71 ,23.77 ,23.81 ,23.92 ,23.84 ,23.79 ,23.88 ,23.92 ,23.89 ,23.8 ,23.87 ,23.91 ,23.95 ,23.97 ,23.84 ,23.74 ,23.93 ,23.91 ,23.91 ,23.93 ,23.89 ,23.96 ,23.96 ,23.83 ,23.85 ,23.89 ,23.92 ,23.75 ,23.75 ,23.83 ,23.86 ,23.85 ,23.93 ,23.95 ,23.89 ,23.91 ,23.87 ,23.91 ,23.91 ,23.86 ,23.81 ,23.74 ,23.71 ,23.7 ,23.67 ,23.67 ,23.67 ,23.65 ,23.65 ,23.64 ,23.63 ,23.62 ,23.64 ,23.7 ,23.68 ,23.62 ,23.69 ,23.59 ,23.61 ,23.6 ,23.64 ,23.59 ,23.6 ,23.61 ,23.65 ,23.65 ,23.63 ,23.66 ,23.61 ,23.61 ,23.63 ,23.64 ,23.56 ,23.65 ,23.64 ,23.63 ,23.65 ,23.63 ,23.63 ,23.62 ,23.69 ,23.72 ,23.84 ,23.9 ,23.82 ,23.84 ,23.88 ,23.84 ,23.83 ,23.92 ,23.97 ,23.88 ,23.84 ,23.86 ,23.84 ,23.78 ,23.86 ,23.9 ,23.87 ,23.88 ,23.89 ,23.9 ,23.94 ,23.94 ,23.92 ,23.95 ,23.88 ,23.84 ,23.94 ,23.86 ,23.84 ,23.89 ,23.93 ,23.87 ,23.91 ,23.94 ,23.91 ,23.88 ,23.9 ,23.93 ,23.87 ,23.85 ,23.9 ,23.89 ,23.93 ,23.89 ,23.85 ,23.79 ,23.88 ,23.84 ,23.77 ,23.87 ,23.96 ,23.81 ,23.79 ,23.8 ,23.81 ,23.81 ,23.91 ,23.9 ,23.83 ,23.77 ,23.74 ,23.73 ,23.81 ,23.82 ,23.85 ,23.86 ,23.93 ,23.77 ,23.69 ,23.54 ,23.48 ,23.65 ,23.71 ,23.67 ,23.56 ,23.48 ,23.61 ,23.64 ,23.59 ,23.65 ,23.69 ,23.64 ,23.74 ,23.78 ,23.71 ,23.67 ,23.8 ,23.85 ,23.88 ,23.75 ,23.75 ,23.89 ,23.82 ,23.75 ,23.8 ,23.85 ,23.9 ,23.86 ,23.88 ,23.82 ,23.72 ,23.72 ,23.74 ,23.7 ,23.74 ,23.74 ,23.78 ,23.79 ,23.78 ,23.73 ,23.79 ,23.73 ,23.66 ,23.72 ,23.78 ,23.64 ,23.62 ,23.72 ,23.76 ,23.69 ,23.72 ,23.68 ,23.64 ,23.65 ,23.76 ,23.8 ,23.76 ,23.78 ,23.73 ,23.71 ,23.64 ,23.68 ,23.71 ,23.66 ,23.69 ,23.71 ,23.57 ,23.45 ,23.58 ,23.62 ,23.58 ,23.62 ,23.67 ,23.52 ,23.44 ,23.48 ,23.53 ,23.56 ,23.48 ,23.41 ,23.44 ,23.5 ,23.55 ,23.43 ,23.36 ,23.32 ,23.29 ,23.32 ,23.3 ,23.38 ,23.32 ,23.44 ,23.44 ,23.34 ,23.37 ,23.45 ,23.47 ,23.44 ,23.39 ,23.46 ,23.45 ,23.32 ,23.39 ,23.5 ,23.46 ,23.35 ,23.27 ,23.36 ,23.33 ,23.28 ,23.28 ,23.3 ,23.42 ,23.41 ,23.39 ,23.34 ,23.39 ,23.41 ,23.45 ,23.42 ,23.33 ,23.29 ,23.35 ,23.35 ,23.36 ,23.37 ,23.37 ,23.33 ,23.14 ,23.22 ,23.41 ,23.28 ,23.13 ,23.2 ,23.25 ,23.11 ,23.25 ,23.29 ,23.24 ,23.19 ,23.23 ,23.24 ,23.23 ,23.22 ,23.26 ,23.3 ,23.29 ,23.27 ,23.28 ,23.17 ,23.17 ,23.22 ,23.26 ,23.19 ,23.14 ,23.1 ,23.12 ,23.18 ,23.25 ,23.16 ,23.12 ,
223,23.34 ,23.28 ,23.38 ,23.36 ,23.31 ,23.32 ,23.32 ,23.37 ,23.38 ,23.37 ,23.32 ,23.37 ,23.47 ,23.41 ,23.39 ,23.43 ,23.48 ,23.44 ,23.36 ,23.36 ,23.27 ,23.26 ,23.28 ,23.32 ,23.28 ,23.3 ,23.3 ,23.3 ,23.39 ,23.48 ,23.47 ,23.49 ,23.53 ,23.58 ,23.52 ,23.55 ,23.65 ,23.6 ,23.6 ,23.58 ,23.59 ,23.57 ,23.61 ,23.55 ,23.56 ,23.64 ,23.61 ,23.69 ,23.73 ,23.66 ,23.56 ,23.59 ,23.65 ,23.67 ,23.59 ,23.58 ,23.62 ,23.65 ,23.61 ,23.66 ,23.55 ,23.61 ,23.59 ,23.71 ,23.7 ,23.63 ,23.69 ,23.7 ,23.69 ,23.68 ,23.61 ,23.61 ,23.66 ,23.72 ,23.64 ,23.62 ,23.67 ,23.63 ,23.67 ,23.65 ,23.61 ,23.63 ,23.53 ,23.56 ,23.62 ,23.64 ,23.66 ,23.56 ,23.54 ,23.49 ,23.53 ,23.52 ,23.49 ,23.51 ,23.54 ,23.56 ,23.52 ,23.42 ,23.52 ,23.62 ,23.69 ,23.65 ,23.79 ,23.77 ,23.76 ,23.72 ,23.7 ,23.81 ,23.77 ,23.71 ,23.71 ,23.73 ,23.8 ,23.81 ,23.85 ,23.77 ,23.66 ,23.71 ,23.73 ,23.73 ,23.84 ,23.82 ,23.75 ,23.82 ,23.82 ,23.84 ,23.8 ,23.82 ,23.85 ,23.82 ,23.77 ,23.87 ,23.84 ,23.81 ,23.77 ,23.77 ,23.89 ,23.94 ,23.85 ,23.91 ,23.87 ,23.88 ,23.87 ,23.74 ,23.71 ,23.79 ,23.84 ,23.84 ,23.78 ,23.87 ,23.87 ,23.78 ,23.78 ,23.81 ,23.76 ,23.75 ,23.81 ,23.84 ,23.89 ,23.93 ,23.91 ,23.85 ,23.88 ,23.91 ,23.89 ,23.77 ,23.67 ,23.65 ,23.51 ,23.58 ,23.64 ,23.55 ,23.5 ,23.62 ,23.64 ,23.52 ,23.55 ,23.63 ,23.58 ,23.56 ,23.54 ,23.64 ,23.6 ,23.48 ,23.52 ,23.61 ,23.55 ,23.54 ,23.58 ,23.62 ,23.61 ,23.49 ,23.52 ,23.62 ,23.61 ,23.52 ,23.53 ,23.54 ,23.53 ,23.43 ,23.41 ,23.47 ,23.54 ,23.6 ,23.6 ,23.69 ,23.7 ,23.71 ,23.74 ,23.8 ,23.76 ,23.71 ,23.72 ,23.75 ,23.67 ,23.65 ,23.69 ,23.67 ,23.62 ,23.69 ,23.62 ,23.58 ,23.59 ,23.59 ,23.59 ,23.6 ,23.66 ,23.64 ,23.52 ,23.5 ,23.64 ,23.7 ,23.7 ,23.62 ,23.62 ,23.71 ,23.74 ,23.66 ,23.76 ,23.71 ,23.72 ,23.73 ,23.72 ,23.71 ,23.75 ,23.68 ,23.59 ,23.58 ,23.6 ,23.66 ,23.63 ,23.62 ,23.66 ,23.7 ,23.64 ,23.61 ,23.61 ,23.66 ,23.64 ,23.65 ,23.61 ,23.56 ,23.56 ,23.57 ,23.61 ,23.67 ,23.64 ,23.58 ,23.6 ,23.63 ,23.62 ,23.62 ,23.58 ,23.62 ,23.64 ,23.62 ,23.68 ,23.69 ,23.67 ,23.69 ,23.65 ,23.71 ,23.66 ,23.64 ,23.72 ,23.6 ,23.57 ,23.58 ,23.63 ,23.6 ,23.66 ,23.68 ,23.52 ,23.51 ,23.66 ,23.71 ,23.64 ,23.65 ,23.68 ,23.57 ,23.59 ,23.63 ,23.64 ,23.66 ,23.62 ,23.58 ,23.62 ,23.61 ,23.65 ,23.67 ,23.63 ,23.7 ,23.62 ,23.43 ,23.44 ,23.51 ,23.61 ,23.54 ,23.52 ,23.6 ,23.66 ,23.68 ,23.66 ,23.69 ,23.66 ,23.58 ,23.62 ,23.73 ,23.89 ,23.85 ,23.88 ,23.91 ,23.75 ,23.86 ,23.98 ,23.91 ,23.86 ,23.91 ,23.91 ,23.87 ,23.91 ,23.94 ,23.78 ,23.84 ,23.95 ,23.86 ,23.88 ,23.87 ,23.9 ,23.95 ,23.89 ,23.88 ,23.89 ,23.98 ,23.87 ,23.76 ,23.77 ,23.79 ,23.79 ,23.8 ,23.89 ,23.91 ,23.86 ,23.9 ,23.91 ,23.96 ,23.85 ,23.65 ,23.68 ,23.71 ,23.71 ,23.76 ,23.65 ,23.58 ,23.58 ,23.66 ,23.64 ,23.63 ,23.62 ,23.64 ,23.65 ,23.64 ,23.61 ,23.71 ,23.6 ,23.62 ,23.6 ,23.62 ,23.64 ,23.62 ,23.64 ,23.65 ,23.67 ,23.62 ,23.63 ,23.62 ,23.65 ,23.65 ,23.6 ,23.57 ,23.64 ,23.67 ,23.59 ,23.64 ,23.68 ,23.62 ,23.56 ,23.57 ,23.7 ,23.81 ,23.9 ,23.87 ,23.85 ,23.87 ,23.86 ,23.83 ,23.85 ,23.87 ,23.8 ,23.84 ,23.86 ,23.92 ,23.84 ,23.92 ,23.91 ,23.86 ,23.89 ,23.89 ,23.94 ,23.89 ,23.92 ,23.92 ,23.91 ,23.9 ,23.85 ,23.86 ,23.84 ,23.85 ,23.94 ,23.93 ,23.83 ,23.85 ,23.87 ,23.89 ,23.86 ,23.93 ,23.92 ,23.83 ,23.78 ,23.85 ,23.91 ,23.88 ,23.91 ,23.84 ,23.8 ,23.92 ,23.8 ,23.74 ,23.85 ,23.95 ,23.87 ,23.87 ,23.76 ,23.77 ,23.86 ,23.88 ,23.88 ,23.8 ,23.78 ,23.76 ,23.77 ,23.79 ,23.84 ,23.81 ,23.78 ,23.87 ,23.8 ,23.65 ,23.5 ,23.47 ,23.57 ,23.67 ,23.59 ,23.58 ,23.58 ,23.61 ,23.68 ,23.7 ,23.66 ,23.73 ,23.66 ,23.61 ,23.72 ,23.75 ,23.66 ,23.86 ,23.94 ,23.81 ,23.78 ,23.87 ,23.97 ,23.84 ,23.78 ,23.77 ,23.86 ,23.87 ,23.82 ,23.84 ,23.86 ,23.86 ,23.76 ,23.69 ,23.76 ,23.78 ,23.84 ,23.83 ,23.73 ,23.79 ,23.8 ,23.82 ,23.75 ,23.74 ,23.76 ,23.84 ,23.68 ,23.72 ,23.82 ,23.81 ,23.63 ,23.62 ,23.68 ,23.63 ,23.66 ,23.66 ,23.74 ,23.76 ,23.72 ,23.78 ,23.68 ,23.63 ,23.65 ,23.65 ,23.68 ,23.6 ,23.73 ,23.68 ,23.48 ,23.59 ,23.61 ,23.5 ,23.47 ,23.52 ,23.5 ,23.38 ,23.38 ,23.45 ,23.46 ,23.4 ,23.38 ,23.47 ,23.42 ,23.41 ,23.46 ,23.42 ,23.35 ,23.31 ,23.34 ,23.26 ,23.3 ,23.41 ,23.4 ,23.43 ,23.43 ,23.4 ,23.4 ,23.43 ,23.42 ,23.32 ,23.4 ,23.49 ,23.45 ,23.42 ,23.44 ,23.47 ,23.46 ,23.41 ,23.4 ,23.37 ,23.25 ,23.32 ,23.39 ,23.4 ,23.42 ,23.37 ,23.33 ,23.35 ,23.37 ,23.36 ,23.45 ,23.42 ,23.31 ,23.32 ,23.36 ,23.29 ,23.26 ,23.36 ,23.31 ,23.18 ,23.27 ,23.31 ,23.3 ,23.25 ,23.25 ,23.19 ,23.17 ,23.27 ,23.26 ,23.25 ,23.23 ,23.19 ,23.2 ,23.27 ,23.29 ,23.22 ,23.26 ,23.25 ,23.22 ,23.29 ,23.2 ,23.17 ,23.21 ,23.38 ,23.24 ,23.2 ,23.1 ,23.1 ,23.19 ,23.24 ,23.23 ,23.18 ,
224,23.34 ,23.28 ,23.34 ,23.39 ,23.31 ,23.32 ,23.34 ,23.37 ,23.43 ,23.4 ,23.31 ,23.39 ,23.48 ,23.35 ,23.45 ,23.5 ,23.47 ,23.38 ,23.35 ,23.26 ,23.36 ,23.4 ,23.34 ,23.32 ,23.3 ,23.28 ,23.29 ,23.31 ,23.36 ,23.51 ,23.52 ,23.53 ,23.51 ,23.58 ,23.54 ,23.57 ,23.59 ,23.69 ,23.59 ,23.59 ,23.55 ,23.59 ,23.61 ,23.59 ,23.55 ,23.62 ,23.65 ,23.63 ,23.7 ,23.64 ,23.65 ,23.6 ,23.6 ,23.65 ,23.78 ,23.68 ,23.58 ,23.63 ,23.61 ,23.59 ,23.57 ,23.63 ,23.63 ,23.62 ,23.63 ,23.58 ,23.59 ,23.59 ,23.63 ,23.64 ,23.64 ,23.6 ,23.62 ,23.67 ,23.66 ,23.66 ,23.72 ,23.61 ,23.66 ,23.54 ,23.54 ,23.59 ,23.59 ,23.6 ,23.64 ,23.64 ,23.64 ,23.61 ,23.56 ,23.49 ,23.51 ,23.56 ,23.55 ,23.5 ,23.55 ,23.57 ,23.5 ,23.43 ,23.57 ,23.65 ,23.75 ,23.72 ,23.73 ,23.79 ,23.78 ,23.79 ,23.76 ,23.82 ,23.8 ,23.73 ,23.69 ,23.7 ,23.75 ,23.77 ,23.76 ,23.68 ,23.73 ,23.81 ,23.79 ,23.76 ,23.89 ,23.85 ,23.76 ,23.77 ,23.8 ,23.85 ,23.87 ,23.81 ,23.85 ,23.84 ,23.79 ,23.79 ,23.85 ,23.81 ,23.75 ,23.73 ,23.81 ,23.88 ,23.84 ,23.9 ,23.82 ,23.82 ,23.85 ,23.82 ,23.82 ,23.81 ,23.85 ,23.8 ,23.82 ,23.92 ,23.92 ,23.82 ,23.82 ,23.85 ,23.83 ,23.78 ,23.79 ,23.77 ,23.83 ,23.93 ,23.89 ,23.89 ,23.88 ,23.91 ,23.87 ,23.78 ,23.71 ,23.69 ,23.58 ,23.54 ,23.64 ,23.64 ,23.55 ,23.55 ,23.58 ,23.54 ,23.53 ,23.56 ,23.64 ,23.51 ,23.45 ,23.57 ,23.6 ,23.49 ,23.58 ,23.6 ,23.61 ,23.55 ,23.61 ,23.65 ,23.57 ,23.49 ,23.54 ,23.6 ,23.61 ,23.49 ,23.53 ,23.58 ,23.58 ,23.51 ,23.46 ,23.54 ,23.56 ,23.61 ,23.61 ,23.73 ,23.74 ,23.66 ,23.68 ,23.76 ,23.75 ,23.69 ,23.76 ,23.74 ,23.69 ,23.74 ,23.69 ,23.66 ,23.62 ,23.67 ,23.61 ,23.59 ,23.58 ,23.61 ,23.55 ,23.57 ,23.54 ,23.57 ,23.53 ,23.52 ,23.6 ,23.67 ,23.73 ,23.65 ,23.59 ,23.71 ,23.75 ,23.65 ,23.73 ,23.71 ,23.72 ,23.73 ,23.72 ,23.73 ,23.8 ,23.71 ,23.66 ,23.68 ,23.64 ,23.62 ,23.66 ,23.61 ,23.65 ,23.65 ,23.67 ,23.6 ,23.59 ,23.65 ,23.64 ,23.64 ,23.69 ,23.62 ,23.59 ,23.62 ,23.67 ,23.6 ,23.54 ,23.54 ,23.57 ,23.6 ,23.61 ,23.65 ,23.67 ,23.69 ,23.63 ,23.56 ,23.62 ,23.64 ,23.65 ,23.72 ,23.64 ,23.61 ,23.62 ,23.61 ,23.63 ,23.55 ,23.58 ,23.64 ,23.63 ,23.62 ,23.64 ,23.64 ,23.53 ,23.47 ,23.59 ,23.71 ,23.65 ,23.63 ,23.65 ,23.63 ,23.59 ,23.6 ,23.6 ,23.67 ,23.58 ,23.6 ,23.62 ,23.68 ,23.61 ,23.63 ,23.67 ,23.74 ,23.68 ,23.53 ,23.5 ,23.52 ,23.56 ,23.58 ,23.45 ,23.52 ,23.62 ,23.65 ,23.67 ,23.67 ,23.73 ,23.66 ,23.68 ,23.77 ,23.92 ,23.91 ,23.81 ,23.82 ,23.82 ,23.83 ,23.98 ,23.91 ,23.9 ,23.92 ,23.9 ,23.84 ,23.81 ,23.91 ,23.86 ,23.91 ,23.91 ,23.9 ,23.87 ,23.88 ,23.85 ,23.86 ,23.85 ,23.85 ,23.95 ,23.93 ,23.88 ,23.82 ,23.78 ,23.85 ,23.85 ,23.77 ,23.91 ,23.95 ,23.91 ,23.93 ,23.97 ,23.89 ,23.82 ,23.64 ,23.59 ,23.63 ,23.67 ,23.63 ,23.6 ,23.62 ,23.64 ,23.67 ,23.58 ,23.56 ,23.63 ,23.62 ,23.56 ,23.62 ,23.65 ,23.7 ,23.7 ,23.68 ,23.59 ,23.61 ,23.71 ,23.67 ,23.64 ,23.73 ,23.71 ,23.64 ,23.58 ,23.62 ,23.66 ,23.64 ,23.57 ,23.62 ,23.62 ,23.73 ,23.68 ,23.63 ,23.66 ,23.65 ,23.58 ,23.56 ,23.71 ,23.76 ,23.83 ,23.86 ,23.8 ,23.9 ,23.86 ,23.82 ,23.81 ,23.84 ,23.84 ,23.85 ,23.83 ,23.93 ,23.87 ,23.87 ,23.89 ,23.9 ,23.86 ,23.87 ,23.93 ,23.87 ,23.86 ,23.9 ,23.95 ,23.85 ,23.74 ,23.82 ,23.85 ,23.88 ,23.89 ,23.91 ,23.86 ,23.85 ,23.84 ,23.87 ,23.86 ,23.86 ,23.88 ,23.84 ,23.8 ,23.89 ,23.84 ,23.87 ,23.93 ,23.88 ,23.86 ,23.92 ,23.84 ,23.79 ,23.79 ,23.83 ,23.8 ,23.82 ,23.77 ,23.8 ,23.86 ,23.86 ,23.79 ,23.77 ,23.77 ,23.78 ,23.75 ,23.76 ,23.73 ,23.86 ,23.73 ,23.85 ,23.77 ,23.66 ,23.55 ,23.53 ,23.57 ,23.72 ,23.71 ,23.63 ,23.65 ,23.69 ,23.66 ,23.76 ,23.76 ,23.66 ,23.57 ,23.57 ,23.65 ,23.76 ,23.69 ,23.75 ,23.82 ,23.8 ,23.87 ,23.84 ,23.89 ,23.8 ,23.74 ,23.74 ,23.81 ,23.78 ,23.78 ,23.85 ,23.85 ,23.79 ,23.79 ,23.74 ,23.71 ,23.84 ,23.87 ,23.86 ,23.83 ,23.75 ,23.68 ,23.82 ,23.75 ,23.82 ,23.78 ,23.83 ,23.78 ,23.71 ,23.76 ,23.76 ,23.72 ,23.76 ,23.71 ,23.65 ,23.64 ,23.65 ,23.65 ,23.72 ,23.7 ,23.75 ,23.76 ,23.66 ,23.63 ,23.66 ,23.66 ,23.58 ,23.69 ,23.74 ,23.57 ,23.58 ,23.58 ,23.45 ,23.53 ,23.48 ,23.52 ,23.48 ,23.47 ,23.52 ,23.44 ,23.43 ,23.45 ,23.47 ,23.46 ,23.35 ,23.47 ,23.39 ,23.4 ,23.23 ,23.3 ,23.28 ,23.27 ,23.34 ,23.4 ,23.42 ,23.45 ,23.45 ,23.4 ,23.4 ,23.35 ,23.41 ,23.39 ,23.46 ,23.42 ,23.46 ,23.37 ,23.43 ,23.39 ,23.37 ,23.36 ,23.39 ,23.34 ,23.36 ,23.37 ,23.45 ,23.44 ,23.4 ,23.31 ,23.36 ,23.32 ,23.28 ,23.36 ,23.35 ,23.42 ,23.36 ,23.33 ,23.29 ,23.2 ,23.27 ,23.32 ,23.28 ,23.3 ,23.36 ,23.31 ,23.33 ,23.24 ,23.12 ,23.13 ,23.22 ,23.25 ,23.23 ,23.26 ,23.24 ,23.18 ,23.24 ,23.32 ,23.18 ,23.28 ,23.31 ,23.26 ,23.27 ,23.24 ,23.26 ,23.27 ,23.34 ,23.3 ,23.23 ,23.27 ,23.18 ,23.28 ,23.25 ,23.22 ,23.24 ,
225,23.37 ,23.34 ,23.37 ,23.34 ,23.28 ,23.3 ,23.37 ,23.36 ,23.42 ,23.34 ,23.25 ,23.34 ,23.49 ,23.4 ,23.44 ,23.52 ,23.42 ,23.35 ,23.37 ,23.35 ,23.33 ,23.32 ,23.37 ,23.29 ,23.23 ,23.3 ,23.34 ,23.35 ,23.36 ,23.45 ,23.51 ,23.46 ,23.52 ,23.52 ,23.5 ,23.56 ,23.53 ,23.57 ,23.61 ,23.64 ,23.63 ,23.54 ,23.61 ,23.57 ,23.6 ,23.68 ,23.66 ,23.65 ,23.61 ,23.65 ,23.6 ,23.63 ,23.54 ,23.65 ,23.69 ,23.64 ,23.5 ,23.67 ,23.72 ,23.66 ,23.58 ,23.59 ,23.65 ,23.58 ,23.67 ,23.58 ,23.6 ,23.61 ,23.6 ,23.66 ,23.7 ,23.62 ,23.7 ,23.66 ,23.6 ,23.58 ,23.7 ,23.65 ,23.66 ,23.56 ,23.55 ,23.59 ,23.55 ,23.62 ,23.62 ,23.65 ,23.6 ,23.61 ,23.6 ,23.45 ,23.53 ,23.52 ,23.46 ,23.53 ,23.57 ,23.54 ,23.47 ,23.43 ,23.55 ,23.63 ,23.75 ,23.79 ,23.79 ,23.72 ,23.79 ,23.8 ,23.78 ,23.75 ,23.73 ,23.75 ,23.78 ,23.75 ,23.78 ,23.75 ,23.76 ,23.73 ,23.73 ,23.79 ,23.79 ,23.71 ,23.88 ,23.81 ,23.72 ,23.76 ,23.78 ,23.81 ,23.8 ,23.84 ,23.76 ,23.7 ,23.79 ,23.75 ,23.72 ,23.77 ,23.72 ,23.73 ,23.78 ,23.8 ,23.8 ,23.87 ,23.78 ,23.76 ,23.8 ,23.89 ,23.87 ,23.85 ,23.83 ,23.78 ,23.82 ,23.94 ,23.9 ,23.87 ,23.85 ,23.87 ,23.85 ,23.81 ,23.82 ,23.79 ,23.78 ,23.93 ,23.9 ,23.75 ,23.8 ,23.84 ,23.79 ,23.75 ,23.7 ,23.7 ,23.6 ,23.49 ,23.55 ,23.53 ,23.48 ,23.59 ,23.57 ,23.56 ,23.56 ,23.64 ,23.69 ,23.62 ,23.54 ,23.51 ,23.54 ,23.48 ,23.56 ,23.6 ,23.53 ,23.51 ,23.48 ,23.6 ,23.57 ,23.47 ,23.58 ,23.59 ,23.62 ,23.5 ,23.51 ,23.62 ,23.6 ,23.52 ,23.52 ,23.56 ,23.65 ,23.72 ,23.7 ,23.68 ,23.68 ,23.68 ,23.7 ,23.65 ,23.7 ,23.72 ,23.7 ,23.74 ,23.68 ,23.72 ,23.78 ,23.68 ,23.65 ,23.61 ,23.61 ,23.64 ,23.62 ,23.6 ,23.6 ,23.59 ,23.58 ,23.52 ,23.54 ,23.53 ,23.55 ,23.58 ,23.64 ,23.6 ,23.53 ,23.68 ,23.67 ,23.64 ,23.74 ,23.69 ,23.73 ,23.75 ,23.72 ,23.68 ,23.73 ,23.75 ,23.74 ,23.7 ,23.62 ,23.6 ,23.65 ,23.62 ,23.63 ,23.66 ,23.66 ,23.61 ,23.64 ,23.68 ,23.58 ,23.58 ,23.61 ,23.68 ,23.65 ,23.62 ,23.6 ,23.62 ,23.57 ,23.57 ,23.62 ,23.64 ,23.6 ,23.65 ,23.65 ,23.72 ,23.65 ,23.59 ,23.61 ,23.6 ,23.6 ,23.68 ,23.62 ,23.54 ,23.57 ,23.57 ,23.62 ,23.55 ,23.59 ,23.64 ,23.6 ,23.62 ,23.67 ,23.65 ,23.52 ,23.43 ,23.56 ,23.68 ,23.61 ,23.7 ,23.69 ,23.63 ,23.58 ,23.58 ,23.58 ,23.59 ,23.58 ,23.55 ,23.65 ,23.71 ,23.62 ,23.67 ,23.64 ,23.68 ,23.63 ,23.52 ,23.5 ,23.53 ,23.63 ,23.64 ,23.57 ,23.56 ,23.59 ,23.64 ,23.58 ,23.65 ,23.77 ,23.81 ,23.74 ,23.83 ,23.87 ,23.86 ,23.84 ,23.83 ,23.87 ,23.87 ,23.94 ,23.88 ,23.91 ,23.91 ,23.85 ,23.85 ,23.83 ,23.88 ,23.86 ,23.92 ,23.87 ,23.81 ,23.94 ,23.87 ,23.86 ,23.86 ,23.84 ,23.88 ,23.93 ,23.9 ,23.85 ,23.79 ,23.86 ,23.87 ,23.92 ,23.81 ,23.84 ,23.96 ,23.98 ,23.96 ,23.95 ,23.82 ,23.7 ,23.66 ,23.61 ,23.61 ,23.7 ,23.7 ,23.64 ,23.64 ,23.65 ,23.64 ,23.61 ,23.61 ,23.63 ,23.62 ,23.59 ,23.57 ,23.63 ,23.65 ,23.68 ,23.75 ,23.61 ,23.61 ,23.7 ,23.67 ,23.66 ,23.74 ,23.68 ,23.56 ,23.53 ,23.56 ,23.63 ,23.63 ,23.64 ,23.61 ,23.55 ,23.63 ,23.66 ,23.61 ,23.57 ,23.62 ,23.63 ,23.66 ,23.88 ,23.85 ,23.77 ,23.75 ,23.75 ,23.84 ,23.89 ,23.84 ,23.88 ,23.87 ,23.82 ,23.9 ,23.9 ,23.88 ,23.89 ,23.88 ,23.82 ,23.82 ,23.8 ,23.8 ,23.89 ,23.85 ,23.8 ,23.88 ,23.9 ,23.82 ,23.69 ,23.83 ,23.89 ,23.87 ,23.92 ,23.93 ,23.85 ,23.89 ,23.84 ,23.77 ,23.77 ,23.9 ,23.86 ,23.82 ,23.8 ,23.77 ,23.77 ,23.79 ,23.86 ,23.86 ,23.78 ,23.83 ,23.76 ,23.69 ,23.78 ,23.81 ,23.78 ,23.77 ,23.82 ,23.84 ,23.87 ,23.85 ,23.79 ,23.8 ,23.79 ,23.76 ,23.82 ,23.81 ,23.82 ,23.88 ,23.8 ,23.82 ,23.69 ,23.63 ,23.62 ,23.65 ,23.69 ,23.73 ,23.74 ,23.75 ,23.74 ,23.66 ,23.68 ,23.66 ,23.6 ,23.59 ,23.54 ,23.58 ,23.66 ,23.76 ,23.7 ,23.75 ,23.72 ,23.73 ,23.79 ,23.81 ,23.74 ,23.74 ,23.75 ,23.74 ,23.81 ,23.79 ,23.73 ,23.83 ,23.87 ,23.77 ,23.7 ,23.71 ,23.71 ,23.75 ,23.81 ,23.9 ,23.82 ,23.74 ,23.65 ,23.69 ,23.72 ,23.77 ,23.83 ,23.74 ,23.74 ,23.7 ,23.75 ,23.77 ,23.65 ,23.8 ,23.72 ,23.67 ,23.68 ,23.73 ,23.61 ,23.64 ,23.69 ,23.68 ,23.77 ,23.61 ,23.66 ,23.71 ,23.69 ,23.6 ,23.61 ,23.58 ,23.52 ,23.62 ,23.56 ,23.53 ,23.46 ,23.49 ,23.42 ,23.45 ,23.53 ,23.56 ,23.35 ,23.41 ,23.44 ,23.5 ,23.41 ,23.35 ,23.41 ,23.34 ,23.36 ,23.24 ,23.18 ,23.27 ,23.31 ,23.32 ,23.36 ,23.43 ,23.34 ,23.36 ,23.38 ,23.39 ,23.34 ,23.43 ,23.44 ,23.42 ,23.29 ,23.29 ,23.36 ,23.41 ,23.39 ,23.35 ,23.4 ,23.3 ,23.36 ,23.51 ,23.39 ,23.47 ,23.45 ,23.4 ,23.35 ,23.38 ,23.3 ,23.29 ,23.32 ,23.25 ,23.22 ,23.32 ,23.33 ,23.28 ,23.28 ,23.23 ,23.32 ,23.31 ,23.27 ,23.35 ,23.32 ,23.28 ,23.18 ,23.12 ,23.12 ,23.09 ,23.19 ,23.24 ,23.2 ,23.17 ,23.22 ,23.28 ,23.29 ,23.27 ,23.33 ,23.27 ,23.18 ,23.25 ,23.23 ,23.25 ,23.22 ,23.2 ,23.29 ,23.28 ,23.2 ,23.15 ,23.2 ,23.27 ,23.17 ,23.14 ,
226,23.25 ,23.25 ,23.34 ,23.27 ,23.21 ,23.26 ,23.43 ,23.4 ,23.44 ,23.36 ,23.31 ,23.37 ,23.43 ,23.47 ,23.55 ,23.46 ,23.32 ,23.34 ,23.4 ,23.4 ,23.36 ,23.34 ,23.32 ,23.28 ,23.29 ,23.34 ,23.36 ,23.35 ,23.35 ,23.41 ,23.56 ,23.56 ,23.5 ,23.48 ,23.53 ,23.57 ,23.62 ,23.59 ,23.63 ,23.62 ,23.58 ,23.53 ,23.59 ,23.56 ,23.6 ,23.65 ,23.68 ,23.63 ,23.6 ,23.65 ,23.55 ,23.56 ,23.63 ,23.66 ,23.63 ,23.65 ,23.6 ,23.66 ,23.61 ,23.6 ,23.66 ,23.64 ,23.59 ,23.59 ,23.63 ,23.64 ,23.67 ,23.68 ,23.63 ,23.62 ,23.69 ,23.66 ,23.67 ,23.7 ,23.65 ,23.62 ,23.61 ,23.6 ,23.65 ,23.58 ,23.56 ,23.59 ,23.54 ,23.56 ,23.63 ,23.68 ,23.58 ,23.58 ,23.53 ,23.48 ,23.49 ,23.54 ,23.46 ,23.44 ,23.5 ,23.54 ,23.42 ,23.4 ,23.46 ,23.52 ,23.71 ,23.79 ,23.75 ,23.74 ,23.77 ,23.8 ,23.81 ,23.71 ,23.61 ,23.74 ,23.76 ,23.8 ,23.78 ,23.74 ,23.7 ,23.72 ,23.68 ,23.71 ,23.75 ,23.75 ,23.74 ,23.74 ,23.72 ,23.72 ,23.73 ,23.74 ,23.77 ,23.82 ,23.77 ,23.66 ,23.78 ,23.89 ,23.73 ,23.67 ,23.7 ,23.74 ,23.75 ,23.79 ,23.83 ,23.85 ,23.79 ,23.75 ,23.78 ,23.85 ,23.83 ,23.82 ,23.79 ,23.76 ,23.78 ,23.84 ,23.87 ,23.86 ,23.9 ,23.84 ,23.82 ,23.8 ,23.78 ,23.74 ,23.77 ,23.92 ,23.84 ,23.78 ,23.75 ,23.79 ,23.76 ,23.76 ,23.72 ,23.71 ,23.59 ,23.48 ,23.54 ,23.49 ,23.44 ,23.56 ,23.54 ,23.56 ,23.53 ,23.57 ,23.6 ,23.55 ,23.55 ,23.59 ,23.5 ,23.54 ,23.62 ,23.61 ,23.58 ,23.53 ,23.47 ,23.57 ,23.62 ,23.57 ,23.6 ,23.66 ,23.57 ,23.56 ,23.5 ,23.54 ,23.6 ,23.52 ,23.54 ,23.67 ,23.7 ,23.68 ,23.66 ,23.63 ,23.55 ,23.63 ,23.77 ,23.77 ,23.72 ,23.76 ,23.68 ,23.71 ,23.65 ,23.64 ,23.74 ,23.71 ,23.7 ,23.57 ,23.64 ,23.63 ,23.62 ,23.59 ,23.61 ,23.7 ,23.69 ,23.53 ,23.54 ,23.54 ,23.49 ,23.54 ,23.55 ,23.58 ,23.57 ,23.6 ,23.65 ,23.68 ,23.7 ,23.67 ,23.63 ,23.74 ,23.72 ,23.69 ,23.75 ,23.74 ,23.72 ,23.65 ,23.62 ,23.7 ,23.66 ,23.6 ,23.6 ,23.65 ,23.65 ,23.64 ,23.65 ,23.69 ,23.64 ,23.58 ,23.56 ,23.64 ,23.65 ,23.57 ,23.56 ,23.62 ,23.65 ,23.69 ,23.7 ,23.65 ,23.61 ,23.63 ,23.7 ,23.72 ,23.65 ,23.54 ,23.6 ,23.64 ,23.58 ,23.62 ,23.59 ,23.57 ,23.56 ,23.54 ,23.63 ,23.64 ,23.64 ,23.62 ,23.55 ,23.58 ,23.59 ,23.6 ,23.5 ,23.49 ,23.56 ,23.64 ,23.64 ,23.68 ,23.69 ,23.59 ,23.6 ,23.65 ,23.65 ,23.65 ,23.6 ,23.62 ,23.62 ,23.61 ,23.62 ,23.61 ,23.65 ,23.7 ,23.62 ,23.51 ,23.53 ,23.54 ,23.67 ,23.7 ,23.68 ,23.66 ,23.63 ,23.64 ,23.64 ,23.58 ,23.75 ,23.82 ,23.79 ,23.83 ,23.79 ,23.74 ,23.83 ,23.9 ,23.84 ,23.82 ,23.88 ,23.84 ,23.85 ,23.87 ,23.88 ,23.82 ,23.86 ,23.81 ,23.8 ,23.87 ,23.83 ,23.79 ,23.89 ,23.87 ,23.89 ,23.85 ,23.89 ,23.89 ,23.91 ,23.9 ,23.9 ,23.8 ,23.88 ,23.86 ,23.87 ,23.82 ,23.82 ,23.92 ,24.01 ,23.95 ,23.91 ,23.77 ,23.6 ,23.62 ,23.63 ,23.65 ,23.71 ,23.7 ,23.74 ,23.65 ,23.65 ,23.67 ,23.59 ,23.66 ,23.66 ,23.61 ,23.62 ,23.59 ,23.54 ,23.59 ,23.68 ,23.63 ,23.53 ,23.61 ,23.67 ,23.64 ,23.64 ,23.65 ,23.63 ,23.53 ,23.59 ,23.58 ,23.58 ,23.63 ,23.62 ,23.61 ,23.61 ,23.62 ,23.61 ,23.56 ,23.61 ,23.61 ,23.68 ,23.73 ,23.85 ,23.85 ,23.9 ,23.77 ,23.76 ,23.8 ,23.84 ,23.84 ,23.88 ,23.87 ,23.81 ,23.86 ,23.94 ,23.9 ,23.89 ,23.88 ,23.78 ,23.75 ,23.76 ,23.87 ,23.87 ,23.77 ,23.77 ,23.86 ,23.9 ,23.84 ,23.86 ,23.93 ,23.84 ,23.86 ,23.93 ,23.94 ,23.89 ,23.91 ,23.92 ,23.8 ,23.84 ,23.87 ,23.85 ,23.79 ,23.73 ,23.78 ,23.77 ,23.77 ,23.83 ,23.84 ,23.73 ,23.8 ,23.76 ,23.71 ,23.76 ,23.78 ,23.69 ,23.75 ,23.77 ,23.8 ,23.79 ,23.82 ,23.79 ,23.78 ,23.8 ,23.74 ,23.79 ,23.84 ,23.76 ,23.83 ,23.77 ,23.81 ,23.67 ,23.58 ,23.65 ,23.67 ,23.59 ,23.64 ,23.68 ,23.72 ,23.75 ,23.74 ,23.62 ,23.56 ,23.51 ,23.52 ,23.61 ,23.64 ,23.64 ,23.67 ,23.72 ,23.85 ,23.8 ,23.71 ,23.76 ,23.8 ,23.75 ,23.75 ,23.79 ,23.82 ,23.82 ,23.84 ,23.81 ,23.88 ,23.88 ,23.83 ,23.82 ,23.75 ,23.83 ,23.83 ,23.75 ,23.82 ,23.85 ,23.83 ,23.8 ,23.79 ,23.74 ,23.69 ,23.7 ,23.71 ,23.75 ,23.69 ,23.75 ,23.8 ,23.69 ,23.72 ,23.67 ,23.64 ,23.63 ,23.67 ,23.73 ,23.74 ,23.76 ,23.62 ,23.69 ,23.59 ,23.56 ,23.72 ,23.71 ,23.62 ,23.59 ,23.52 ,23.46 ,23.53 ,23.51 ,23.51 ,23.45 ,23.43 ,23.42 ,23.46 ,23.44 ,23.49 ,23.42 ,23.37 ,23.39 ,23.47 ,23.47 ,23.41 ,23.34 ,23.36 ,23.34 ,23.21 ,23.2 ,23.27 ,23.28 ,23.35 ,23.4 ,23.32 ,23.37 ,23.32 ,23.4 ,23.44 ,23.41 ,23.39 ,23.41 ,23.29 ,23.21 ,23.24 ,23.35 ,23.48 ,23.41 ,23.33 ,23.45 ,23.36 ,23.28 ,23.41 ,23.44 ,23.4 ,23.45 ,23.4 ,23.35 ,23.42 ,23.41 ,23.4 ,23.42 ,23.35 ,23.26 ,23.33 ,23.43 ,23.32 ,23.3 ,23.34 ,23.34 ,23.28 ,23.26 ,23.35 ,23.24 ,23.22 ,23.27 ,23.13 ,23.05 ,23.11 ,23.21 ,23.21 ,23.22 ,23.19 ,23.17 ,23.24 ,23.31 ,23.27 ,23.18 ,23.19 ,23.22 ,23.22 ,23.23 ,23.24 ,23.19 ,23.22 ,23.24 ,23.29 ,23.16 ,23.11 ,23.25 ,23.21 ,23.18 ,23.13 ,
227,23.18 ,23.23 ,23.33 ,23.4 ,23.31 ,23.3 ,23.42 ,23.33 ,23.3 ,23.39 ,23.28 ,23.35 ,23.43 ,23.45 ,23.49 ,23.39 ,23.3 ,23.31 ,23.35 ,23.39 ,23.29 ,23.32 ,23.41 ,23.33 ,23.35 ,23.44 ,23.35 ,23.32 ,23.42 ,23.44 ,23.51 ,23.56 ,23.48 ,23.58 ,23.62 ,23.58 ,23.65 ,23.68 ,23.63 ,23.63 ,23.64 ,23.59 ,23.65 ,23.61 ,23.56 ,23.6 ,23.63 ,23.67 ,23.63 ,23.64 ,23.57 ,23.61 ,23.67 ,23.6 ,23.53 ,23.59 ,23.67 ,23.64 ,23.57 ,23.58 ,23.66 ,23.7 ,23.66 ,23.66 ,23.6 ,23.65 ,23.72 ,23.67 ,23.61 ,23.55 ,23.58 ,23.66 ,23.68 ,23.64 ,23.66 ,23.68 ,23.69 ,23.63 ,23.63 ,23.58 ,23.63 ,23.6 ,23.63 ,23.66 ,23.59 ,23.67 ,23.6 ,23.58 ,23.48 ,23.39 ,23.51 ,23.49 ,23.52 ,23.47 ,23.46 ,23.5 ,23.48 ,23.43 ,23.51 ,23.58 ,23.69 ,23.81 ,23.82 ,23.76 ,23.81 ,23.8 ,23.83 ,23.78 ,23.68 ,23.65 ,23.71 ,23.76 ,23.81 ,23.73 ,23.76 ,23.75 ,23.74 ,23.74 ,23.78 ,23.74 ,23.74 ,23.75 ,23.76 ,23.79 ,23.81 ,23.78 ,23.74 ,23.78 ,23.78 ,23.73 ,23.73 ,23.87 ,23.8 ,23.82 ,23.81 ,23.78 ,23.75 ,23.74 ,23.84 ,23.86 ,23.8 ,23.75 ,23.76 ,23.78 ,23.78 ,23.77 ,23.74 ,23.78 ,23.85 ,23.81 ,23.82 ,23.85 ,23.89 ,23.83 ,23.79 ,23.82 ,23.8 ,23.75 ,23.75 ,23.91 ,23.9 ,23.79 ,23.73 ,23.75 ,23.79 ,23.74 ,23.75 ,23.72 ,23.65 ,23.58 ,23.54 ,23.51 ,23.49 ,23.52 ,23.52 ,23.53 ,23.55 ,23.59 ,23.52 ,23.54 ,23.57 ,23.64 ,23.62 ,23.54 ,23.55 ,23.55 ,23.51 ,23.46 ,23.49 ,23.62 ,23.63 ,23.64 ,23.58 ,23.6 ,23.5 ,23.54 ,23.56 ,23.52 ,23.52 ,23.57 ,23.59 ,23.6 ,23.65 ,23.66 ,23.59 ,23.58 ,23.46 ,23.53 ,23.71 ,23.75 ,23.74 ,23.69 ,23.72 ,23.71 ,23.75 ,23.67 ,23.68 ,23.72 ,23.74 ,23.66 ,23.67 ,23.65 ,23.61 ,23.58 ,23.55 ,23.67 ,23.7 ,23.63 ,23.5 ,23.49 ,23.51 ,23.58 ,23.56 ,23.53 ,23.62 ,23.64 ,23.62 ,23.64 ,23.69 ,23.7 ,23.62 ,23.66 ,23.73 ,23.74 ,23.83 ,23.73 ,23.66 ,23.69 ,23.64 ,23.7 ,23.67 ,23.58 ,23.62 ,23.63 ,23.63 ,23.65 ,23.69 ,23.62 ,23.56 ,23.6 ,23.61 ,23.55 ,23.62 ,23.63 ,23.64 ,23.64 ,23.65 ,23.67 ,23.74 ,23.62 ,23.58 ,23.6 ,23.64 ,23.76 ,23.64 ,23.53 ,23.54 ,23.66 ,23.64 ,23.6 ,23.61 ,23.62 ,23.57 ,23.6 ,23.65 ,23.61 ,23.64 ,23.62 ,23.6 ,23.55 ,23.52 ,23.48 ,23.47 ,23.55 ,23.6 ,23.59 ,23.59 ,23.64 ,23.67 ,23.51 ,23.56 ,23.6 ,23.59 ,23.63 ,23.63 ,23.63 ,23.62 ,23.61 ,23.62 ,23.61 ,23.56 ,23.62 ,23.58 ,23.53 ,23.53 ,23.56 ,23.61 ,23.66 ,23.66 ,23.69 ,23.62 ,23.61 ,23.66 ,23.74 ,23.84 ,23.91 ,23.85 ,23.9 ,23.85 ,23.81 ,23.85 ,23.93 ,23.86 ,23.8 ,23.92 ,23.85 ,23.82 ,23.89 ,23.91 ,23.84 ,23.86 ,23.8 ,23.75 ,23.84 ,23.9 ,23.86 ,23.86 ,23.87 ,23.86 ,23.86 ,23.89 ,23.94 ,23.88 ,23.89 ,23.97 ,23.85 ,23.78 ,23.83 ,23.87 ,23.91 ,23.89 ,23.97 ,23.99 ,23.93 ,23.79 ,23.72 ,23.59 ,23.63 ,23.68 ,23.7 ,23.74 ,23.67 ,23.72 ,23.73 ,23.68 ,23.62 ,23.59 ,23.61 ,23.7 ,23.66 ,23.63 ,23.58 ,23.6 ,23.65 ,23.65 ,23.69 ,23.56 ,23.6 ,23.69 ,23.64 ,23.56 ,23.62 ,23.59 ,23.58 ,23.61 ,23.53 ,23.63 ,23.64 ,23.64 ,23.51 ,23.64 ,23.65 ,23.57 ,23.6 ,23.62 ,23.66 ,23.69 ,23.82 ,23.86 ,23.88 ,23.9 ,23.87 ,23.86 ,23.89 ,23.79 ,23.84 ,23.81 ,23.79 ,23.8 ,23.8 ,23.87 ,23.94 ,23.87 ,23.84 ,23.79 ,23.78 ,23.83 ,23.84 ,23.91 ,23.87 ,23.87 ,23.96 ,23.93 ,23.79 ,23.85 ,23.95 ,23.93 ,23.82 ,23.8 ,23.92 ,23.83 ,23.85 ,23.85 ,23.78 ,23.77 ,23.85 ,23.8 ,23.79 ,23.8 ,23.82 ,23.78 ,23.78 ,23.78 ,23.88 ,23.86 ,23.81 ,23.77 ,23.73 ,23.7 ,23.79 ,23.74 ,23.73 ,23.76 ,23.77 ,23.72 ,23.78 ,23.73 ,23.71 ,23.77 ,23.77 ,23.72 ,23.77 ,23.75 ,23.75 ,23.78 ,23.72 ,23.6 ,23.63 ,23.67 ,23.67 ,23.68 ,23.77 ,23.8 ,23.71 ,23.64 ,23.58 ,23.49 ,23.52 ,23.53 ,23.55 ,23.56 ,23.59 ,23.68 ,23.75 ,23.74 ,23.82 ,23.86 ,23.8 ,23.84 ,23.85 ,23.73 ,23.76 ,23.84 ,23.8 ,23.8 ,23.84 ,23.85 ,23.88 ,23.83 ,23.77 ,23.76 ,23.7 ,23.78 ,23.8 ,23.8 ,23.85 ,23.82 ,23.78 ,23.77 ,23.72 ,23.78 ,23.72 ,23.69 ,23.74 ,23.84 ,23.7 ,23.61 ,23.82 ,23.68 ,23.68 ,23.67 ,23.67 ,23.57 ,23.6 ,23.75 ,23.74 ,23.81 ,23.75 ,23.63 ,23.63 ,23.55 ,23.62 ,23.73 ,23.66 ,23.62 ,23.55 ,23.44 ,23.51 ,23.47 ,23.45 ,23.52 ,23.54 ,23.52 ,23.49 ,23.5 ,23.48 ,23.49 ,23.43 ,23.34 ,23.44 ,23.33 ,23.38 ,23.44 ,23.43 ,23.43 ,23.27 ,23.27 ,23.31 ,23.35 ,23.38 ,23.31 ,23.26 ,23.37 ,23.41 ,23.42 ,23.43 ,23.39 ,23.33 ,23.38 ,23.34 ,23.28 ,23.24 ,23.37 ,23.49 ,23.44 ,23.33 ,23.38 ,23.4 ,23.37 ,23.32 ,23.34 ,23.42 ,23.38 ,23.38 ,23.38 ,23.44 ,23.44 ,23.34 ,23.45 ,23.44 ,23.36 ,23.33 ,23.46 ,23.39 ,23.41 ,23.39 ,23.33 ,23.21 ,23.1 ,23.33 ,23.29 ,23.11 ,23.2 ,23.27 ,23.08 ,23.1 ,23.28 ,23.25 ,23.16 ,23.21 ,23.19 ,23.36 ,23.32 ,23.27 ,23.18 ,23.18 ,23.19 ,23.27 ,23.16 ,23.17 ,23.2 ,23.3 ,23.37 ,23.26 ,23.09 ,23.09 ,23.23 ,23.31 ,23.27 ,23.24 ,
228,23.16 ,23.27 ,23.44 ,23.36 ,23.27 ,23.35 ,23.29 ,23.34 ,23.29 ,23.33 ,23.3 ,23.31 ,23.44 ,23.47 ,23.42 ,23.38 ,23.35 ,23.38 ,23.4 ,23.4 ,23.22 ,23.29 ,23.37 ,23.3 ,23.32 ,23.37 ,23.33 ,23.23 ,23.41 ,23.43 ,23.43 ,23.48 ,23.51 ,23.59 ,23.61 ,23.54 ,23.6 ,23.67 ,23.63 ,23.51 ,23.59 ,23.65 ,23.65 ,23.62 ,23.58 ,23.66 ,23.63 ,23.62 ,23.68 ,23.62 ,23.56 ,23.62 ,23.62 ,23.57 ,23.59 ,23.68 ,23.68 ,23.65 ,23.56 ,23.56 ,23.6 ,23.71 ,23.7 ,23.68 ,23.66 ,23.59 ,23.71 ,23.69 ,23.6 ,23.55 ,23.56 ,23.67 ,23.63 ,23.57 ,23.64 ,23.67 ,23.71 ,23.65 ,23.68 ,23.62 ,23.64 ,23.64 ,23.67 ,23.67 ,23.62 ,23.67 ,23.63 ,23.63 ,23.52 ,23.44 ,23.45 ,23.43 ,23.43 ,23.48 ,23.45 ,23.49 ,23.44 ,23.41 ,23.47 ,23.57 ,23.69 ,23.72 ,23.74 ,23.71 ,23.8 ,23.86 ,23.83 ,23.76 ,23.73 ,23.67 ,23.69 ,23.69 ,23.71 ,23.75 ,23.72 ,23.74 ,23.72 ,23.72 ,23.79 ,23.73 ,23.73 ,23.76 ,23.79 ,23.77 ,23.81 ,23.76 ,23.72 ,23.79 ,23.77 ,23.68 ,23.75 ,23.83 ,23.89 ,23.86 ,23.89 ,23.81 ,23.77 ,23.75 ,23.83 ,23.89 ,23.84 ,23.74 ,23.72 ,23.86 ,23.77 ,23.82 ,23.8 ,23.81 ,23.89 ,23.84 ,23.79 ,23.79 ,23.82 ,23.78 ,23.77 ,23.81 ,23.76 ,23.7 ,23.74 ,23.86 ,23.9 ,23.85 ,23.79 ,23.75 ,23.79 ,23.76 ,23.72 ,23.8 ,23.69 ,23.62 ,23.59 ,23.53 ,23.55 ,23.61 ,23.57 ,23.54 ,23.54 ,23.6 ,23.61 ,23.62 ,23.54 ,23.61 ,23.59 ,23.48 ,23.52 ,23.48 ,23.5 ,23.5 ,23.55 ,23.59 ,23.59 ,23.59 ,23.55 ,23.53 ,23.47 ,23.43 ,23.5 ,23.54 ,23.54 ,23.52 ,23.54 ,23.49 ,23.48 ,23.58 ,23.55 ,23.62 ,23.46 ,23.53 ,23.64 ,23.67 ,23.67 ,23.67 ,23.69 ,23.71 ,23.71 ,23.68 ,23.66 ,23.7 ,23.73 ,23.76 ,23.71 ,23.69 ,23.62 ,23.59 ,23.61 ,23.67 ,23.7 ,23.72 ,23.54 ,23.5 ,23.5 ,23.55 ,23.59 ,23.48 ,23.49 ,23.56 ,23.64 ,23.66 ,23.65 ,23.66 ,23.68 ,23.76 ,23.71 ,23.69 ,23.82 ,23.74 ,23.64 ,23.71 ,23.7 ,23.69 ,23.64 ,23.62 ,23.64 ,23.65 ,23.6 ,23.61 ,23.66 ,23.7 ,23.64 ,23.62 ,23.63 ,23.52 ,23.64 ,23.7 ,23.67 ,23.65 ,23.65 ,23.73 ,23.74 ,23.68 ,23.65 ,23.63 ,23.62 ,23.67 ,23.69 ,23.57 ,23.59 ,23.66 ,23.63 ,23.62 ,23.65 ,23.65 ,23.6 ,23.6 ,23.67 ,23.66 ,23.63 ,23.62 ,23.71 ,23.62 ,23.52 ,23.48 ,23.51 ,23.59 ,23.7 ,23.67 ,23.58 ,23.63 ,23.64 ,23.56 ,23.59 ,23.59 ,23.61 ,23.61 ,23.6 ,23.61 ,23.63 ,23.67 ,23.67 ,23.67 ,23.61 ,23.62 ,23.53 ,23.49 ,23.55 ,23.55 ,23.52 ,23.57 ,23.64 ,23.67 ,23.65 ,23.64 ,23.76 ,23.84 ,23.89 ,23.91 ,23.9 ,23.86 ,23.81 ,23.9 ,23.88 ,23.83 ,23.84 ,23.84 ,23.96 ,23.94 ,23.84 ,23.9 ,23.97 ,23.92 ,23.82 ,23.84 ,23.78 ,23.8 ,23.87 ,23.77 ,23.76 ,23.89 ,23.84 ,23.78 ,23.89 ,23.93 ,23.84 ,23.89 ,23.99 ,23.88 ,23.84 ,23.83 ,23.84 ,23.85 ,23.88 ,23.89 ,23.95 ,23.85 ,23.76 ,23.71 ,23.63 ,23.64 ,23.62 ,23.69 ,23.69 ,23.66 ,23.7 ,23.76 ,23.65 ,23.61 ,23.62 ,23.67 ,23.66 ,23.62 ,23.59 ,23.63 ,23.64 ,23.68 ,23.65 ,23.71 ,23.63 ,23.65 ,23.68 ,23.62 ,23.57 ,23.61 ,23.64 ,23.63 ,23.62 ,23.54 ,23.63 ,23.69 ,23.63 ,23.58 ,23.58 ,23.71 ,23.61 ,23.65 ,23.67 ,23.66 ,23.78 ,23.86 ,23.83 ,23.87 ,23.95 ,23.89 ,23.87 ,23.92 ,23.81 ,23.81 ,23.81 ,23.8 ,23.74 ,23.77 ,23.83 ,23.86 ,23.9 ,23.88 ,23.76 ,23.77 ,23.8 ,23.84 ,23.89 ,23.91 ,23.91 ,23.9 ,23.88 ,23.78 ,23.77 ,23.83 ,23.91 ,23.87 ,23.79 ,23.88 ,23.85 ,23.87 ,23.88 ,23.8 ,23.82 ,23.86 ,23.84 ,23.84 ,23.84 ,23.9 ,23.83 ,23.71 ,23.74 ,23.82 ,23.88 ,23.83 ,23.76 ,23.8 ,23.75 ,23.82 ,23.82 ,23.82 ,23.7 ,23.76 ,23.79 ,23.73 ,23.77 ,23.7 ,23.76 ,23.76 ,23.73 ,23.7 ,23.72 ,23.74 ,23.66 ,23.61 ,23.62 ,23.63 ,23.67 ,23.64 ,23.71 ,23.81 ,23.78 ,23.63 ,23.56 ,23.59 ,23.49 ,23.51 ,23.45 ,23.43 ,23.59 ,23.59 ,23.66 ,23.74 ,23.75 ,23.83 ,23.88 ,23.85 ,23.81 ,23.8 ,23.76 ,23.78 ,23.83 ,23.8 ,23.81 ,23.86 ,23.85 ,23.82 ,23.8 ,23.81 ,23.78 ,23.77 ,23.76 ,23.78 ,23.82 ,23.91 ,23.92 ,23.79 ,23.69 ,23.71 ,23.76 ,23.76 ,23.79 ,23.7 ,23.74 ,23.77 ,23.7 ,23.78 ,23.74 ,23.7 ,23.71 ,23.68 ,23.64 ,23.65 ,23.69 ,23.72 ,23.77 ,23.74 ,23.59 ,23.57 ,23.69 ,23.66 ,23.73 ,23.63 ,23.58 ,23.57 ,23.53 ,23.56 ,23.5 ,23.41 ,23.45 ,23.53 ,23.59 ,23.55 ,23.53 ,23.5 ,23.39 ,23.43 ,23.35 ,23.45 ,23.32 ,23.3 ,23.42 ,23.42 ,23.36 ,23.2 ,23.22 ,23.29 ,23.37 ,23.37 ,23.35 ,23.33 ,23.42 ,23.4 ,23.36 ,23.34 ,23.38 ,23.36 ,23.38 ,23.45 ,23.35 ,23.38 ,23.38 ,23.45 ,23.42 ,23.37 ,23.36 ,23.31 ,23.24 ,23.31 ,23.31 ,23.39 ,23.41 ,23.44 ,23.39 ,23.45 ,23.38 ,23.33 ,23.34 ,23.36 ,23.32 ,23.38 ,23.3 ,23.37 ,23.37 ,23.37 ,23.32 ,23.21 ,23.13 ,23.26 ,23.26 ,23.11 ,23.14 ,23.19 ,23.2 ,23.19 ,23.21 ,23.25 ,23.13 ,23.11 ,23.14 ,23.36 ,23.42 ,23.29 ,23.24 ,23.26 ,23.24 ,23.2 ,23.22 ,23.26 ,23.19 ,23.31 ,23.31 ,23.23 ,23.16 ,23.24 ,23.27 ,23.34 ,23.28 ,23.26 ,
229,23.27 ,23.32 ,23.36 ,23.27 ,23.28 ,23.31 ,23.29 ,23.38 ,23.41 ,23.36 ,23.28 ,23.33 ,23.42 ,23.4 ,23.4 ,23.35 ,23.37 ,23.39 ,23.4 ,23.37 ,23.28 ,23.3 ,23.3 ,23.23 ,23.27 ,23.33 ,23.36 ,23.31 ,23.41 ,23.43 ,23.45 ,23.5 ,23.44 ,23.6 ,23.61 ,23.62 ,23.65 ,23.63 ,23.58 ,23.53 ,23.47 ,23.58 ,23.56 ,23.56 ,23.58 ,23.62 ,23.6 ,23.62 ,23.67 ,23.63 ,23.54 ,23.54 ,23.65 ,23.62 ,23.7 ,23.63 ,23.59 ,23.54 ,23.56 ,23.61 ,23.61 ,23.68 ,23.77 ,23.71 ,23.65 ,23.6 ,23.63 ,23.68 ,23.7 ,23.66 ,23.67 ,23.68 ,23.66 ,23.68 ,23.69 ,23.68 ,23.73 ,23.7 ,23.62 ,23.64 ,23.67 ,23.68 ,23.65 ,23.64 ,23.6 ,23.6 ,23.65 ,23.57 ,23.53 ,23.47 ,23.46 ,23.4 ,23.42 ,23.52 ,23.52 ,23.46 ,23.4 ,23.41 ,23.44 ,23.54 ,23.62 ,23.73 ,23.67 ,23.67 ,23.68 ,23.83 ,23.77 ,23.78 ,23.74 ,23.68 ,23.74 ,23.76 ,23.77 ,23.84 ,23.76 ,23.68 ,23.69 ,23.69 ,23.69 ,23.74 ,23.79 ,23.79 ,23.73 ,23.73 ,23.68 ,23.75 ,23.77 ,23.78 ,23.82 ,23.72 ,23.73 ,23.84 ,23.84 ,23.83 ,23.88 ,23.84 ,23.76 ,23.79 ,23.82 ,23.88 ,23.91 ,23.79 ,23.76 ,23.82 ,23.86 ,23.83 ,23.81 ,23.83 ,23.91 ,23.88 ,23.82 ,23.81 ,23.89 ,23.92 ,23.85 ,23.83 ,23.79 ,23.7 ,23.7 ,23.84 ,23.86 ,23.93 ,23.89 ,23.79 ,23.79 ,23.73 ,23.8 ,23.81 ,23.65 ,23.63 ,23.6 ,23.5 ,23.47 ,23.54 ,23.57 ,23.55 ,23.58 ,23.54 ,23.63 ,23.64 ,23.57 ,23.63 ,23.6 ,23.47 ,23.52 ,23.52 ,23.49 ,23.56 ,23.61 ,23.64 ,23.57 ,23.61 ,23.63 ,23.59 ,23.49 ,23.44 ,23.55 ,23.62 ,23.62 ,23.49 ,23.49 ,23.44 ,23.51 ,23.52 ,23.54 ,23.67 ,23.52 ,23.52 ,23.68 ,23.68 ,23.64 ,23.66 ,23.66 ,23.68 ,23.73 ,23.64 ,23.66 ,23.72 ,23.72 ,23.76 ,23.76 ,23.69 ,23.65 ,23.58 ,23.63 ,23.68 ,23.73 ,23.63 ,23.52 ,23.53 ,23.57 ,23.57 ,23.62 ,23.54 ,23.53 ,23.58 ,23.58 ,23.67 ,23.63 ,23.56 ,23.68 ,23.73 ,23.75 ,23.67 ,23.71 ,23.71 ,23.69 ,23.71 ,23.69 ,23.7 ,23.63 ,23.6 ,23.66 ,23.7 ,23.63 ,23.61 ,23.67 ,23.67 ,23.67 ,23.67 ,23.66 ,23.62 ,23.68 ,23.68 ,23.68 ,23.65 ,23.6 ,23.63 ,23.66 ,23.61 ,23.58 ,23.63 ,23.62 ,23.62 ,23.62 ,23.63 ,23.61 ,23.65 ,23.59 ,23.56 ,23.59 ,23.66 ,23.63 ,23.59 ,23.62 ,23.62 ,23.65 ,23.66 ,23.69 ,23.68 ,23.57 ,23.54 ,23.51 ,23.59 ,23.67 ,23.69 ,23.56 ,23.68 ,23.71 ,23.59 ,23.56 ,23.61 ,23.55 ,23.63 ,23.67 ,23.56 ,23.62 ,23.66 ,23.61 ,23.63 ,23.69 ,23.67 ,23.55 ,23.43 ,23.52 ,23.62 ,23.62 ,23.59 ,23.61 ,23.65 ,23.73 ,23.84 ,23.86 ,23.89 ,23.84 ,23.79 ,23.86 ,23.81 ,23.83 ,23.91 ,23.9 ,23.82 ,23.77 ,23.8 ,23.85 ,23.88 ,23.85 ,23.87 ,23.91 ,23.89 ,23.81 ,23.85 ,23.84 ,23.93 ,23.91 ,23.81 ,23.75 ,23.85 ,23.87 ,23.83 ,23.8 ,23.84 ,23.88 ,23.89 ,23.86 ,23.86 ,23.84 ,23.9 ,23.87 ,23.87 ,23.84 ,23.84 ,23.92 ,23.77 ,23.7 ,23.69 ,23.68 ,23.62 ,23.59 ,23.63 ,23.61 ,23.6 ,23.68 ,23.7 ,23.63 ,23.64 ,23.62 ,23.71 ,23.63 ,23.64 ,23.6 ,23.61 ,23.66 ,23.7 ,23.67 ,23.67 ,23.61 ,23.67 ,23.67 ,23.61 ,23.61 ,23.66 ,23.6 ,23.64 ,23.64 ,23.64 ,23.64 ,23.66 ,23.65 ,23.64 ,23.62 ,23.67 ,23.64 ,23.65 ,23.67 ,23.64 ,23.73 ,23.8 ,23.9 ,23.9 ,23.94 ,23.92 ,23.87 ,23.88 ,23.89 ,23.86 ,23.83 ,23.85 ,23.74 ,23.72 ,23.76 ,23.81 ,23.83 ,23.88 ,23.73 ,23.78 ,23.83 ,23.77 ,23.84 ,23.89 ,23.87 ,23.83 ,23.87 ,23.83 ,23.77 ,23.77 ,23.79 ,23.85 ,23.87 ,23.84 ,23.84 ,23.91 ,23.91 ,23.79 ,23.76 ,23.82 ,23.79 ,23.86 ,23.93 ,23.88 ,23.8 ,23.77 ,23.82 ,23.86 ,23.82 ,23.83 ,23.78 ,23.82 ,23.76 ,23.82 ,23.79 ,23.75 ,23.75 ,23.8 ,23.77 ,23.77 ,23.85 ,23.82 ,23.8 ,23.82 ,23.77 ,23.76 ,23.73 ,23.77 ,23.69 ,23.7 ,23.67 ,23.67 ,23.67 ,23.71 ,23.71 ,23.74 ,23.65 ,23.57 ,23.57 ,23.6 ,23.57 ,23.51 ,23.5 ,23.5 ,23.69 ,23.68 ,23.66 ,23.67 ,23.69 ,23.76 ,23.82 ,23.81 ,23.71 ,23.68 ,23.72 ,23.74 ,23.72 ,23.72 ,23.8 ,23.9 ,23.87 ,23.84 ,23.81 ,23.72 ,23.74 ,23.62 ,23.72 ,23.86 ,23.81 ,23.75 ,23.79 ,23.82 ,23.8 ,23.76 ,23.74 ,23.75 ,23.74 ,23.71 ,23.69 ,23.71 ,23.84 ,23.79 ,23.74 ,23.75 ,23.75 ,23.76 ,23.72 ,23.68 ,23.68 ,23.63 ,23.69 ,23.7 ,23.68 ,23.65 ,23.62 ,23.73 ,23.65 ,23.62 ,23.63 ,23.58 ,23.55 ,23.58 ,23.61 ,23.48 ,23.45 ,23.49 ,23.59 ,23.52 ,23.56 ,23.55 ,23.45 ,23.41 ,23.42 ,23.55 ,23.43 ,23.31 ,23.29 ,23.29 ,23.33 ,23.19 ,23.2 ,23.26 ,23.29 ,23.36 ,23.38 ,23.35 ,23.38 ,23.41 ,23.48 ,23.49 ,23.37 ,23.33 ,23.32 ,23.46 ,23.36 ,23.36 ,23.42 ,23.43 ,23.42 ,23.36 ,23.37 ,23.35 ,23.37 ,23.3 ,23.26 ,23.33 ,23.44 ,23.37 ,23.42 ,23.4 ,23.34 ,23.3 ,23.37 ,23.34 ,23.31 ,23.38 ,23.33 ,23.34 ,23.3 ,23.27 ,23.32 ,23.26 ,23.22 ,23.23 ,23.26 ,23.17 ,23.05 ,23.08 ,23.21 ,23.28 ,23.29 ,23.26 ,23.17 ,23.18 ,23.26 ,23.34 ,23.41 ,23.35 ,23.23 ,23.22 ,23.23 ,23.22 ,23.2 ,23.23 ,23.22 ,23.34 ,23.36 ,23.21 ,23.23 ,23.24 ,23.41 ,23.37 ,23.27 ,23.22 ,
230,23.3 ,23.23 ,23.34 ,23.31 ,23.4 ,23.38 ,23.38 ,23.43 ,23.39 ,23.35 ,23.3 ,23.39 ,23.43 ,23.48 ,23.48 ,23.36 ,23.26 ,23.31 ,23.4 ,23.36 ,23.39 ,23.34 ,23.32 ,23.3 ,23.38 ,23.4 ,23.37 ,23.28 ,23.36 ,23.41 ,23.41 ,23.54 ,23.5 ,23.57 ,23.56 ,23.57 ,23.54 ,23.63 ,23.61 ,23.67 ,23.64 ,23.62 ,23.62 ,23.52 ,23.53 ,23.58 ,23.57 ,23.63 ,23.66 ,23.65 ,23.54 ,23.51 ,23.62 ,23.6 ,23.59 ,23.64 ,23.59 ,23.61 ,23.64 ,23.6 ,23.6 ,23.63 ,23.69 ,23.69 ,23.7 ,23.65 ,23.67 ,23.73 ,23.73 ,23.7 ,23.65 ,23.64 ,23.6 ,23.62 ,23.67 ,23.65 ,23.72 ,23.69 ,23.61 ,23.57 ,23.59 ,23.63 ,23.61 ,23.58 ,23.66 ,23.66 ,23.62 ,23.5 ,23.51 ,23.55 ,23.56 ,23.53 ,23.43 ,23.53 ,23.55 ,23.49 ,23.43 ,23.44 ,23.47 ,23.6 ,23.63 ,23.71 ,23.75 ,23.73 ,23.8 ,23.76 ,23.81 ,23.73 ,23.7 ,23.76 ,23.74 ,23.69 ,23.76 ,23.76 ,23.77 ,23.71 ,23.67 ,23.83 ,23.78 ,23.79 ,23.8 ,23.81 ,23.78 ,23.78 ,23.73 ,23.75 ,23.8 ,23.82 ,23.81 ,23.76 ,23.7 ,23.75 ,23.84 ,23.82 ,23.79 ,23.82 ,23.85 ,23.81 ,23.84 ,23.86 ,23.86 ,23.72 ,23.75 ,23.82 ,23.86 ,23.86 ,23.82 ,23.79 ,23.86 ,23.92 ,23.88 ,23.92 ,23.88 ,23.9 ,23.87 ,23.8 ,23.75 ,23.7 ,23.77 ,23.91 ,23.92 ,23.97 ,23.94 ,23.81 ,23.78 ,23.73 ,23.84 ,23.84 ,23.66 ,23.59 ,23.56 ,23.5 ,23.43 ,23.49 ,23.54 ,23.54 ,23.57 ,23.61 ,23.58 ,23.57 ,23.53 ,23.58 ,23.62 ,23.59 ,23.6 ,23.64 ,23.63 ,23.63 ,23.65 ,23.66 ,23.64 ,23.56 ,23.63 ,23.56 ,23.51 ,23.55 ,23.59 ,23.71 ,23.62 ,23.46 ,23.42 ,23.44 ,23.53 ,23.44 ,23.4 ,23.55 ,23.54 ,23.55 ,23.63 ,23.71 ,23.63 ,23.72 ,23.72 ,23.71 ,23.77 ,23.75 ,23.81 ,23.77 ,23.75 ,23.71 ,23.73 ,23.68 ,23.66 ,23.69 ,23.7 ,23.75 ,23.72 ,23.57 ,23.55 ,23.58 ,23.52 ,23.51 ,23.62 ,23.57 ,23.56 ,23.66 ,23.63 ,23.58 ,23.6 ,23.58 ,23.66 ,23.73 ,23.71 ,23.66 ,23.59 ,23.63 ,23.66 ,23.67 ,23.65 ,23.66 ,23.67 ,23.68 ,23.69 ,23.67 ,23.6 ,23.6 ,23.71 ,23.7 ,23.64 ,23.64 ,23.66 ,23.68 ,23.69 ,23.65 ,23.63 ,23.63 ,23.58 ,23.65 ,23.58 ,23.58 ,23.52 ,23.57 ,23.62 ,23.61 ,23.61 ,23.63 ,23.58 ,23.65 ,23.65 ,23.59 ,23.58 ,23.65 ,23.62 ,23.61 ,23.61 ,23.56 ,23.66 ,23.64 ,23.62 ,23.57 ,23.53 ,23.56 ,23.54 ,23.59 ,23.7 ,23.68 ,23.61 ,23.65 ,23.69 ,23.66 ,23.63 ,23.6 ,23.6 ,23.69 ,23.71 ,23.69 ,23.61 ,23.68 ,23.65 ,23.67 ,23.61 ,23.62 ,23.56 ,23.49 ,23.57 ,23.59 ,23.7 ,23.69 ,23.65 ,23.72 ,23.79 ,23.91 ,23.91 ,23.9 ,23.86 ,23.8 ,23.85 ,23.88 ,23.91 ,23.9 ,23.92 ,23.89 ,23.85 ,23.84 ,23.89 ,23.84 ,23.8 ,23.82 ,23.92 ,23.89 ,23.94 ,23.89 ,23.89 ,23.92 ,23.93 ,23.89 ,23.87 ,23.86 ,23.83 ,23.91 ,23.88 ,23.84 ,23.84 ,23.96 ,23.9 ,23.87 ,23.86 ,23.92 ,23.91 ,23.89 ,23.77 ,23.73 ,23.8 ,23.73 ,23.68 ,23.64 ,23.63 ,23.64 ,23.64 ,23.69 ,23.67 ,23.58 ,23.61 ,23.68 ,23.64 ,23.62 ,23.58 ,23.67 ,23.68 ,23.69 ,23.6 ,23.52 ,23.6 ,23.67 ,23.66 ,23.68 ,23.6 ,23.66 ,23.7 ,23.6 ,23.58 ,23.61 ,23.61 ,23.59 ,23.65 ,23.53 ,23.66 ,23.7 ,23.62 ,23.62 ,23.6 ,23.67 ,23.71 ,23.63 ,23.68 ,23.65 ,23.76 ,23.9 ,23.9 ,23.92 ,23.9 ,23.86 ,23.81 ,23.88 ,23.89 ,23.95 ,23.89 ,23.91 ,23.84 ,23.79 ,23.78 ,23.72 ,23.75 ,23.75 ,23.71 ,23.76 ,23.82 ,23.75 ,23.76 ,23.83 ,23.87 ,23.87 ,23.89 ,23.83 ,23.8 ,23.81 ,23.85 ,23.89 ,23.84 ,23.84 ,23.86 ,23.84 ,23.79 ,23.82 ,23.82 ,23.8 ,23.83 ,23.85 ,23.81 ,23.84 ,23.86 ,23.9 ,23.79 ,23.89 ,23.91 ,23.89 ,23.81 ,23.86 ,23.77 ,23.81 ,23.79 ,23.71 ,23.72 ,23.79 ,23.82 ,23.82 ,23.8 ,23.81 ,23.82 ,23.7 ,23.69 ,23.67 ,23.69 ,23.74 ,23.76 ,23.73 ,23.67 ,23.71 ,23.71 ,23.64 ,23.75 ,23.69 ,23.59 ,23.58 ,23.55 ,23.56 ,23.57 ,23.49 ,23.47 ,23.6 ,23.71 ,23.74 ,23.72 ,23.76 ,23.75 ,23.74 ,23.81 ,23.88 ,23.77 ,23.74 ,23.83 ,23.82 ,23.79 ,23.77 ,23.72 ,23.84 ,23.89 ,23.77 ,23.77 ,23.73 ,23.64 ,23.64 ,23.73 ,23.92 ,23.78 ,23.7 ,23.7 ,23.71 ,23.83 ,23.89 ,23.77 ,23.77 ,23.78 ,23.72 ,23.67 ,23.72 ,23.8 ,23.75 ,23.71 ,23.64 ,23.74 ,23.71 ,23.74 ,23.67 ,23.77 ,23.68 ,23.69 ,23.59 ,23.64 ,23.67 ,23.66 ,23.65 ,23.64 ,23.63 ,23.7 ,23.64 ,23.52 ,23.58 ,23.6 ,23.52 ,23.52 ,23.51 ,23.53 ,23.48 ,23.51 ,23.57 ,23.47 ,23.44 ,23.4 ,23.5 ,23.54 ,23.41 ,23.36 ,23.31 ,23.3 ,23.16 ,23.28 ,23.36 ,23.36 ,23.37 ,23.35 ,23.33 ,23.26 ,23.29 ,23.41 ,23.47 ,23.31 ,23.26 ,23.21 ,23.3 ,23.41 ,23.31 ,23.43 ,23.43 ,23.47 ,23.35 ,23.34 ,23.39 ,23.41 ,23.34 ,23.26 ,23.27 ,23.32 ,23.4 ,23.4 ,23.38 ,23.37 ,23.35 ,23.33 ,23.39 ,23.4 ,23.39 ,23.4 ,23.36 ,23.33 ,23.32 ,23.36 ,23.2 ,23.25 ,23.26 ,23.29 ,23.2 ,23.11 ,23.05 ,23.1 ,23.23 ,23.24 ,23.21 ,23.19 ,23.15 ,23.24 ,23.34 ,23.33 ,23.29 ,23.15 ,23.28 ,23.29 ,23.27 ,23.28 ,23.22 ,23.19 ,23.29 ,23.41 ,23.3 ,23.3 ,23.17 ,23.34 ,23.29 ,23.19 ,23.12 ,
231,23.28 ,23.3 ,23.34 ,23.36 ,23.35 ,23.3 ,23.4 ,23.56 ,23.47 ,23.36 ,23.28 ,23.41 ,23.45 ,23.49 ,23.52 ,23.49 ,23.33 ,23.35 ,23.41 ,23.32 ,23.38 ,23.34 ,23.31 ,23.34 ,23.37 ,23.43 ,23.43 ,23.36 ,23.34 ,23.44 ,23.53 ,23.5 ,23.62 ,23.55 ,23.52 ,23.56 ,23.65 ,23.56 ,23.6 ,23.67 ,23.72 ,23.62 ,23.63 ,23.63 ,23.54 ,23.56 ,23.61 ,23.63 ,23.65 ,23.68 ,23.61 ,23.63 ,23.54 ,23.54 ,23.56 ,23.67 ,23.64 ,23.59 ,23.61 ,23.64 ,23.65 ,23.68 ,23.73 ,23.72 ,23.71 ,23.68 ,23.65 ,23.67 ,23.72 ,23.73 ,23.7 ,23.59 ,23.59 ,23.62 ,23.67 ,23.62 ,23.67 ,23.76 ,23.63 ,23.64 ,23.66 ,23.65 ,23.5 ,23.48 ,23.63 ,23.68 ,23.66 ,23.57 ,23.55 ,23.53 ,23.61 ,23.62 ,23.53 ,23.45 ,23.45 ,23.51 ,23.51 ,23.5 ,23.59 ,23.6 ,23.64 ,23.7 ,23.79 ,23.82 ,23.92 ,23.86 ,23.8 ,23.76 ,23.71 ,23.79 ,23.76 ,23.69 ,23.69 ,23.75 ,23.82 ,23.82 ,23.74 ,23.83 ,23.8 ,23.78 ,23.75 ,23.74 ,23.81 ,23.78 ,23.82 ,23.81 ,23.85 ,23.87 ,23.78 ,23.76 ,23.77 ,23.78 ,23.79 ,23.87 ,23.74 ,23.77 ,23.86 ,23.8 ,23.83 ,23.9 ,23.8 ,23.68 ,23.78 ,23.85 ,23.89 ,23.91 ,23.85 ,23.75 ,23.81 ,23.94 ,23.92 ,23.93 ,23.92 ,23.84 ,23.84 ,23.83 ,23.71 ,23.69 ,23.77 ,23.86 ,23.86 ,23.9 ,23.97 ,23.82 ,23.8 ,23.85 ,23.88 ,23.86 ,23.73 ,23.64 ,23.62 ,23.58 ,23.51 ,23.58 ,23.55 ,23.54 ,23.56 ,23.61 ,23.66 ,23.51 ,23.44 ,23.5 ,23.55 ,23.54 ,23.56 ,23.62 ,23.6 ,23.59 ,23.58 ,23.53 ,23.56 ,23.55 ,23.56 ,23.53 ,23.49 ,23.59 ,23.54 ,23.57 ,23.58 ,23.5 ,23.45 ,23.39 ,23.45 ,23.44 ,23.46 ,23.47 ,23.54 ,23.57 ,23.63 ,23.6 ,23.54 ,23.68 ,23.7 ,23.73 ,23.72 ,23.7 ,23.79 ,23.77 ,23.68 ,23.72 ,23.76 ,23.72 ,23.63 ,23.7 ,23.77 ,23.78 ,23.8 ,23.66 ,23.61 ,23.62 ,23.55 ,23.5 ,23.59 ,23.61 ,23.59 ,23.62 ,23.64 ,23.6 ,23.66 ,23.64 ,23.64 ,23.75 ,23.76 ,23.67 ,23.66 ,23.66 ,23.69 ,23.68 ,23.71 ,23.71 ,23.73 ,23.75 ,23.77 ,23.68 ,23.58 ,23.61 ,23.73 ,23.72 ,23.71 ,23.63 ,23.54 ,23.67 ,23.71 ,23.65 ,23.59 ,23.57 ,23.6 ,23.59 ,23.54 ,23.5 ,23.48 ,23.53 ,23.57 ,23.62 ,23.61 ,23.62 ,23.62 ,23.63 ,23.65 ,23.6 ,23.58 ,23.63 ,23.59 ,23.59 ,23.66 ,23.64 ,23.68 ,23.64 ,23.62 ,23.56 ,23.47 ,23.52 ,23.59 ,23.6 ,23.62 ,23.61 ,23.63 ,23.64 ,23.61 ,23.67 ,23.66 ,23.64 ,23.66 ,23.66 ,23.66 ,23.75 ,23.68 ,23.64 ,23.64 ,23.61 ,23.59 ,23.58 ,23.53 ,23.55 ,23.62 ,23.61 ,23.61 ,23.71 ,23.73 ,23.86 ,23.83 ,23.9 ,23.85 ,23.86 ,23.87 ,23.85 ,23.86 ,23.88 ,23.95 ,23.98 ,23.95 ,23.93 ,23.9 ,23.84 ,23.86 ,23.92 ,23.86 ,23.8 ,23.86 ,23.88 ,23.95 ,23.92 ,23.85 ,23.88 ,23.92 ,23.89 ,23.92 ,23.98 ,23.8 ,23.87 ,23.99 ,23.91 ,23.87 ,23.91 ,23.95 ,23.95 ,23.97 ,23.92 ,23.93 ,23.98 ,23.86 ,23.76 ,23.74 ,23.71 ,23.72 ,23.65 ,23.61 ,23.69 ,23.63 ,23.65 ,23.67 ,23.62 ,23.63 ,23.71 ,23.65 ,23.58 ,23.54 ,23.61 ,23.69 ,23.68 ,23.63 ,23.59 ,23.63 ,23.62 ,23.68 ,23.67 ,23.6 ,23.56 ,23.64 ,23.59 ,23.61 ,23.61 ,23.64 ,23.57 ,23.63 ,23.6 ,23.68 ,23.73 ,23.68 ,23.63 ,23.63 ,23.68 ,23.72 ,23.67 ,23.67 ,23.74 ,23.82 ,23.91 ,23.86 ,23.85 ,23.93 ,23.93 ,23.88 ,23.91 ,23.84 ,23.86 ,23.86 ,23.84 ,23.92 ,23.89 ,23.86 ,23.8 ,23.79 ,23.78 ,23.65 ,23.74 ,23.81 ,23.85 ,23.81 ,23.75 ,23.79 ,23.83 ,23.87 ,23.94 ,23.9 ,23.86 ,23.8 ,23.89 ,23.84 ,23.79 ,23.82 ,23.88 ,23.9 ,23.93 ,23.89 ,23.92 ,23.85 ,23.83 ,23.82 ,23.84 ,23.88 ,23.96 ,23.86 ,23.82 ,23.89 ,23.88 ,23.82 ,23.76 ,23.8 ,23.86 ,23.85 ,23.79 ,23.7 ,23.76 ,23.82 ,23.85 ,23.82 ,23.75 ,23.74 ,23.69 ,23.62 ,23.64 ,23.65 ,23.8 ,23.77 ,23.73 ,23.64 ,23.69 ,23.71 ,23.7 ,23.74 ,23.69 ,23.55 ,23.51 ,23.51 ,23.6 ,23.59 ,23.63 ,23.5 ,23.51 ,23.62 ,23.65 ,23.73 ,23.79 ,23.73 ,23.74 ,23.83 ,23.9 ,23.83 ,23.8 ,23.8 ,23.74 ,23.84 ,23.82 ,23.75 ,23.85 ,23.82 ,23.79 ,23.71 ,23.75 ,23.74 ,23.73 ,23.8 ,23.86 ,23.79 ,23.78 ,23.8 ,23.71 ,23.72 ,23.82 ,23.79 ,23.78 ,23.86 ,23.8 ,23.7 ,23.77 ,23.76 ,23.7 ,23.71 ,23.62 ,23.71 ,23.72 ,23.71 ,23.75 ,23.73 ,23.74 ,23.71 ,23.67 ,23.66 ,23.68 ,23.73 ,23.69 ,23.64 ,23.6 ,23.65 ,23.58 ,23.49 ,23.52 ,23.59 ,23.51 ,23.51 ,23.55 ,23.47 ,23.48 ,23.54 ,23.48 ,23.45 ,23.44 ,23.43 ,23.47 ,23.49 ,23.44 ,23.32 ,23.34 ,23.36 ,23.11 ,23.18 ,23.41 ,23.32 ,23.34 ,23.38 ,23.43 ,23.37 ,23.29 ,23.35 ,23.41 ,23.44 ,23.33 ,23.32 ,23.32 ,23.37 ,23.37 ,23.36 ,23.36 ,23.33 ,23.41 ,23.28 ,23.41 ,23.44 ,23.41 ,23.33 ,23.46 ,23.41 ,23.43 ,23.48 ,23.48 ,23.42 ,23.38 ,23.36 ,23.36 ,23.42 ,23.45 ,23.38 ,23.38 ,23.4 ,23.4 ,23.34 ,23.23 ,23.21 ,23.3 ,23.31 ,23.26 ,23.15 ,23.15 ,23.19 ,23.28 ,23.29 ,23.29 ,23.25 ,23.19 ,23.15 ,23.34 ,23.35 ,23.26 ,23.22 ,23.27 ,23.26 ,23.37 ,23.3 ,23.25 ,23.28 ,23.28 ,23.35 ,23.35 ,23.27 ,23.24 ,23.22 ,23.26 ,23.17 ,23.21 ,
232,23.37 ,23.35 ,23.38 ,23.36 ,23.35 ,23.32 ,23.37 ,23.48 ,23.46 ,23.4 ,23.26 ,23.35 ,23.48 ,23.42 ,23.4 ,23.36 ,23.32 ,23.38 ,23.36 ,23.34 ,23.28 ,23.33 ,23.35 ,23.34 ,23.34 ,23.36 ,23.39 ,23.47 ,23.39 ,23.46 ,23.58 ,23.48 ,23.53 ,23.54 ,23.51 ,23.61 ,23.68 ,23.6 ,23.6 ,23.62 ,23.58 ,23.6 ,23.58 ,23.58 ,23.56 ,23.53 ,23.6 ,23.7 ,23.65 ,23.67 ,23.62 ,23.65 ,23.6 ,23.63 ,23.61 ,23.58 ,23.64 ,23.61 ,23.59 ,23.6 ,23.63 ,23.69 ,23.7 ,23.73 ,23.68 ,23.62 ,23.69 ,23.65 ,23.62 ,23.65 ,23.67 ,23.65 ,23.63 ,23.62 ,23.68 ,23.7 ,23.75 ,23.74 ,23.67 ,23.64 ,23.67 ,23.63 ,23.56 ,23.59 ,23.62 ,23.68 ,23.66 ,23.61 ,23.64 ,23.48 ,23.51 ,23.52 ,23.45 ,23.48 ,23.53 ,23.58 ,23.5 ,23.51 ,23.52 ,23.61 ,23.62 ,23.65 ,23.73 ,23.79 ,23.8 ,23.83 ,23.75 ,23.64 ,23.77 ,23.74 ,23.67 ,23.68 ,23.74 ,23.76 ,23.82 ,23.82 ,23.76 ,23.8 ,23.79 ,23.75 ,23.8 ,23.67 ,23.77 ,23.79 ,23.79 ,23.77 ,23.73 ,23.84 ,23.76 ,23.68 ,23.79 ,23.89 ,23.78 ,23.83 ,23.82 ,23.79 ,23.81 ,23.85 ,23.88 ,23.83 ,23.8 ,23.75 ,23.79 ,23.88 ,23.84 ,23.86 ,23.81 ,23.76 ,23.75 ,23.87 ,23.91 ,23.88 ,23.9 ,23.83 ,23.79 ,23.86 ,23.75 ,23.74 ,23.8 ,23.83 ,23.79 ,23.81 ,23.85 ,23.8 ,23.8 ,23.9 ,23.95 ,23.87 ,23.73 ,23.7 ,23.66 ,23.56 ,23.5 ,23.59 ,23.65 ,23.48 ,23.52 ,23.55 ,23.58 ,23.47 ,23.46 ,23.5 ,23.52 ,23.49 ,23.5 ,23.62 ,23.52 ,23.47 ,23.56 ,23.55 ,23.45 ,23.51 ,23.56 ,23.53 ,23.53 ,23.58 ,23.49 ,23.49 ,23.48 ,23.47 ,23.46 ,23.42 ,23.43 ,23.44 ,23.53 ,23.52 ,23.53 ,23.38 ,23.41 ,23.56 ,23.63 ,23.62 ,23.65 ,23.72 ,23.7 ,23.69 ,23.76 ,23.73 ,23.68 ,23.75 ,23.83 ,23.83 ,23.7 ,23.62 ,23.72 ,23.72 ,23.73 ,23.65 ,23.63 ,23.68 ,23.59 ,23.61 ,23.67 ,23.6 ,23.53 ,23.61 ,23.59 ,23.56 ,23.63 ,23.66 ,23.59 ,23.71 ,23.76 ,23.64 ,23.62 ,23.7 ,23.68 ,23.69 ,23.73 ,23.71 ,23.73 ,23.72 ,23.68 ,23.67 ,23.6 ,23.64 ,23.69 ,23.71 ,23.68 ,23.59 ,23.59 ,23.6 ,23.63 ,23.57 ,23.65 ,23.58 ,23.63 ,23.66 ,23.54 ,23.53 ,23.57 ,23.59 ,23.64 ,23.66 ,23.63 ,23.56 ,23.62 ,23.65 ,23.6 ,23.56 ,23.58 ,23.69 ,23.66 ,23.62 ,23.64 ,23.61 ,23.65 ,23.59 ,23.54 ,23.6 ,23.52 ,23.5 ,23.65 ,23.66 ,23.62 ,23.58 ,23.56 ,23.55 ,23.59 ,23.61 ,23.62 ,23.53 ,23.59 ,23.62 ,23.64 ,23.66 ,23.66 ,23.68 ,23.64 ,23.56 ,23.62 ,23.55 ,23.48 ,23.5 ,23.63 ,23.69 ,23.76 ,23.8 ,23.8 ,23.89 ,23.85 ,23.84 ,23.88 ,23.91 ,23.92 ,23.91 ,23.88 ,23.91 ,23.96 ,23.97 ,23.94 ,23.87 ,23.91 ,23.85 ,23.88 ,23.88 ,23.83 ,23.84 ,23.86 ,23.84 ,23.81 ,23.89 ,23.86 ,23.81 ,23.83 ,23.82 ,23.91 ,23.98 ,23.85 ,23.82 ,23.93 ,23.87 ,23.91 ,23.96 ,23.98 ,23.89 ,23.94 ,23.94 ,23.95 ,23.91 ,23.87 ,23.8 ,23.73 ,23.65 ,23.67 ,23.68 ,23.68 ,23.69 ,23.62 ,23.61 ,23.6 ,23.56 ,23.55 ,23.68 ,23.65 ,23.62 ,23.57 ,23.63 ,23.74 ,23.63 ,23.58 ,23.61 ,23.63 ,23.61 ,23.58 ,23.63 ,23.62 ,23.62 ,23.68 ,23.66 ,23.62 ,23.61 ,23.65 ,23.57 ,23.67 ,23.66 ,23.71 ,23.69 ,23.69 ,23.67 ,23.61 ,23.63 ,23.68 ,23.63 ,23.7 ,23.8 ,23.89 ,23.89 ,23.81 ,23.82 ,23.9 ,23.99 ,23.94 ,23.91 ,23.87 ,23.87 ,23.86 ,23.89 ,23.92 ,23.92 ,23.92 ,23.87 ,23.87 ,23.78 ,23.78 ,23.81 ,23.92 ,23.94 ,23.81 ,23.68 ,23.7 ,23.79 ,23.77 ,23.83 ,23.91 ,23.85 ,23.79 ,23.83 ,23.86 ,23.81 ,23.81 ,23.79 ,23.86 ,23.96 ,23.91 ,23.89 ,23.84 ,23.83 ,23.89 ,23.9 ,23.87 ,23.84 ,23.83 ,23.85 ,23.86 ,23.84 ,23.77 ,23.78 ,23.79 ,23.84 ,23.82 ,23.85 ,23.79 ,23.71 ,23.82 ,23.79 ,23.83 ,23.71 ,23.67 ,23.65 ,23.63 ,23.65 ,23.68 ,23.82 ,23.84 ,23.74 ,23.69 ,23.66 ,23.7 ,23.68 ,23.65 ,23.61 ,23.51 ,23.54 ,23.47 ,23.54 ,23.55 ,23.61 ,23.57 ,23.55 ,23.61 ,23.66 ,23.69 ,23.71 ,23.71 ,23.76 ,23.79 ,23.86 ,23.9 ,23.87 ,23.83 ,23.77 ,23.8 ,23.84 ,23.81 ,23.87 ,23.84 ,23.79 ,23.71 ,23.73 ,23.72 ,23.76 ,23.78 ,23.81 ,23.75 ,23.82 ,23.79 ,23.71 ,23.67 ,23.72 ,23.77 ,23.81 ,23.79 ,23.8 ,23.74 ,23.67 ,23.76 ,23.69 ,23.65 ,23.61 ,23.68 ,23.69 ,23.77 ,23.76 ,23.73 ,23.74 ,23.74 ,23.71 ,23.72 ,23.58 ,23.66 ,23.7 ,23.65 ,23.63 ,23.63 ,23.6 ,23.47 ,23.5 ,23.51 ,23.51 ,23.4 ,23.46 ,23.47 ,23.47 ,23.57 ,23.47 ,23.44 ,23.45 ,23.41 ,23.42 ,23.42 ,23.39 ,23.33 ,23.33 ,23.38 ,23.17 ,23.16 ,23.39 ,23.37 ,23.38 ,23.36 ,23.42 ,23.47 ,23.43 ,23.35 ,23.36 ,23.4 ,23.45 ,23.45 ,23.41 ,23.32 ,23.33 ,23.37 ,23.38 ,23.39 ,23.44 ,23.3 ,23.3 ,23.4 ,23.4 ,23.43 ,23.46 ,23.41 ,23.45 ,23.44 ,23.48 ,23.5 ,23.36 ,23.34 ,23.34 ,23.41 ,23.45 ,23.43 ,23.34 ,23.39 ,23.42 ,23.37 ,23.24 ,23.2 ,23.27 ,23.24 ,23.2 ,23.14 ,23.14 ,23.18 ,23.29 ,23.28 ,23.28 ,23.4 ,23.3 ,23.23 ,23.41 ,23.36 ,23.21 ,23.27 ,23.3 ,23.24 ,23.32 ,23.24 ,23.13 ,23.17 ,23.27 ,23.28 ,23.23 ,23.2 ,23.19 ,23.22 ,23.18 ,23.27 ,23.21 ,
233,23.33 ,23.36 ,23.36 ,23.42 ,23.32 ,23.31 ,23.37 ,23.47 ,23.42 ,23.36 ,23.29 ,23.34 ,23.48 ,23.42 ,23.43 ,23.38 ,23.29 ,23.38 ,23.35 ,23.45 ,23.35 ,23.35 ,23.39 ,23.35 ,23.4 ,23.46 ,23.48 ,23.46 ,23.39 ,23.4 ,23.53 ,23.43 ,23.53 ,23.57 ,23.56 ,23.62 ,23.61 ,23.61 ,23.63 ,23.55 ,23.51 ,23.6 ,23.61 ,23.52 ,23.52 ,23.57 ,23.61 ,23.67 ,23.66 ,23.58 ,23.57 ,23.64 ,23.66 ,23.73 ,23.69 ,23.64 ,23.65 ,23.63 ,23.59 ,23.56 ,23.6 ,23.7 ,23.67 ,23.69 ,23.66 ,23.62 ,23.74 ,23.71 ,23.54 ,23.57 ,23.68 ,23.62 ,23.64 ,23.63 ,23.7 ,23.68 ,23.75 ,23.7 ,23.67 ,23.7 ,23.7 ,23.59 ,23.56 ,23.65 ,23.64 ,23.74 ,23.67 ,23.66 ,23.65 ,23.46 ,23.54 ,23.54 ,23.51 ,23.44 ,23.51 ,23.59 ,23.46 ,23.45 ,23.43 ,23.54 ,23.63 ,23.73 ,23.76 ,23.75 ,23.77 ,23.73 ,23.74 ,23.67 ,23.74 ,23.82 ,23.73 ,23.68 ,23.78 ,23.74 ,23.66 ,23.75 ,23.85 ,23.8 ,23.75 ,23.74 ,23.89 ,23.74 ,23.76 ,23.85 ,23.8 ,23.71 ,23.66 ,23.75 ,23.79 ,23.7 ,23.72 ,23.87 ,23.79 ,23.77 ,23.83 ,23.83 ,23.76 ,23.85 ,23.81 ,23.84 ,23.82 ,23.79 ,23.75 ,23.72 ,23.8 ,23.79 ,23.8 ,23.82 ,23.8 ,23.84 ,23.89 ,23.92 ,23.89 ,23.86 ,23.82 ,23.82 ,23.74 ,23.74 ,23.75 ,23.83 ,23.83 ,23.89 ,23.84 ,23.83 ,23.73 ,23.76 ,23.91 ,23.85 ,23.73 ,23.71 ,23.61 ,23.5 ,23.47 ,23.54 ,23.63 ,23.56 ,23.45 ,23.51 ,23.53 ,23.42 ,23.48 ,23.54 ,23.52 ,23.4 ,23.43 ,23.58 ,23.61 ,23.51 ,23.56 ,23.62 ,23.53 ,23.54 ,23.56 ,23.61 ,23.61 ,23.58 ,23.52 ,23.54 ,23.55 ,23.44 ,23.37 ,23.37 ,23.47 ,23.48 ,23.48 ,23.57 ,23.53 ,23.38 ,23.35 ,23.49 ,23.5 ,23.56 ,23.57 ,23.7 ,23.66 ,23.65 ,23.72 ,23.74 ,23.67 ,23.66 ,23.7 ,23.75 ,23.65 ,23.63 ,23.71 ,23.71 ,23.73 ,23.71 ,23.65 ,23.68 ,23.62 ,23.59 ,23.66 ,23.5 ,23.57 ,23.62 ,23.59 ,23.53 ,23.51 ,23.54 ,23.58 ,23.61 ,23.72 ,23.67 ,23.66 ,23.68 ,23.72 ,23.72 ,23.71 ,23.72 ,23.69 ,23.68 ,23.66 ,23.65 ,23.68 ,23.71 ,23.71 ,23.67 ,23.64 ,23.59 ,23.6 ,23.61 ,23.6 ,23.58 ,23.61 ,23.65 ,23.59 ,23.7 ,23.69 ,23.62 ,23.66 ,23.62 ,23.63 ,23.74 ,23.64 ,23.49 ,23.57 ,23.67 ,23.66 ,23.63 ,23.6 ,23.64 ,23.73 ,23.71 ,23.68 ,23.64 ,23.64 ,23.54 ,23.51 ,23.56 ,23.55 ,23.54 ,23.56 ,23.58 ,23.6 ,23.67 ,23.6 ,23.55 ,23.55 ,23.66 ,23.62 ,23.54 ,23.55 ,23.63 ,23.6 ,23.65 ,23.59 ,23.64 ,23.7 ,23.55 ,23.52 ,23.54 ,23.44 ,23.49 ,23.62 ,23.79 ,23.83 ,23.9 ,23.92 ,23.98 ,23.89 ,23.82 ,23.84 ,23.89 ,23.93 ,23.9 ,23.85 ,23.84 ,23.89 ,23.95 ,23.91 ,23.81 ,23.82 ,23.84 ,23.91 ,23.86 ,23.81 ,23.87 ,23.87 ,23.82 ,23.8 ,23.77 ,23.84 ,23.82 ,23.83 ,23.82 ,23.78 ,23.84 ,23.82 ,23.79 ,23.86 ,23.82 ,23.86 ,23.94 ,23.9 ,23.87 ,23.87 ,23.84 ,23.85 ,23.92 ,23.86 ,23.73 ,23.7 ,23.62 ,23.68 ,23.67 ,23.63 ,23.66 ,23.7 ,23.64 ,23.61 ,23.64 ,23.64 ,23.63 ,23.61 ,23.61 ,23.58 ,23.6 ,23.63 ,23.63 ,23.62 ,23.62 ,23.69 ,23.69 ,23.65 ,23.56 ,23.64 ,23.67 ,23.63 ,23.71 ,23.64 ,23.63 ,23.61 ,23.57 ,23.65 ,23.64 ,23.68 ,23.66 ,23.69 ,23.68 ,23.62 ,23.66 ,23.74 ,23.71 ,23.74 ,23.82 ,23.85 ,23.91 ,23.86 ,23.78 ,23.88 ,23.9 ,23.89 ,23.89 ,23.87 ,23.84 ,23.91 ,23.89 ,23.93 ,23.88 ,23.91 ,23.87 ,23.87 ,23.87 ,23.84 ,23.89 ,23.91 ,23.88 ,23.89 ,23.81 ,23.71 ,23.73 ,23.79 ,23.82 ,23.84 ,23.89 ,23.83 ,23.86 ,23.9 ,23.83 ,23.81 ,23.85 ,23.81 ,23.86 ,23.81 ,23.88 ,23.86 ,23.82 ,23.88 ,23.84 ,23.8 ,23.81 ,23.82 ,23.79 ,23.79 ,23.82 ,23.79 ,23.83 ,23.81 ,23.84 ,23.86 ,23.87 ,23.79 ,23.74 ,23.76 ,23.74 ,23.77 ,23.66 ,23.65 ,23.61 ,23.63 ,23.75 ,23.79 ,23.84 ,23.82 ,23.77 ,23.67 ,23.61 ,23.63 ,23.63 ,23.62 ,23.56 ,23.51 ,23.55 ,23.51 ,23.55 ,23.56 ,23.61 ,23.62 ,23.66 ,23.66 ,23.66 ,23.7 ,23.76 ,23.77 ,23.75 ,23.8 ,23.79 ,23.87 ,23.9 ,23.85 ,23.82 ,23.81 ,23.86 ,23.83 ,23.81 ,23.82 ,23.85 ,23.82 ,23.74 ,23.65 ,23.67 ,23.75 ,23.82 ,23.85 ,23.79 ,23.78 ,23.67 ,23.71 ,23.75 ,23.76 ,23.82 ,23.75 ,23.74 ,23.71 ,23.72 ,23.74 ,23.73 ,23.66 ,23.66 ,23.72 ,23.68 ,23.69 ,23.72 ,23.65 ,23.65 ,23.76 ,23.73 ,23.71 ,23.65 ,23.66 ,23.7 ,23.62 ,23.68 ,23.59 ,23.54 ,23.48 ,23.55 ,23.52 ,23.45 ,23.41 ,23.43 ,23.61 ,23.55 ,23.52 ,23.47 ,23.46 ,23.47 ,23.41 ,23.39 ,23.43 ,23.38 ,23.29 ,23.32 ,23.41 ,23.28 ,23.17 ,23.27 ,23.28 ,23.39 ,23.44 ,23.39 ,23.38 ,23.46 ,23.42 ,23.43 ,23.28 ,23.31 ,23.32 ,23.32 ,23.31 ,23.37 ,23.36 ,23.34 ,23.42 ,23.45 ,23.27 ,23.25 ,23.27 ,23.3 ,23.38 ,23.45 ,23.33 ,23.38 ,23.45 ,23.35 ,23.46 ,23.42 ,23.4 ,23.39 ,23.47 ,23.34 ,23.39 ,23.41 ,23.3 ,23.32 ,23.39 ,23.31 ,23.22 ,23.3 ,23.24 ,23.14 ,23.06 ,23.13 ,23.12 ,23.18 ,23.21 ,23.19 ,23.29 ,23.3 ,23.25 ,23.39 ,23.34 ,23.15 ,23.16 ,23.3 ,23.22 ,23.21 ,23.18 ,23.14 ,23.12 ,23.23 ,23.35 ,23.2 ,23.17 ,23.13 ,23.23 ,23.3 ,23.38 ,23.34 ,
234,23.43 ,23.33 ,23.36 ,23.39 ,23.37 ,23.34 ,23.35 ,23.39 ,23.5 ,23.41 ,23.46 ,23.47 ,23.49 ,23.43 ,23.48 ,23.42 ,23.41 ,23.47 ,23.44 ,23.44 ,23.38 ,23.33 ,23.41 ,23.33 ,23.35 ,23.43 ,23.56 ,23.39 ,23.28 ,23.44 ,23.48 ,23.48 ,23.52 ,23.61 ,23.55 ,23.47 ,23.52 ,23.63 ,23.69 ,23.59 ,23.6 ,23.57 ,23.54 ,23.52 ,23.54 ,23.56 ,23.59 ,23.62 ,23.68 ,23.56 ,23.53 ,23.63 ,23.64 ,23.74 ,23.68 ,23.66 ,23.66 ,23.63 ,23.53 ,23.51 ,23.55 ,23.65 ,23.64 ,23.71 ,23.68 ,23.71 ,23.81 ,23.68 ,23.58 ,23.61 ,23.64 ,23.67 ,23.62 ,23.62 ,23.65 ,23.62 ,23.75 ,23.71 ,23.67 ,23.67 ,23.7 ,23.6 ,23.59 ,23.64 ,23.66 ,23.64 ,23.67 ,23.68 ,23.6 ,23.47 ,23.51 ,23.49 ,23.47 ,23.53 ,23.47 ,23.5 ,23.49 ,23.44 ,23.45 ,23.46 ,23.57 ,23.67 ,23.77 ,23.74 ,23.76 ,23.73 ,23.75 ,23.73 ,23.74 ,23.76 ,23.81 ,23.82 ,23.81 ,23.8 ,23.6 ,23.65 ,23.82 ,23.77 ,23.78 ,23.72 ,23.79 ,23.83 ,23.74 ,23.76 ,23.77 ,23.74 ,23.74 ,23.85 ,23.81 ,23.7 ,23.73 ,23.8 ,23.79 ,23.75 ,23.8 ,23.79 ,23.78 ,23.79 ,23.78 ,23.85 ,23.83 ,23.79 ,23.79 ,23.75 ,23.7 ,23.78 ,23.8 ,23.78 ,23.78 ,23.82 ,23.81 ,23.83 ,23.88 ,23.88 ,23.86 ,23.81 ,23.74 ,23.83 ,23.81 ,23.82 ,23.86 ,23.88 ,23.9 ,23.76 ,23.75 ,23.74 ,23.79 ,23.84 ,23.78 ,23.79 ,23.64 ,23.52 ,23.5 ,23.47 ,23.59 ,23.57 ,23.53 ,23.52 ,23.51 ,23.47 ,23.38 ,23.45 ,23.59 ,23.5 ,23.47 ,23.5 ,23.56 ,23.55 ,23.58 ,23.56 ,23.54 ,23.53 ,23.59 ,23.64 ,23.59 ,23.53 ,23.51 ,23.55 ,23.58 ,23.52 ,23.34 ,23.34 ,23.44 ,23.52 ,23.55 ,23.57 ,23.59 ,23.54 ,23.46 ,23.49 ,23.49 ,23.51 ,23.64 ,23.67 ,23.64 ,23.66 ,23.73 ,23.77 ,23.72 ,23.64 ,23.65 ,23.7 ,23.59 ,23.6 ,23.64 ,23.72 ,23.69 ,23.66 ,23.61 ,23.59 ,23.62 ,23.51 ,23.55 ,23.53 ,23.57 ,23.61 ,23.59 ,23.56 ,23.6 ,23.52 ,23.57 ,23.6 ,23.68 ,23.64 ,23.59 ,23.63 ,23.66 ,23.72 ,23.74 ,23.68 ,23.69 ,23.67 ,23.72 ,23.75 ,23.74 ,23.72 ,23.74 ,23.66 ,23.65 ,23.63 ,23.6 ,23.56 ,23.65 ,23.66 ,23.68 ,23.63 ,23.65 ,23.58 ,23.67 ,23.63 ,23.61 ,23.66 ,23.56 ,23.59 ,23.62 ,23.55 ,23.58 ,23.62 ,23.59 ,23.68 ,23.69 ,23.63 ,23.65 ,23.63 ,23.64 ,23.62 ,23.63 ,23.54 ,23.47 ,23.59 ,23.61 ,23.55 ,23.53 ,23.58 ,23.57 ,23.62 ,23.61 ,23.6 ,23.54 ,23.62 ,23.64 ,23.59 ,23.59 ,23.63 ,23.57 ,23.57 ,23.58 ,23.61 ,23.72 ,23.69 ,23.62 ,23.53 ,23.38 ,23.44 ,23.69 ,23.8 ,23.83 ,23.8 ,23.86 ,24 ,23.96 ,23.86 ,23.81 ,23.87 ,23.91 ,23.86 ,23.86 ,23.81 ,23.87 ,23.9 ,23.84 ,23.79 ,23.77 ,23.79 ,23.91 ,23.87 ,23.86 ,23.85 ,23.86 ,23.77 ,23.83 ,23.82 ,23.78 ,23.84 ,23.82 ,23.81 ,23.79 ,23.78 ,23.77 ,23.8 ,23.88 ,23.86 ,23.85 ,23.91 ,23.87 ,23.86 ,23.86 ,23.86 ,23.82 ,23.79 ,23.77 ,23.71 ,23.69 ,23.65 ,23.68 ,23.62 ,23.61 ,23.65 ,23.62 ,23.7 ,23.6 ,23.64 ,23.69 ,23.66 ,23.62 ,23.6 ,23.57 ,23.55 ,23.52 ,23.62 ,23.68 ,23.64 ,23.64 ,23.65 ,23.62 ,23.59 ,23.57 ,23.65 ,23.67 ,23.66 ,23.62 ,23.63 ,23.6 ,23.58 ,23.58 ,23.61 ,23.65 ,23.61 ,23.59 ,23.61 ,23.64 ,23.73 ,23.72 ,23.71 ,23.84 ,23.89 ,23.86 ,23.81 ,23.84 ,23.83 ,23.87 ,23.83 ,23.85 ,23.92 ,23.89 ,23.79 ,23.83 ,23.82 ,23.86 ,23.9 ,23.87 ,23.87 ,23.87 ,23.91 ,23.85 ,23.88 ,23.95 ,23.91 ,23.89 ,23.86 ,23.72 ,23.79 ,23.75 ,23.75 ,23.84 ,23.86 ,23.88 ,23.83 ,23.89 ,23.83 ,23.81 ,23.85 ,23.88 ,23.84 ,23.79 ,23.83 ,23.9 ,23.85 ,23.84 ,23.8 ,23.82 ,23.84 ,23.8 ,23.76 ,23.76 ,23.88 ,23.83 ,23.76 ,23.8 ,23.78 ,23.78 ,23.79 ,23.74 ,23.75 ,23.77 ,23.66 ,23.64 ,23.64 ,23.61 ,23.69 ,23.72 ,23.76 ,23.75 ,23.77 ,23.82 ,23.81 ,23.69 ,23.62 ,23.63 ,23.65 ,23.61 ,23.59 ,23.54 ,23.55 ,23.55 ,23.56 ,23.54 ,23.56 ,23.64 ,23.69 ,23.75 ,23.7 ,23.74 ,23.86 ,23.8 ,23.74 ,23.84 ,23.86 ,23.84 ,23.82 ,23.85 ,23.85 ,23.83 ,23.81 ,23.82 ,23.82 ,23.76 ,23.91 ,23.88 ,23.83 ,23.78 ,23.68 ,23.71 ,23.81 ,23.82 ,23.76 ,23.77 ,23.7 ,23.62 ,23.75 ,23.77 ,23.76 ,23.71 ,23.77 ,23.81 ,23.76 ,23.75 ,23.7 ,23.68 ,23.69 ,23.65 ,23.73 ,23.73 ,23.68 ,23.65 ,23.68 ,23.71 ,23.6 ,23.67 ,23.65 ,23.66 ,23.71 ,23.6 ,23.57 ,23.56 ,23.52 ,23.49 ,23.5 ,23.5 ,23.49 ,23.45 ,23.4 ,23.49 ,23.52 ,23.51 ,23.45 ,23.45 ,23.51 ,23.46 ,23.41 ,23.39 ,23.38 ,23.35 ,23.3 ,23.37 ,23.33 ,23.37 ,23.37 ,23.33 ,23.37 ,23.41 ,23.32 ,23.3 ,23.43 ,23.39 ,23.43 ,23.3 ,23.32 ,23.37 ,23.27 ,23.34 ,23.32 ,23.38 ,23.3 ,23.3 ,23.42 ,23.31 ,23.34 ,23.37 ,23.31 ,23.31 ,23.4 ,23.44 ,23.36 ,23.33 ,23.34 ,23.38 ,23.32 ,23.43 ,23.41 ,23.41 ,23.39 ,23.29 ,23.26 ,23.22 ,23.3 ,23.33 ,23.25 ,23.16 ,23.34 ,23.33 ,23.25 ,23.12 ,23.2 ,23.17 ,23.17 ,23.2 ,23.28 ,23.2 ,23.21 ,23.3 ,23.32 ,23.24 ,23.19 ,23.19 ,23.27 ,23.28 ,23.31 ,23.16 ,23.18 ,23.19 ,23.24 ,23.22 ,23.19 ,23.14 ,23.14 ,23.24 ,23.34 ,23.32 ,23.31 ,
235,23.47 ,23.42 ,23.41 ,23.36 ,23.38 ,23.42 ,23.41 ,23.38 ,23.48 ,23.57 ,23.53 ,23.5 ,23.51 ,23.47 ,23.48 ,23.57 ,23.54 ,23.57 ,23.53 ,23.49 ,23.38 ,23.38 ,23.54 ,23.45 ,23.39 ,23.54 ,23.57 ,23.42 ,23.35 ,23.39 ,23.54 ,23.53 ,23.48 ,23.53 ,23.49 ,23.55 ,23.49 ,23.63 ,23.62 ,23.56 ,23.57 ,23.55 ,23.55 ,23.54 ,23.54 ,23.62 ,23.65 ,23.65 ,23.71 ,23.7 ,23.58 ,23.55 ,23.58 ,23.62 ,23.67 ,23.68 ,23.72 ,23.7 ,23.6 ,23.64 ,23.62 ,23.61 ,23.61 ,23.64 ,23.67 ,23.7 ,23.74 ,23.68 ,23.6 ,23.59 ,23.63 ,23.64 ,23.68 ,23.64 ,23.71 ,23.67 ,23.71 ,23.72 ,23.69 ,23.61 ,23.66 ,23.65 ,23.57 ,23.61 ,23.66 ,23.64 ,23.67 ,23.63 ,23.52 ,23.55 ,23.58 ,23.47 ,23.42 ,23.51 ,23.5 ,23.51 ,23.48 ,23.36 ,23.46 ,23.5 ,23.46 ,23.63 ,23.74 ,23.78 ,23.82 ,23.83 ,23.82 ,23.72 ,23.76 ,23.74 ,23.77 ,23.77 ,23.79 ,23.81 ,23.72 ,23.72 ,23.74 ,23.72 ,23.72 ,23.68 ,23.77 ,23.79 ,23.77 ,23.74 ,23.74 ,23.81 ,23.84 ,23.9 ,23.81 ,23.71 ,23.74 ,23.84 ,23.84 ,23.89 ,23.87 ,23.82 ,23.85 ,23.79 ,23.83 ,23.86 ,23.85 ,23.71 ,23.72 ,23.76 ,23.8 ,23.83 ,23.79 ,23.78 ,23.75 ,23.8 ,23.78 ,23.77 ,23.88 ,23.86 ,23.8 ,23.86 ,23.79 ,23.83 ,23.87 ,23.81 ,23.82 ,23.83 ,23.86 ,23.8 ,23.82 ,23.78 ,23.8 ,23.85 ,23.8 ,23.8 ,23.69 ,23.55 ,23.49 ,23.57 ,23.61 ,23.57 ,23.55 ,23.59 ,23.55 ,23.52 ,23.47 ,23.46 ,23.58 ,23.54 ,23.52 ,23.57 ,23.57 ,23.53 ,23.64 ,23.57 ,23.53 ,23.52 ,23.59 ,23.6 ,23.62 ,23.59 ,23.54 ,23.54 ,23.55 ,23.57 ,23.42 ,23.43 ,23.51 ,23.51 ,23.55 ,23.62 ,23.59 ,23.52 ,23.52 ,23.61 ,23.55 ,23.49 ,23.59 ,23.66 ,23.72 ,23.72 ,23.76 ,23.74 ,23.76 ,23.77 ,23.71 ,23.71 ,23.66 ,23.65 ,23.7 ,23.7 ,23.77 ,23.62 ,23.65 ,23.67 ,23.65 ,23.54 ,23.57 ,23.54 ,23.49 ,23.57 ,23.59 ,23.6 ,23.65 ,23.58 ,23.55 ,23.64 ,23.61 ,23.57 ,23.61 ,23.68 ,23.64 ,23.65 ,23.67 ,23.72 ,23.66 ,23.67 ,23.71 ,23.76 ,23.74 ,23.72 ,23.78 ,23.75 ,23.7 ,23.76 ,23.65 ,23.67 ,23.72 ,23.75 ,23.74 ,23.6 ,23.66 ,23.63 ,23.59 ,23.57 ,23.55 ,23.66 ,23.64 ,23.61 ,23.64 ,23.66 ,23.66 ,23.65 ,23.56 ,23.62 ,23.67 ,23.71 ,23.68 ,23.62 ,23.64 ,23.54 ,23.55 ,23.59 ,23.55 ,23.55 ,23.58 ,23.58 ,23.64 ,23.61 ,23.6 ,23.63 ,23.63 ,23.63 ,23.57 ,23.57 ,23.65 ,23.68 ,23.63 ,23.59 ,23.59 ,23.57 ,23.59 ,23.61 ,23.63 ,23.69 ,23.68 ,23.66 ,23.44 ,23.52 ,23.69 ,23.88 ,23.86 ,23.77 ,23.79 ,23.91 ,23.89 ,23.84 ,23.79 ,23.89 ,23.91 ,23.81 ,23.87 ,23.84 ,23.82 ,23.95 ,23.89 ,23.83 ,23.91 ,23.84 ,23.89 ,23.88 ,23.85 ,23.93 ,23.94 ,23.85 ,23.87 ,23.92 ,23.91 ,23.92 ,23.89 ,23.87 ,23.92 ,23.89 ,23.87 ,23.84 ,23.87 ,23.92 ,23.94 ,23.91 ,23.89 ,23.95 ,23.95 ,23.91 ,23.83 ,23.77 ,23.77 ,23.76 ,23.66 ,23.6 ,23.72 ,23.62 ,23.62 ,23.64 ,23.61 ,23.66 ,23.68 ,23.57 ,23.65 ,23.69 ,23.65 ,23.64 ,23.67 ,23.63 ,23.58 ,23.57 ,23.59 ,23.63 ,23.61 ,23.64 ,23.64 ,23.6 ,23.58 ,23.63 ,23.69 ,23.62 ,23.6 ,23.62 ,23.6 ,23.61 ,23.61 ,23.62 ,23.69 ,23.61 ,23.61 ,23.61 ,23.65 ,23.72 ,23.72 ,23.72 ,23.85 ,23.91 ,23.93 ,23.88 ,23.86 ,23.85 ,23.87 ,23.88 ,23.88 ,23.89 ,23.86 ,23.91 ,23.88 ,23.87 ,23.9 ,23.9 ,23.91 ,23.87 ,23.88 ,23.9 ,23.88 ,23.89 ,23.94 ,23.92 ,23.89 ,23.85 ,23.78 ,23.83 ,23.85 ,23.74 ,23.76 ,23.79 ,23.83 ,23.9 ,23.83 ,23.86 ,23.84 ,23.9 ,23.89 ,23.92 ,23.87 ,23.91 ,23.96 ,23.86 ,23.76 ,23.8 ,23.82 ,23.89 ,23.8 ,23.78 ,23.73 ,23.86 ,23.77 ,23.73 ,23.73 ,23.76 ,23.68 ,23.81 ,23.77 ,23.66 ,23.76 ,23.68 ,23.64 ,23.7 ,23.7 ,23.71 ,23.74 ,23.79 ,23.79 ,23.81 ,23.8 ,23.74 ,23.67 ,23.63 ,23.63 ,23.65 ,23.62 ,23.58 ,23.53 ,23.59 ,23.48 ,23.48 ,23.61 ,23.6 ,23.62 ,23.64 ,23.65 ,23.77 ,23.82 ,23.84 ,23.87 ,23.78 ,23.86 ,23.89 ,23.78 ,23.76 ,23.81 ,23.82 ,23.75 ,23.72 ,23.79 ,23.88 ,23.81 ,23.93 ,23.95 ,23.91 ,23.87 ,23.79 ,23.72 ,23.77 ,23.8 ,23.84 ,23.78 ,23.69 ,23.64 ,23.75 ,23.77 ,23.72 ,23.67 ,23.73 ,23.76 ,23.75 ,23.7 ,23.69 ,23.67 ,23.74 ,23.63 ,23.66 ,23.71 ,23.7 ,23.67 ,23.61 ,23.63 ,23.58 ,23.63 ,23.68 ,23.64 ,23.69 ,23.66 ,23.59 ,23.66 ,23.56 ,23.53 ,23.52 ,23.53 ,23.48 ,23.47 ,23.36 ,23.37 ,23.57 ,23.56 ,23.46 ,23.46 ,23.46 ,23.41 ,23.42 ,23.4 ,23.37 ,23.4 ,23.31 ,23.29 ,23.27 ,23.46 ,23.36 ,23.34 ,23.4 ,23.36 ,23.33 ,23.35 ,23.36 ,23.38 ,23.34 ,23.33 ,23.36 ,23.35 ,23.38 ,23.33 ,23.32 ,23.37 ,23.37 ,23.32 ,23.35 ,23.4 ,23.37 ,23.39 ,23.32 ,23.33 ,23.47 ,23.49 ,23.42 ,23.39 ,23.34 ,23.36 ,23.27 ,23.28 ,23.44 ,23.41 ,23.4 ,23.38 ,23.3 ,23.3 ,23.35 ,23.38 ,23.18 ,23.21 ,23.33 ,23.33 ,23.3 ,23.2 ,23.18 ,23.14 ,23.15 ,23.26 ,23.37 ,23.2 ,23.16 ,23.23 ,23.27 ,23.28 ,23.17 ,23.24 ,23.31 ,23.27 ,23.32 ,23.24 ,23.23 ,23.28 ,23.27 ,23.29 ,23.24 ,23.16 ,23.18 ,23.23 ,23.3 ,23.3 ,23.21 ,
236,23.6 ,23.61 ,23.52 ,23.39 ,23.36 ,23.39 ,23.41 ,23.41 ,23.45 ,23.52 ,23.52 ,23.56 ,23.65 ,23.48 ,23.44 ,23.51 ,23.5 ,23.57 ,23.55 ,23.57 ,23.43 ,23.5 ,23.53 ,23.6 ,23.52 ,23.52 ,23.53 ,23.44 ,23.45 ,23.46 ,23.51 ,23.55 ,23.5 ,23.54 ,23.51 ,23.58 ,23.56 ,23.63 ,23.59 ,23.53 ,23.55 ,23.58 ,23.65 ,23.66 ,23.6 ,23.72 ,23.71 ,23.64 ,23.64 ,23.69 ,23.63 ,23.56 ,23.57 ,23.56 ,23.62 ,23.63 ,23.68 ,23.72 ,23.67 ,23.63 ,23.64 ,23.65 ,23.63 ,23.63 ,23.74 ,23.67 ,23.56 ,23.61 ,23.65 ,23.6 ,23.57 ,23.64 ,23.7 ,23.64 ,23.65 ,23.67 ,23.69 ,23.69 ,23.65 ,23.64 ,23.66 ,23.66 ,23.57 ,23.56 ,23.65 ,23.69 ,23.62 ,23.71 ,23.58 ,23.57 ,23.53 ,23.49 ,23.47 ,23.47 ,23.52 ,23.42 ,23.43 ,23.38 ,23.4 ,23.5 ,23.58 ,23.64 ,23.78 ,23.81 ,23.76 ,23.81 ,23.81 ,23.7 ,23.73 ,23.87 ,23.85 ,23.76 ,23.72 ,23.79 ,23.76 ,23.81 ,23.79 ,23.75 ,23.72 ,23.66 ,23.79 ,23.77 ,23.73 ,23.7 ,23.74 ,23.79 ,23.83 ,23.82 ,23.78 ,23.75 ,23.77 ,23.8 ,23.81 ,23.86 ,23.87 ,23.77 ,23.85 ,23.91 ,23.83 ,23.84 ,23.83 ,23.81 ,23.77 ,23.78 ,23.82 ,23.87 ,23.81 ,23.77 ,23.91 ,23.86 ,23.83 ,23.74 ,23.82 ,23.86 ,23.78 ,23.89 ,23.85 ,23.77 ,23.81 ,23.83 ,23.8 ,23.86 ,23.83 ,23.84 ,23.88 ,23.79 ,23.81 ,23.9 ,23.83 ,23.8 ,23.76 ,23.55 ,23.48 ,23.53 ,23.6 ,23.54 ,23.49 ,23.58 ,23.59 ,23.56 ,23.58 ,23.55 ,23.53 ,23.47 ,23.53 ,23.7 ,23.7 ,23.56 ,23.63 ,23.58 ,23.51 ,23.43 ,23.58 ,23.63 ,23.58 ,23.61 ,23.58 ,23.6 ,23.61 ,23.56 ,23.48 ,23.45 ,23.48 ,23.55 ,23.56 ,23.6 ,23.59 ,23.56 ,23.51 ,23.61 ,23.61 ,23.54 ,23.55 ,23.54 ,23.61 ,23.67 ,23.7 ,23.67 ,23.77 ,23.79 ,23.78 ,23.75 ,23.71 ,23.71 ,23.72 ,23.76 ,23.8 ,23.7 ,23.62 ,23.75 ,23.67 ,23.63 ,23.65 ,23.54 ,23.56 ,23.6 ,23.7 ,23.65 ,23.63 ,23.62 ,23.55 ,23.59 ,23.54 ,23.58 ,23.66 ,23.7 ,23.68 ,23.61 ,23.68 ,23.66 ,23.66 ,23.68 ,23.73 ,23.75 ,23.69 ,23.7 ,23.79 ,23.76 ,23.69 ,23.76 ,23.74 ,23.71 ,23.73 ,23.76 ,23.75 ,23.63 ,23.57 ,23.61 ,23.62 ,23.55 ,23.48 ,23.65 ,23.67 ,23.68 ,23.61 ,23.56 ,23.57 ,23.6 ,23.58 ,23.64 ,23.66 ,23.67 ,23.66 ,23.59 ,23.63 ,23.55 ,23.58 ,23.58 ,23.52 ,23.56 ,23.55 ,23.62 ,23.67 ,23.61 ,23.63 ,23.7 ,23.67 ,23.62 ,23.61 ,23.58 ,23.67 ,23.7 ,23.64 ,23.6 ,23.63 ,23.63 ,23.63 ,23.66 ,23.72 ,23.77 ,23.74 ,23.66 ,23.58 ,23.59 ,23.75 ,23.89 ,23.92 ,23.81 ,23.85 ,23.89 ,23.84 ,23.83 ,23.81 ,23.89 ,23.89 ,23.84 ,23.87 ,23.88 ,23.78 ,23.88 ,23.9 ,23.82 ,23.85 ,23.92 ,23.92 ,23.82 ,23.88 ,23.87 ,23.89 ,23.88 ,23.9 ,23.9 ,23.9 ,23.97 ,23.93 ,23.92 ,23.91 ,23.91 ,23.94 ,23.98 ,23.95 ,23.89 ,23.94 ,23.9 ,23.89 ,23.89 ,23.98 ,23.91 ,23.79 ,23.71 ,23.7 ,23.71 ,23.7 ,23.59 ,23.66 ,23.68 ,23.68 ,23.71 ,23.7 ,23.73 ,23.7 ,23.64 ,23.67 ,23.74 ,23.63 ,23.67 ,23.65 ,23.68 ,23.61 ,23.55 ,23.56 ,23.64 ,23.63 ,23.64 ,23.67 ,23.61 ,23.59 ,23.6 ,23.62 ,23.59 ,23.66 ,23.6 ,23.64 ,23.62 ,23.66 ,23.69 ,23.64 ,23.62 ,23.61 ,23.68 ,23.65 ,23.63 ,23.68 ,23.8 ,23.83 ,23.85 ,23.91 ,23.87 ,23.87 ,23.88 ,23.91 ,23.92 ,23.9 ,23.85 ,23.87 ,23.94 ,23.94 ,23.92 ,23.86 ,23.88 ,23.91 ,23.9 ,23.88 ,23.91 ,23.87 ,23.87 ,23.88 ,23.9 ,23.81 ,23.86 ,23.89 ,23.89 ,23.89 ,23.82 ,23.7 ,23.71 ,23.74 ,23.83 ,23.89 ,23.87 ,23.86 ,23.91 ,23.94 ,23.82 ,23.89 ,23.97 ,23.91 ,23.8 ,23.8 ,23.86 ,23.81 ,23.88 ,23.88 ,23.81 ,23.74 ,23.83 ,23.74 ,23.69 ,23.71 ,23.7 ,23.69 ,23.71 ,23.73 ,23.67 ,23.73 ,23.71 ,23.7 ,23.73 ,23.77 ,23.7 ,23.66 ,23.74 ,23.74 ,23.78 ,23.79 ,23.75 ,23.62 ,23.58 ,23.55 ,23.57 ,23.58 ,23.54 ,23.53 ,23.55 ,23.56 ,23.54 ,23.68 ,23.64 ,23.59 ,23.61 ,23.61 ,23.72 ,23.84 ,23.82 ,23.8 ,23.78 ,23.79 ,23.82 ,23.73 ,23.75 ,23.83 ,23.78 ,23.77 ,23.79 ,23.82 ,23.83 ,23.89 ,23.94 ,23.89 ,23.82 ,23.75 ,23.77 ,23.86 ,23.83 ,23.8 ,23.81 ,23.83 ,23.75 ,23.68 ,23.79 ,23.76 ,23.65 ,23.71 ,23.71 ,23.72 ,23.78 ,23.76 ,23.76 ,23.76 ,23.75 ,23.69 ,23.66 ,23.73 ,23.66 ,23.78 ,23.73 ,23.65 ,23.64 ,23.69 ,23.73 ,23.75 ,23.73 ,23.7 ,23.67 ,23.6 ,23.6 ,23.55 ,23.59 ,23.58 ,23.46 ,23.48 ,23.44 ,23.41 ,23.54 ,23.55 ,23.43 ,23.44 ,23.5 ,23.4 ,23.37 ,23.41 ,23.39 ,23.37 ,23.38 ,23.32 ,23.25 ,23.33 ,23.29 ,23.22 ,23.33 ,23.32 ,23.31 ,23.32 ,23.29 ,23.46 ,23.41 ,23.33 ,23.33 ,23.37 ,23.41 ,23.47 ,23.37 ,23.37 ,23.41 ,23.38 ,23.39 ,23.4 ,23.41 ,23.37 ,23.34 ,23.35 ,23.42 ,23.42 ,23.4 ,23.33 ,23.32 ,23.36 ,23.33 ,23.24 ,23.34 ,23.43 ,23.34 ,23.36 ,23.38 ,23.34 ,23.37 ,23.38 ,23.28 ,23.2 ,23.29 ,23.35 ,23.28 ,23.23 ,23.25 ,23.16 ,23.13 ,23.18 ,23.34 ,23.32 ,23.19 ,23.23 ,23.19 ,23.18 ,23.26 ,23.3 ,23.3 ,23.24 ,23.28 ,23.24 ,23.24 ,23.21 ,23.29 ,23.35 ,23.28 ,23.17 ,23.23 ,23.27 ,23.25 ,23.28 ,23.25 ,
237,23.56 ,23.56 ,23.6 ,23.52 ,23.39 ,23.33 ,23.38 ,23.46 ,23.47 ,23.62 ,23.56 ,23.53 ,23.57 ,23.47 ,23.42 ,23.48 ,23.56 ,23.57 ,23.46 ,23.47 ,23.42 ,23.53 ,23.63 ,23.57 ,23.65 ,23.57 ,23.53 ,23.43 ,23.51 ,23.43 ,23.48 ,23.51 ,23.59 ,23.65 ,23.49 ,23.52 ,23.63 ,23.62 ,23.57 ,23.53 ,23.58 ,23.61 ,23.68 ,23.63 ,23.58 ,23.62 ,23.7 ,23.63 ,23.55 ,23.68 ,23.68 ,23.57 ,23.59 ,23.61 ,23.66 ,23.61 ,23.59 ,23.6 ,23.67 ,23.69 ,23.62 ,23.65 ,23.7 ,23.67 ,23.77 ,23.76 ,23.63 ,23.58 ,23.66 ,23.66 ,23.59 ,23.7 ,23.78 ,23.73 ,23.75 ,23.7 ,23.64 ,23.67 ,23.57 ,23.62 ,23.66 ,23.68 ,23.62 ,23.64 ,23.65 ,23.64 ,23.62 ,23.65 ,23.61 ,23.54 ,23.54 ,23.54 ,23.53 ,23.49 ,23.45 ,23.44 ,23.43 ,23.43 ,23.42 ,23.48 ,23.61 ,23.69 ,23.74 ,23.81 ,23.78 ,23.72 ,23.73 ,23.71 ,23.67 ,23.77 ,23.87 ,23.8 ,23.74 ,23.72 ,23.72 ,23.77 ,23.83 ,23.84 ,23.81 ,23.82 ,23.78 ,23.78 ,23.74 ,23.78 ,23.82 ,23.82 ,23.83 ,23.79 ,23.75 ,23.74 ,23.77 ,23.78 ,23.76 ,23.82 ,23.82 ,23.79 ,23.8 ,23.86 ,23.77 ,23.73 ,23.75 ,23.82 ,23.81 ,23.78 ,23.76 ,23.77 ,23.79 ,23.79 ,23.87 ,23.91 ,23.81 ,23.79 ,23.79 ,23.87 ,23.78 ,23.83 ,23.84 ,23.79 ,23.78 ,23.89 ,23.87 ,23.8 ,23.88 ,23.76 ,23.8 ,23.76 ,23.82 ,23.85 ,23.82 ,23.84 ,23.88 ,23.64 ,23.47 ,23.58 ,23.55 ,23.42 ,23.5 ,23.59 ,23.61 ,23.59 ,23.53 ,23.54 ,23.57 ,23.49 ,23.53 ,23.66 ,23.69 ,23.62 ,23.62 ,23.61 ,23.5 ,23.46 ,23.54 ,23.58 ,23.59 ,23.63 ,23.65 ,23.58 ,23.63 ,23.6 ,23.53 ,23.43 ,23.4 ,23.47 ,23.54 ,23.58 ,23.54 ,23.57 ,23.56 ,23.61 ,23.55 ,23.54 ,23.6 ,23.57 ,23.61 ,23.7 ,23.66 ,23.69 ,23.77 ,23.79 ,23.71 ,23.7 ,23.7 ,23.73 ,23.72 ,23.77 ,23.8 ,23.7 ,23.68 ,23.73 ,23.73 ,23.67 ,23.6 ,23.57 ,23.54 ,23.63 ,23.71 ,23.68 ,23.59 ,23.66 ,23.59 ,23.59 ,23.63 ,23.65 ,23.7 ,23.67 ,23.64 ,23.66 ,23.71 ,23.72 ,23.62 ,23.69 ,23.75 ,23.75 ,23.66 ,23.67 ,23.68 ,23.71 ,23.66 ,23.7 ,23.82 ,23.75 ,23.72 ,23.8 ,23.81 ,23.75 ,23.73 ,23.64 ,23.68 ,23.65 ,23.47 ,23.58 ,23.64 ,23.66 ,23.65 ,23.61 ,23.52 ,23.57 ,23.6 ,23.65 ,23.62 ,23.63 ,23.61 ,23.49 ,23.61 ,23.61 ,23.62 ,23.62 ,23.47 ,23.56 ,23.63 ,23.66 ,23.61 ,23.57 ,23.58 ,23.72 ,23.72 ,23.63 ,23.58 ,23.64 ,23.61 ,23.66 ,23.59 ,23.67 ,23.7 ,23.65 ,23.71 ,23.77 ,23.8 ,23.77 ,23.74 ,23.58 ,23.52 ,23.66 ,23.78 ,23.83 ,23.86 ,23.87 ,23.9 ,23.95 ,23.87 ,23.83 ,23.86 ,23.92 ,23.95 ,23.87 ,23.84 ,23.87 ,23.82 ,23.77 ,23.89 ,23.8 ,23.81 ,23.87 ,23.88 ,23.8 ,23.8 ,23.88 ,23.9 ,23.89 ,23.94 ,23.94 ,23.89 ,23.87 ,23.89 ,23.86 ,23.91 ,23.89 ,23.86 ,23.84 ,23.92 ,23.92 ,23.86 ,23.92 ,23.92 ,23.87 ,23.93 ,23.82 ,23.75 ,23.72 ,23.64 ,23.59 ,23.64 ,23.7 ,23.7 ,23.69 ,23.68 ,23.73 ,23.75 ,23.74 ,23.73 ,23.64 ,23.63 ,23.66 ,23.55 ,23.6 ,23.59 ,23.62 ,23.62 ,23.6 ,23.65 ,23.67 ,23.6 ,23.62 ,23.64 ,23.64 ,23.63 ,23.68 ,23.61 ,23.61 ,23.66 ,23.6 ,23.59 ,23.58 ,23.59 ,23.61 ,23.57 ,23.55 ,23.61 ,23.59 ,23.6 ,23.61 ,23.66 ,23.82 ,23.87 ,23.76 ,23.78 ,23.8 ,23.89 ,23.9 ,23.89 ,23.8 ,23.82 ,23.81 ,23.86 ,23.92 ,23.93 ,23.87 ,23.85 ,23.85 ,23.89 ,23.97 ,23.95 ,23.87 ,23.8 ,23.8 ,23.79 ,23.83 ,23.93 ,23.82 ,23.85 ,23.89 ,23.94 ,23.9 ,23.8 ,23.8 ,23.8 ,23.79 ,23.85 ,23.88 ,23.85 ,23.92 ,23.9 ,23.88 ,23.82 ,23.87 ,23.85 ,23.77 ,23.83 ,23.88 ,23.81 ,23.85 ,23.84 ,23.74 ,23.79 ,23.83 ,23.72 ,23.77 ,23.74 ,23.8 ,23.79 ,23.77 ,23.74 ,23.79 ,23.82 ,23.83 ,23.75 ,23.73 ,23.81 ,23.82 ,23.7 ,23.79 ,23.81 ,23.77 ,23.73 ,23.78 ,23.74 ,23.56 ,23.54 ,23.51 ,23.51 ,23.59 ,23.58 ,23.53 ,23.54 ,23.7 ,23.66 ,23.65 ,23.62 ,23.62 ,23.66 ,23.72 ,23.8 ,23.78 ,23.77 ,23.81 ,23.88 ,23.86 ,23.76 ,23.77 ,23.8 ,23.71 ,23.77 ,23.82 ,23.77 ,23.85 ,23.85 ,23.96 ,23.88 ,23.75 ,23.68 ,23.67 ,23.78 ,23.78 ,23.76 ,23.8 ,23.75 ,23.75 ,23.7 ,23.73 ,23.75 ,23.74 ,23.75 ,23.8 ,23.8 ,23.78 ,23.73 ,23.72 ,23.79 ,23.76 ,23.7 ,23.7 ,23.67 ,23.67 ,23.78 ,23.82 ,23.8 ,23.66 ,23.66 ,23.66 ,23.74 ,23.71 ,23.62 ,23.67 ,23.61 ,23.57 ,23.48 ,23.55 ,23.56 ,23.46 ,23.4 ,23.45 ,23.51 ,23.53 ,23.52 ,23.46 ,23.43 ,23.51 ,23.48 ,23.45 ,23.43 ,23.34 ,23.37 ,23.38 ,23.29 ,23.25 ,23.31 ,23.3 ,23.24 ,23.26 ,23.31 ,23.32 ,23.42 ,23.31 ,23.38 ,23.38 ,23.38 ,23.41 ,23.47 ,23.43 ,23.32 ,23.39 ,23.38 ,23.41 ,23.39 ,23.38 ,23.32 ,23.33 ,23.4 ,23.3 ,23.29 ,23.35 ,23.42 ,23.44 ,23.37 ,23.36 ,23.37 ,23.4 ,23.37 ,23.39 ,23.36 ,23.31 ,23.33 ,23.38 ,23.34 ,23.31 ,23.33 ,23.26 ,23.24 ,23.37 ,23.32 ,23.3 ,23.33 ,23.22 ,23.12 ,23.24 ,23.23 ,23.31 ,23.29 ,23.25 ,23.26 ,23.31 ,23.25 ,23.24 ,23.29 ,23.28 ,23.21 ,23.31 ,23.23 ,23.21 ,23.22 ,23.24 ,23.23 ,23.23 ,23.27 ,23.28 ,23.26 ,23.26 ,23.25 ,23.21 ,
238,23.54 ,23.45 ,23.44 ,23.42 ,23.35 ,23.37 ,23.41 ,23.56 ,23.55 ,23.64 ,23.62 ,23.54 ,23.54 ,23.47 ,23.44 ,23.54 ,23.54 ,23.53 ,23.47 ,23.51 ,23.49 ,23.67 ,23.74 ,23.64 ,23.58 ,23.56 ,23.55 ,23.51 ,23.47 ,23.56 ,23.62 ,23.55 ,23.57 ,23.64 ,23.56 ,23.5 ,23.55 ,23.62 ,23.58 ,23.51 ,23.58 ,23.55 ,23.57 ,23.61 ,23.53 ,23.55 ,23.63 ,23.75 ,23.61 ,23.56 ,23.61 ,23.57 ,23.59 ,23.59 ,23.69 ,23.62 ,23.58 ,23.65 ,23.57 ,23.6 ,23.61 ,23.62 ,23.67 ,23.62 ,23.71 ,23.69 ,23.7 ,23.67 ,23.69 ,23.64 ,23.6 ,23.66 ,23.75 ,23.75 ,23.78 ,23.7 ,23.67 ,23.67 ,23.63 ,23.64 ,23.66 ,23.63 ,23.6 ,23.58 ,23.68 ,23.6 ,23.6 ,23.58 ,23.54 ,23.53 ,23.58 ,23.55 ,23.55 ,23.52 ,23.44 ,23.44 ,23.45 ,23.39 ,23.42 ,23.47 ,23.47 ,23.63 ,23.68 ,23.76 ,23.82 ,23.74 ,23.71 ,23.75 ,23.73 ,23.71 ,23.8 ,23.87 ,23.82 ,23.76 ,23.75 ,23.75 ,23.83 ,23.87 ,23.8 ,23.81 ,23.78 ,23.76 ,23.77 ,23.8 ,23.78 ,23.83 ,23.85 ,23.8 ,23.76 ,23.76 ,23.75 ,23.75 ,23.78 ,23.8 ,23.81 ,23.84 ,23.78 ,23.88 ,23.83 ,23.77 ,23.74 ,23.76 ,23.76 ,23.74 ,23.67 ,23.81 ,23.84 ,23.89 ,23.88 ,23.85 ,23.81 ,23.83 ,23.86 ,23.8 ,23.83 ,23.71 ,23.78 ,23.74 ,23.76 ,23.84 ,23.84 ,23.75 ,23.81 ,23.79 ,23.77 ,23.79 ,23.84 ,23.84 ,23.77 ,23.83 ,23.89 ,23.71 ,23.55 ,23.58 ,23.61 ,23.5 ,23.5 ,23.56 ,23.62 ,23.56 ,23.6 ,23.58 ,23.61 ,23.56 ,23.54 ,23.64 ,23.58 ,23.56 ,23.59 ,23.59 ,23.54 ,23.51 ,23.56 ,23.64 ,23.56 ,23.6 ,23.67 ,23.59 ,23.64 ,23.59 ,23.57 ,23.44 ,23.38 ,23.49 ,23.56 ,23.61 ,23.6 ,23.53 ,23.56 ,23.58 ,23.58 ,23.47 ,23.52 ,23.61 ,23.59 ,23.7 ,23.75 ,23.74 ,23.74 ,23.74 ,23.67 ,23.64 ,23.6 ,23.59 ,23.74 ,23.77 ,23.8 ,23.7 ,23.65 ,23.7 ,23.65 ,23.66 ,23.62 ,23.55 ,23.54 ,23.61 ,23.64 ,23.63 ,23.58 ,23.6 ,23.62 ,23.63 ,23.63 ,23.65 ,23.67 ,23.63 ,23.59 ,23.63 ,23.67 ,23.7 ,23.68 ,23.68 ,23.73 ,23.76 ,23.8 ,23.72 ,23.66 ,23.68 ,23.69 ,23.72 ,23.7 ,23.73 ,23.78 ,23.82 ,23.82 ,23.81 ,23.75 ,23.76 ,23.72 ,23.72 ,23.63 ,23.59 ,23.57 ,23.58 ,23.59 ,23.63 ,23.65 ,23.57 ,23.62 ,23.59 ,23.6 ,23.64 ,23.59 ,23.48 ,23.56 ,23.65 ,23.62 ,23.55 ,23.48 ,23.58 ,23.65 ,23.64 ,23.6 ,23.6 ,23.55 ,23.65 ,23.67 ,23.68 ,23.64 ,23.61 ,23.63 ,23.65 ,23.66 ,23.76 ,23.8 ,23.71 ,23.78 ,23.82 ,23.86 ,23.79 ,23.74 ,23.6 ,23.47 ,23.62 ,23.75 ,23.83 ,23.88 ,23.9 ,23.92 ,23.89 ,23.87 ,23.81 ,23.89 ,23.89 ,23.88 ,23.85 ,23.82 ,23.8 ,23.88 ,23.85 ,23.85 ,23.77 ,23.76 ,23.89 ,23.9 ,23.87 ,23.78 ,23.87 ,23.9 ,23.89 ,23.89 ,23.98 ,23.86 ,23.76 ,23.8 ,23.85 ,23.86 ,23.85 ,23.85 ,23.83 ,23.84 ,23.89 ,23.93 ,23.96 ,23.96 ,23.89 ,23.82 ,23.72 ,23.68 ,23.73 ,23.67 ,23.64 ,23.68 ,23.67 ,23.68 ,23.66 ,23.64 ,23.69 ,23.72 ,23.69 ,23.7 ,23.65 ,23.59 ,23.59 ,23.49 ,23.57 ,23.58 ,23.57 ,23.66 ,23.66 ,23.67 ,23.64 ,23.6 ,23.61 ,23.64 ,23.57 ,23.57 ,23.67 ,23.7 ,23.66 ,23.64 ,23.65 ,23.6 ,23.56 ,23.63 ,23.64 ,23.61 ,23.58 ,23.61 ,23.58 ,23.64 ,23.66 ,23.71 ,23.83 ,23.88 ,23.83 ,23.79 ,23.87 ,23.94 ,23.92 ,23.87 ,23.83 ,23.85 ,23.88 ,23.85 ,23.94 ,23.96 ,23.91 ,23.78 ,23.86 ,23.82 ,23.84 ,23.86 ,23.82 ,23.85 ,23.89 ,23.94 ,23.92 ,23.94 ,23.89 ,23.8 ,23.92 ,24.01 ,23.95 ,23.86 ,23.82 ,23.82 ,23.83 ,23.79 ,23.85 ,23.86 ,23.77 ,23.82 ,23.85 ,23.84 ,23.85 ,23.78 ,23.82 ,23.87 ,23.88 ,23.78 ,23.77 ,23.75 ,23.71 ,23.76 ,23.83 ,23.79 ,23.83 ,23.73 ,23.79 ,23.83 ,23.81 ,23.77 ,23.76 ,23.84 ,23.83 ,23.83 ,23.82 ,23.81 ,23.76 ,23.8 ,23.84 ,23.85 ,23.75 ,23.69 ,23.72 ,23.62 ,23.5 ,23.52 ,23.52 ,23.48 ,23.58 ,23.55 ,23.53 ,23.54 ,23.61 ,23.62 ,23.63 ,23.67 ,23.66 ,23.67 ,23.63 ,23.81 ,23.8 ,23.76 ,23.8 ,23.94 ,23.86 ,23.75 ,23.75 ,23.75 ,23.8 ,23.73 ,23.76 ,23.77 ,23.72 ,23.81 ,23.87 ,23.86 ,23.78 ,23.75 ,23.65 ,23.69 ,23.72 ,23.7 ,23.8 ,23.74 ,23.69 ,23.67 ,23.73 ,23.8 ,23.84 ,23.84 ,23.79 ,23.81 ,23.69 ,23.7 ,23.71 ,23.71 ,23.67 ,23.62 ,23.66 ,23.66 ,23.68 ,23.71 ,23.65 ,23.7 ,23.73 ,23.67 ,23.68 ,23.72 ,23.68 ,23.63 ,23.66 ,23.62 ,23.62 ,23.53 ,23.52 ,23.56 ,23.46 ,23.38 ,23.5 ,23.54 ,23.56 ,23.5 ,23.47 ,23.45 ,23.47 ,23.4 ,23.42 ,23.42 ,23.43 ,23.31 ,23.39 ,23.32 ,23.19 ,23.28 ,23.24 ,23.26 ,23.29 ,23.3 ,23.32 ,23.35 ,23.37 ,23.32 ,23.33 ,23.35 ,23.39 ,23.52 ,23.49 ,23.31 ,23.38 ,23.41 ,23.39 ,23.4 ,23.35 ,23.36 ,23.32 ,23.32 ,23.35 ,23.38 ,23.33 ,23.4 ,23.43 ,23.37 ,23.43 ,23.42 ,23.33 ,23.38 ,23.33 ,23.33 ,23.41 ,23.45 ,23.28 ,23.31 ,23.31 ,23.21 ,23.18 ,23.15 ,23.39 ,23.35 ,23.27 ,23.34 ,23.16 ,23.11 ,23.27 ,23.32 ,23.29 ,23.31 ,23.21 ,23.24 ,23.31 ,23.42 ,23.27 ,23.32 ,23.35 ,23.24 ,23.22 ,23.16 ,23.16 ,23.18 ,23.26 ,23.17 ,23.21 ,23.28 ,23.16 ,23.22 ,23.18 ,23.17 ,23.15 ,
239,23.47 ,23.34 ,23.39 ,23.36 ,23.37 ,23.41 ,23.48 ,23.52 ,23.6 ,23.53 ,23.53 ,23.56 ,23.59 ,23.45 ,23.5 ,23.58 ,23.49 ,23.43 ,23.42 ,23.53 ,23.63 ,23.78 ,23.8 ,23.66 ,23.57 ,23.63 ,23.51 ,23.56 ,23.55 ,23.53 ,23.63 ,23.58 ,23.55 ,23.6 ,23.57 ,23.57 ,23.54 ,23.51 ,23.58 ,23.57 ,23.53 ,23.52 ,23.57 ,23.55 ,23.55 ,23.5 ,23.61 ,23.64 ,23.66 ,23.6 ,23.53 ,23.59 ,23.55 ,23.6 ,23.65 ,23.59 ,23.52 ,23.69 ,23.66 ,23.52 ,23.57 ,23.57 ,23.6 ,23.6 ,23.67 ,23.57 ,23.68 ,23.76 ,23.73 ,23.67 ,23.55 ,23.61 ,23.67 ,23.7 ,23.68 ,23.59 ,23.64 ,23.68 ,23.7 ,23.68 ,23.66 ,23.64 ,23.6 ,23.57 ,23.6 ,23.64 ,23.61 ,23.55 ,23.51 ,23.52 ,23.62 ,23.65 ,23.53 ,23.58 ,23.49 ,23.49 ,23.58 ,23.5 ,23.47 ,23.4 ,23.4 ,23.52 ,23.68 ,23.75 ,23.81 ,23.76 ,23.81 ,23.69 ,23.73 ,23.71 ,23.66 ,23.81 ,23.82 ,23.79 ,23.78 ,23.76 ,23.81 ,23.87 ,23.79 ,23.81 ,23.78 ,23.74 ,23.82 ,23.8 ,23.76 ,23.72 ,23.71 ,23.82 ,23.85 ,23.77 ,23.7 ,23.73 ,23.73 ,23.79 ,23.86 ,23.81 ,23.8 ,23.88 ,23.95 ,23.86 ,23.82 ,23.81 ,23.8 ,23.79 ,23.76 ,23.82 ,23.84 ,23.88 ,23.88 ,23.83 ,23.84 ,23.8 ,23.87 ,23.73 ,23.72 ,23.75 ,23.69 ,23.75 ,23.76 ,23.84 ,23.8 ,23.79 ,23.76 ,23.81 ,23.81 ,23.83 ,23.85 ,23.9 ,23.81 ,23.83 ,23.86 ,23.8 ,23.6 ,23.53 ,23.64 ,23.58 ,23.52 ,23.49 ,23.54 ,23.56 ,23.53 ,23.65 ,23.59 ,23.49 ,23.51 ,23.66 ,23.58 ,23.54 ,23.58 ,23.58 ,23.62 ,23.61 ,23.57 ,23.67 ,23.63 ,23.54 ,23.58 ,23.57 ,23.56 ,23.55 ,23.48 ,23.39 ,23.43 ,23.51 ,23.55 ,23.6 ,23.6 ,23.58 ,23.52 ,23.61 ,23.63 ,23.64 ,23.55 ,23.52 ,23.5 ,23.48 ,23.67 ,23.75 ,23.65 ,23.65 ,23.67 ,23.64 ,23.68 ,23.57 ,23.66 ,23.74 ,23.82 ,23.74 ,23.63 ,23.67 ,23.61 ,23.65 ,23.67 ,23.54 ,23.49 ,23.53 ,23.57 ,23.62 ,23.6 ,23.57 ,23.58 ,23.63 ,23.66 ,23.62 ,23.64 ,23.62 ,23.64 ,23.53 ,23.57 ,23.61 ,23.68 ,23.63 ,23.63 ,23.64 ,23.76 ,23.79 ,23.61 ,23.69 ,23.71 ,23.74 ,23.72 ,23.72 ,23.78 ,23.77 ,23.69 ,23.71 ,23.73 ,23.72 ,23.74 ,23.68 ,23.66 ,23.74 ,23.7 ,23.56 ,23.6 ,23.68 ,23.67 ,23.58 ,23.6 ,23.67 ,23.62 ,23.69 ,23.59 ,23.55 ,23.55 ,23.61 ,23.58 ,23.49 ,23.49 ,23.52 ,23.6 ,23.62 ,23.61 ,23.57 ,23.56 ,23.65 ,23.68 ,23.77 ,23.75 ,23.7 ,23.74 ,23.75 ,23.73 ,23.76 ,23.77 ,23.74 ,23.73 ,23.78 ,23.82 ,23.77 ,23.68 ,23.57 ,23.51 ,23.59 ,23.75 ,23.85 ,23.92 ,23.93 ,23.88 ,23.91 ,23.87 ,23.84 ,23.87 ,23.98 ,23.91 ,23.83 ,23.82 ,23.82 ,23.78 ,23.77 ,23.85 ,23.8 ,23.8 ,23.79 ,23.9 ,23.87 ,23.87 ,23.94 ,23.85 ,23.86 ,23.87 ,23.9 ,23.91 ,23.87 ,23.87 ,23.88 ,23.85 ,23.84 ,23.9 ,23.9 ,23.9 ,23.92 ,23.95 ,23.99 ,23.89 ,23.8 ,23.72 ,23.64 ,23.62 ,23.67 ,23.7 ,23.68 ,23.7 ,23.69 ,23.72 ,23.67 ,23.69 ,23.69 ,23.67 ,23.61 ,23.66 ,23.65 ,23.69 ,23.65 ,23.5 ,23.6 ,23.56 ,23.6 ,23.63 ,23.66 ,23.69 ,23.64 ,23.63 ,23.71 ,23.59 ,23.58 ,23.54 ,23.55 ,23.67 ,23.71 ,23.66 ,23.62 ,23.63 ,23.64 ,23.61 ,23.66 ,23.65 ,23.55 ,23.54 ,23.56 ,23.65 ,23.76 ,23.8 ,23.85 ,23.88 ,23.91 ,23.89 ,23.94 ,23.93 ,23.9 ,23.93 ,23.9 ,23.92 ,23.94 ,23.88 ,23.92 ,23.92 ,23.9 ,23.83 ,23.86 ,23.9 ,23.84 ,23.83 ,23.81 ,23.81 ,23.89 ,23.95 ,23.91 ,23.88 ,23.88 ,23.83 ,23.9 ,23.95 ,23.94 ,23.92 ,23.89 ,23.88 ,23.85 ,23.82 ,23.76 ,23.8 ,23.8 ,23.78 ,23.8 ,23.85 ,23.84 ,23.75 ,23.8 ,23.74 ,23.67 ,23.7 ,23.69 ,23.79 ,23.76 ,23.78 ,23.85 ,23.85 ,23.8 ,23.8 ,23.8 ,23.8 ,23.83 ,23.81 ,23.77 ,23.81 ,23.84 ,23.83 ,23.77 ,23.79 ,23.77 ,23.79 ,23.86 ,23.84 ,23.71 ,23.69 ,23.65 ,23.52 ,23.47 ,23.45 ,23.51 ,23.54 ,23.53 ,23.5 ,23.53 ,23.58 ,23.6 ,23.58 ,23.57 ,23.62 ,23.65 ,23.68 ,23.64 ,23.72 ,23.81 ,23.81 ,23.81 ,23.82 ,23.88 ,23.72 ,23.78 ,23.84 ,23.74 ,23.76 ,23.77 ,23.82 ,23.85 ,23.83 ,23.92 ,23.84 ,23.76 ,23.77 ,23.65 ,23.66 ,23.83 ,23.82 ,23.72 ,23.69 ,23.62 ,23.59 ,23.68 ,23.76 ,23.74 ,23.81 ,23.74 ,23.75 ,23.78 ,23.79 ,23.75 ,23.7 ,23.75 ,23.67 ,23.67 ,23.69 ,23.75 ,23.75 ,23.67 ,23.65 ,23.79 ,23.75 ,23.65 ,23.69 ,23.69 ,23.7 ,23.69 ,23.67 ,23.68 ,23.54 ,23.53 ,23.6 ,23.45 ,23.43 ,23.58 ,23.53 ,23.53 ,23.5 ,23.49 ,23.39 ,23.45 ,23.41 ,23.38 ,23.3 ,23.38 ,23.34 ,23.38 ,23.38 ,23.21 ,23.34 ,23.35 ,23.31 ,23.32 ,23.3 ,23.34 ,23.43 ,23.4 ,23.33 ,23.34 ,23.34 ,23.39 ,23.46 ,23.37 ,23.38 ,23.41 ,23.42 ,23.34 ,23.36 ,23.4 ,23.37 ,23.36 ,23.32 ,23.29 ,23.4 ,23.44 ,23.47 ,23.42 ,23.37 ,23.38 ,23.46 ,23.42 ,23.28 ,23.2 ,23.31 ,23.41 ,23.35 ,23.21 ,23.19 ,23.35 ,23.24 ,23.16 ,23.16 ,23.32 ,23.27 ,23.18 ,23.16 ,23.13 ,23.05 ,23.25 ,23.27 ,23.2 ,23.18 ,23.2 ,23.28 ,23.32 ,23.38 ,23.33 ,23.21 ,23.33 ,23.24 ,23.22 ,23.2 ,23.25 ,23.27 ,23.35 ,23.26 ,23.24 ,23.25 ,23.21 ,23.24 ,23.3 ,23.2 ,23.23 ,
240,23.49 ,23.33 ,23.37 ,23.44 ,23.37 ,23.47 ,23.55 ,23.54 ,23.59 ,23.53 ,23.36 ,23.5 ,23.6 ,23.45 ,23.42 ,23.58 ,23.58 ,23.51 ,23.49 ,23.59 ,23.57 ,23.63 ,23.66 ,23.61 ,23.61 ,23.64 ,23.66 ,23.57 ,23.51 ,23.56 ,23.63 ,23.61 ,23.56 ,23.58 ,23.61 ,23.61 ,23.64 ,23.61 ,23.65 ,23.62 ,23.61 ,23.58 ,23.57 ,23.48 ,23.53 ,23.56 ,23.62 ,23.65 ,23.61 ,23.7 ,23.55 ,23.53 ,23.59 ,23.55 ,23.61 ,23.59 ,23.58 ,23.67 ,23.66 ,23.55 ,23.61 ,23.59 ,23.6 ,23.59 ,23.63 ,23.56 ,23.6 ,23.67 ,23.65 ,23.58 ,23.59 ,23.66 ,23.69 ,23.69 ,23.64 ,23.55 ,23.61 ,23.6 ,23.65 ,23.58 ,23.7 ,23.68 ,23.65 ,23.61 ,23.61 ,23.6 ,23.64 ,23.61 ,23.56 ,23.51 ,23.57 ,23.59 ,23.59 ,23.53 ,23.54 ,23.59 ,23.56 ,23.48 ,23.47 ,23.48 ,23.41 ,23.53 ,23.69 ,23.68 ,23.79 ,23.8 ,23.8 ,23.75 ,23.74 ,23.75 ,23.65 ,23.69 ,23.75 ,23.74 ,23.71 ,23.75 ,23.81 ,23.77 ,23.75 ,23.82 ,23.83 ,23.81 ,23.89 ,23.89 ,23.79 ,23.79 ,23.69 ,23.77 ,23.81 ,23.82 ,23.77 ,23.75 ,23.76 ,23.77 ,23.83 ,23.75 ,23.73 ,23.86 ,23.89 ,23.96 ,23.8 ,23.79 ,23.78 ,23.84 ,23.82 ,23.79 ,23.81 ,23.8 ,23.89 ,23.9 ,23.84 ,23.8 ,23.83 ,23.82 ,23.76 ,23.78 ,23.79 ,23.72 ,23.81 ,23.85 ,23.84 ,23.88 ,23.87 ,23.87 ,23.83 ,23.74 ,23.81 ,23.88 ,23.77 ,23.83 ,23.84 ,23.74 ,23.69 ,23.62 ,23.63 ,23.62 ,23.54 ,23.53 ,23.62 ,23.62 ,23.56 ,23.61 ,23.61 ,23.47 ,23.52 ,23.59 ,23.64 ,23.62 ,23.54 ,23.55 ,23.57 ,23.63 ,23.66 ,23.64 ,23.59 ,23.55 ,23.55 ,23.68 ,23.57 ,23.46 ,23.45 ,23.4 ,23.44 ,23.51 ,23.56 ,23.61 ,23.57 ,23.56 ,23.5 ,23.6 ,23.65 ,23.62 ,23.59 ,23.53 ,23.49 ,23.37 ,23.49 ,23.66 ,23.59 ,23.59 ,23.68 ,23.67 ,23.67 ,23.67 ,23.69 ,23.69 ,23.73 ,23.71 ,23.65 ,23.69 ,23.71 ,23.68 ,23.67 ,23.61 ,23.61 ,23.62 ,23.62 ,23.57 ,23.6 ,23.61 ,23.55 ,23.58 ,23.64 ,23.61 ,23.64 ,23.6 ,23.62 ,23.63 ,23.65 ,23.61 ,23.63 ,23.68 ,23.6 ,23.61 ,23.67 ,23.69 ,23.69 ,23.78 ,23.75 ,23.67 ,23.74 ,23.74 ,23.71 ,23.74 ,23.66 ,23.61 ,23.67 ,23.72 ,23.71 ,23.7 ,23.69 ,23.73 ,23.81 ,23.8 ,23.7 ,23.77 ,23.8 ,23.67 ,23.63 ,23.72 ,23.73 ,23.71 ,23.7 ,23.62 ,23.63 ,23.66 ,23.61 ,23.62 ,23.63 ,23.65 ,23.67 ,23.66 ,23.62 ,23.68 ,23.66 ,23.77 ,23.75 ,23.81 ,23.84 ,23.75 ,23.85 ,23.85 ,23.78 ,23.75 ,23.81 ,23.85 ,23.75 ,23.8 ,23.84 ,23.78 ,23.71 ,23.54 ,23.56 ,23.69 ,23.77 ,23.79 ,23.87 ,23.87 ,23.88 ,23.88 ,23.86 ,23.87 ,23.86 ,23.92 ,23.94 ,23.81 ,23.8 ,23.86 ,23.82 ,23.79 ,23.86 ,23.82 ,23.82 ,23.79 ,23.87 ,23.82 ,23.83 ,23.85 ,23.89 ,23.87 ,23.87 ,23.83 ,23.87 ,23.94 ,23.92 ,23.88 ,23.92 ,23.92 ,23.93 ,23.94 ,23.97 ,23.95 ,23.9 ,23.98 ,23.85 ,23.79 ,23.71 ,23.69 ,23.7 ,23.6 ,23.65 ,23.71 ,23.7 ,23.72 ,23.74 ,23.65 ,23.61 ,23.65 ,23.68 ,23.68 ,23.68 ,23.69 ,23.75 ,23.72 ,23.54 ,23.62 ,23.61 ,23.57 ,23.58 ,23.62 ,23.7 ,23.67 ,23.68 ,23.71 ,23.67 ,23.68 ,23.63 ,23.57 ,23.59 ,23.62 ,23.66 ,23.73 ,23.67 ,23.63 ,23.63 ,23.57 ,23.64 ,23.63 ,23.61 ,23.65 ,23.68 ,23.71 ,23.81 ,23.9 ,23.84 ,23.85 ,23.9 ,23.98 ,24 ,24.01 ,23.97 ,23.87 ,23.89 ,23.99 ,23.9 ,23.88 ,23.88 ,23.83 ,23.86 ,23.84 ,23.86 ,23.91 ,23.86 ,23.9 ,23.85 ,23.87 ,23.89 ,23.82 ,23.83 ,23.83 ,23.86 ,23.87 ,23.98 ,23.93 ,23.9 ,23.91 ,23.92 ,23.89 ,23.83 ,23.75 ,23.71 ,23.72 ,23.81 ,23.85 ,23.83 ,23.88 ,23.8 ,23.71 ,23.64 ,23.55 ,23.66 ,23.75 ,23.78 ,23.81 ,23.83 ,23.82 ,23.85 ,23.8 ,23.86 ,23.89 ,23.86 ,23.87 ,23.84 ,23.83 ,23.84 ,23.83 ,23.86 ,23.81 ,23.81 ,23.8 ,23.77 ,23.85 ,23.86 ,23.8 ,23.59 ,23.63 ,23.54 ,23.51 ,23.5 ,23.53 ,23.54 ,23.54 ,23.57 ,23.57 ,23.55 ,23.63 ,23.62 ,23.52 ,23.54 ,23.64 ,23.71 ,23.78 ,23.75 ,23.85 ,23.86 ,23.85 ,23.88 ,23.87 ,23.77 ,23.8 ,23.85 ,23.81 ,23.71 ,23.81 ,23.85 ,23.89 ,23.9 ,23.88 ,23.77 ,23.74 ,23.67 ,23.69 ,23.75 ,23.78 ,23.92 ,23.85 ,23.68 ,23.63 ,23.61 ,23.71 ,23.66 ,23.62 ,23.66 ,23.73 ,23.72 ,23.83 ,23.83 ,23.72 ,23.75 ,23.79 ,23.67 ,23.7 ,23.71 ,23.71 ,23.68 ,23.73 ,23.77 ,23.76 ,23.7 ,23.68 ,23.66 ,23.67 ,23.62 ,23.59 ,23.61 ,23.6 ,23.43 ,23.57 ,23.57 ,23.52 ,23.52 ,23.54 ,23.56 ,23.51 ,23.5 ,23.44 ,23.32 ,23.4 ,23.4 ,23.4 ,23.38 ,23.42 ,23.39 ,23.32 ,23.35 ,23.2 ,23.28 ,23.39 ,23.36 ,23.37 ,23.37 ,23.38 ,23.46 ,23.42 ,23.33 ,23.36 ,23.42 ,23.35 ,23.3 ,23.33 ,23.34 ,23.38 ,23.36 ,23.36 ,23.37 ,23.41 ,23.39 ,23.36 ,23.39 ,23.28 ,23.34 ,23.39 ,23.46 ,23.44 ,23.4 ,23.37 ,23.34 ,23.28 ,23.28 ,23.24 ,23.31 ,23.43 ,23.4 ,23.31 ,23.25 ,23.26 ,23.28 ,23.21 ,23.22 ,23.39 ,23.33 ,23.17 ,23.18 ,23.18 ,23.15 ,23.25 ,23.23 ,23.18 ,23.19 ,23.15 ,23.2 ,23.23 ,23.25 ,23.31 ,23.2 ,23.2 ,23.19 ,23.25 ,23.25 ,23.32 ,23.28 ,23.28 ,23.37 ,23.35 ,23.3 ,23.26 ,23.33 ,23.31 ,23.28 ,23.24 ,
241,23.53 ,23.44 ,23.42 ,23.45 ,23.4 ,23.4 ,23.49 ,23.54 ,23.55 ,23.52 ,23.43 ,23.48 ,23.52 ,23.44 ,23.42 ,23.53 ,23.56 ,23.49 ,23.46 ,23.53 ,23.54 ,23.54 ,23.64 ,23.55 ,23.57 ,23.64 ,23.61 ,23.56 ,23.52 ,23.59 ,23.64 ,23.57 ,23.5 ,23.54 ,23.54 ,23.55 ,23.56 ,23.55 ,23.53 ,23.56 ,23.59 ,23.62 ,23.56 ,23.48 ,23.56 ,23.62 ,23.62 ,23.64 ,23.58 ,23.68 ,23.65 ,23.61 ,23.61 ,23.6 ,23.6 ,23.63 ,23.64 ,23.63 ,23.61 ,23.6 ,23.56 ,23.62 ,23.65 ,23.62 ,23.69 ,23.68 ,23.69 ,23.65 ,23.63 ,23.65 ,23.68 ,23.71 ,23.71 ,23.71 ,23.75 ,23.75 ,23.69 ,23.59 ,23.66 ,23.58 ,23.67 ,23.74 ,23.67 ,23.65 ,23.57 ,23.6 ,23.65 ,23.66 ,23.66 ,23.58 ,23.52 ,23.53 ,23.48 ,23.48 ,23.47 ,23.57 ,23.51 ,23.45 ,23.39 ,23.56 ,23.49 ,23.48 ,23.65 ,23.65 ,23.73 ,23.81 ,23.8 ,23.78 ,23.84 ,23.8 ,23.68 ,23.68 ,23.7 ,23.74 ,23.78 ,23.78 ,23.77 ,23.74 ,23.69 ,23.72 ,23.79 ,23.81 ,23.78 ,23.88 ,23.84 ,23.8 ,23.77 ,23.78 ,23.8 ,23.78 ,23.77 ,23.81 ,23.83 ,23.84 ,23.79 ,23.73 ,23.76 ,23.8 ,23.84 ,23.82 ,23.81 ,23.76 ,23.84 ,23.85 ,23.84 ,23.83 ,23.87 ,23.8 ,23.82 ,23.93 ,23.92 ,23.87 ,23.86 ,23.84 ,23.82 ,23.86 ,23.84 ,23.85 ,23.84 ,23.85 ,23.84 ,23.87 ,23.91 ,23.8 ,23.85 ,23.82 ,23.87 ,23.87 ,23.8 ,23.83 ,23.82 ,23.79 ,23.68 ,23.73 ,23.64 ,23.59 ,23.57 ,23.6 ,23.65 ,23.7 ,23.65 ,23.63 ,23.62 ,23.59 ,23.52 ,23.59 ,23.57 ,23.55 ,23.55 ,23.47 ,23.53 ,23.51 ,23.58 ,23.64 ,23.58 ,23.57 ,23.59 ,23.67 ,23.71 ,23.51 ,23.43 ,23.49 ,23.46 ,23.53 ,23.59 ,23.6 ,23.59 ,23.54 ,23.5 ,23.57 ,23.6 ,23.53 ,23.5 ,23.49 ,23.49 ,23.46 ,23.49 ,23.58 ,23.57 ,23.63 ,23.69 ,23.71 ,23.68 ,23.65 ,23.72 ,23.76 ,23.73 ,23.72 ,23.7 ,23.69 ,23.72 ,23.72 ,23.71 ,23.65 ,23.59 ,23.65 ,23.67 ,23.66 ,23.64 ,23.63 ,23.65 ,23.59 ,23.57 ,23.48 ,23.57 ,23.61 ,23.6 ,23.64 ,23.62 ,23.59 ,23.64 ,23.65 ,23.58 ,23.59 ,23.62 ,23.65 ,23.66 ,23.72 ,23.67 ,23.65 ,23.69 ,23.69 ,23.67 ,23.76 ,23.74 ,23.66 ,23.68 ,23.71 ,23.71 ,23.71 ,23.66 ,23.68 ,23.8 ,23.83 ,23.74 ,23.79 ,23.81 ,23.78 ,23.66 ,23.74 ,23.79 ,23.8 ,23.79 ,23.66 ,23.71 ,23.69 ,23.77 ,23.73 ,23.76 ,23.85 ,23.85 ,23.79 ,23.69 ,23.68 ,23.77 ,23.89 ,23.85 ,23.81 ,23.86 ,23.84 ,23.84 ,23.81 ,23.76 ,23.79 ,23.85 ,23.83 ,23.73 ,23.77 ,23.78 ,23.81 ,23.67 ,23.55 ,23.54 ,23.72 ,23.75 ,23.76 ,23.84 ,23.81 ,23.71 ,23.77 ,23.82 ,23.84 ,23.84 ,23.8 ,23.83 ,23.87 ,23.84 ,23.83 ,23.76 ,23.79 ,23.82 ,23.77 ,23.81 ,23.79 ,23.89 ,23.8 ,23.8 ,23.84 ,23.91 ,23.85 ,23.89 ,23.86 ,23.84 ,23.92 ,23.91 ,23.8 ,23.81 ,23.96 ,23.88 ,23.96 ,23.97 ,23.93 ,23.89 ,23.87 ,23.87 ,23.7 ,23.63 ,23.71 ,23.72 ,23.64 ,23.59 ,23.63 ,23.7 ,23.69 ,23.69 ,23.64 ,23.6 ,23.64 ,23.71 ,23.65 ,23.59 ,23.6 ,23.7 ,23.72 ,23.6 ,23.63 ,23.61 ,23.62 ,23.62 ,23.59 ,23.65 ,23.68 ,23.63 ,23.68 ,23.7 ,23.76 ,23.69 ,23.61 ,23.52 ,23.52 ,23.55 ,23.66 ,23.71 ,23.63 ,23.62 ,23.56 ,23.58 ,23.65 ,23.67 ,23.7 ,23.72 ,23.77 ,23.8 ,23.84 ,23.87 ,23.83 ,23.85 ,23.92 ,23.98 ,23.95 ,23.98 ,23.83 ,23.84 ,23.92 ,23.91 ,23.81 ,23.84 ,23.85 ,23.86 ,23.95 ,23.9 ,23.85 ,23.88 ,23.9 ,23.85 ,23.88 ,23.87 ,23.81 ,23.86 ,23.91 ,23.85 ,23.83 ,23.93 ,23.95 ,23.81 ,23.88 ,23.91 ,23.89 ,23.78 ,23.72 ,23.67 ,23.65 ,23.75 ,23.83 ,23.78 ,23.86 ,23.74 ,23.67 ,23.65 ,23.65 ,23.73 ,23.83 ,23.83 ,23.87 ,23.89 ,23.85 ,23.74 ,23.81 ,23.89 ,23.89 ,23.83 ,23.84 ,23.76 ,23.75 ,23.77 ,23.77 ,23.84 ,23.8 ,23.83 ,23.76 ,23.71 ,23.82 ,23.8 ,23.7 ,23.58 ,23.47 ,23.49 ,23.51 ,23.53 ,23.49 ,23.53 ,23.57 ,23.61 ,23.59 ,23.6 ,23.6 ,23.62 ,23.57 ,23.62 ,23.68 ,23.71 ,23.83 ,23.83 ,23.8 ,23.75 ,23.77 ,23.91 ,23.84 ,23.74 ,23.79 ,23.84 ,23.87 ,23.86 ,23.87 ,23.89 ,23.83 ,23.81 ,23.85 ,23.86 ,23.82 ,23.74 ,23.76 ,23.79 ,23.8 ,23.81 ,23.88 ,23.78 ,23.71 ,23.68 ,23.78 ,23.73 ,23.69 ,23.74 ,23.75 ,23.77 ,23.72 ,23.76 ,23.72 ,23.76 ,23.76 ,23.69 ,23.62 ,23.6 ,23.67 ,23.66 ,23.67 ,23.76 ,23.72 ,23.69 ,23.74 ,23.72 ,23.57 ,23.53 ,23.56 ,23.58 ,23.53 ,23.45 ,23.52 ,23.54 ,23.52 ,23.54 ,23.58 ,23.57 ,23.62 ,23.53 ,23.49 ,23.35 ,23.33 ,23.36 ,23.41 ,23.4 ,23.39 ,23.38 ,23.37 ,23.37 ,23.21 ,23.2 ,23.34 ,23.36 ,23.32 ,23.29 ,23.38 ,23.44 ,23.43 ,23.39 ,23.35 ,23.37 ,23.35 ,23.37 ,23.26 ,23.29 ,23.29 ,23.33 ,23.34 ,23.32 ,23.48 ,23.51 ,23.38 ,23.33 ,23.34 ,23.3 ,23.47 ,23.4 ,23.33 ,23.33 ,23.37 ,23.34 ,23.32 ,23.32 ,23.29 ,23.34 ,23.42 ,23.43 ,23.29 ,23.2 ,23.19 ,23.23 ,23.28 ,23.18 ,23.37 ,23.36 ,23.2 ,23.26 ,23.18 ,23.18 ,23.28 ,23.25 ,23.17 ,23.23 ,23.2 ,23.19 ,23.29 ,23.28 ,23.26 ,23.29 ,23.2 ,23.18 ,23.24 ,23.3 ,23.37 ,23.26 ,23.25 ,23.29 ,23.35 ,23.37 ,23.19 ,23.24 ,23.27 ,23.19 ,23.21 ,
242,23.48 ,23.43 ,23.37 ,23.41 ,23.35 ,23.39 ,23.5 ,23.5 ,23.51 ,23.48 ,23.42 ,23.48 ,23.52 ,23.42 ,23.41 ,23.45 ,23.44 ,23.4 ,23.44 ,23.54 ,23.55 ,23.52 ,23.49 ,23.46 ,23.52 ,23.53 ,23.56 ,23.47 ,23.57 ,23.65 ,23.57 ,23.5 ,23.45 ,23.49 ,23.61 ,23.55 ,23.54 ,23.56 ,23.55 ,23.56 ,23.58 ,23.54 ,23.58 ,23.53 ,23.5 ,23.61 ,23.61 ,23.62 ,23.55 ,23.59 ,23.62 ,23.68 ,23.6 ,23.59 ,23.61 ,23.64 ,23.56 ,23.62 ,23.56 ,23.58 ,23.59 ,23.63 ,23.66 ,23.65 ,23.7 ,23.65 ,23.67 ,23.65 ,23.65 ,23.64 ,23.67 ,23.68 ,23.76 ,23.71 ,23.7 ,23.73 ,23.76 ,23.6 ,23.62 ,23.66 ,23.59 ,23.66 ,23.69 ,23.55 ,23.57 ,23.59 ,23.65 ,23.64 ,23.59 ,23.53 ,23.55 ,23.58 ,23.52 ,23.47 ,23.46 ,23.57 ,23.6 ,23.49 ,23.45 ,23.55 ,23.56 ,23.47 ,23.57 ,23.64 ,23.71 ,23.78 ,23.85 ,23.84 ,23.72 ,23.76 ,23.7 ,23.69 ,23.73 ,23.73 ,23.76 ,23.81 ,23.77 ,23.8 ,23.83 ,23.74 ,23.8 ,23.85 ,23.75 ,23.77 ,23.8 ,23.74 ,23.68 ,23.82 ,23.8 ,23.79 ,23.82 ,23.81 ,23.77 ,23.77 ,23.82 ,23.82 ,23.83 ,23.86 ,23.85 ,23.8 ,23.74 ,23.78 ,23.83 ,23.77 ,23.81 ,23.81 ,23.78 ,23.78 ,23.8 ,23.84 ,23.86 ,23.89 ,23.82 ,23.83 ,23.8 ,23.75 ,23.81 ,23.86 ,23.79 ,23.85 ,23.84 ,23.79 ,23.85 ,23.85 ,23.82 ,23.81 ,23.88 ,23.83 ,23.82 ,23.88 ,23.84 ,23.77 ,23.65 ,23.68 ,23.71 ,23.63 ,23.59 ,23.58 ,23.57 ,23.59 ,23.58 ,23.56 ,23.62 ,23.62 ,23.54 ,23.57 ,23.57 ,23.5 ,23.42 ,23.47 ,23.55 ,23.54 ,23.59 ,23.58 ,23.6 ,23.63 ,23.58 ,23.62 ,23.61 ,23.52 ,23.45 ,23.46 ,23.53 ,23.52 ,23.56 ,23.63 ,23.53 ,23.48 ,23.47 ,23.61 ,23.61 ,23.61 ,23.54 ,23.51 ,23.49 ,23.48 ,23.51 ,23.53 ,23.54 ,23.67 ,23.7 ,23.72 ,23.66 ,23.63 ,23.68 ,23.71 ,23.79 ,23.73 ,23.75 ,23.74 ,23.71 ,23.69 ,23.74 ,23.76 ,23.64 ,23.65 ,23.69 ,23.62 ,23.58 ,23.53 ,23.61 ,23.64 ,23.62 ,23.65 ,23.58 ,23.6 ,23.6 ,23.58 ,23.57 ,23.61 ,23.67 ,23.54 ,23.54 ,23.59 ,23.62 ,23.6 ,23.62 ,23.64 ,23.59 ,23.64 ,23.65 ,23.66 ,23.72 ,23.65 ,23.77 ,23.73 ,23.67 ,23.73 ,23.73 ,23.7 ,23.66 ,23.68 ,23.71 ,23.75 ,23.77 ,23.73 ,23.79 ,23.82 ,23.74 ,23.75 ,23.78 ,23.83 ,23.86 ,23.75 ,23.75 ,23.86 ,23.85 ,23.81 ,23.74 ,23.87 ,23.8 ,23.71 ,23.65 ,23.66 ,23.7 ,23.85 ,23.9 ,23.82 ,23.78 ,23.83 ,23.86 ,23.82 ,23.78 ,23.8 ,23.87 ,23.9 ,23.79 ,23.78 ,23.78 ,23.72 ,23.59 ,23.52 ,23.54 ,23.7 ,23.82 ,23.86 ,23.91 ,23.81 ,23.79 ,23.78 ,23.83 ,23.87 ,23.87 ,23.78 ,23.83 ,23.82 ,23.77 ,23.73 ,23.78 ,23.81 ,23.84 ,23.81 ,23.82 ,23.88 ,23.85 ,23.84 ,23.82 ,23.88 ,23.9 ,23.84 ,23.93 ,23.9 ,23.83 ,23.93 ,23.99 ,23.9 ,23.85 ,23.87 ,23.86 ,23.9 ,23.91 ,23.85 ,23.81 ,23.74 ,23.79 ,23.61 ,23.57 ,23.61 ,23.65 ,23.7 ,23.7 ,23.67 ,23.72 ,23.69 ,23.68 ,23.65 ,23.57 ,23.69 ,23.63 ,23.64 ,23.66 ,23.57 ,23.68 ,23.67 ,23.62 ,23.62 ,23.62 ,23.65 ,23.68 ,23.66 ,23.7 ,23.71 ,23.62 ,23.66 ,23.68 ,23.69 ,23.64 ,23.56 ,23.56 ,23.59 ,23.58 ,23.62 ,23.66 ,23.6 ,23.57 ,23.59 ,23.62 ,23.62 ,23.67 ,23.69 ,23.74 ,23.89 ,23.89 ,23.81 ,23.92 ,23.93 ,23.87 ,23.85 ,23.89 ,23.84 ,23.89 ,23.83 ,23.82 ,23.88 ,23.86 ,23.85 ,23.86 ,23.91 ,23.87 ,23.91 ,23.96 ,23.83 ,23.83 ,23.87 ,23.86 ,23.82 ,23.82 ,23.84 ,23.87 ,23.86 ,23.81 ,23.84 ,23.9 ,23.94 ,23.86 ,23.8 ,23.79 ,23.84 ,23.77 ,23.8 ,23.73 ,23.65 ,23.81 ,23.8 ,23.71 ,23.73 ,23.76 ,23.65 ,23.7 ,23.74 ,23.8 ,23.88 ,23.92 ,23.91 ,23.85 ,23.85 ,23.84 ,23.74 ,23.82 ,23.83 ,23.83 ,23.83 ,23.81 ,23.77 ,23.77 ,23.75 ,23.8 ,23.83 ,23.83 ,23.77 ,23.67 ,23.82 ,23.77 ,23.62 ,23.6 ,23.5 ,23.51 ,23.52 ,23.53 ,23.5 ,23.48 ,23.58 ,23.6 ,23.57 ,23.59 ,23.64 ,23.62 ,23.58 ,23.73 ,23.77 ,23.78 ,23.77 ,23.76 ,23.81 ,23.8 ,23.82 ,23.88 ,23.85 ,23.79 ,23.85 ,23.81 ,23.76 ,23.8 ,23.83 ,23.8 ,23.79 ,23.78 ,23.86 ,23.83 ,23.81 ,23.74 ,23.69 ,23.74 ,23.85 ,23.89 ,23.82 ,23.79 ,23.69 ,23.67 ,23.67 ,23.74 ,23.79 ,23.78 ,23.76 ,23.68 ,23.62 ,23.71 ,23.67 ,23.76 ,23.77 ,23.73 ,23.69 ,23.65 ,23.66 ,23.72 ,23.7 ,23.66 ,23.63 ,23.71 ,23.67 ,23.68 ,23.65 ,23.58 ,23.57 ,23.63 ,23.54 ,23.51 ,23.47 ,23.51 ,23.54 ,23.49 ,23.48 ,23.46 ,23.55 ,23.58 ,23.42 ,23.42 ,23.46 ,23.38 ,23.4 ,23.41 ,23.35 ,23.34 ,23.3 ,23.38 ,23.26 ,23.24 ,23.28 ,23.31 ,23.4 ,23.29 ,23.4 ,23.43 ,23.39 ,23.39 ,23.4 ,23.3 ,23.39 ,23.45 ,23.37 ,23.23 ,23.31 ,23.36 ,23.35 ,23.32 ,23.33 ,23.42 ,23.34 ,23.33 ,23.31 ,23.33 ,23.45 ,23.43 ,23.4 ,23.36 ,23.37 ,23.39 ,23.36 ,23.38 ,23.27 ,23.34 ,23.37 ,23.43 ,23.32 ,23.22 ,23.35 ,23.29 ,23.21 ,23.17 ,23.24 ,23.32 ,23.22 ,23.15 ,23.12 ,23.08 ,23.19 ,23.2 ,23.27 ,23.23 ,23.2 ,23.19 ,23.29 ,23.35 ,23.27 ,23.26 ,23.26 ,23.22 ,23.3 ,23.28 ,23.26 ,23.3 ,23.33 ,23.32 ,23.27 ,23.27 ,23.28 ,23.29 ,23.31 ,23.24 ,23.21 ,
243,23.42 ,23.34 ,23.33 ,23.35 ,23.37 ,23.44 ,23.49 ,23.49 ,23.52 ,23.51 ,23.38 ,23.41 ,23.43 ,23.38 ,23.37 ,23.45 ,23.48 ,23.44 ,23.45 ,23.52 ,23.51 ,23.56 ,23.58 ,23.45 ,23.43 ,23.5 ,23.53 ,23.43 ,23.52 ,23.62 ,23.59 ,23.53 ,23.46 ,23.5 ,23.54 ,23.58 ,23.5 ,23.59 ,23.59 ,23.61 ,23.66 ,23.58 ,23.56 ,23.53 ,23.55 ,23.55 ,23.59 ,23.62 ,23.6 ,23.66 ,23.6 ,23.58 ,23.6 ,23.6 ,23.62 ,23.66 ,23.65 ,23.6 ,23.63 ,23.62 ,23.64 ,23.58 ,23.54 ,23.6 ,23.67 ,23.64 ,23.74 ,23.7 ,23.65 ,23.66 ,23.6 ,23.7 ,23.78 ,23.72 ,23.59 ,23.66 ,23.71 ,23.61 ,23.64 ,23.58 ,23.61 ,23.64 ,23.61 ,23.6 ,23.62 ,23.63 ,23.68 ,23.61 ,23.56 ,23.54 ,23.6 ,23.58 ,23.61 ,23.51 ,23.43 ,23.56 ,23.59 ,23.56 ,23.47 ,23.55 ,23.58 ,23.51 ,23.5 ,23.58 ,23.66 ,23.68 ,23.77 ,23.82 ,23.73 ,23.7 ,23.72 ,23.7 ,23.78 ,23.76 ,23.73 ,23.79 ,23.81 ,23.79 ,23.82 ,23.72 ,23.76 ,23.8 ,23.76 ,23.73 ,23.8 ,23.73 ,23.7 ,23.8 ,23.8 ,23.72 ,23.9 ,23.79 ,23.72 ,23.77 ,23.78 ,23.87 ,23.88 ,23.86 ,23.83 ,23.78 ,23.8 ,23.76 ,23.76 ,23.81 ,23.8 ,23.88 ,23.8 ,23.76 ,23.85 ,23.74 ,23.74 ,23.84 ,23.82 ,23.8 ,23.79 ,23.73 ,23.75 ,23.83 ,23.9 ,23.85 ,23.81 ,23.78 ,23.72 ,23.79 ,23.79 ,23.84 ,23.83 ,23.84 ,23.79 ,23.94 ,23.9 ,23.81 ,23.7 ,23.73 ,23.68 ,23.62 ,23.66 ,23.61 ,23.55 ,23.54 ,23.56 ,23.64 ,23.58 ,23.5 ,23.61 ,23.53 ,23.59 ,23.48 ,23.45 ,23.58 ,23.66 ,23.58 ,23.57 ,23.61 ,23.59 ,23.62 ,23.54 ,23.54 ,23.55 ,23.52 ,23.46 ,23.45 ,23.52 ,23.51 ,23.54 ,23.6 ,23.51 ,23.56 ,23.56 ,23.58 ,23.63 ,23.56 ,23.6 ,23.55 ,23.53 ,23.45 ,23.54 ,23.6 ,23.6 ,23.64 ,23.69 ,23.71 ,23.66 ,23.58 ,23.61 ,23.71 ,23.75 ,23.78 ,23.68 ,23.78 ,23.72 ,23.69 ,23.72 ,23.73 ,23.66 ,23.69 ,23.66 ,23.65 ,23.6 ,23.54 ,23.61 ,23.7 ,23.64 ,23.61 ,23.67 ,23.64 ,23.61 ,23.57 ,23.58 ,23.57 ,23.64 ,23.55 ,23.57 ,23.63 ,23.64 ,23.68 ,23.68 ,23.64 ,23.58 ,23.61 ,23.66 ,23.64 ,23.69 ,23.68 ,23.72 ,23.76 ,23.71 ,23.74 ,23.78 ,23.74 ,23.73 ,23.79 ,23.72 ,23.73 ,23.73 ,23.76 ,23.75 ,23.8 ,23.78 ,23.77 ,23.73 ,23.75 ,23.83 ,23.83 ,23.85 ,23.82 ,23.9 ,23.9 ,23.8 ,23.84 ,23.75 ,23.58 ,23.58 ,23.69 ,23.71 ,23.86 ,23.84 ,23.89 ,23.78 ,23.79 ,23.83 ,23.87 ,23.82 ,23.81 ,23.83 ,23.92 ,23.87 ,23.86 ,23.82 ,23.68 ,23.48 ,23.51 ,23.63 ,23.7 ,23.81 ,23.87 ,23.82 ,23.79 ,23.77 ,23.94 ,23.98 ,23.91 ,23.87 ,23.84 ,23.79 ,23.78 ,23.76 ,23.81 ,23.86 ,23.87 ,23.87 ,23.84 ,23.83 ,23.87 ,23.92 ,23.86 ,23.83 ,23.83 ,23.88 ,23.89 ,23.92 ,23.93 ,23.86 ,23.96 ,23.92 ,23.88 ,23.95 ,23.94 ,23.88 ,23.9 ,23.85 ,23.82 ,23.82 ,23.69 ,23.71 ,23.57 ,23.52 ,23.55 ,23.57 ,23.64 ,23.7 ,23.71 ,23.69 ,23.64 ,23.69 ,23.7 ,23.64 ,23.62 ,23.67 ,23.63 ,23.68 ,23.65 ,23.75 ,23.72 ,23.49 ,23.51 ,23.56 ,23.64 ,23.69 ,23.73 ,23.71 ,23.66 ,23.59 ,23.62 ,23.68 ,23.7 ,23.7 ,23.6 ,23.53 ,23.57 ,23.58 ,23.58 ,23.67 ,23.57 ,23.54 ,23.53 ,23.65 ,23.59 ,23.57 ,23.69 ,23.85 ,23.91 ,23.84 ,23.83 ,23.91 ,23.95 ,23.87 ,23.93 ,23.9 ,23.88 ,23.83 ,23.79 ,23.79 ,23.87 ,23.84 ,23.79 ,23.92 ,23.9 ,23.87 ,23.91 ,23.88 ,23.88 ,23.79 ,23.88 ,23.88 ,23.91 ,23.85 ,23.88 ,23.84 ,23.83 ,23.77 ,23.8 ,23.84 ,23.81 ,23.85 ,23.82 ,23.76 ,23.82 ,23.79 ,23.89 ,23.91 ,23.84 ,23.79 ,23.78 ,23.74 ,23.65 ,23.73 ,23.77 ,23.77 ,23.78 ,23.75 ,23.87 ,23.81 ,23.79 ,23.78 ,23.82 ,23.84 ,23.81 ,23.85 ,23.85 ,23.82 ,23.84 ,23.77 ,23.85 ,23.8 ,23.75 ,23.73 ,23.81 ,23.83 ,23.84 ,23.78 ,23.7 ,23.69 ,23.65 ,23.6 ,23.56 ,23.51 ,23.54 ,23.51 ,23.56 ,23.57 ,23.56 ,23.57 ,23.53 ,23.57 ,23.71 ,23.62 ,23.59 ,23.66 ,23.68 ,23.67 ,23.76 ,23.83 ,23.82 ,23.82 ,23.84 ,23.89 ,23.92 ,23.86 ,23.87 ,23.86 ,23.75 ,23.83 ,23.83 ,23.84 ,23.83 ,23.82 ,23.85 ,23.88 ,23.79 ,23.74 ,23.72 ,23.75 ,23.8 ,23.86 ,23.84 ,23.74 ,23.63 ,23.7 ,23.7 ,23.71 ,23.81 ,23.79 ,23.73 ,23.67 ,23.66 ,23.72 ,23.71 ,23.72 ,23.77 ,23.86 ,23.83 ,23.73 ,23.75 ,23.74 ,23.69 ,23.66 ,23.61 ,23.63 ,23.63 ,23.69 ,23.71 ,23.7 ,23.67 ,23.57 ,23.52 ,23.51 ,23.57 ,23.46 ,23.48 ,23.46 ,23.48 ,23.52 ,23.47 ,23.58 ,23.53 ,23.48 ,23.51 ,23.42 ,23.39 ,23.42 ,23.41 ,23.36 ,23.33 ,23.39 ,23.31 ,23.27 ,23.3 ,23.3 ,23.31 ,23.39 ,23.39 ,23.41 ,23.45 ,23.47 ,23.39 ,23.28 ,23.35 ,23.5 ,23.4 ,23.29 ,23.3 ,23.43 ,23.36 ,23.46 ,23.33 ,23.34 ,23.38 ,23.35 ,23.33 ,23.32 ,23.43 ,23.43 ,23.33 ,23.32 ,23.35 ,23.35 ,23.38 ,23.32 ,23.22 ,23.23 ,23.37 ,23.45 ,23.34 ,23.27 ,23.34 ,23.33 ,23.2 ,23.23 ,23.26 ,23.31 ,23.23 ,23.1 ,23.11 ,23.18 ,23.15 ,23.18 ,23.24 ,23.23 ,23.12 ,23.17 ,23.26 ,23.29 ,23.26 ,23.2 ,23.26 ,23.27 ,23.32 ,23.21 ,23.29 ,23.28 ,23.29 ,23.35 ,23.35 ,23.26 ,23.21 ,23.32 ,23.28 ,23.2 ,23.16 ,
244,23.43 ,23.38 ,23.35 ,23.41 ,23.4 ,23.4 ,23.45 ,23.44 ,23.5 ,23.5 ,23.36 ,23.35 ,23.43 ,23.37 ,23.39 ,23.45 ,23.47 ,23.44 ,23.48 ,23.44 ,23.43 ,23.49 ,23.51 ,23.34 ,23.32 ,23.4 ,23.46 ,23.35 ,23.37 ,23.46 ,23.53 ,23.51 ,23.59 ,23.54 ,23.48 ,23.59 ,23.57 ,23.59 ,23.65 ,23.62 ,23.63 ,23.62 ,23.61 ,23.58 ,23.59 ,23.56 ,23.56 ,23.65 ,23.63 ,23.66 ,23.57 ,23.6 ,23.62 ,23.62 ,23.65 ,23.68 ,23.63 ,23.6 ,23.58 ,23.6 ,23.57 ,23.55 ,23.54 ,23.58 ,23.66 ,23.66 ,23.73 ,23.78 ,23.65 ,23.65 ,23.66 ,23.61 ,23.71 ,23.74 ,23.62 ,23.65 ,23.68 ,23.56 ,23.61 ,23.6 ,23.69 ,23.71 ,23.65 ,23.67 ,23.61 ,23.68 ,23.69 ,23.69 ,23.62 ,23.51 ,23.61 ,23.61 ,23.61 ,23.58 ,23.45 ,23.51 ,23.59 ,23.54 ,23.46 ,23.54 ,23.6 ,23.57 ,23.47 ,23.57 ,23.61 ,23.7 ,23.79 ,23.8 ,23.8 ,23.75 ,23.71 ,23.66 ,23.78 ,23.83 ,23.76 ,23.75 ,23.72 ,23.8 ,23.77 ,23.7 ,23.71 ,23.72 ,23.79 ,23.82 ,23.82 ,23.77 ,23.78 ,23.86 ,23.8 ,23.72 ,23.77 ,23.85 ,23.75 ,23.78 ,23.8 ,23.81 ,23.83 ,23.81 ,23.83 ,23.84 ,23.73 ,23.78 ,23.81 ,23.8 ,23.86 ,23.89 ,23.85 ,23.84 ,23.96 ,23.87 ,23.78 ,23.82 ,23.83 ,23.8 ,23.78 ,23.83 ,23.8 ,23.76 ,23.85 ,23.84 ,23.78 ,23.78 ,23.79 ,23.81 ,23.78 ,23.87 ,23.83 ,23.83 ,23.82 ,23.87 ,23.87 ,23.83 ,23.75 ,23.8 ,23.72 ,23.58 ,23.57 ,23.63 ,23.59 ,23.6 ,23.6 ,23.61 ,23.62 ,23.46 ,23.64 ,23.63 ,23.53 ,23.45 ,23.49 ,23.63 ,23.61 ,23.63 ,23.64 ,23.62 ,23.58 ,23.6 ,23.54 ,23.54 ,23.57 ,23.6 ,23.47 ,23.44 ,23.48 ,23.49 ,23.61 ,23.64 ,23.61 ,23.6 ,23.57 ,23.56 ,23.6 ,23.58 ,23.54 ,23.54 ,23.45 ,23.47 ,23.59 ,23.71 ,23.72 ,23.73 ,23.72 ,23.7 ,23.71 ,23.68 ,23.64 ,23.8 ,23.79 ,23.72 ,23.7 ,23.75 ,23.75 ,23.68 ,23.77 ,23.75 ,23.66 ,23.67 ,23.68 ,23.63 ,23.68 ,23.65 ,23.63 ,23.66 ,23.59 ,23.52 ,23.56 ,23.62 ,23.62 ,23.57 ,23.53 ,23.57 ,23.59 ,23.52 ,23.53 ,23.63 ,23.65 ,23.67 ,23.69 ,23.67 ,23.55 ,23.53 ,23.65 ,23.69 ,23.72 ,23.7 ,23.75 ,23.77 ,23.72 ,23.73 ,23.77 ,23.76 ,23.72 ,23.71 ,23.78 ,23.75 ,23.77 ,23.76 ,23.81 ,23.81 ,23.78 ,23.77 ,23.78 ,23.82 ,23.87 ,23.84 ,23.91 ,23.83 ,23.89 ,23.93 ,23.82 ,23.77 ,23.73 ,23.6 ,23.58 ,23.74 ,23.82 ,23.93 ,23.92 ,23.95 ,23.81 ,23.76 ,23.88 ,23.84 ,23.89 ,23.83 ,23.82 ,23.89 ,23.9 ,23.87 ,23.85 ,23.75 ,23.57 ,23.57 ,23.71 ,23.84 ,23.85 ,23.83 ,23.84 ,23.8 ,23.78 ,23.92 ,23.96 ,23.94 ,23.91 ,23.9 ,23.89 ,23.87 ,23.86 ,23.91 ,23.95 ,23.88 ,23.86 ,23.84 ,23.87 ,23.83 ,23.95 ,23.92 ,23.84 ,23.79 ,23.91 ,23.97 ,23.88 ,23.9 ,23.9 ,23.94 ,23.96 ,23.83 ,23.91 ,23.98 ,23.89 ,23.83 ,23.89 ,23.8 ,23.83 ,23.72 ,23.66 ,23.57 ,23.55 ,23.64 ,23.61 ,23.66 ,23.67 ,23.69 ,23.75 ,23.72 ,23.65 ,23.67 ,23.69 ,23.65 ,23.7 ,23.67 ,23.65 ,23.67 ,23.72 ,23.69 ,23.59 ,23.57 ,23.66 ,23.69 ,23.74 ,23.75 ,23.7 ,23.68 ,23.59 ,23.6 ,23.64 ,23.72 ,23.69 ,23.71 ,23.66 ,23.6 ,23.62 ,23.55 ,23.54 ,23.54 ,23.58 ,23.61 ,23.63 ,23.68 ,23.66 ,23.75 ,23.87 ,23.89 ,23.87 ,23.85 ,23.86 ,23.86 ,23.88 ,23.95 ,23.92 ,23.98 ,23.96 ,23.85 ,23.83 ,23.82 ,23.83 ,23.8 ,23.85 ,23.88 ,23.89 ,23.98 ,23.95 ,23.89 ,23.94 ,23.92 ,23.86 ,23.88 ,23.9 ,23.88 ,23.89 ,23.92 ,23.89 ,23.91 ,23.87 ,23.83 ,23.9 ,23.9 ,23.85 ,23.85 ,23.86 ,23.87 ,23.88 ,23.9 ,23.82 ,23.7 ,23.76 ,23.79 ,23.77 ,23.76 ,23.78 ,23.77 ,23.76 ,23.84 ,23.8 ,23.79 ,23.85 ,23.84 ,23.81 ,23.83 ,23.87 ,23.86 ,23.78 ,23.79 ,23.78 ,23.79 ,23.81 ,23.77 ,23.69 ,23.72 ,23.82 ,23.81 ,23.81 ,23.75 ,23.63 ,23.57 ,23.53 ,23.53 ,23.5 ,23.55 ,23.53 ,23.54 ,23.62 ,23.63 ,23.56 ,23.56 ,23.64 ,23.76 ,23.68 ,23.58 ,23.65 ,23.68 ,23.73 ,23.75 ,23.83 ,23.84 ,23.84 ,23.91 ,23.91 ,23.81 ,23.78 ,23.77 ,23.78 ,23.79 ,23.89 ,23.9 ,23.81 ,23.84 ,23.78 ,23.71 ,23.83 ,23.8 ,23.81 ,23.8 ,23.83 ,23.83 ,23.76 ,23.77 ,23.71 ,23.68 ,23.77 ,23.75 ,23.7 ,23.78 ,23.8 ,23.82 ,23.68 ,23.71 ,23.7 ,23.66 ,23.72 ,23.75 ,23.71 ,23.77 ,23.68 ,23.75 ,23.7 ,23.69 ,23.73 ,23.67 ,23.72 ,23.66 ,23.63 ,23.67 ,23.67 ,23.71 ,23.66 ,23.62 ,23.5 ,23.54 ,23.53 ,23.46 ,23.45 ,23.45 ,23.51 ,23.53 ,23.59 ,23.56 ,23.4 ,23.41 ,23.46 ,23.43 ,23.49 ,23.39 ,23.31 ,23.32 ,23.34 ,23.22 ,23.26 ,23.29 ,23.38 ,23.33 ,23.37 ,23.42 ,23.43 ,23.5 ,23.52 ,23.34 ,23.26 ,23.3 ,23.4 ,23.44 ,23.45 ,23.4 ,23.49 ,23.4 ,23.42 ,23.43 ,23.33 ,23.37 ,23.33 ,23.32 ,23.32 ,23.45 ,23.45 ,23.42 ,23.29 ,23.33 ,23.24 ,23.4 ,23.44 ,23.35 ,23.28 ,23.33 ,23.39 ,23.32 ,23.32 ,23.35 ,23.39 ,23.31 ,23.33 ,23.3 ,23.37 ,23.23 ,23.18 ,23.16 ,23.19 ,23.27 ,23.19 ,23.26 ,23.27 ,23.2 ,23.14 ,23.2 ,23.23 ,23.26 ,23.23 ,23.31 ,23.31 ,23.29 ,23.19 ,23.22 ,23.31 ,23.29 ,23.3 ,23.37 ,23.33 ,23.24 ,23.25 ,23.39 ,23.29 ,23.25 ,
245,23.42 ,23.39 ,23.35 ,23.26 ,23.37 ,23.35 ,23.44 ,23.47 ,23.43 ,23.51 ,23.45 ,23.43 ,23.47 ,23.43 ,23.39 ,23.43 ,23.44 ,23.43 ,23.43 ,23.4 ,23.35 ,23.42 ,23.37 ,23.34 ,23.32 ,23.34 ,23.39 ,23.36 ,23.29 ,23.39 ,23.45 ,23.49 ,23.57 ,23.7 ,23.54 ,23.64 ,23.63 ,23.52 ,23.53 ,23.62 ,23.6 ,23.57 ,23.57 ,23.62 ,23.63 ,23.64 ,23.56 ,23.63 ,23.66 ,23.64 ,23.57 ,23.62 ,23.65 ,23.62 ,23.67 ,23.74 ,23.62 ,23.61 ,23.62 ,23.54 ,23.57 ,23.58 ,23.61 ,23.59 ,23.69 ,23.65 ,23.67 ,23.71 ,23.71 ,23.63 ,23.67 ,23.65 ,23.66 ,23.73 ,23.62 ,23.69 ,23.7 ,23.61 ,23.62 ,23.63 ,23.73 ,23.68 ,23.64 ,23.61 ,23.59 ,23.64 ,23.71 ,23.73 ,23.63 ,23.59 ,23.62 ,23.61 ,23.63 ,23.63 ,23.5 ,23.54 ,23.55 ,23.54 ,23.51 ,23.53 ,23.54 ,23.55 ,23.55 ,23.63 ,23.65 ,23.72 ,23.83 ,23.76 ,23.79 ,23.68 ,23.71 ,23.68 ,23.71 ,23.8 ,23.76 ,23.75 ,23.72 ,23.75 ,23.79 ,23.81 ,23.76 ,23.8 ,23.82 ,23.87 ,23.83 ,23.86 ,23.84 ,23.76 ,23.75 ,23.78 ,23.82 ,23.82 ,23.77 ,23.77 ,23.78 ,23.79 ,23.75 ,23.74 ,23.76 ,23.82 ,23.81 ,23.77 ,23.84 ,23.87 ,23.86 ,23.83 ,23.81 ,23.78 ,23.85 ,23.88 ,23.86 ,23.86 ,23.89 ,23.87 ,23.82 ,23.88 ,23.82 ,23.8 ,23.85 ,23.83 ,23.79 ,23.84 ,23.84 ,23.85 ,23.82 ,23.81 ,23.83 ,23.82 ,23.8 ,23.81 ,23.87 ,23.79 ,23.76 ,23.77 ,23.77 ,23.74 ,23.58 ,23.53 ,23.6 ,23.61 ,23.62 ,23.59 ,23.61 ,23.59 ,23.59 ,23.59 ,23.55 ,23.52 ,23.53 ,23.63 ,23.55 ,23.52 ,23.64 ,23.61 ,23.57 ,23.53 ,23.56 ,23.61 ,23.62 ,23.61 ,23.45 ,23.43 ,23.47 ,23.49 ,23.51 ,23.64 ,23.66 ,23.6 ,23.57 ,23.6 ,23.65 ,23.64 ,23.58 ,23.5 ,23.44 ,23.44 ,23.58 ,23.72 ,23.8 ,23.74 ,23.67 ,23.71 ,23.72 ,23.66 ,23.69 ,23.78 ,23.86 ,23.8 ,23.7 ,23.74 ,23.76 ,23.76 ,23.75 ,23.72 ,23.72 ,23.66 ,23.71 ,23.7 ,23.74 ,23.69 ,23.65 ,23.67 ,23.66 ,23.63 ,23.57 ,23.57 ,23.58 ,23.57 ,23.57 ,23.58 ,23.68 ,23.61 ,23.61 ,23.65 ,23.68 ,23.72 ,23.67 ,23.66 ,23.57 ,23.54 ,23.62 ,23.66 ,23.7 ,23.76 ,23.78 ,23.69 ,23.7 ,23.69 ,23.7 ,23.69 ,23.67 ,23.73 ,23.75 ,23.7 ,23.69 ,23.69 ,23.77 ,23.89 ,23.83 ,23.8 ,23.81 ,23.83 ,23.89 ,23.84 ,23.84 ,23.79 ,23.89 ,23.85 ,23.77 ,23.69 ,23.63 ,23.65 ,23.69 ,23.72 ,23.83 ,23.9 ,23.94 ,23.93 ,23.8 ,23.8 ,23.9 ,23.91 ,23.9 ,23.84 ,23.82 ,23.92 ,23.92 ,23.87 ,23.88 ,23.76 ,23.52 ,23.58 ,23.67 ,23.78 ,23.86 ,23.77 ,23.78 ,23.77 ,23.8 ,23.86 ,23.85 ,23.81 ,23.82 ,23.88 ,23.91 ,23.8 ,23.84 ,23.88 ,23.81 ,23.88 ,23.82 ,23.89 ,23.86 ,23.86 ,23.86 ,23.87 ,23.87 ,23.79 ,23.89 ,23.95 ,23.92 ,23.81 ,23.88 ,23.94 ,23.93 ,23.9 ,23.88 ,23.9 ,23.89 ,23.81 ,23.81 ,23.8 ,23.76 ,23.71 ,23.66 ,23.62 ,23.62 ,23.71 ,23.65 ,23.68 ,23.72 ,23.73 ,23.77 ,23.66 ,23.7 ,23.61 ,23.62 ,23.66 ,23.7 ,23.65 ,23.62 ,23.65 ,23.66 ,23.59 ,23.53 ,23.58 ,23.61 ,23.68 ,23.69 ,23.7 ,23.64 ,23.62 ,23.67 ,23.62 ,23.63 ,23.66 ,23.59 ,23.63 ,23.66 ,23.67 ,23.63 ,23.65 ,23.54 ,23.49 ,23.57 ,23.68 ,23.67 ,23.72 ,23.74 ,23.79 ,23.9 ,23.91 ,23.9 ,23.91 ,23.93 ,23.84 ,23.86 ,23.85 ,23.88 ,23.94 ,24.02 ,23.87 ,23.81 ,23.88 ,23.85 ,23.86 ,23.81 ,23.83 ,23.85 ,24 ,24 ,23.85 ,23.87 ,23.86 ,23.82 ,23.82 ,23.91 ,23.88 ,23.89 ,23.89 ,23.93 ,23.91 ,23.9 ,23.88 ,23.86 ,23.87 ,23.88 ,23.92 ,23.93 ,23.92 ,23.87 ,23.84 ,23.76 ,23.65 ,23.75 ,23.91 ,23.88 ,23.86 ,23.84 ,23.81 ,23.82 ,23.9 ,23.84 ,23.8 ,23.84 ,23.89 ,23.85 ,23.79 ,23.85 ,23.9 ,23.77 ,23.81 ,23.85 ,23.79 ,23.72 ,23.77 ,23.78 ,23.75 ,23.81 ,23.75 ,23.75 ,23.72 ,23.63 ,23.55 ,23.49 ,23.5 ,23.48 ,23.5 ,23.52 ,23.5 ,23.58 ,23.6 ,23.62 ,23.64 ,23.61 ,23.68 ,23.7 ,23.63 ,23.67 ,23.75 ,23.77 ,23.79 ,23.77 ,23.82 ,23.85 ,23.93 ,23.89 ,23.81 ,23.78 ,23.81 ,23.81 ,23.82 ,23.84 ,23.79 ,23.86 ,23.81 ,23.87 ,23.73 ,23.73 ,23.79 ,23.8 ,23.83 ,23.88 ,23.86 ,23.79 ,23.8 ,23.73 ,23.67 ,23.76 ,23.66 ,23.72 ,23.77 ,23.85 ,24.02 ,23.72 ,23.74 ,23.75 ,23.69 ,23.72 ,23.77 ,23.73 ,23.74 ,23.68 ,23.62 ,23.65 ,23.64 ,23.7 ,23.7 ,23.72 ,23.63 ,23.61 ,23.6 ,23.61 ,23.63 ,23.67 ,23.63 ,23.54 ,23.57 ,23.39 ,23.42 ,23.45 ,23.44 ,23.45 ,23.53 ,23.54 ,23.5 ,23.43 ,23.45 ,23.5 ,23.49 ,23.44 ,23.41 ,23.35 ,23.37 ,23.45 ,23.27 ,23.29 ,23.36 ,23.4 ,23.39 ,23.41 ,23.3 ,23.37 ,23.49 ,23.48 ,23.4 ,23.34 ,23.35 ,23.4 ,23.44 ,23.44 ,23.43 ,23.47 ,23.39 ,23.37 ,23.48 ,23.44 ,23.28 ,23.32 ,23.4 ,23.47 ,23.51 ,23.44 ,23.41 ,23.41 ,23.37 ,23.29 ,23.37 ,23.43 ,23.36 ,23.37 ,23.35 ,23.36 ,23.38 ,23.34 ,23.42 ,23.37 ,23.33 ,23.28 ,23.33 ,23.28 ,23.2 ,23.25 ,23.22 ,23.16 ,23.21 ,23.18 ,23.27 ,23.25 ,23.11 ,23.18 ,23.28 ,23.32 ,23.25 ,23.24 ,23.27 ,23.24 ,23.23 ,23.22 ,23.21 ,23.24 ,23.33 ,23.23 ,23.37 ,23.29 ,23.25 ,23.31 ,23.41 ,23.31 ,23.29 ,
246,23.41 ,23.41 ,23.42 ,23.32 ,23.32 ,23.34 ,23.41 ,23.53 ,23.5 ,23.47 ,23.46 ,23.47 ,23.59 ,23.43 ,23.43 ,23.46 ,23.34 ,23.38 ,23.46 ,23.35 ,23.32 ,23.42 ,23.4 ,23.36 ,23.42 ,23.37 ,23.35 ,23.38 ,23.34 ,23.33 ,23.43 ,23.44 ,23.49 ,23.57 ,23.59 ,23.6 ,23.59 ,23.54 ,23.48 ,23.55 ,23.63 ,23.55 ,23.58 ,23.57 ,23.59 ,23.64 ,23.64 ,23.54 ,23.58 ,23.62 ,23.58 ,23.6 ,23.62 ,23.63 ,23.68 ,23.67 ,23.69 ,23.65 ,23.64 ,23.55 ,23.57 ,23.67 ,23.68 ,23.66 ,23.71 ,23.7 ,23.76 ,23.73 ,23.7 ,23.59 ,23.58 ,23.65 ,23.74 ,23.72 ,23.64 ,23.62 ,23.69 ,23.64 ,23.72 ,23.66 ,23.67 ,23.65 ,23.6 ,23.65 ,23.58 ,23.62 ,23.72 ,23.72 ,23.67 ,23.57 ,23.69 ,23.66 ,23.68 ,23.59 ,23.59 ,23.59 ,23.47 ,23.52 ,23.47 ,23.47 ,23.5 ,23.54 ,23.6 ,23.6 ,23.66 ,23.65 ,23.69 ,23.71 ,23.74 ,23.69 ,23.75 ,23.74 ,23.72 ,23.75 ,23.7 ,23.76 ,23.73 ,23.8 ,23.8 ,23.78 ,23.73 ,23.72 ,23.74 ,23.8 ,23.84 ,23.89 ,23.89 ,23.76 ,23.78 ,23.75 ,23.77 ,23.78 ,23.84 ,23.82 ,23.75 ,23.8 ,23.82 ,23.85 ,23.87 ,23.91 ,23.87 ,23.81 ,23.83 ,23.83 ,23.92 ,23.89 ,23.77 ,23.74 ,23.78 ,23.78 ,23.9 ,23.87 ,23.87 ,23.91 ,23.8 ,23.77 ,23.73 ,23.69 ,23.74 ,23.87 ,23.89 ,23.89 ,23.92 ,23.91 ,23.91 ,23.86 ,23.84 ,23.87 ,23.76 ,23.83 ,23.91 ,23.85 ,23.79 ,23.82 ,23.83 ,23.82 ,23.77 ,23.64 ,23.65 ,23.61 ,23.61 ,23.56 ,23.62 ,23.62 ,23.58 ,23.57 ,23.5 ,23.54 ,23.56 ,23.61 ,23.58 ,23.49 ,23.61 ,23.61 ,23.6 ,23.59 ,23.54 ,23.6 ,23.63 ,23.55 ,23.51 ,23.47 ,23.45 ,23.51 ,23.56 ,23.55 ,23.6 ,23.62 ,23.6 ,23.67 ,23.65 ,23.63 ,23.55 ,23.55 ,23.5 ,23.5 ,23.59 ,23.7 ,23.74 ,23.7 ,23.65 ,23.66 ,23.69 ,23.71 ,23.74 ,23.79 ,23.84 ,23.82 ,23.75 ,23.71 ,23.71 ,23.7 ,23.74 ,23.72 ,23.72 ,23.67 ,23.73 ,23.72 ,23.77 ,23.69 ,23.7 ,23.77 ,23.8 ,23.7 ,23.6 ,23.63 ,23.63 ,23.61 ,23.64 ,23.59 ,23.59 ,23.57 ,23.65 ,23.63 ,23.6 ,23.65 ,23.65 ,23.61 ,23.59 ,23.56 ,23.59 ,23.65 ,23.64 ,23.69 ,23.65 ,23.62 ,23.67 ,23.63 ,23.63 ,23.71 ,23.66 ,23.69 ,23.76 ,23.77 ,23.69 ,23.65 ,23.71 ,23.8 ,23.77 ,23.83 ,23.82 ,23.79 ,23.82 ,23.85 ,23.79 ,23.75 ,23.79 ,23.77 ,23.73 ,23.69 ,23.66 ,23.7 ,23.79 ,23.73 ,23.76 ,23.86 ,23.85 ,23.83 ,23.79 ,23.82 ,23.93 ,23.88 ,23.88 ,23.78 ,23.81 ,23.93 ,23.88 ,23.89 ,23.83 ,23.67 ,23.5 ,23.5 ,23.7 ,23.76 ,23.75 ,23.76 ,23.7 ,23.71 ,23.74 ,23.81 ,23.88 ,23.87 ,23.83 ,23.89 ,23.91 ,23.86 ,23.86 ,23.85 ,23.83 ,23.83 ,23.86 ,23.84 ,23.81 ,23.82 ,23.87 ,23.83 ,23.86 ,23.85 ,23.85 ,23.91 ,23.93 ,23.9 ,23.88 ,23.97 ,23.89 ,23.89 ,23.89 ,23.83 ,23.87 ,23.84 ,23.72 ,23.65 ,23.66 ,23.66 ,23.59 ,23.6 ,23.61 ,23.64 ,23.56 ,23.58 ,23.67 ,23.7 ,23.72 ,23.61 ,23.66 ,23.63 ,23.65 ,23.68 ,23.74 ,23.73 ,23.57 ,23.64 ,23.71 ,23.67 ,23.54 ,23.57 ,23.6 ,23.67 ,23.75 ,23.65 ,23.64 ,23.67 ,23.69 ,23.66 ,23.6 ,23.68 ,23.65 ,23.63 ,23.65 ,23.69 ,23.64 ,23.65 ,23.6 ,23.62 ,23.61 ,23.66 ,23.68 ,23.72 ,23.75 ,23.83 ,23.91 ,23.95 ,23.94 ,23.87 ,23.86 ,23.86 ,23.81 ,23.87 ,23.89 ,23.92 ,23.93 ,23.91 ,23.86 ,23.98 ,23.88 ,23.81 ,23.84 ,23.86 ,23.93 ,23.97 ,23.95 ,23.87 ,23.83 ,23.79 ,23.88 ,23.81 ,23.79 ,23.86 ,23.87 ,23.89 ,23.84 ,23.88 ,23.88 ,23.84 ,23.84 ,23.88 ,23.87 ,23.96 ,23.89 ,23.82 ,23.85 ,23.87 ,23.82 ,23.7 ,23.82 ,23.93 ,23.84 ,23.77 ,23.78 ,23.84 ,23.81 ,23.86 ,23.85 ,23.79 ,23.86 ,23.88 ,23.89 ,23.79 ,23.77 ,23.81 ,23.83 ,23.84 ,23.78 ,23.76 ,23.76 ,23.79 ,23.84 ,23.8 ,23.77 ,23.75 ,23.7 ,23.59 ,23.61 ,23.59 ,23.49 ,23.48 ,23.47 ,23.51 ,23.56 ,23.5 ,23.56 ,23.59 ,23.57 ,23.66 ,23.61 ,23.7 ,23.69 ,23.67 ,23.75 ,23.81 ,23.74 ,23.79 ,23.79 ,23.81 ,23.78 ,23.82 ,23.86 ,23.87 ,23.83 ,23.85 ,23.86 ,23.85 ,23.9 ,23.84 ,23.9 ,23.91 ,23.88 ,23.91 ,23.82 ,23.74 ,23.78 ,23.79 ,23.81 ,23.83 ,23.81 ,23.83 ,23.78 ,23.71 ,23.74 ,23.72 ,23.72 ,23.78 ,23.8 ,23.8 ,23.76 ,23.78 ,23.74 ,23.73 ,23.74 ,23.72 ,23.75 ,23.81 ,23.73 ,23.71 ,23.7 ,23.65 ,23.79 ,23.77 ,23.7 ,23.63 ,23.61 ,23.63 ,23.57 ,23.62 ,23.61 ,23.66 ,23.62 ,23.69 ,23.57 ,23.44 ,23.46 ,23.46 ,23.49 ,23.54 ,23.49 ,23.48 ,23.53 ,23.55 ,23.56 ,23.51 ,23.5 ,23.4 ,23.36 ,23.39 ,23.44 ,23.34 ,23.28 ,23.34 ,23.42 ,23.39 ,23.41 ,23.4 ,23.3 ,23.48 ,23.5 ,23.39 ,23.39 ,23.42 ,23.36 ,23.43 ,23.3 ,23.24 ,23.4 ,23.41 ,23.38 ,23.43 ,23.4 ,23.23 ,23.24 ,23.37 ,23.36 ,23.51 ,23.45 ,23.32 ,23.34 ,23.39 ,23.37 ,23.32 ,23.33 ,23.44 ,23.37 ,23.36 ,23.4 ,23.29 ,23.35 ,23.35 ,23.38 ,23.27 ,23.24 ,23.37 ,23.34 ,23.2 ,23.17 ,23.14 ,23.1 ,23.1 ,23.17 ,23.31 ,23.29 ,23.19 ,23.2 ,23.3 ,23.33 ,23.22 ,23.15 ,23.26 ,23.24 ,23.23 ,23.21 ,23.24 ,23.34 ,23.35 ,23.38 ,23.39 ,23.37 ,23.28 ,23.35 ,23.41 ,23.28 ,23.26 ,
247,23.43 ,23.46 ,23.48 ,23.46 ,23.34 ,23.33 ,23.4 ,23.46 ,23.44 ,23.51 ,23.43 ,23.42 ,23.52 ,23.47 ,23.35 ,23.49 ,23.38 ,23.35 ,23.46 ,23.34 ,23.29 ,23.35 ,23.39 ,23.36 ,23.42 ,23.36 ,23.42 ,23.42 ,23.4 ,23.36 ,23.42 ,23.46 ,23.48 ,23.55 ,23.55 ,23.61 ,23.49 ,23.52 ,23.56 ,23.58 ,23.69 ,23.62 ,23.62 ,23.57 ,23.59 ,23.59 ,23.52 ,23.54 ,23.62 ,23.65 ,23.58 ,23.57 ,23.67 ,23.66 ,23.6 ,23.6 ,23.62 ,23.62 ,23.56 ,23.59 ,23.59 ,23.65 ,23.68 ,23.72 ,23.71 ,23.64 ,23.77 ,23.72 ,23.67 ,23.63 ,23.63 ,23.75 ,23.68 ,23.55 ,23.67 ,23.62 ,23.64 ,23.52 ,23.61 ,23.65 ,23.69 ,23.64 ,23.68 ,23.7 ,23.63 ,23.63 ,23.67 ,23.59 ,23.65 ,23.61 ,23.56 ,23.63 ,23.71 ,23.65 ,23.56 ,23.64 ,23.5 ,23.5 ,23.55 ,23.53 ,23.41 ,23.48 ,23.59 ,23.59 ,23.59 ,23.63 ,23.67 ,23.66 ,23.8 ,23.78 ,23.73 ,23.69 ,23.69 ,23.74 ,23.77 ,23.75 ,23.71 ,23.73 ,23.78 ,23.75 ,23.77 ,23.76 ,23.81 ,23.8 ,23.82 ,23.86 ,23.81 ,23.72 ,23.67 ,23.79 ,23.76 ,23.77 ,23.81 ,23.86 ,23.79 ,23.77 ,23.86 ,23.91 ,23.92 ,23.9 ,23.84 ,23.8 ,23.84 ,23.81 ,23.82 ,23.85 ,23.74 ,23.74 ,23.83 ,23.83 ,23.86 ,23.87 ,23.83 ,23.87 ,23.82 ,23.71 ,23.71 ,23.77 ,23.71 ,23.78 ,23.88 ,23.9 ,23.94 ,23.91 ,23.9 ,23.87 ,23.82 ,23.87 ,23.8 ,23.84 ,23.91 ,23.84 ,23.77 ,23.85 ,23.86 ,23.82 ,23.8 ,23.76 ,23.7 ,23.62 ,23.58 ,23.63 ,23.55 ,23.59 ,23.55 ,23.61 ,23.58 ,23.64 ,23.63 ,23.65 ,23.66 ,23.57 ,23.58 ,23.62 ,23.61 ,23.58 ,23.58 ,23.58 ,23.54 ,23.5 ,23.55 ,23.48 ,23.53 ,23.51 ,23.54 ,23.59 ,23.63 ,23.57 ,23.56 ,23.68 ,23.64 ,23.56 ,23.49 ,23.5 ,23.53 ,23.54 ,23.6 ,23.61 ,23.65 ,23.65 ,23.62 ,23.64 ,23.64 ,23.77 ,23.78 ,23.78 ,23.83 ,23.78 ,23.71 ,23.73 ,23.77 ,23.73 ,23.76 ,23.78 ,23.72 ,23.67 ,23.7 ,23.75 ,23.73 ,23.73 ,23.69 ,23.7 ,23.76 ,23.69 ,23.61 ,23.62 ,23.61 ,23.59 ,23.59 ,23.56 ,23.57 ,23.5 ,23.58 ,23.61 ,23.64 ,23.6 ,23.66 ,23.69 ,23.57 ,23.53 ,23.61 ,23.72 ,23.63 ,23.64 ,23.7 ,23.61 ,23.68 ,23.67 ,23.62 ,23.68 ,23.67 ,23.67 ,23.74 ,23.77 ,23.73 ,23.71 ,23.68 ,23.69 ,23.66 ,23.68 ,23.76 ,23.74 ,23.79 ,23.8 ,23.85 ,23.78 ,23.79 ,23.78 ,23.7 ,23.64 ,23.68 ,23.76 ,23.74 ,23.78 ,23.77 ,23.84 ,23.81 ,23.84 ,23.81 ,23.82 ,23.93 ,23.84 ,23.79 ,23.77 ,23.77 ,23.88 ,23.86 ,23.86 ,23.78 ,23.57 ,23.44 ,23.62 ,23.75 ,23.85 ,23.79 ,23.74 ,23.69 ,23.73 ,23.73 ,23.82 ,23.8 ,23.87 ,23.91 ,23.88 ,23.86 ,23.87 ,23.92 ,23.87 ,23.82 ,23.82 ,23.76 ,23.83 ,23.85 ,23.83 ,23.89 ,23.92 ,23.86 ,23.89 ,23.95 ,23.96 ,23.97 ,23.92 ,23.82 ,23.9 ,23.91 ,23.91 ,23.93 ,23.84 ,23.8 ,23.81 ,23.75 ,23.67 ,23.63 ,23.64 ,23.62 ,23.62 ,23.69 ,23.63 ,23.56 ,23.65 ,23.6 ,23.67 ,23.74 ,23.62 ,23.69 ,23.66 ,23.57 ,23.65 ,23.67 ,23.7 ,23.71 ,23.64 ,23.73 ,23.78 ,23.62 ,23.65 ,23.64 ,23.66 ,23.74 ,23.67 ,23.59 ,23.73 ,23.69 ,23.67 ,23.67 ,23.64 ,23.7 ,23.67 ,23.66 ,23.76 ,23.75 ,23.72 ,23.7 ,23.63 ,23.69 ,23.64 ,23.76 ,23.82 ,23.86 ,23.95 ,23.91 ,23.9 ,23.91 ,23.84 ,23.82 ,23.86 ,23.81 ,23.89 ,23.94 ,23.88 ,23.87 ,23.92 ,23.92 ,23.98 ,23.87 ,23.83 ,23.87 ,23.87 ,23.92 ,24.04 ,23.9 ,23.86 ,23.87 ,23.91 ,23.92 ,23.84 ,23.79 ,23.84 ,23.88 ,23.92 ,23.92 ,23.96 ,23.9 ,23.79 ,23.79 ,23.87 ,23.9 ,23.87 ,23.84 ,23.81 ,23.81 ,23.86 ,23.83 ,23.8 ,23.78 ,23.83 ,23.82 ,23.89 ,23.8 ,23.86 ,23.82 ,23.8 ,23.86 ,23.83 ,23.78 ,23.84 ,23.83 ,23.78 ,23.79 ,23.82 ,23.82 ,23.85 ,23.77 ,23.73 ,23.83 ,23.82 ,23.75 ,23.78 ,23.71 ,23.78 ,23.78 ,23.65 ,23.57 ,23.56 ,23.53 ,23.54 ,23.55 ,23.54 ,23.57 ,23.53 ,23.48 ,23.5 ,23.53 ,23.62 ,23.7 ,23.81 ,23.74 ,23.66 ,23.72 ,23.8 ,23.79 ,23.85 ,23.84 ,23.82 ,23.8 ,23.79 ,23.8 ,23.82 ,23.8 ,23.78 ,23.87 ,23.81 ,23.81 ,23.87 ,23.84 ,23.8 ,23.79 ,23.9 ,23.93 ,23.75 ,23.8 ,23.8 ,23.74 ,23.73 ,23.75 ,23.76 ,23.77 ,23.72 ,23.75 ,23.84 ,23.79 ,23.73 ,23.76 ,23.78 ,23.76 ,23.76 ,23.73 ,23.66 ,23.71 ,23.71 ,23.72 ,23.77 ,23.7 ,23.7 ,23.77 ,23.76 ,23.77 ,23.77 ,23.72 ,23.71 ,23.61 ,23.64 ,23.63 ,23.63 ,23.5 ,23.56 ,23.58 ,23.63 ,23.66 ,23.6 ,23.52 ,23.54 ,23.51 ,23.57 ,23.53 ,23.44 ,23.49 ,23.54 ,23.48 ,23.55 ,23.5 ,23.4 ,23.39 ,23.38 ,23.4 ,23.31 ,23.27 ,23.33 ,23.29 ,23.34 ,23.41 ,23.45 ,23.37 ,23.44 ,23.51 ,23.49 ,23.44 ,23.4 ,23.36 ,23.41 ,23.24 ,23.22 ,23.39 ,23.4 ,23.34 ,23.43 ,23.39 ,23.34 ,23.26 ,23.32 ,23.35 ,23.44 ,23.41 ,23.36 ,23.26 ,23.36 ,23.44 ,23.43 ,23.37 ,23.43 ,23.41 ,23.32 ,23.39 ,23.36 ,23.27 ,23.25 ,23.32 ,23.29 ,23.25 ,23.33 ,23.4 ,23.21 ,23.12 ,23.09 ,23.16 ,23.11 ,23.18 ,23.31 ,23.25 ,23.2 ,23.28 ,23.24 ,23.25 ,23.21 ,23.21 ,23.25 ,23.25 ,23.23 ,23.23 ,23.25 ,23.29 ,23.33 ,23.28 ,23.3 ,23.29 ,23.22 ,23.25 ,23.37 ,23.23 ,23.19 ,
248,23.35 ,23.42 ,23.4 ,23.42 ,23.39 ,23.43 ,23.49 ,23.45 ,23.47 ,23.52 ,23.41 ,23.39 ,23.4 ,23.37 ,23.36 ,23.44 ,23.44 ,23.43 ,23.36 ,23.32 ,23.29 ,23.34 ,23.42 ,23.42 ,23.4 ,23.31 ,23.3 ,23.37 ,23.38 ,23.37 ,23.43 ,23.4 ,23.44 ,23.61 ,23.57 ,23.53 ,23.51 ,23.55 ,23.57 ,23.59 ,23.64 ,23.6 ,23.63 ,23.61 ,23.63 ,23.68 ,23.59 ,23.55 ,23.62 ,23.7 ,23.6 ,23.56 ,23.65 ,23.68 ,23.59 ,23.61 ,23.62 ,23.56 ,23.55 ,23.57 ,23.58 ,23.57 ,23.57 ,23.67 ,23.77 ,23.63 ,23.64 ,23.71 ,23.61 ,23.64 ,23.67 ,23.71 ,23.73 ,23.59 ,23.64 ,23.68 ,23.7 ,23.6 ,23.62 ,23.62 ,23.65 ,23.68 ,23.63 ,23.67 ,23.59 ,23.65 ,23.67 ,23.62 ,23.59 ,23.63 ,23.58 ,23.63 ,23.64 ,23.66 ,23.55 ,23.54 ,23.57 ,23.49 ,23.51 ,23.59 ,23.49 ,23.47 ,23.61 ,23.53 ,23.57 ,23.63 ,23.71 ,23.7 ,23.79 ,23.76 ,23.68 ,23.73 ,23.8 ,23.79 ,23.81 ,23.79 ,23.68 ,23.74 ,23.81 ,23.77 ,23.76 ,23.71 ,23.76 ,23.8 ,23.8 ,23.82 ,23.76 ,23.8 ,23.81 ,23.74 ,23.77 ,23.84 ,23.79 ,23.78 ,23.87 ,23.83 ,23.84 ,23.86 ,23.82 ,23.85 ,23.76 ,23.77 ,23.84 ,23.81 ,23.82 ,23.88 ,23.77 ,23.78 ,23.85 ,23.89 ,23.83 ,23.81 ,23.83 ,23.85 ,23.87 ,23.78 ,23.75 ,23.77 ,23.71 ,23.75 ,23.84 ,23.91 ,23.89 ,23.84 ,23.87 ,23.85 ,23.84 ,23.8 ,23.77 ,23.83 ,23.96 ,23.87 ,23.78 ,23.84 ,23.84 ,23.85 ,23.75 ,23.68 ,23.68 ,23.57 ,23.61 ,23.65 ,23.59 ,23.58 ,23.54 ,23.53 ,23.62 ,23.62 ,23.68 ,23.67 ,23.66 ,23.55 ,23.55 ,23.54 ,23.59 ,23.62 ,23.56 ,23.61 ,23.53 ,23.54 ,23.54 ,23.52 ,23.47 ,23.45 ,23.44 ,23.59 ,23.64 ,23.59 ,23.58 ,23.63 ,23.59 ,23.61 ,23.51 ,23.53 ,23.53 ,23.6 ,23.56 ,23.68 ,23.68 ,23.64 ,23.65 ,23.64 ,23.71 ,23.74 ,23.66 ,23.62 ,23.83 ,23.73 ,23.67 ,23.77 ,23.73 ,23.73 ,23.82 ,23.78 ,23.77 ,23.7 ,23.7 ,23.69 ,23.79 ,23.74 ,23.64 ,23.66 ,23.72 ,23.67 ,23.69 ,23.69 ,23.64 ,23.61 ,23.55 ,23.54 ,23.61 ,23.58 ,23.6 ,23.65 ,23.66 ,23.61 ,23.6 ,23.68 ,23.64 ,23.53 ,23.54 ,23.63 ,23.69 ,23.62 ,23.65 ,23.58 ,23.56 ,23.65 ,23.67 ,23.65 ,23.62 ,23.63 ,23.74 ,23.78 ,23.73 ,23.72 ,23.68 ,23.72 ,23.68 ,23.71 ,23.75 ,23.74 ,23.8 ,23.8 ,23.79 ,23.78 ,23.84 ,23.76 ,23.65 ,23.55 ,23.64 ,23.74 ,23.76 ,23.79 ,23.84 ,23.86 ,23.84 ,23.79 ,23.8 ,23.85 ,23.93 ,23.84 ,23.75 ,23.86 ,23.75 ,23.77 ,23.81 ,23.85 ,23.74 ,23.53 ,23.4 ,23.56 ,23.7 ,23.79 ,23.8 ,23.81 ,23.78 ,23.77 ,23.82 ,23.86 ,23.85 ,23.88 ,23.94 ,23.86 ,23.85 ,23.84 ,23.82 ,23.85 ,23.83 ,23.81 ,23.82 ,23.78 ,23.85 ,23.92 ,23.88 ,23.92 ,23.87 ,23.86 ,23.94 ,23.96 ,23.91 ,23.87 ,23.82 ,23.92 ,23.91 ,23.93 ,23.91 ,23.81 ,23.77 ,23.66 ,23.77 ,23.69 ,23.66 ,23.68 ,23.61 ,23.68 ,23.67 ,23.66 ,23.63 ,23.71 ,23.69 ,23.63 ,23.74 ,23.73 ,23.68 ,23.64 ,23.65 ,23.64 ,23.66 ,23.64 ,23.69 ,23.65 ,23.69 ,23.75 ,23.7 ,23.6 ,23.63 ,23.76 ,23.72 ,23.67 ,23.6 ,23.64 ,23.68 ,23.72 ,23.72 ,23.67 ,23.67 ,23.64 ,23.73 ,23.66 ,23.65 ,23.71 ,23.71 ,23.58 ,23.64 ,23.68 ,23.75 ,23.84 ,23.87 ,23.92 ,23.97 ,23.97 ,23.95 ,23.92 ,23.92 ,23.88 ,23.87 ,23.83 ,23.87 ,23.91 ,23.91 ,23.85 ,23.88 ,23.97 ,23.93 ,23.93 ,23.85 ,23.9 ,23.9 ,23.95 ,23.95 ,23.88 ,23.83 ,23.88 ,23.92 ,23.81 ,23.87 ,23.92 ,23.9 ,23.91 ,23.94 ,23.92 ,23.95 ,23.86 ,23.8 ,23.82 ,23.83 ,23.86 ,23.84 ,23.77 ,23.72 ,23.76 ,23.8 ,23.84 ,23.87 ,23.8 ,23.88 ,23.9 ,23.89 ,23.86 ,23.89 ,23.87 ,23.87 ,23.83 ,23.78 ,23.76 ,23.78 ,23.73 ,23.8 ,23.89 ,23.84 ,23.86 ,23.84 ,23.81 ,23.81 ,23.81 ,23.75 ,23.75 ,23.82 ,23.82 ,23.75 ,23.71 ,23.61 ,23.53 ,23.5 ,23.58 ,23.56 ,23.52 ,23.48 ,23.46 ,23.4 ,23.41 ,23.49 ,23.61 ,23.76 ,23.74 ,23.61 ,23.65 ,23.75 ,23.74 ,23.79 ,23.8 ,23.8 ,23.81 ,23.82 ,23.83 ,23.8 ,23.82 ,23.84 ,23.79 ,23.75 ,23.77 ,23.82 ,23.77 ,23.79 ,23.84 ,23.82 ,23.85 ,23.86 ,23.79 ,23.86 ,23.89 ,23.82 ,23.83 ,23.83 ,23.72 ,23.73 ,23.78 ,23.82 ,23.85 ,23.81 ,23.77 ,23.75 ,23.81 ,23.72 ,23.7 ,23.75 ,23.7 ,23.65 ,23.79 ,23.74 ,23.68 ,23.64 ,23.62 ,23.72 ,23.81 ,23.78 ,23.74 ,23.68 ,23.64 ,23.65 ,23.57 ,23.55 ,23.6 ,23.59 ,23.53 ,23.57 ,23.6 ,23.56 ,23.58 ,23.49 ,23.52 ,23.6 ,23.52 ,23.5 ,23.47 ,23.38 ,23.47 ,23.49 ,23.55 ,23.52 ,23.42 ,23.29 ,23.31 ,23.41 ,23.33 ,23.3 ,23.37 ,23.34 ,23.2 ,23.35 ,23.45 ,23.38 ,23.51 ,23.56 ,23.43 ,23.37 ,23.39 ,23.3 ,23.29 ,23.33 ,23.38 ,23.47 ,23.43 ,23.43 ,23.36 ,23.46 ,23.5 ,23.31 ,23.34 ,23.36 ,23.44 ,23.5 ,23.46 ,23.37 ,23.33 ,23.45 ,23.45 ,23.44 ,23.41 ,23.39 ,23.4 ,23.39 ,23.38 ,23.3 ,23.28 ,23.29 ,23.26 ,23.26 ,23.31 ,23.34 ,23.3 ,23.15 ,23.12 ,23.13 ,23.22 ,23.26 ,23.31 ,23.31 ,23.27 ,23.2 ,23.19 ,23.32 ,23.24 ,23.21 ,23.28 ,23.24 ,23.26 ,23.25 ,23.18 ,23.29 ,23.26 ,23.34 ,23.27 ,23.17 ,23.17 ,23.13 ,23.28 ,23.22 ,23.16 ,
249,23.31 ,23.2 ,23.33 ,23.37 ,23.32 ,23.4 ,23.52 ,23.47 ,23.52 ,23.53 ,23.49 ,23.44 ,23.42 ,23.4 ,23.4 ,23.43 ,23.43 ,23.44 ,23.34 ,23.27 ,23.19 ,23.29 ,23.44 ,23.34 ,23.33 ,23.34 ,23.35 ,23.35 ,23.41 ,23.39 ,23.43 ,23.45 ,23.5 ,23.52 ,23.48 ,23.5 ,23.53 ,23.57 ,23.55 ,23.56 ,23.63 ,23.59 ,23.6 ,23.6 ,23.6 ,23.75 ,23.73 ,23.58 ,23.57 ,23.6 ,23.53 ,23.66 ,23.74 ,23.7 ,23.65 ,23.66 ,23.68 ,23.64 ,23.61 ,23.55 ,23.53 ,23.51 ,23.56 ,23.6 ,23.77 ,23.65 ,23.6 ,23.67 ,23.63 ,23.59 ,23.58 ,23.59 ,23.65 ,23.68 ,23.64 ,23.59 ,23.6 ,23.64 ,23.63 ,23.54 ,23.62 ,23.62 ,23.6 ,23.65 ,23.66 ,23.68 ,23.69 ,23.66 ,23.6 ,23.62 ,23.55 ,23.65 ,23.62 ,23.59 ,23.62 ,23.55 ,23.49 ,23.47 ,23.48 ,23.5 ,23.52 ,23.49 ,23.58 ,23.44 ,23.48 ,23.67 ,23.7 ,23.75 ,23.81 ,23.7 ,23.69 ,23.76 ,23.74 ,23.78 ,23.76 ,23.76 ,23.78 ,23.83 ,23.79 ,23.79 ,23.73 ,23.7 ,23.79 ,23.72 ,23.81 ,23.78 ,23.82 ,23.88 ,23.86 ,23.78 ,23.74 ,23.8 ,23.85 ,23.83 ,23.81 ,23.79 ,23.82 ,23.8 ,23.74 ,23.79 ,23.79 ,23.74 ,23.76 ,23.76 ,23.88 ,23.91 ,23.81 ,23.82 ,23.87 ,23.87 ,23.86 ,23.82 ,23.85 ,23.81 ,23.85 ,23.8 ,23.71 ,23.71 ,23.77 ,23.8 ,23.84 ,23.9 ,23.93 ,23.92 ,23.89 ,23.81 ,23.8 ,23.83 ,23.73 ,23.71 ,23.92 ,23.84 ,23.79 ,23.85 ,23.82 ,23.78 ,23.73 ,23.64 ,23.6 ,23.48 ,23.56 ,23.63 ,23.51 ,23.47 ,23.53 ,23.56 ,23.65 ,23.59 ,23.56 ,23.63 ,23.68 ,23.54 ,23.57 ,23.58 ,23.55 ,23.53 ,23.58 ,23.67 ,23.58 ,23.53 ,23.5 ,23.52 ,23.44 ,23.43 ,23.52 ,23.6 ,23.66 ,23.58 ,23.6 ,23.64 ,23.6 ,23.57 ,23.52 ,23.61 ,23.6 ,23.55 ,23.61 ,23.53 ,23.61 ,23.63 ,23.67 ,23.73 ,23.76 ,23.72 ,23.66 ,23.6 ,23.75 ,23.78 ,23.75 ,23.79 ,23.73 ,23.73 ,23.77 ,23.67 ,23.72 ,23.78 ,23.83 ,23.75 ,23.68 ,23.7 ,23.63 ,23.76 ,23.72 ,23.64 ,23.73 ,23.75 ,23.67 ,23.68 ,23.64 ,23.63 ,23.63 ,23.64 ,23.65 ,23.67 ,23.61 ,23.55 ,23.62 ,23.62 ,23.54 ,23.59 ,23.52 ,23.57 ,23.56 ,23.54 ,23.6 ,23.61 ,23.54 ,23.66 ,23.63 ,23.61 ,23.62 ,23.65 ,23.67 ,23.72 ,23.68 ,23.7 ,23.7 ,23.76 ,23.73 ,23.72 ,23.78 ,23.75 ,23.78 ,23.79 ,23.77 ,23.76 ,23.83 ,23.75 ,23.59 ,23.58 ,23.71 ,23.84 ,23.77 ,23.79 ,23.85 ,23.86 ,23.81 ,23.8 ,23.78 ,23.82 ,23.89 ,23.79 ,23.75 ,23.83 ,23.78 ,23.78 ,23.78 ,23.88 ,23.78 ,23.54 ,23.44 ,23.56 ,23.62 ,23.75 ,23.83 ,23.86 ,23.88 ,23.87 ,23.83 ,23.87 ,23.87 ,23.9 ,23.86 ,23.87 ,23.83 ,23.9 ,23.9 ,23.85 ,23.84 ,23.82 ,23.88 ,23.83 ,23.84 ,23.88 ,23.91 ,23.9 ,23.93 ,23.89 ,23.93 ,23.96 ,23.87 ,23.86 ,23.91 ,23.97 ,23.91 ,23.88 ,23.81 ,23.83 ,23.82 ,23.72 ,23.73 ,23.77 ,23.73 ,23.72 ,23.6 ,23.62 ,23.61 ,23.63 ,23.71 ,23.74 ,23.71 ,23.67 ,23.77 ,23.73 ,23.65 ,23.6 ,23.59 ,23.69 ,23.7 ,23.7 ,23.66 ,23.65 ,23.76 ,23.73 ,23.56 ,23.6 ,23.61 ,23.69 ,23.69 ,23.66 ,23.64 ,23.59 ,23.64 ,23.71 ,23.66 ,23.6 ,23.61 ,23.66 ,23.69 ,23.59 ,23.57 ,23.6 ,23.69 ,23.62 ,23.68 ,23.79 ,23.83 ,23.87 ,23.89 ,23.88 ,23.93 ,23.99 ,23.96 ,24 ,23.91 ,23.9 ,23.88 ,23.89 ,23.87 ,23.93 ,23.99 ,23.92 ,23.9 ,23.93 ,23.86 ,23.91 ,23.88 ,23.85 ,23.89 ,23.83 ,23.9 ,23.84 ,23.79 ,23.94 ,23.88 ,23.8 ,23.88 ,23.85 ,23.85 ,23.89 ,23.88 ,23.81 ,23.87 ,23.83 ,23.83 ,23.85 ,23.86 ,23.84 ,23.8 ,23.7 ,23.69 ,23.65 ,23.72 ,23.73 ,23.75 ,23.84 ,23.81 ,23.77 ,23.77 ,23.83 ,23.81 ,23.86 ,23.81 ,23.85 ,23.78 ,23.83 ,23.79 ,23.78 ,23.84 ,23.87 ,23.78 ,23.79 ,23.8 ,23.85 ,23.83 ,23.76 ,23.81 ,23.73 ,23.78 ,23.79 ,23.6 ,23.52 ,23.65 ,23.55 ,23.5 ,23.47 ,23.46 ,23.49 ,23.54 ,23.53 ,23.49 ,23.45 ,23.54 ,23.62 ,23.65 ,23.64 ,23.57 ,23.58 ,23.72 ,23.74 ,23.75 ,23.8 ,23.78 ,23.87 ,23.83 ,23.84 ,23.85 ,23.84 ,23.83 ,23.86 ,23.76 ,23.68 ,23.79 ,23.79 ,23.87 ,23.92 ,23.86 ,23.91 ,23.82 ,23.8 ,23.87 ,23.78 ,23.66 ,23.75 ,23.78 ,23.71 ,23.7 ,23.74 ,23.8 ,23.84 ,23.8 ,23.79 ,23.8 ,23.74 ,23.69 ,23.79 ,23.87 ,23.82 ,23.65 ,23.67 ,23.74 ,23.63 ,23.56 ,23.65 ,23.81 ,23.81 ,23.82 ,23.67 ,23.66 ,23.66 ,23.61 ,23.62 ,23.55 ,23.69 ,23.64 ,23.56 ,23.53 ,23.54 ,23.47 ,23.52 ,23.49 ,23.4 ,23.5 ,23.45 ,23.51 ,23.43 ,23.39 ,23.53 ,23.46 ,23.52 ,23.53 ,23.43 ,23.32 ,23.29 ,23.34 ,23.31 ,23.34 ,23.33 ,23.35 ,23.35 ,23.29 ,23.45 ,23.46 ,23.38 ,23.42 ,23.51 ,23.4 ,23.45 ,23.49 ,23.37 ,23.34 ,23.43 ,23.45 ,23.33 ,23.36 ,23.32 ,23.33 ,23.46 ,23.34 ,23.28 ,23.36 ,23.39 ,23.49 ,23.5 ,23.4 ,23.42 ,23.49 ,23.44 ,23.42 ,23.34 ,23.34 ,23.41 ,23.46 ,23.35 ,23.3 ,23.35 ,23.38 ,23.33 ,23.29 ,23.36 ,23.36 ,23.26 ,23.2 ,23.24 ,23.2 ,23.22 ,23.23 ,23.22 ,23.17 ,23.27 ,23.17 ,23.13 ,23.25 ,23.33 ,23.25 ,23.34 ,23.28 ,23.2 ,23.2 ,23.24 ,23.27 ,23.31 ,23.27 ,23.35 ,23.25 ,23.21 ,23.17 ,23.21 ,23.22 ,23.12 ,
250,23.36 ,23.27 ,23.4 ,23.49 ,23.48 ,23.36 ,23.46 ,23.49 ,23.52 ,23.46 ,23.42 ,23.51 ,23.4 ,23.43 ,23.52 ,23.45 ,23.36 ,23.38 ,23.34 ,23.3 ,23.25 ,23.29 ,23.46 ,23.43 ,23.3 ,23.39 ,23.41 ,23.42 ,23.39 ,23.47 ,23.5 ,23.44 ,23.49 ,23.56 ,23.59 ,23.6 ,23.55 ,23.6 ,23.6 ,23.54 ,23.54 ,23.54 ,23.61 ,23.65 ,23.6 ,23.65 ,23.73 ,23.66 ,23.62 ,23.62 ,23.61 ,23.63 ,23.71 ,23.63 ,23.58 ,23.61 ,23.66 ,23.61 ,23.61 ,23.6 ,23.57 ,23.62 ,23.67 ,23.57 ,23.71 ,23.7 ,23.62 ,23.65 ,23.65 ,23.61 ,23.53 ,23.56 ,23.64 ,23.64 ,23.69 ,23.64 ,23.67 ,23.59 ,23.58 ,23.55 ,23.62 ,23.61 ,23.72 ,23.64 ,23.64 ,23.73 ,23.73 ,23.7 ,23.72 ,23.66 ,23.6 ,23.59 ,23.62 ,23.63 ,23.61 ,23.6 ,23.47 ,23.42 ,23.44 ,23.5 ,23.57 ,23.47 ,23.45 ,23.47 ,23.5 ,23.62 ,23.71 ,23.73 ,23.78 ,23.73 ,23.71 ,23.78 ,23.72 ,23.75 ,23.72 ,23.73 ,23.77 ,23.84 ,23.8 ,23.77 ,23.77 ,23.75 ,23.81 ,23.8 ,23.76 ,23.8 ,23.83 ,23.86 ,23.79 ,23.76 ,23.82 ,23.81 ,23.82 ,23.94 ,23.86 ,23.78 ,23.8 ,23.81 ,23.73 ,23.79 ,23.8 ,23.81 ,23.8 ,23.77 ,23.89 ,23.88 ,23.86 ,23.78 ,23.89 ,23.84 ,23.76 ,23.84 ,23.89 ,23.8 ,23.79 ,23.79 ,23.76 ,23.75 ,23.78 ,23.86 ,23.84 ,23.86 ,23.95 ,23.91 ,23.89 ,23.9 ,23.9 ,23.91 ,23.8 ,23.78 ,23.87 ,23.8 ,23.79 ,23.92 ,23.84 ,23.8 ,23.77 ,23.74 ,23.69 ,23.54 ,23.51 ,23.6 ,23.52 ,23.44 ,23.55 ,23.61 ,23.61 ,23.61 ,23.54 ,23.53 ,23.68 ,23.63 ,23.65 ,23.66 ,23.62 ,23.57 ,23.54 ,23.62 ,23.6 ,23.53 ,23.52 ,23.55 ,23.51 ,23.47 ,23.55 ,23.56 ,23.55 ,23.55 ,23.5 ,23.58 ,23.56 ,23.52 ,23.54 ,23.61 ,23.58 ,23.61 ,23.63 ,23.61 ,23.57 ,23.67 ,23.67 ,23.72 ,23.68 ,23.59 ,23.69 ,23.58 ,23.62 ,23.65 ,23.74 ,23.83 ,23.68 ,23.73 ,23.83 ,23.74 ,23.73 ,23.79 ,23.87 ,23.72 ,23.7 ,23.71 ,23.72 ,23.84 ,23.84 ,23.76 ,23.72 ,23.74 ,23.77 ,23.75 ,23.74 ,23.71 ,23.64 ,23.61 ,23.64 ,23.67 ,23.64 ,23.64 ,23.64 ,23.57 ,23.52 ,23.53 ,23.54 ,23.56 ,23.53 ,23.55 ,23.58 ,23.62 ,23.67 ,23.59 ,23.61 ,23.6 ,23.59 ,23.62 ,23.66 ,23.78 ,23.66 ,23.67 ,23.73 ,23.8 ,23.78 ,23.74 ,23.72 ,23.71 ,23.76 ,23.73 ,23.77 ,23.79 ,23.7 ,23.68 ,23.62 ,23.6 ,23.72 ,23.82 ,23.79 ,23.72 ,23.79 ,23.86 ,23.77 ,23.86 ,23.81 ,23.82 ,23.85 ,23.82 ,23.74 ,23.78 ,23.8 ,23.86 ,23.82 ,23.81 ,23.68 ,23.45 ,23.46 ,23.64 ,23.67 ,23.78 ,23.84 ,23.83 ,23.82 ,23.87 ,23.91 ,23.9 ,23.82 ,23.89 ,23.91 ,23.84 ,23.81 ,23.82 ,23.93 ,23.89 ,23.86 ,23.79 ,23.84 ,23.88 ,23.82 ,23.89 ,23.97 ,23.93 ,23.91 ,23.92 ,23.92 ,23.95 ,23.93 ,23.93 ,23.91 ,23.99 ,23.89 ,23.82 ,23.78 ,23.75 ,23.73 ,23.7 ,23.69 ,23.71 ,23.72 ,23.72 ,23.65 ,23.6 ,23.63 ,23.65 ,23.76 ,23.73 ,23.69 ,23.69 ,23.81 ,23.72 ,23.68 ,23.66 ,23.63 ,23.72 ,23.69 ,23.69 ,23.65 ,23.62 ,23.71 ,23.73 ,23.67 ,23.57 ,23.66 ,23.72 ,23.69 ,23.66 ,23.61 ,23.64 ,23.63 ,23.7 ,23.7 ,23.67 ,23.64 ,23.61 ,23.67 ,23.61 ,23.58 ,23.57 ,23.67 ,23.67 ,23.67 ,23.84 ,23.95 ,23.92 ,23.91 ,23.82 ,23.86 ,23.97 ,23.95 ,23.94 ,23.92 ,23.85 ,23.92 ,23.89 ,23.94 ,23.89 ,23.95 ,23.93 ,23.85 ,23.85 ,23.84 ,23.84 ,23.85 ,23.83 ,23.88 ,23.9 ,23.89 ,23.86 ,23.85 ,23.92 ,23.87 ,23.85 ,23.92 ,23.94 ,23.88 ,23.84 ,23.94 ,23.79 ,23.79 ,23.83 ,23.8 ,23.89 ,23.9 ,23.86 ,23.71 ,23.69 ,23.69 ,23.68 ,23.69 ,23.65 ,23.69 ,23.8 ,23.84 ,23.77 ,23.72 ,23.85 ,23.81 ,23.8 ,23.81 ,23.84 ,23.81 ,23.8 ,23.82 ,23.73 ,23.82 ,23.87 ,23.86 ,23.75 ,23.76 ,23.85 ,23.78 ,23.8 ,23.81 ,23.72 ,23.7 ,23.74 ,23.68 ,23.55 ,23.6 ,23.63 ,23.57 ,23.5 ,23.39 ,23.55 ,23.63 ,23.53 ,23.46 ,23.45 ,23.53 ,23.64 ,23.69 ,23.69 ,23.71 ,23.75 ,23.76 ,23.73 ,23.7 ,23.87 ,23.88 ,23.86 ,23.77 ,23.79 ,23.83 ,23.84 ,23.77 ,23.82 ,23.85 ,23.71 ,23.77 ,23.77 ,23.84 ,23.99 ,23.83 ,23.83 ,23.75 ,23.75 ,23.75 ,23.73 ,23.67 ,23.78 ,23.78 ,23.76 ,23.75 ,23.72 ,23.76 ,23.77 ,23.75 ,23.76 ,23.8 ,23.77 ,23.8 ,23.83 ,23.9 ,23.85 ,23.73 ,23.7 ,23.65 ,23.67 ,23.57 ,23.65 ,23.78 ,23.75 ,23.76 ,23.66 ,23.62 ,23.65 ,23.65 ,23.59 ,23.54 ,23.67 ,23.67 ,23.54 ,23.43 ,23.5 ,23.5 ,23.55 ,23.54 ,23.42 ,23.44 ,23.49 ,23.54 ,23.45 ,23.36 ,23.52 ,23.41 ,23.4 ,23.45 ,23.41 ,23.3 ,23.28 ,23.28 ,23.26 ,23.28 ,23.23 ,23.27 ,23.35 ,23.4 ,23.39 ,23.48 ,23.4 ,23.32 ,23.34 ,23.35 ,23.43 ,23.46 ,23.47 ,23.31 ,23.34 ,23.34 ,23.3 ,23.37 ,23.36 ,23.32 ,23.37 ,23.29 ,23.26 ,23.37 ,23.48 ,23.48 ,23.46 ,23.39 ,23.44 ,23.47 ,23.39 ,23.31 ,23.31 ,23.27 ,23.35 ,23.49 ,23.42 ,23.28 ,23.36 ,23.4 ,23.34 ,23.27 ,23.28 ,23.31 ,23.19 ,23.15 ,23.23 ,23.2 ,23.19 ,23.23 ,23.2 ,23.1 ,23.23 ,23.13 ,23.19 ,23.3 ,23.3 ,23.25 ,23.23 ,23.24 ,23.34 ,23.23 ,23.25 ,23.22 ,23.22 ,23.25 ,23.28 ,23.25 ,23.24 ,23.23 ,23.25 ,23.18 ,23.16 ,
251,23.33 ,23.29 ,23.36 ,23.47 ,23.5 ,23.41 ,23.38 ,23.39 ,23.49 ,23.53 ,23.37 ,23.44 ,23.44 ,23.4 ,23.54 ,23.51 ,23.33 ,23.39 ,23.35 ,23.32 ,23.33 ,23.29 ,23.31 ,23.39 ,23.33 ,23.39 ,23.44 ,23.42 ,23.38 ,23.36 ,23.48 ,23.57 ,23.58 ,23.53 ,23.59 ,23.67 ,23.63 ,23.65 ,23.69 ,23.65 ,23.5 ,23.51 ,23.63 ,23.66 ,23.68 ,23.66 ,23.61 ,23.65 ,23.63 ,23.58 ,23.56 ,23.6 ,23.65 ,23.68 ,23.58 ,23.64 ,23.59 ,23.57 ,23.58 ,23.6 ,23.58 ,23.68 ,23.63 ,23.66 ,23.69 ,23.76 ,23.68 ,23.63 ,23.59 ,23.56 ,23.57 ,23.58 ,23.69 ,23.66 ,23.67 ,23.72 ,23.67 ,23.66 ,23.58 ,23.55 ,23.65 ,23.67 ,23.68 ,23.59 ,23.63 ,23.69 ,23.69 ,23.74 ,23.79 ,23.7 ,23.56 ,23.6 ,23.57 ,23.59 ,23.51 ,23.5 ,23.46 ,23.48 ,23.5 ,23.45 ,23.48 ,23.48 ,23.51 ,23.49 ,23.49 ,23.54 ,23.69 ,23.76 ,23.7 ,23.68 ,23.73 ,23.75 ,23.81 ,23.77 ,23.76 ,23.79 ,23.82 ,23.73 ,23.8 ,23.76 ,23.75 ,23.79 ,23.78 ,23.77 ,23.76 ,23.73 ,23.78 ,23.86 ,23.82 ,23.79 ,23.87 ,23.85 ,23.82 ,23.81 ,23.83 ,23.8 ,23.8 ,23.83 ,23.85 ,23.83 ,23.81 ,23.88 ,23.83 ,23.77 ,23.86 ,23.89 ,23.79 ,23.79 ,23.8 ,23.86 ,23.68 ,23.84 ,23.83 ,23.81 ,23.84 ,23.83 ,23.73 ,23.72 ,23.81 ,23.83 ,23.87 ,23.83 ,23.93 ,23.87 ,23.84 ,23.84 ,23.86 ,23.96 ,23.85 ,23.83 ,23.82 ,23.76 ,23.81 ,23.91 ,23.93 ,23.87 ,23.87 ,23.84 ,23.76 ,23.66 ,23.54 ,23.57 ,23.52 ,23.49 ,23.53 ,23.61 ,23.57 ,23.59 ,23.6 ,23.56 ,23.63 ,23.67 ,23.63 ,23.6 ,23.65 ,23.57 ,23.57 ,23.65 ,23.65 ,23.54 ,23.52 ,23.6 ,23.53 ,23.5 ,23.54 ,23.56 ,23.55 ,23.58 ,23.56 ,23.59 ,23.56 ,23.54 ,23.58 ,23.69 ,23.6 ,23.58 ,23.59 ,23.68 ,23.63 ,23.65 ,23.71 ,23.67 ,23.67 ,23.64 ,23.64 ,23.51 ,23.47 ,23.57 ,23.58 ,23.79 ,23.76 ,23.73 ,23.77 ,23.75 ,23.8 ,23.84 ,23.86 ,23.75 ,23.75 ,23.75 ,23.74 ,23.77 ,23.81 ,23.79 ,23.81 ,23.74 ,23.71 ,23.76 ,23.69 ,23.69 ,23.72 ,23.61 ,23.64 ,23.63 ,23.64 ,23.64 ,23.66 ,23.6 ,23.54 ,23.51 ,23.52 ,23.51 ,23.51 ,23.59 ,23.57 ,23.53 ,23.57 ,23.56 ,23.54 ,23.53 ,23.56 ,23.62 ,23.68 ,23.78 ,23.71 ,23.67 ,23.74 ,23.77 ,23.78 ,23.74 ,23.72 ,23.72 ,23.7 ,23.73 ,23.75 ,23.74 ,23.75 ,23.63 ,23.62 ,23.74 ,23.78 ,23.74 ,23.73 ,23.75 ,23.76 ,23.88 ,23.85 ,23.82 ,23.85 ,23.83 ,23.78 ,23.73 ,23.77 ,23.76 ,23.77 ,23.78 ,23.76 ,23.68 ,23.55 ,23.39 ,23.4 ,23.7 ,23.73 ,23.74 ,23.85 ,23.84 ,23.71 ,23.73 ,23.81 ,23.85 ,23.81 ,23.87 ,23.92 ,23.89 ,23.86 ,23.78 ,23.93 ,23.93 ,23.84 ,23.81 ,23.84 ,23.88 ,23.84 ,23.91 ,24.03 ,24.01 ,23.92 ,23.91 ,23.91 ,23.91 ,23.98 ,23.91 ,23.89 ,23.98 ,23.85 ,23.66 ,23.76 ,23.71 ,23.63 ,23.67 ,23.58 ,23.64 ,23.67 ,23.68 ,23.7 ,23.6 ,23.57 ,23.66 ,23.71 ,23.68 ,23.68 ,23.74 ,23.71 ,23.7 ,23.74 ,23.69 ,23.66 ,23.73 ,23.69 ,23.66 ,23.67 ,23.66 ,23.72 ,23.69 ,23.6 ,23.66 ,23.67 ,23.71 ,23.74 ,23.71 ,23.6 ,23.58 ,23.67 ,23.74 ,23.73 ,23.75 ,23.74 ,23.69 ,23.63 ,23.65 ,23.62 ,23.63 ,23.72 ,23.65 ,23.64 ,23.75 ,23.92 ,23.94 ,23.92 ,23.91 ,23.88 ,23.92 ,23.95 ,23.91 ,23.88 ,23.87 ,23.92 ,23.98 ,23.98 ,23.9 ,23.89 ,23.9 ,23.81 ,23.81 ,23.82 ,23.83 ,23.83 ,23.83 ,23.84 ,23.89 ,23.91 ,23.9 ,23.87 ,23.88 ,23.86 ,23.89 ,23.9 ,23.91 ,23.83 ,23.91 ,23.95 ,23.86 ,23.85 ,23.86 ,23.88 ,23.91 ,23.89 ,23.84 ,23.68 ,23.74 ,23.68 ,23.65 ,23.71 ,23.66 ,23.7 ,23.86 ,23.84 ,23.82 ,23.8 ,23.86 ,23.89 ,23.85 ,23.81 ,23.83 ,23.82 ,23.87 ,23.82 ,23.72 ,23.75 ,23.85 ,23.87 ,23.86 ,23.81 ,23.81 ,23.79 ,23.82 ,23.78 ,23.68 ,23.63 ,23.68 ,23.66 ,23.66 ,23.6 ,23.58 ,23.56 ,23.56 ,23.53 ,23.63 ,23.59 ,23.53 ,23.5 ,23.55 ,23.58 ,23.6 ,23.69 ,23.67 ,23.71 ,23.8 ,23.79 ,23.83 ,23.81 ,23.81 ,23.88 ,23.87 ,23.79 ,23.75 ,23.85 ,23.86 ,23.79 ,23.86 ,23.89 ,23.78 ,23.79 ,23.82 ,23.81 ,23.84 ,23.82 ,23.78 ,23.79 ,23.73 ,23.7 ,23.71 ,23.78 ,23.89 ,23.9 ,23.81 ,23.8 ,23.71 ,23.7 ,23.76 ,23.72 ,23.63 ,23.69 ,23.78 ,23.79 ,23.81 ,23.88 ,23.78 ,23.73 ,23.74 ,23.71 ,23.66 ,23.72 ,23.67 ,23.72 ,23.68 ,23.66 ,23.69 ,23.71 ,23.72 ,23.62 ,23.56 ,23.53 ,23.59 ,23.61 ,23.6 ,23.45 ,23.5 ,23.57 ,23.52 ,23.51 ,23.56 ,23.54 ,23.55 ,23.57 ,23.48 ,23.43 ,23.44 ,23.4 ,23.36 ,23.35 ,23.34 ,23.26 ,23.3 ,23.34 ,23.23 ,23.22 ,23.25 ,23.26 ,23.32 ,23.37 ,23.38 ,23.41 ,23.46 ,23.42 ,23.35 ,23.26 ,23.41 ,23.38 ,23.36 ,23.32 ,23.38 ,23.41 ,23.36 ,23.28 ,23.36 ,23.33 ,23.32 ,23.35 ,23.3 ,23.4 ,23.43 ,23.44 ,23.39 ,23.35 ,23.31 ,23.44 ,23.38 ,23.31 ,23.3 ,23.33 ,23.41 ,23.45 ,23.36 ,23.27 ,23.26 ,23.34 ,23.25 ,23.3 ,23.33 ,23.31 ,23.24 ,23.22 ,23.25 ,23.22 ,23.25 ,23.21 ,23.16 ,23.13 ,23.15 ,23.26 ,23.24 ,23.36 ,23.33 ,23.23 ,23.2 ,23.23 ,23.33 ,23.27 ,23.23 ,23.27 ,23.28 ,23.23 ,23.2 ,23.22 ,23.24 ,23.28 ,23.3 ,23.27 ,23.26 ,
252,23.41 ,23.31 ,23.37 ,23.45 ,23.44 ,23.41 ,23.4 ,23.39 ,23.4 ,23.47 ,23.41 ,23.42 ,23.42 ,23.38 ,23.44 ,23.46 ,23.34 ,23.38 ,23.49 ,23.44 ,23.3 ,23.38 ,23.31 ,23.35 ,23.41 ,23.41 ,23.5 ,23.38 ,23.33 ,23.36 ,23.42 ,23.56 ,23.64 ,23.56 ,23.56 ,23.61 ,23.62 ,23.57 ,23.56 ,23.57 ,23.57 ,23.51 ,23.61 ,23.62 ,23.61 ,23.66 ,23.59 ,23.6 ,23.67 ,23.58 ,23.53 ,23.58 ,23.61 ,23.66 ,23.69 ,23.63 ,23.6 ,23.62 ,23.66 ,23.67 ,23.67 ,23.59 ,23.57 ,23.57 ,23.66 ,23.66 ,23.68 ,23.69 ,23.62 ,23.57 ,23.59 ,23.62 ,23.64 ,23.61 ,23.66 ,23.76 ,23.75 ,23.72 ,23.66 ,23.56 ,23.57 ,23.59 ,23.68 ,23.68 ,23.6 ,23.68 ,23.75 ,23.73 ,23.67 ,23.61 ,23.58 ,23.65 ,23.6 ,23.57 ,23.5 ,23.51 ,23.46 ,23.4 ,23.5 ,23.47 ,23.43 ,23.48 ,23.47 ,23.43 ,23.42 ,23.62 ,23.72 ,23.71 ,23.72 ,23.7 ,23.79 ,23.77 ,23.76 ,23.8 ,23.73 ,23.73 ,23.78 ,23.8 ,23.85 ,23.81 ,23.8 ,23.81 ,23.82 ,23.79 ,23.73 ,23.72 ,23.75 ,23.8 ,23.79 ,23.72 ,23.79 ,23.86 ,23.8 ,23.83 ,23.78 ,23.83 ,23.83 ,23.77 ,23.8 ,23.87 ,23.84 ,23.79 ,23.81 ,23.79 ,23.82 ,23.84 ,23.81 ,23.76 ,23.81 ,23.86 ,23.77 ,23.88 ,23.91 ,23.79 ,23.87 ,23.9 ,23.78 ,23.78 ,23.85 ,23.79 ,23.83 ,23.86 ,23.87 ,23.8 ,23.79 ,23.84 ,23.79 ,23.89 ,23.79 ,23.81 ,23.81 ,23.75 ,23.77 ,23.8 ,23.86 ,23.86 ,23.85 ,23.88 ,23.86 ,23.68 ,23.57 ,23.57 ,23.61 ,23.59 ,23.56 ,23.63 ,23.64 ,23.56 ,23.56 ,23.58 ,23.56 ,23.54 ,23.5 ,23.51 ,23.53 ,23.55 ,23.54 ,23.62 ,23.7 ,23.53 ,23.5 ,23.51 ,23.48 ,23.42 ,23.56 ,23.61 ,23.58 ,23.56 ,23.5 ,23.6 ,23.56 ,23.58 ,23.6 ,23.65 ,23.6 ,23.54 ,23.52 ,23.62 ,23.63 ,23.65 ,23.63 ,23.63 ,23.64 ,23.62 ,23.57 ,23.5 ,23.5 ,23.57 ,23.59 ,23.78 ,23.78 ,23.76 ,23.77 ,23.75 ,23.81 ,23.8 ,23.82 ,23.77 ,23.78 ,23.76 ,23.72 ,23.75 ,23.68 ,23.71 ,23.76 ,23.81 ,23.67 ,23.66 ,23.66 ,23.7 ,23.74 ,23.68 ,23.68 ,23.69 ,23.65 ,23.68 ,23.63 ,23.6 ,23.53 ,23.51 ,23.61 ,23.58 ,23.55 ,23.58 ,23.62 ,23.61 ,23.55 ,23.59 ,23.61 ,23.54 ,23.54 ,23.61 ,23.63 ,23.71 ,23.65 ,23.65 ,23.66 ,23.64 ,23.74 ,23.72 ,23.76 ,23.79 ,23.73 ,23.67 ,23.73 ,23.69 ,23.68 ,23.67 ,23.66 ,23.8 ,23.77 ,23.79 ,23.76 ,23.76 ,23.78 ,23.84 ,23.85 ,23.78 ,23.8 ,23.77 ,23.75 ,23.69 ,23.78 ,23.75 ,23.7 ,23.73 ,23.67 ,23.66 ,23.48 ,23.34 ,23.4 ,23.61 ,23.74 ,23.77 ,23.8 ,23.84 ,23.73 ,23.7 ,23.81 ,23.83 ,23.86 ,23.93 ,23.94 ,23.88 ,23.88 ,23.81 ,23.87 ,23.93 ,23.88 ,23.78 ,23.86 ,23.9 ,23.89 ,23.9 ,23.91 ,23.95 ,23.92 ,23.92 ,23.92 ,23.94 ,24 ,23.89 ,23.82 ,23.87 ,23.79 ,23.68 ,23.65 ,23.65 ,23.61 ,23.63 ,23.63 ,23.62 ,23.7 ,23.67 ,23.71 ,23.67 ,23.61 ,23.67 ,23.69 ,23.66 ,23.72 ,23.71 ,23.73 ,23.67 ,23.73 ,23.64 ,23.6 ,23.71 ,23.75 ,23.68 ,23.65 ,23.64 ,23.78 ,23.77 ,23.61 ,23.56 ,23.63 ,23.63 ,23.69 ,23.71 ,23.69 ,23.63 ,23.65 ,23.7 ,23.66 ,23.7 ,23.73 ,23.71 ,23.63 ,23.65 ,23.66 ,23.69 ,23.69 ,23.66 ,23.7 ,23.83 ,23.9 ,23.94 ,23.92 ,23.91 ,23.95 ,23.94 ,23.92 ,23.94 ,23.87 ,23.85 ,23.91 ,23.97 ,23.97 ,23.91 ,23.91 ,23.86 ,23.86 ,23.88 ,23.85 ,23.85 ,23.87 ,23.92 ,23.88 ,23.9 ,23.92 ,23.9 ,23.86 ,23.85 ,23.86 ,23.89 ,23.91 ,23.85 ,23.87 ,23.93 ,23.87 ,23.9 ,23.9 ,23.9 ,23.93 ,23.88 ,23.89 ,23.78 ,23.65 ,23.65 ,23.71 ,23.71 ,23.78 ,23.72 ,23.73 ,23.83 ,23.85 ,23.79 ,23.76 ,23.79 ,23.83 ,23.89 ,23.87 ,23.88 ,23.81 ,23.8 ,23.82 ,23.73 ,23.77 ,23.88 ,23.83 ,23.86 ,23.81 ,23.79 ,23.73 ,23.74 ,23.78 ,23.68 ,23.66 ,23.67 ,23.63 ,23.59 ,23.63 ,23.58 ,23.54 ,23.54 ,23.55 ,23.65 ,23.57 ,23.57 ,23.58 ,23.6 ,23.62 ,23.64 ,23.67 ,23.75 ,23.72 ,23.78 ,23.79 ,23.83 ,23.86 ,23.81 ,23.83 ,23.87 ,23.8 ,23.85 ,23.87 ,23.87 ,23.78 ,23.93 ,23.93 ,23.81 ,23.86 ,23.88 ,23.9 ,23.85 ,23.77 ,23.86 ,23.81 ,23.79 ,23.72 ,23.73 ,23.82 ,23.85 ,23.89 ,23.88 ,23.79 ,23.76 ,23.75 ,23.79 ,23.7 ,23.64 ,23.7 ,23.74 ,23.77 ,23.77 ,23.81 ,23.79 ,23.69 ,23.71 ,23.71 ,23.74 ,23.78 ,23.73 ,23.74 ,23.75 ,23.65 ,23.72 ,23.78 ,23.79 ,23.64 ,23.54 ,23.61 ,23.67 ,23.63 ,23.59 ,23.52 ,23.42 ,23.49 ,23.44 ,23.37 ,23.47 ,23.56 ,23.54 ,23.54 ,23.52 ,23.43 ,23.47 ,23.42 ,23.4 ,23.42 ,23.42 ,23.27 ,23.29 ,23.4 ,23.24 ,23.13 ,23.2 ,23.35 ,23.35 ,23.29 ,23.35 ,23.36 ,23.49 ,23.49 ,23.48 ,23.4 ,23.43 ,23.43 ,23.38 ,23.33 ,23.35 ,23.44 ,23.43 ,23.37 ,23.37 ,23.37 ,23.36 ,23.34 ,23.34 ,23.41 ,23.45 ,23.42 ,23.34 ,23.32 ,23.31 ,23.32 ,23.34 ,23.4 ,23.36 ,23.33 ,23.46 ,23.46 ,23.35 ,23.28 ,23.24 ,23.33 ,23.24 ,23.19 ,23.34 ,23.41 ,23.29 ,23.28 ,23.24 ,23.3 ,23.31 ,23.25 ,23.12 ,23.16 ,23.24 ,23.25 ,23.23 ,23.31 ,23.3 ,23.24 ,23.24 ,23.22 ,23.29 ,23.28 ,23.25 ,23.28 ,23.34 ,23.28 ,23.17 ,23.23 ,23.28 ,23.24 ,23.34 ,23.29 ,23.2 ,
253,23.35 ,23.36 ,23.3 ,23.36 ,23.39 ,23.39 ,23.46 ,23.53 ,23.39 ,23.37 ,23.45 ,23.5 ,23.5 ,23.47 ,23.43 ,23.39 ,23.33 ,23.38 ,23.48 ,23.52 ,23.38 ,23.37 ,23.46 ,23.41 ,23.47 ,23.43 ,23.45 ,23.44 ,23.32 ,23.41 ,23.56 ,23.59 ,23.62 ,23.61 ,23.61 ,23.53 ,23.51 ,23.55 ,23.56 ,23.57 ,23.56 ,23.52 ,23.59 ,23.6 ,23.58 ,23.68 ,23.67 ,23.6 ,23.65 ,23.67 ,23.54 ,23.61 ,23.69 ,23.59 ,23.67 ,23.67 ,23.61 ,23.67 ,23.69 ,23.69 ,23.66 ,23.6 ,23.56 ,23.63 ,23.55 ,23.59 ,23.68 ,23.67 ,23.62 ,23.65 ,23.63 ,23.62 ,23.66 ,23.62 ,23.65 ,23.69 ,23.7 ,23.68 ,23.62 ,23.62 ,23.66 ,23.62 ,23.71 ,23.73 ,23.65 ,23.62 ,23.73 ,23.71 ,23.63 ,23.54 ,23.61 ,23.66 ,23.6 ,23.59 ,23.57 ,23.58 ,23.49 ,23.3 ,23.35 ,23.49 ,23.58 ,23.57 ,23.55 ,23.49 ,23.49 ,23.6 ,23.67 ,23.66 ,23.7 ,23.68 ,23.77 ,23.79 ,23.72 ,23.74 ,23.84 ,23.72 ,23.71 ,23.82 ,23.88 ,23.83 ,23.78 ,23.82 ,23.77 ,23.76 ,23.76 ,23.75 ,23.85 ,23.83 ,23.75 ,23.8 ,23.79 ,23.76 ,23.76 ,23.9 ,23.78 ,23.71 ,23.74 ,23.74 ,23.81 ,23.87 ,23.83 ,23.76 ,23.8 ,23.8 ,23.83 ,23.9 ,23.74 ,23.77 ,23.84 ,23.82 ,23.82 ,23.81 ,23.87 ,23.83 ,23.81 ,23.88 ,23.84 ,23.78 ,23.84 ,23.8 ,23.85 ,23.94 ,23.89 ,23.84 ,23.89 ,23.87 ,23.83 ,23.83 ,23.81 ,23.79 ,23.82 ,23.79 ,23.8 ,23.79 ,23.82 ,23.84 ,23.81 ,23.86 ,23.84 ,23.75 ,23.56 ,23.63 ,23.68 ,23.66 ,23.65 ,23.69 ,23.64 ,23.53 ,23.54 ,23.57 ,23.57 ,23.55 ,23.51 ,23.53 ,23.55 ,23.54 ,23.51 ,23.58 ,23.64 ,23.56 ,23.52 ,23.52 ,23.5 ,23.43 ,23.56 ,23.56 ,23.48 ,23.52 ,23.51 ,23.59 ,23.53 ,23.52 ,23.58 ,23.59 ,23.58 ,23.6 ,23.62 ,23.59 ,23.66 ,23.64 ,23.7 ,23.67 ,23.63 ,23.53 ,23.48 ,23.47 ,23.52 ,23.52 ,23.58 ,23.7 ,23.66 ,23.72 ,23.8 ,23.72 ,23.69 ,23.81 ,23.75 ,23.78 ,23.83 ,23.74 ,23.73 ,23.84 ,23.77 ,23.67 ,23.75 ,23.76 ,23.62 ,23.62 ,23.61 ,23.62 ,23.69 ,23.73 ,23.7 ,23.76 ,23.67 ,23.63 ,23.57 ,23.54 ,23.53 ,23.55 ,23.66 ,23.63 ,23.62 ,23.6 ,23.59 ,23.55 ,23.58 ,23.59 ,23.58 ,23.58 ,23.52 ,23.59 ,23.66 ,23.72 ,23.65 ,23.59 ,23.6 ,23.61 ,23.66 ,23.7 ,23.77 ,23.78 ,23.73 ,23.64 ,23.65 ,23.65 ,23.67 ,23.67 ,23.73 ,23.82 ,23.81 ,23.87 ,23.83 ,23.74 ,23.77 ,23.82 ,23.74 ,23.81 ,23.84 ,23.78 ,23.77 ,23.66 ,23.71 ,23.72 ,23.61 ,23.68 ,23.67 ,23.67 ,23.54 ,23.32 ,23.4 ,23.59 ,23.77 ,23.82 ,23.82 ,23.83 ,23.74 ,23.78 ,23.8 ,23.83 ,23.89 ,23.91 ,23.91 ,23.9 ,23.86 ,23.82 ,23.85 ,23.92 ,23.89 ,23.83 ,23.85 ,23.89 ,23.89 ,23.92 ,23.89 ,23.92 ,23.92 ,23.93 ,23.9 ,23.85 ,23.93 ,23.91 ,23.75 ,23.72 ,23.77 ,23.72 ,23.67 ,23.67 ,23.7 ,23.68 ,23.73 ,23.73 ,23.66 ,23.72 ,23.66 ,23.68 ,23.63 ,23.64 ,23.64 ,23.61 ,23.69 ,23.76 ,23.79 ,23.69 ,23.64 ,23.62 ,23.61 ,23.62 ,23.65 ,23.66 ,23.69 ,23.7 ,23.74 ,23.78 ,23.69 ,23.56 ,23.58 ,23.64 ,23.63 ,23.7 ,23.68 ,23.7 ,23.68 ,23.68 ,23.71 ,23.68 ,23.64 ,23.66 ,23.62 ,23.63 ,23.69 ,23.75 ,23.74 ,23.71 ,23.83 ,23.87 ,23.91 ,23.93 ,23.98 ,23.96 ,23.9 ,23.94 ,23.86 ,23.93 ,23.93 ,23.88 ,23.9 ,23.92 ,23.88 ,23.91 ,23.97 ,23.92 ,23.89 ,23.92 ,23.94 ,23.84 ,23.82 ,23.91 ,23.86 ,23.9 ,23.99 ,23.87 ,23.94 ,23.88 ,23.84 ,23.84 ,23.91 ,23.94 ,23.92 ,23.85 ,23.79 ,23.85 ,23.94 ,23.89 ,23.92 ,23.85 ,23.83 ,23.72 ,23.67 ,23.63 ,23.68 ,23.69 ,23.75 ,23.77 ,23.77 ,23.8 ,23.76 ,23.88 ,23.8 ,23.76 ,23.75 ,23.85 ,23.85 ,23.84 ,23.73 ,23.8 ,23.84 ,23.8 ,23.76 ,23.87 ,23.79 ,23.79 ,23.79 ,23.84 ,23.87 ,23.77 ,23.78 ,23.7 ,23.75 ,23.73 ,23.6 ,23.58 ,23.54 ,23.55 ,23.59 ,23.61 ,23.53 ,23.53 ,23.59 ,23.59 ,23.65 ,23.65 ,23.59 ,23.57 ,23.64 ,23.77 ,23.75 ,23.78 ,23.87 ,23.84 ,23.82 ,23.82 ,23.77 ,23.81 ,23.85 ,23.85 ,23.87 ,23.89 ,23.79 ,23.88 ,23.99 ,23.83 ,23.82 ,23.83 ,23.88 ,23.88 ,23.87 ,23.88 ,23.81 ,23.77 ,23.83 ,23.82 ,23.83 ,23.83 ,23.8 ,23.8 ,23.75 ,23.7 ,23.77 ,23.85 ,23.81 ,23.79 ,23.76 ,23.72 ,23.76 ,23.82 ,23.78 ,23.78 ,23.76 ,23.72 ,23.74 ,23.72 ,23.72 ,23.77 ,23.82 ,23.78 ,23.75 ,23.8 ,23.75 ,23.72 ,23.71 ,23.56 ,23.62 ,23.74 ,23.74 ,23.62 ,23.52 ,23.49 ,23.45 ,23.49 ,23.41 ,23.45 ,23.53 ,23.47 ,23.5 ,23.47 ,23.44 ,23.44 ,23.4 ,23.43 ,23.44 ,23.44 ,23.4 ,23.32 ,23.39 ,23.3 ,23.25 ,23.25 ,23.25 ,23.27 ,23.36 ,23.38 ,23.39 ,23.41 ,23.45 ,23.44 ,23.43 ,23.38 ,23.43 ,23.44 ,23.32 ,23.32 ,23.41 ,23.41 ,23.44 ,23.46 ,23.42 ,23.41 ,23.35 ,23.45 ,23.45 ,23.5 ,23.48 ,23.46 ,23.37 ,23.32 ,23.35 ,23.34 ,23.35 ,23.32 ,23.33 ,23.46 ,23.4 ,23.38 ,23.32 ,23.22 ,23.16 ,23.26 ,23.26 ,23.26 ,23.32 ,23.22 ,23.16 ,23.22 ,23.18 ,23.17 ,23.07 ,23.03 ,23.15 ,23.18 ,23.13 ,23.26 ,23.36 ,23.26 ,23.27 ,23.34 ,23.2 ,23.17 ,23.18 ,23.19 ,23.23 ,23.38 ,23.4 ,23.27 ,23.27 ,23.33 ,23.26 ,23.28 ,23.22 ,23.13 ,
254,23.38 ,23.36 ,23.36 ,23.39 ,23.39 ,23.4 ,23.44 ,23.47 ,23.54 ,23.39 ,23.39 ,23.53 ,23.49 ,23.42 ,23.46 ,23.45 ,23.38 ,23.42 ,23.43 ,23.41 ,23.42 ,23.44 ,23.52 ,23.47 ,23.42 ,23.41 ,23.44 ,23.32 ,23.4 ,23.5 ,23.62 ,23.6 ,23.49 ,23.54 ,23.56 ,23.53 ,23.53 ,23.6 ,23.61 ,23.55 ,23.53 ,23.58 ,23.58 ,23.57 ,23.59 ,23.67 ,23.67 ,23.61 ,23.6 ,23.62 ,23.51 ,23.57 ,23.69 ,23.58 ,23.59 ,23.62 ,23.65 ,23.64 ,23.66 ,23.7 ,23.63 ,23.58 ,23.59 ,23.65 ,23.66 ,23.6 ,23.65 ,23.66 ,23.63 ,23.63 ,23.67 ,23.64 ,23.75 ,23.66 ,23.66 ,23.71 ,23.66 ,23.63 ,23.57 ,23.61 ,23.7 ,23.7 ,23.68 ,23.7 ,23.72 ,23.65 ,23.66 ,23.63 ,23.6 ,23.59 ,23.62 ,23.67 ,23.68 ,23.63 ,23.58 ,23.65 ,23.47 ,23.36 ,23.37 ,23.37 ,23.47 ,23.53 ,23.47 ,23.46 ,23.55 ,23.63 ,23.57 ,23.6 ,23.73 ,23.73 ,23.72 ,23.74 ,23.75 ,23.71 ,23.83 ,23.82 ,23.76 ,23.79 ,23.77 ,23.8 ,23.8 ,23.74 ,23.73 ,23.81 ,23.75 ,23.75 ,23.85 ,23.89 ,23.84 ,23.8 ,23.76 ,23.84 ,23.81 ,23.87 ,23.92 ,23.78 ,23.7 ,23.72 ,23.79 ,23.81 ,23.76 ,23.78 ,23.81 ,23.83 ,23.87 ,23.96 ,23.85 ,23.77 ,23.83 ,23.84 ,23.79 ,23.76 ,23.79 ,23.78 ,23.83 ,23.83 ,23.74 ,23.82 ,23.87 ,23.9 ,23.9 ,23.94 ,23.9 ,23.94 ,23.99 ,23.82 ,23.86 ,23.88 ,23.84 ,23.86 ,23.87 ,23.78 ,23.8 ,23.87 ,23.83 ,23.83 ,23.78 ,23.75 ,23.82 ,23.77 ,23.63 ,23.67 ,23.61 ,23.61 ,23.58 ,23.62 ,23.69 ,23.58 ,23.56 ,23.63 ,23.69 ,23.62 ,23.52 ,23.6 ,23.61 ,23.55 ,23.51 ,23.59 ,23.57 ,23.55 ,23.51 ,23.54 ,23.54 ,23.51 ,23.57 ,23.56 ,23.45 ,23.53 ,23.61 ,23.62 ,23.55 ,23.47 ,23.52 ,23.53 ,23.59 ,23.67 ,23.64 ,23.68 ,23.68 ,23.64 ,23.73 ,23.69 ,23.59 ,23.45 ,23.46 ,23.44 ,23.5 ,23.47 ,23.48 ,23.63 ,23.6 ,23.71 ,23.78 ,23.74 ,23.65 ,23.79 ,23.78 ,23.73 ,23.77 ,23.74 ,23.74 ,23.81 ,23.77 ,23.68 ,23.81 ,23.78 ,23.65 ,23.66 ,23.63 ,23.59 ,23.7 ,23.75 ,23.72 ,23.69 ,23.72 ,23.65 ,23.68 ,23.61 ,23.56 ,23.52 ,23.5 ,23.54 ,23.61 ,23.59 ,23.62 ,23.49 ,23.47 ,23.58 ,23.59 ,23.59 ,23.55 ,23.51 ,23.65 ,23.69 ,23.66 ,23.57 ,23.55 ,23.69 ,23.76 ,23.71 ,23.71 ,23.68 ,23.66 ,23.53 ,23.54 ,23.62 ,23.69 ,23.7 ,23.68 ,23.77 ,23.82 ,23.78 ,23.74 ,23.7 ,23.74 ,23.82 ,23.75 ,23.78 ,23.83 ,23.77 ,23.78 ,23.71 ,23.66 ,23.72 ,23.68 ,23.66 ,23.67 ,23.69 ,23.5 ,23.35 ,23.43 ,23.61 ,23.74 ,23.82 ,23.8 ,23.86 ,23.76 ,23.72 ,23.77 ,23.79 ,23.87 ,23.94 ,23.88 ,23.93 ,23.9 ,23.89 ,23.86 ,23.86 ,23.83 ,23.85 ,23.85 ,23.87 ,23.93 ,23.88 ,23.95 ,23.91 ,23.83 ,23.89 ,23.88 ,23.8 ,23.84 ,23.78 ,23.72 ,23.7 ,23.76 ,23.75 ,23.69 ,23.73 ,23.7 ,23.7 ,23.76 ,23.75 ,23.67 ,23.69 ,23.71 ,23.65 ,23.69 ,23.63 ,23.61 ,23.62 ,23.71 ,23.84 ,23.81 ,23.66 ,23.61 ,23.59 ,23.67 ,23.62 ,23.65 ,23.66 ,23.71 ,23.72 ,23.77 ,23.75 ,23.67 ,23.58 ,23.59 ,23.68 ,23.7 ,23.65 ,23.65 ,23.66 ,23.64 ,23.68 ,23.73 ,23.72 ,23.65 ,23.65 ,23.65 ,23.67 ,23.7 ,23.7 ,23.75 ,23.76 ,23.81 ,23.9 ,23.94 ,23.91 ,23.94 ,23.88 ,23.87 ,23.96 ,23.87 ,23.9 ,23.91 ,23.9 ,23.91 ,23.84 ,23.82 ,23.89 ,23.98 ,23.9 ,23.85 ,23.95 ,23.9 ,23.88 ,23.83 ,23.85 ,23.86 ,23.9 ,24.02 ,23.93 ,23.92 ,23.9 ,23.84 ,23.84 ,23.82 ,23.91 ,23.93 ,23.82 ,23.82 ,23.86 ,23.89 ,23.88 ,23.89 ,23.83 ,23.76 ,23.7 ,23.72 ,23.74 ,23.71 ,23.64 ,23.7 ,23.8 ,23.8 ,23.79 ,23.8 ,23.87 ,23.86 ,23.79 ,23.81 ,23.82 ,23.88 ,23.9 ,23.8 ,23.82 ,23.85 ,23.86 ,23.78 ,23.86 ,23.83 ,23.83 ,23.77 ,23.79 ,23.9 ,23.93 ,23.85 ,23.77 ,23.69 ,23.7 ,23.58 ,23.55 ,23.52 ,23.54 ,23.57 ,23.55 ,23.47 ,23.5 ,23.48 ,23.55 ,23.63 ,23.67 ,23.66 ,23.65 ,23.61 ,23.71 ,23.76 ,23.75 ,23.82 ,23.8 ,23.77 ,23.85 ,23.83 ,23.87 ,23.85 ,23.84 ,23.81 ,23.87 ,23.84 ,23.87 ,23.93 ,23.82 ,23.72 ,23.76 ,23.82 ,23.89 ,23.91 ,23.86 ,23.79 ,23.79 ,23.79 ,23.75 ,23.83 ,23.8 ,23.75 ,23.67 ,23.75 ,23.82 ,23.76 ,23.78 ,23.83 ,23.81 ,23.77 ,23.8 ,23.76 ,23.83 ,23.85 ,23.79 ,23.71 ,23.72 ,23.79 ,23.73 ,23.65 ,23.71 ,23.75 ,23.76 ,23.69 ,23.73 ,23.79 ,23.66 ,23.64 ,23.63 ,23.63 ,23.77 ,23.74 ,23.61 ,23.57 ,23.56 ,23.45 ,23.45 ,23.47 ,23.47 ,23.54 ,23.48 ,23.57 ,23.55 ,23.51 ,23.5 ,23.39 ,23.38 ,23.33 ,23.35 ,23.34 ,23.39 ,23.34 ,23.26 ,23.3 ,23.37 ,23.26 ,23.31 ,23.35 ,23.47 ,23.47 ,23.43 ,23.46 ,23.45 ,23.4 ,23.35 ,23.34 ,23.37 ,23.32 ,23.33 ,23.34 ,23.36 ,23.42 ,23.53 ,23.46 ,23.38 ,23.41 ,23.43 ,23.43 ,23.49 ,23.39 ,23.45 ,23.49 ,23.4 ,23.35 ,23.32 ,23.38 ,23.27 ,23.28 ,23.34 ,23.31 ,23.25 ,23.29 ,23.28 ,23.25 ,23.25 ,23.26 ,23.31 ,23.28 ,23.28 ,23.27 ,23.24 ,23.15 ,23.18 ,23.09 ,23.12 ,23.18 ,23.15 ,23.18 ,23.25 ,23.37 ,23.35 ,23.27 ,23.29 ,23.23 ,23.27 ,23.18 ,23.21 ,23.26 ,23.34 ,23.38 ,23.31 ,23.23 ,23.18 ,23.24 ,23.28 ,23.26 ,23.2 ,
255,23.35 ,23.34 ,23.43 ,23.37 ,23.42 ,23.37 ,23.45 ,23.44 ,23.47 ,23.43 ,23.46 ,23.58 ,23.52 ,23.45 ,23.45 ,23.47 ,23.46 ,23.42 ,23.46 ,23.43 ,23.39 ,23.4 ,23.46 ,23.43 ,23.37 ,23.39 ,23.43 ,23.34 ,23.41 ,23.55 ,23.49 ,23.48 ,23.47 ,23.5 ,23.5 ,23.51 ,23.52 ,23.61 ,23.64 ,23.58 ,23.61 ,23.6 ,23.57 ,23.5 ,23.54 ,23.63 ,23.62 ,23.6 ,23.54 ,23.51 ,23.48 ,23.52 ,23.64 ,23.57 ,23.61 ,23.64 ,23.61 ,23.65 ,23.64 ,23.65 ,23.67 ,23.58 ,23.56 ,23.57 ,23.64 ,23.62 ,23.67 ,23.69 ,23.64 ,23.57 ,23.56 ,23.61 ,23.72 ,23.71 ,23.69 ,23.7 ,23.65 ,23.67 ,23.64 ,23.68 ,23.68 ,23.69 ,23.67 ,23.59 ,23.63 ,23.63 ,23.66 ,23.67 ,23.64 ,23.6 ,23.6 ,23.68 ,23.7 ,23.63 ,23.56 ,23.61 ,23.5 ,23.35 ,23.43 ,23.46 ,23.45 ,23.42 ,23.48 ,23.46 ,23.46 ,23.54 ,23.51 ,23.55 ,23.68 ,23.69 ,23.73 ,23.78 ,23.74 ,23.71 ,23.82 ,23.8 ,23.76 ,23.73 ,23.75 ,23.83 ,23.81 ,23.73 ,23.75 ,23.77 ,23.76 ,23.78 ,23.8 ,23.77 ,23.84 ,23.82 ,23.75 ,23.85 ,23.87 ,23.8 ,23.89 ,23.83 ,23.76 ,23.78 ,23.77 ,23.8 ,23.75 ,23.72 ,23.74 ,23.67 ,23.82 ,23.95 ,23.85 ,23.74 ,23.8 ,23.82 ,23.82 ,23.82 ,23.81 ,23.8 ,23.89 ,23.84 ,23.73 ,23.74 ,23.82 ,23.8 ,23.89 ,23.91 ,23.86 ,23.88 ,23.88 ,23.83 ,23.91 ,23.95 ,23.8 ,23.82 ,23.87 ,23.84 ,23.77 ,23.89 ,23.88 ,23.81 ,23.83 ,23.86 ,23.78 ,23.8 ,23.76 ,23.79 ,23.71 ,23.58 ,23.56 ,23.5 ,23.64 ,23.68 ,23.57 ,23.57 ,23.62 ,23.54 ,23.59 ,23.61 ,23.64 ,23.63 ,23.57 ,23.6 ,23.61 ,23.52 ,23.52 ,23.55 ,23.5 ,23.51 ,23.55 ,23.54 ,23.52 ,23.54 ,23.54 ,23.53 ,23.48 ,23.48 ,23.51 ,23.47 ,23.59 ,23.68 ,23.65 ,23.67 ,23.69 ,23.65 ,23.69 ,23.65 ,23.58 ,23.46 ,23.45 ,23.51 ,23.46 ,23.52 ,23.53 ,23.63 ,23.64 ,23.7 ,23.86 ,23.81 ,23.78 ,23.79 ,23.79 ,23.71 ,23.7 ,23.76 ,23.77 ,23.85 ,23.84 ,23.7 ,23.75 ,23.8 ,23.74 ,23.75 ,23.74 ,23.68 ,23.72 ,23.74 ,23.72 ,23.7 ,23.71 ,23.7 ,23.7 ,23.7 ,23.64 ,23.59 ,23.54 ,23.55 ,23.62 ,23.59 ,23.57 ,23.55 ,23.45 ,23.47 ,23.53 ,23.58 ,23.58 ,23.57 ,23.58 ,23.64 ,23.67 ,23.61 ,23.53 ,23.58 ,23.72 ,23.67 ,23.63 ,23.63 ,23.65 ,23.58 ,23.55 ,23.64 ,23.66 ,23.66 ,23.7 ,23.78 ,23.76 ,23.76 ,23.66 ,23.62 ,23.7 ,23.83 ,23.85 ,23.79 ,23.77 ,23.66 ,23.75 ,23.74 ,23.68 ,23.71 ,23.7 ,23.69 ,23.67 ,23.62 ,23.47 ,23.38 ,23.47 ,23.65 ,23.7 ,23.82 ,23.89 ,23.87 ,23.77 ,23.82 ,23.82 ,23.83 ,23.85 ,23.89 ,23.86 ,23.91 ,23.92 ,23.87 ,23.84 ,23.87 ,23.84 ,23.84 ,23.91 ,23.87 ,23.88 ,23.87 ,23.92 ,23.89 ,23.82 ,23.88 ,23.91 ,23.83 ,23.78 ,23.71 ,23.69 ,23.76 ,23.73 ,23.72 ,23.69 ,23.67 ,23.66 ,23.63 ,23.74 ,23.77 ,23.7 ,23.68 ,23.66 ,23.75 ,23.71 ,23.6 ,23.66 ,23.64 ,23.74 ,23.81 ,23.78 ,23.68 ,23.7 ,23.67 ,23.68 ,23.69 ,23.66 ,23.69 ,23.69 ,23.67 ,23.74 ,23.75 ,23.68 ,23.6 ,23.55 ,23.65 ,23.66 ,23.7 ,23.62 ,23.66 ,23.69 ,23.63 ,23.72 ,23.77 ,23.71 ,23.69 ,23.73 ,23.68 ,23.7 ,23.74 ,23.81 ,23.76 ,23.89 ,23.88 ,23.92 ,23.91 ,23.94 ,23.93 ,23.89 ,23.97 ,23.9 ,23.91 ,23.9 ,23.87 ,23.94 ,23.89 ,23.86 ,23.95 ,24.03 ,23.91 ,23.82 ,23.95 ,23.87 ,23.87 ,23.97 ,23.82 ,23.82 ,23.94 ,23.95 ,23.93 ,23.91 ,23.94 ,23.85 ,23.77 ,23.81 ,23.93 ,23.95 ,23.85 ,23.81 ,23.88 ,23.87 ,23.86 ,23.83 ,23.72 ,23.68 ,23.76 ,23.72 ,23.69 ,23.68 ,23.69 ,23.71 ,23.84 ,23.89 ,23.89 ,23.79 ,23.75 ,23.86 ,23.82 ,23.88 ,23.82 ,23.83 ,23.96 ,23.9 ,23.85 ,23.82 ,23.79 ,23.83 ,23.91 ,23.86 ,23.86 ,23.85 ,23.73 ,23.81 ,23.81 ,23.8 ,23.74 ,23.63 ,23.56 ,23.57 ,23.59 ,23.54 ,23.63 ,23.6 ,23.54 ,23.48 ,23.46 ,23.51 ,23.52 ,23.55 ,23.64 ,23.59 ,23.63 ,23.64 ,23.74 ,23.8 ,23.82 ,23.86 ,23.8 ,23.79 ,23.92 ,23.86 ,23.86 ,23.84 ,23.82 ,23.85 ,23.84 ,23.84 ,23.85 ,23.82 ,23.85 ,23.77 ,23.72 ,23.85 ,23.9 ,23.91 ,23.88 ,23.82 ,23.78 ,23.79 ,23.75 ,23.73 ,23.82 ,23.76 ,23.73 ,23.81 ,23.77 ,23.8 ,23.79 ,23.74 ,23.74 ,23.74 ,23.82 ,23.8 ,23.69 ,23.73 ,23.7 ,23.71 ,23.73 ,23.75 ,23.74 ,23.69 ,23.72 ,23.69 ,23.61 ,23.62 ,23.59 ,23.68 ,23.7 ,23.66 ,23.62 ,23.61 ,23.68 ,23.65 ,23.54 ,23.54 ,23.57 ,23.51 ,23.43 ,23.47 ,23.46 ,23.5 ,23.56 ,23.54 ,23.5 ,23.44 ,23.48 ,23.43 ,23.45 ,23.36 ,23.33 ,23.39 ,23.36 ,23.35 ,23.28 ,23.29 ,23.34 ,23.28 ,23.31 ,23.38 ,23.39 ,23.44 ,23.38 ,23.37 ,23.36 ,23.36 ,23.5 ,23.38 ,23.37 ,23.39 ,23.33 ,23.3 ,23.3 ,23.36 ,23.43 ,23.38 ,23.34 ,23.3 ,23.39 ,23.39 ,23.49 ,23.41 ,23.31 ,23.36 ,23.39 ,23.38 ,23.36 ,23.42 ,23.34 ,23.26 ,23.31 ,23.37 ,23.23 ,23.25 ,23.31 ,23.29 ,23.24 ,23.2 ,23.33 ,23.33 ,23.29 ,23.19 ,23.19 ,23.17 ,23.19 ,23.17 ,23.2 ,23.24 ,23.17 ,23.14 ,23.26 ,23.32 ,23.25 ,23.27 ,23.24 ,23.25 ,23.3 ,23.27 ,23.22 ,23.22 ,23.29 ,23.33 ,23.32 ,23.2 ,23.11 ,23.27 ,23.3 ,23.24 ,23.19 ,
256,23.35 ,23.27 ,23.43 ,23.38 ,23.3 ,23.46 ,23.48 ,23.46 ,23.5 ,23.45 ,23.36 ,23.53 ,23.5 ,23.44 ,23.52 ,23.47 ,23.46 ,23.47 ,23.41 ,23.43 ,23.43 ,23.48 ,23.49 ,23.46 ,23.33 ,23.4 ,23.43 ,23.42 ,23.4 ,23.47 ,23.47 ,23.48 ,23.52 ,23.57 ,23.49 ,23.51 ,23.45 ,23.56 ,23.57 ,23.56 ,23.6 ,23.6 ,23.52 ,23.48 ,23.58 ,23.65 ,23.53 ,23.56 ,23.6 ,23.56 ,23.58 ,23.59 ,23.66 ,23.66 ,23.62 ,23.7 ,23.66 ,23.66 ,23.66 ,23.61 ,23.64 ,23.63 ,23.62 ,23.64 ,23.62 ,23.54 ,23.65 ,23.66 ,23.59 ,23.53 ,23.54 ,23.6 ,23.7 ,23.66 ,23.66 ,23.66 ,23.71 ,23.77 ,23.66 ,23.66 ,23.66 ,23.62 ,23.68 ,23.66 ,23.64 ,23.65 ,23.73 ,23.7 ,23.66 ,23.62 ,23.61 ,23.65 ,23.63 ,23.61 ,23.55 ,23.65 ,23.51 ,23.43 ,23.49 ,23.48 ,23.53 ,23.45 ,23.46 ,23.48 ,23.52 ,23.53 ,23.61 ,23.63 ,23.66 ,23.73 ,23.77 ,23.82 ,23.85 ,23.79 ,23.79 ,23.77 ,23.76 ,23.83 ,23.84 ,23.89 ,23.79 ,23.7 ,23.73 ,23.79 ,23.76 ,23.8 ,23.83 ,23.82 ,23.82 ,23.73 ,23.73 ,23.78 ,23.82 ,23.77 ,23.85 ,23.75 ,23.87 ,23.88 ,23.8 ,23.89 ,23.83 ,23.77 ,23.66 ,23.64 ,23.74 ,23.93 ,23.87 ,23.81 ,23.89 ,23.89 ,23.9 ,23.81 ,23.84 ,23.8 ,23.85 ,23.84 ,23.72 ,23.65 ,23.72 ,23.75 ,23.83 ,23.9 ,23.88 ,23.84 ,23.8 ,23.87 ,23.88 ,23.91 ,23.86 ,23.85 ,23.89 ,23.84 ,23.82 ,23.86 ,23.88 ,23.8 ,23.84 ,23.93 ,23.89 ,23.86 ,23.89 ,23.84 ,23.76 ,23.63 ,23.62 ,23.62 ,23.58 ,23.59 ,23.58 ,23.52 ,23.65 ,23.58 ,23.55 ,23.54 ,23.59 ,23.6 ,23.51 ,23.62 ,23.64 ,23.46 ,23.47 ,23.49 ,23.44 ,23.49 ,23.53 ,23.54 ,23.5 ,23.53 ,23.58 ,23.5 ,23.51 ,23.51 ,23.54 ,23.6 ,23.54 ,23.6 ,23.66 ,23.73 ,23.67 ,23.69 ,23.68 ,23.68 ,23.68 ,23.54 ,23.46 ,23.45 ,23.52 ,23.53 ,23.56 ,23.65 ,23.61 ,23.6 ,23.77 ,23.81 ,23.76 ,23.84 ,23.77 ,23.73 ,23.76 ,23.77 ,23.8 ,23.83 ,23.84 ,23.74 ,23.75 ,23.81 ,23.75 ,23.69 ,23.79 ,23.75 ,23.75 ,23.75 ,23.67 ,23.69 ,23.76 ,23.77 ,23.74 ,23.71 ,23.65 ,23.69 ,23.64 ,23.58 ,23.61 ,23.63 ,23.59 ,23.54 ,23.47 ,23.48 ,23.55 ,23.51 ,23.5 ,23.55 ,23.59 ,23.61 ,23.57 ,23.6 ,23.55 ,23.62 ,23.54 ,23.64 ,23.67 ,23.68 ,23.66 ,23.59 ,23.62 ,23.66 ,23.72 ,23.73 ,23.67 ,23.72 ,23.73 ,23.79 ,23.74 ,23.7 ,23.7 ,23.74 ,23.77 ,23.81 ,23.75 ,23.73 ,23.71 ,23.77 ,23.66 ,23.69 ,23.81 ,23.77 ,23.69 ,23.48 ,23.36 ,23.37 ,23.57 ,23.74 ,23.78 ,23.8 ,23.85 ,23.84 ,23.81 ,23.81 ,23.83 ,23.78 ,23.85 ,23.92 ,23.88 ,23.91 ,23.87 ,23.86 ,23.83 ,23.94 ,23.91 ,23.89 ,23.94 ,23.92 ,23.93 ,23.88 ,23.86 ,23.83 ,23.81 ,23.9 ,23.83 ,23.74 ,23.71 ,23.71 ,23.66 ,23.79 ,23.75 ,23.7 ,23.67 ,23.68 ,23.7 ,23.56 ,23.71 ,23.76 ,23.72 ,23.76 ,23.68 ,23.67 ,23.64 ,23.58 ,23.68 ,23.58 ,23.58 ,23.75 ,23.75 ,23.67 ,23.67 ,23.64 ,23.58 ,23.64 ,23.68 ,23.68 ,23.63 ,23.65 ,23.72 ,23.79 ,23.7 ,23.69 ,23.6 ,23.68 ,23.73 ,23.64 ,23.7 ,23.63 ,23.7 ,23.67 ,23.71 ,23.73 ,23.7 ,23.71 ,23.72 ,23.61 ,23.72 ,23.77 ,23.82 ,23.78 ,23.86 ,23.91 ,23.94 ,23.88 ,23.97 ,24.02 ,23.99 ,24 ,23.88 ,23.89 ,23.93 ,23.92 ,23.88 ,23.96 ,23.95 ,23.93 ,24 ,23.94 ,23.84 ,23.93 ,23.87 ,23.83 ,23.89 ,23.79 ,23.78 ,23.96 ,23.98 ,23.9 ,23.93 ,23.92 ,23.88 ,23.86 ,23.84 ,23.89 ,23.9 ,23.86 ,23.87 ,23.91 ,23.86 ,23.82 ,23.82 ,23.71 ,23.66 ,23.72 ,23.71 ,23.59 ,23.61 ,23.68 ,23.77 ,23.8 ,23.87 ,23.93 ,23.89 ,23.77 ,23.81 ,23.85 ,23.84 ,23.85 ,23.8 ,23.88 ,23.88 ,23.91 ,23.82 ,23.79 ,23.8 ,23.83 ,23.85 ,23.82 ,23.82 ,23.81 ,23.78 ,23.75 ,23.75 ,23.71 ,23.65 ,23.62 ,23.57 ,23.51 ,23.55 ,23.66 ,23.62 ,23.53 ,23.52 ,23.49 ,23.48 ,23.5 ,23.57 ,23.62 ,23.62 ,23.57 ,23.69 ,23.74 ,23.81 ,23.79 ,23.87 ,23.86 ,23.81 ,23.89 ,23.93 ,23.91 ,23.79 ,23.79 ,23.88 ,23.82 ,23.8 ,23.84 ,23.73 ,23.72 ,23.82 ,23.78 ,23.89 ,23.93 ,23.88 ,23.82 ,23.87 ,23.84 ,23.8 ,23.71 ,23.67 ,23.82 ,23.8 ,23.77 ,23.82 ,23.71 ,23.8 ,23.84 ,23.72 ,23.66 ,23.67 ,23.77 ,23.81 ,23.73 ,23.67 ,23.64 ,23.69 ,23.76 ,23.65 ,23.7 ,23.7 ,23.73 ,23.67 ,23.67 ,23.78 ,23.7 ,23.62 ,23.69 ,23.71 ,23.64 ,23.58 ,23.61 ,23.6 ,23.53 ,23.52 ,23.54 ,23.54 ,23.4 ,23.44 ,23.51 ,23.6 ,23.49 ,23.42 ,23.48 ,23.32 ,23.45 ,23.46 ,23.44 ,23.44 ,23.38 ,23.36 ,23.36 ,23.33 ,23.29 ,23.34 ,23.31 ,23.33 ,23.33 ,23.39 ,23.34 ,23.37 ,23.47 ,23.47 ,23.42 ,23.35 ,23.44 ,23.4 ,23.48 ,23.43 ,23.38 ,23.33 ,23.33 ,23.37 ,23.43 ,23.33 ,23.37 ,23.32 ,23.33 ,23.41 ,23.41 ,23.41 ,23.33 ,23.4 ,23.37 ,23.36 ,23.44 ,23.4 ,23.35 ,23.3 ,23.43 ,23.43 ,23.24 ,23.25 ,23.3 ,23.28 ,23.14 ,23.2 ,23.31 ,23.34 ,23.23 ,23.21 ,23.15 ,23.22 ,23.12 ,23.14 ,23.2 ,23.16 ,23.23 ,23.2 ,23.14 ,23.31 ,23.23 ,23.25 ,23.26 ,23.22 ,23.27 ,23.12 ,23.25 ,23.29 ,23.31 ,23.29 ,23.34 ,23.21 ,23.19 ,23.3 ,23.39 ,23.28 ,23.24 ,
257,23.36 ,23.29 ,23.29 ,23.39 ,23.27 ,23.37 ,23.43 ,23.41 ,23.5 ,23.45 ,23.33 ,23.39 ,23.5 ,23.32 ,23.45 ,23.6 ,23.5 ,23.46 ,23.37 ,23.39 ,23.46 ,23.55 ,23.57 ,23.42 ,23.35 ,23.42 ,23.4 ,23.41 ,23.46 ,23.47 ,23.54 ,23.55 ,23.58 ,23.62 ,23.6 ,23.6 ,23.56 ,23.56 ,23.55 ,23.54 ,23.51 ,23.6 ,23.55 ,23.55 ,23.64 ,23.63 ,23.48 ,23.57 ,23.62 ,23.73 ,23.63 ,23.66 ,23.7 ,23.58 ,23.54 ,23.65 ,23.66 ,23.55 ,23.64 ,23.65 ,23.59 ,23.63 ,23.67 ,23.64 ,23.69 ,23.66 ,23.61 ,23.64 ,23.7 ,23.62 ,23.63 ,23.64 ,23.75 ,23.71 ,23.66 ,23.6 ,23.7 ,23.71 ,23.62 ,23.65 ,23.66 ,23.67 ,23.67 ,23.63 ,23.59 ,23.67 ,23.69 ,23.73 ,23.72 ,23.69 ,23.75 ,23.73 ,23.7 ,23.62 ,23.56 ,23.69 ,23.55 ,23.48 ,23.53 ,23.46 ,23.51 ,23.47 ,23.47 ,23.52 ,23.59 ,23.61 ,23.66 ,23.64 ,23.68 ,23.75 ,23.79 ,23.81 ,23.92 ,23.83 ,23.73 ,23.72 ,23.77 ,23.83 ,23.86 ,23.81 ,23.76 ,23.76 ,23.7 ,23.75 ,23.75 ,23.78 ,23.76 ,23.79 ,23.76 ,23.75 ,23.7 ,23.77 ,23.84 ,23.78 ,23.79 ,23.76 ,23.72 ,23.86 ,23.83 ,23.82 ,23.82 ,23.85 ,23.78 ,23.72 ,23.73 ,23.83 ,23.86 ,23.86 ,23.93 ,24 ,23.89 ,23.88 ,23.86 ,23.79 ,23.8 ,23.8 ,23.75 ,23.65 ,23.74 ,23.8 ,23.85 ,23.83 ,23.87 ,23.82 ,23.79 ,23.87 ,23.94 ,23.92 ,23.86 ,23.83 ,23.88 ,23.85 ,23.81 ,23.85 ,23.85 ,23.82 ,23.82 ,23.86 ,23.84 ,23.84 ,23.83 ,23.87 ,23.82 ,23.65 ,23.69 ,23.68 ,23.57 ,23.56 ,23.55 ,23.45 ,23.56 ,23.58 ,23.59 ,23.57 ,23.55 ,23.62 ,23.54 ,23.55 ,23.65 ,23.54 ,23.48 ,23.44 ,23.44 ,23.44 ,23.45 ,23.57 ,23.55 ,23.53 ,23.56 ,23.54 ,23.47 ,23.56 ,23.61 ,23.62 ,23.59 ,23.57 ,23.69 ,23.74 ,23.69 ,23.73 ,23.67 ,23.66 ,23.64 ,23.54 ,23.52 ,23.51 ,23.47 ,23.53 ,23.53 ,23.55 ,23.54 ,23.59 ,23.77 ,23.78 ,23.79 ,23.87 ,23.84 ,23.79 ,23.79 ,23.79 ,23.83 ,23.78 ,23.83 ,23.76 ,23.83 ,23.86 ,23.77 ,23.66 ,23.69 ,23.73 ,23.76 ,23.76 ,23.74 ,23.73 ,23.72 ,23.79 ,23.76 ,23.69 ,23.67 ,23.7 ,23.61 ,23.59 ,23.62 ,23.63 ,23.61 ,23.57 ,23.55 ,23.57 ,23.54 ,23.44 ,23.41 ,23.5 ,23.52 ,23.54 ,23.56 ,23.53 ,23.51 ,23.59 ,23.61 ,23.59 ,23.69 ,23.71 ,23.65 ,23.59 ,23.64 ,23.66 ,23.73 ,23.74 ,23.66 ,23.68 ,23.71 ,23.75 ,23.72 ,23.73 ,23.76 ,23.69 ,23.69 ,23.77 ,23.8 ,23.79 ,23.71 ,23.75 ,23.76 ,23.73 ,23.82 ,23.83 ,23.67 ,23.46 ,23.29 ,23.32 ,23.58 ,23.78 ,23.82 ,23.83 ,23.77 ,23.79 ,23.85 ,23.81 ,23.78 ,23.82 ,23.84 ,23.83 ,23.88 ,23.88 ,23.86 ,23.83 ,23.83 ,23.91 ,23.93 ,23.89 ,23.93 ,23.92 ,23.92 ,23.87 ,23.93 ,23.83 ,23.86 ,23.82 ,23.73 ,23.68 ,23.67 ,23.65 ,23.63 ,23.67 ,23.81 ,23.7 ,23.65 ,23.72 ,23.68 ,23.71 ,23.71 ,23.74 ,23.74 ,23.72 ,23.65 ,23.63 ,23.66 ,23.68 ,23.67 ,23.62 ,23.68 ,23.67 ,23.68 ,23.62 ,23.74 ,23.66 ,23.55 ,23.66 ,23.69 ,23.66 ,23.62 ,23.65 ,23.72 ,23.72 ,23.62 ,23.64 ,23.7 ,23.71 ,23.83 ,23.8 ,23.67 ,23.62 ,23.66 ,23.73 ,23.72 ,23.69 ,23.68 ,23.67 ,23.66 ,23.66 ,23.68 ,23.78 ,23.84 ,23.82 ,23.84 ,23.85 ,23.91 ,23.93 ,23.94 ,23.98 ,23.97 ,23.99 ,23.87 ,23.9 ,24 ,23.98 ,23.88 ,23.91 ,23.91 ,23.89 ,23.94 ,23.94 ,23.93 ,23.96 ,23.95 ,23.88 ,23.91 ,23.94 ,23.93 ,23.93 ,23.92 ,23.9 ,23.89 ,23.88 ,23.89 ,23.88 ,23.93 ,23.87 ,23.92 ,23.85 ,23.81 ,23.86 ,23.87 ,23.82 ,23.8 ,23.71 ,23.66 ,23.72 ,23.69 ,23.55 ,23.54 ,23.68 ,23.83 ,23.83 ,23.83 ,23.81 ,23.81 ,23.84 ,23.85 ,23.83 ,23.75 ,23.84 ,23.84 ,23.77 ,23.81 ,23.88 ,23.86 ,23.84 ,23.82 ,23.82 ,23.74 ,23.79 ,23.81 ,23.82 ,23.82 ,23.8 ,23.82 ,23.67 ,23.58 ,23.65 ,23.59 ,23.57 ,23.57 ,23.58 ,23.54 ,23.57 ,23.61 ,23.58 ,23.57 ,23.52 ,23.54 ,23.59 ,23.67 ,23.68 ,23.69 ,23.79 ,23.79 ,23.8 ,23.81 ,23.85 ,23.78 ,23.81 ,23.81 ,23.88 ,23.75 ,23.77 ,23.85 ,23.84 ,23.79 ,23.86 ,23.74 ,23.69 ,23.8 ,23.84 ,23.83 ,23.93 ,23.95 ,23.84 ,23.8 ,23.8 ,23.85 ,23.73 ,23.66 ,23.75 ,23.79 ,23.75 ,23.79 ,23.69 ,23.73 ,23.84 ,23.81 ,23.7 ,23.71 ,23.78 ,23.73 ,23.74 ,23.76 ,23.74 ,23.71 ,23.72 ,23.74 ,23.74 ,23.77 ,23.73 ,23.68 ,23.77 ,23.8 ,23.76 ,23.65 ,23.63 ,23.73 ,23.66 ,23.57 ,23.6 ,23.6 ,23.63 ,23.59 ,23.56 ,23.5 ,23.5 ,23.51 ,23.44 ,23.46 ,23.44 ,23.37 ,23.43 ,23.48 ,23.47 ,23.47 ,23.39 ,23.38 ,23.4 ,23.27 ,23.31 ,23.29 ,23.27 ,23.4 ,23.39 ,23.32 ,23.33 ,23.37 ,23.38 ,23.39 ,23.43 ,23.52 ,23.51 ,23.38 ,23.38 ,23.41 ,23.38 ,23.37 ,23.44 ,23.41 ,23.39 ,23.38 ,23.4 ,23.36 ,23.39 ,23.4 ,23.26 ,23.3 ,23.35 ,23.34 ,23.4 ,23.43 ,23.32 ,23.36 ,23.36 ,23.34 ,23.29 ,23.38 ,23.43 ,23.42 ,23.27 ,23.26 ,23.33 ,23.29 ,23.32 ,23.27 ,23.31 ,23.26 ,23.2 ,23.24 ,23.22 ,23.15 ,23.19 ,23.22 ,23.27 ,23.16 ,23.26 ,23.29 ,23.21 ,23.22 ,23.23 ,23.24 ,23.24 ,23.2 ,23.28 ,23.35 ,23.28 ,23.34 ,23.35 ,23.27 ,23.31 ,23.22 ,23.17 ,23.22 ,23.25 ,23.3 ,23.29 ,
258,23.41 ,23.32 ,23.35 ,23.36 ,23.37 ,23.38 ,23.42 ,23.54 ,23.54 ,23.45 ,23.39 ,23.36 ,23.37 ,23.38 ,23.39 ,23.51 ,23.51 ,23.47 ,23.33 ,23.31 ,23.39 ,23.5 ,23.51 ,23.46 ,23.36 ,23.4 ,23.42 ,23.43 ,23.41 ,23.56 ,23.6 ,23.54 ,23.55 ,23.6 ,23.58 ,23.52 ,23.58 ,23.6 ,23.52 ,23.53 ,23.59 ,23.57 ,23.63 ,23.58 ,23.61 ,23.54 ,23.47 ,23.57 ,23.55 ,23.59 ,23.61 ,23.64 ,23.69 ,23.56 ,23.54 ,23.61 ,23.57 ,23.53 ,23.56 ,23.6 ,23.57 ,23.62 ,23.65 ,23.59 ,23.58 ,23.66 ,23.68 ,23.63 ,23.68 ,23.72 ,23.66 ,23.63 ,23.69 ,23.7 ,23.7 ,23.69 ,23.58 ,23.61 ,23.56 ,23.55 ,23.6 ,23.58 ,23.68 ,23.65 ,23.63 ,23.66 ,23.71 ,23.68 ,23.65 ,23.64 ,23.67 ,23.68 ,23.58 ,23.64 ,23.59 ,23.67 ,23.61 ,23.46 ,23.46 ,23.54 ,23.5 ,23.43 ,23.44 ,23.5 ,23.56 ,23.55 ,23.55 ,23.53 ,23.63 ,23.7 ,23.77 ,23.8 ,23.85 ,23.84 ,23.71 ,23.69 ,23.7 ,23.78 ,23.87 ,23.81 ,23.82 ,23.77 ,23.68 ,23.73 ,23.76 ,23.77 ,23.85 ,23.8 ,23.78 ,23.74 ,23.74 ,23.84 ,23.81 ,23.75 ,23.75 ,23.8 ,23.73 ,23.73 ,23.82 ,23.83 ,23.77 ,23.82 ,23.8 ,23.74 ,23.78 ,23.86 ,23.82 ,23.84 ,23.9 ,23.9 ,23.83 ,23.8 ,23.83 ,23.78 ,23.76 ,23.81 ,23.75 ,23.75 ,23.79 ,23.78 ,23.85 ,23.87 ,23.81 ,23.82 ,23.78 ,23.78 ,23.83 ,23.94 ,23.83 ,23.78 ,23.83 ,23.79 ,23.83 ,23.88 ,23.91 ,23.9 ,23.86 ,23.85 ,23.84 ,23.84 ,23.81 ,23.83 ,23.86 ,23.73 ,23.68 ,23.67 ,23.62 ,23.6 ,23.57 ,23.51 ,23.54 ,23.53 ,23.57 ,23.53 ,23.55 ,23.62 ,23.61 ,23.54 ,23.59 ,23.59 ,23.53 ,23.44 ,23.41 ,23.48 ,23.5 ,23.56 ,23.59 ,23.53 ,23.47 ,23.42 ,23.52 ,23.58 ,23.62 ,23.61 ,23.59 ,23.62 ,23.63 ,23.7 ,23.69 ,23.68 ,23.64 ,23.64 ,23.59 ,23.46 ,23.52 ,23.53 ,23.57 ,23.56 ,23.49 ,23.55 ,23.59 ,23.64 ,23.84 ,23.82 ,23.83 ,23.89 ,23.85 ,23.84 ,23.81 ,23.85 ,23.82 ,23.83 ,23.86 ,23.79 ,23.85 ,23.83 ,23.77 ,23.69 ,23.72 ,23.69 ,23.71 ,23.7 ,23.72 ,23.71 ,23.68 ,23.71 ,23.74 ,23.7 ,23.62 ,23.66 ,23.67 ,23.63 ,23.73 ,23.69 ,23.62 ,23.57 ,23.61 ,23.56 ,23.53 ,23.52 ,23.41 ,23.47 ,23.53 ,23.54 ,23.5 ,23.52 ,23.53 ,23.56 ,23.64 ,23.65 ,23.64 ,23.64 ,23.61 ,23.6 ,23.66 ,23.76 ,23.73 ,23.64 ,23.59 ,23.71 ,23.65 ,23.71 ,23.69 ,23.71 ,23.72 ,23.73 ,23.67 ,23.69 ,23.71 ,23.75 ,23.7 ,23.74 ,23.71 ,23.75 ,23.75 ,23.71 ,23.63 ,23.44 ,23.28 ,23.28 ,23.65 ,23.77 ,23.72 ,23.85 ,23.78 ,23.7 ,23.84 ,23.9 ,23.84 ,23.78 ,23.84 ,23.84 ,23.85 ,23.87 ,23.9 ,23.86 ,23.85 ,23.92 ,23.94 ,23.91 ,23.94 ,23.92 ,23.84 ,23.84 ,23.94 ,23.86 ,23.82 ,23.82 ,23.7 ,23.68 ,23.63 ,23.62 ,23.57 ,23.7 ,23.74 ,23.82 ,23.74 ,23.69 ,23.71 ,23.69 ,23.71 ,23.75 ,23.69 ,23.78 ,23.68 ,23.61 ,23.62 ,23.66 ,23.69 ,23.68 ,23.71 ,23.74 ,23.68 ,23.65 ,23.74 ,23.8 ,23.67 ,23.61 ,23.65 ,23.64 ,23.64 ,23.6 ,23.7 ,23.65 ,23.6 ,23.64 ,23.61 ,23.68 ,23.77 ,23.73 ,23.7 ,23.62 ,23.63 ,23.68 ,23.7 ,23.69 ,23.65 ,23.71 ,23.69 ,23.64 ,23.72 ,23.82 ,23.91 ,23.87 ,23.9 ,23.83 ,23.85 ,23.93 ,23.96 ,23.89 ,23.89 ,23.97 ,23.93 ,23.92 ,23.97 ,23.95 ,23.91 ,23.89 ,23.87 ,23.91 ,23.96 ,23.85 ,23.82 ,23.9 ,23.87 ,23.86 ,23.98 ,23.92 ,23.79 ,23.81 ,23.83 ,23.85 ,23.9 ,23.93 ,23.92 ,23.86 ,23.85 ,23.87 ,23.89 ,23.92 ,23.84 ,23.78 ,23.8 ,23.76 ,23.72 ,23.68 ,23.68 ,23.76 ,23.72 ,23.64 ,23.62 ,23.74 ,23.83 ,23.78 ,23.83 ,23.82 ,23.79 ,23.83 ,23.83 ,23.84 ,23.71 ,23.75 ,23.86 ,23.79 ,23.71 ,23.75 ,23.82 ,23.8 ,23.76 ,23.86 ,23.86 ,23.7 ,23.7 ,23.79 ,23.83 ,23.86 ,23.81 ,23.63 ,23.57 ,23.56 ,23.57 ,23.6 ,23.55 ,23.58 ,23.59 ,23.61 ,23.55 ,23.5 ,23.54 ,23.57 ,23.54 ,23.62 ,23.75 ,23.76 ,23.74 ,23.72 ,23.7 ,23.77 ,23.83 ,23.82 ,23.82 ,23.77 ,23.73 ,23.82 ,23.73 ,23.78 ,23.78 ,23.8 ,23.81 ,23.82 ,23.85 ,23.75 ,23.86 ,23.89 ,23.87 ,23.87 ,23.78 ,23.79 ,23.75 ,23.8 ,23.8 ,23.79 ,23.81 ,23.74 ,23.74 ,23.83 ,23.82 ,23.68 ,23.7 ,23.77 ,23.77 ,23.77 ,23.77 ,23.82 ,23.75 ,23.71 ,23.78 ,23.74 ,23.66 ,23.69 ,23.76 ,23.72 ,23.75 ,23.74 ,23.72 ,23.77 ,23.79 ,23.69 ,23.66 ,23.62 ,23.64 ,23.65 ,23.59 ,23.58 ,23.61 ,23.57 ,23.53 ,23.49 ,23.48 ,23.52 ,23.62 ,23.48 ,23.46 ,23.43 ,23.54 ,23.54 ,23.5 ,23.52 ,23.46 ,23.36 ,23.36 ,23.43 ,23.34 ,23.34 ,23.4 ,23.25 ,23.3 ,23.37 ,23.24 ,23.19 ,23.28 ,23.39 ,23.46 ,23.44 ,23.48 ,23.42 ,23.35 ,23.4 ,23.41 ,23.36 ,23.34 ,23.43 ,23.43 ,23.41 ,23.43 ,23.47 ,23.41 ,23.37 ,23.36 ,23.25 ,23.28 ,23.31 ,23.3 ,23.34 ,23.4 ,23.31 ,23.35 ,23.37 ,23.4 ,23.33 ,23.34 ,23.43 ,23.39 ,23.39 ,23.32 ,23.25 ,23.29 ,23.29 ,23.25 ,23.36 ,23.29 ,23.18 ,23.15 ,23.18 ,23.09 ,23.17 ,23.23 ,23.19 ,23.14 ,23.21 ,23.21 ,23.16 ,23.2 ,23.14 ,23.17 ,23.29 ,23.24 ,23.3 ,23.32 ,23.27 ,23.25 ,23.3 ,23.28 ,23.3 ,23.22 ,23.19 ,23.26 ,23.28 ,23.25 ,23.28 ,
259,23.44 ,23.4 ,23.44 ,23.45 ,23.45 ,23.34 ,23.44 ,23.48 ,23.53 ,23.4 ,23.43 ,23.43 ,23.46 ,23.42 ,23.31 ,23.32 ,23.45 ,23.48 ,23.49 ,23.42 ,23.36 ,23.46 ,23.5 ,23.37 ,23.36 ,23.34 ,23.35 ,23.37 ,23.48 ,23.51 ,23.52 ,23.48 ,23.46 ,23.53 ,23.58 ,23.48 ,23.51 ,23.64 ,23.58 ,23.53 ,23.61 ,23.61 ,23.62 ,23.61 ,23.55 ,23.53 ,23.49 ,23.57 ,23.56 ,23.53 ,23.54 ,23.49 ,23.64 ,23.6 ,23.6 ,23.65 ,23.57 ,23.59 ,23.55 ,23.45 ,23.52 ,23.61 ,23.61 ,23.55 ,23.59 ,23.62 ,23.77 ,23.66 ,23.62 ,23.67 ,23.68 ,23.61 ,23.59 ,23.66 ,23.7 ,23.66 ,23.62 ,23.6 ,23.58 ,23.49 ,23.57 ,23.66 ,23.68 ,23.62 ,23.61 ,23.61 ,23.6 ,23.59 ,23.65 ,23.62 ,23.65 ,23.61 ,23.54 ,23.56 ,23.6 ,23.63 ,23.59 ,23.46 ,23.44 ,23.51 ,23.54 ,23.51 ,23.48 ,23.47 ,23.55 ,23.47 ,23.44 ,23.47 ,23.57 ,23.65 ,23.69 ,23.65 ,23.8 ,23.79 ,23.7 ,23.67 ,23.68 ,23.77 ,23.85 ,23.83 ,23.83 ,23.8 ,23.78 ,23.75 ,23.74 ,23.77 ,23.85 ,23.76 ,23.79 ,23.75 ,23.8 ,23.82 ,23.74 ,23.76 ,23.8 ,23.78 ,23.71 ,23.78 ,23.8 ,23.8 ,23.8 ,23.76 ,23.78 ,23.8 ,23.73 ,23.81 ,23.83 ,23.81 ,23.91 ,23.87 ,23.78 ,23.75 ,23.82 ,23.79 ,23.77 ,23.83 ,23.83 ,23.8 ,23.82 ,23.81 ,23.86 ,23.86 ,23.81 ,23.79 ,23.85 ,23.79 ,23.8 ,23.91 ,23.84 ,23.79 ,23.84 ,23.78 ,23.78 ,23.87 ,23.88 ,23.86 ,23.8 ,23.85 ,23.88 ,23.82 ,23.84 ,23.83 ,23.79 ,23.8 ,23.74 ,23.61 ,23.61 ,23.64 ,23.53 ,23.53 ,23.58 ,23.57 ,23.61 ,23.56 ,23.51 ,23.6 ,23.58 ,23.54 ,23.5 ,23.57 ,23.53 ,23.48 ,23.44 ,23.46 ,23.54 ,23.55 ,23.54 ,23.51 ,23.47 ,23.46 ,23.56 ,23.55 ,23.53 ,23.58 ,23.57 ,23.62 ,23.71 ,23.64 ,23.6 ,23.6 ,23.61 ,23.64 ,23.64 ,23.54 ,23.52 ,23.49 ,23.62 ,23.65 ,23.45 ,23.55 ,23.58 ,23.65 ,23.78 ,23.86 ,23.82 ,23.85 ,23.81 ,23.87 ,23.82 ,23.83 ,23.8 ,23.78 ,23.82 ,23.74 ,23.85 ,23.85 ,23.77 ,23.75 ,23.75 ,23.69 ,23.73 ,23.71 ,23.78 ,23.71 ,23.66 ,23.65 ,23.68 ,23.67 ,23.63 ,23.6 ,23.62 ,23.63 ,23.75 ,23.72 ,23.57 ,23.5 ,23.51 ,23.59 ,23.52 ,23.45 ,23.41 ,23.4 ,23.51 ,23.53 ,23.54 ,23.53 ,23.54 ,23.57 ,23.58 ,23.6 ,23.65 ,23.58 ,23.58 ,23.6 ,23.61 ,23.69 ,23.75 ,23.57 ,23.52 ,23.67 ,23.66 ,23.67 ,23.73 ,23.66 ,23.74 ,23.76 ,23.74 ,23.69 ,23.68 ,23.6 ,23.67 ,23.7 ,23.65 ,23.77 ,23.73 ,23.57 ,23.53 ,23.37 ,23.23 ,23.39 ,23.65 ,23.76 ,23.63 ,23.79 ,23.87 ,23.75 ,23.76 ,23.9 ,23.86 ,23.75 ,23.82 ,23.89 ,23.88 ,23.85 ,23.97 ,23.86 ,23.84 ,23.9 ,23.94 ,23.91 ,23.94 ,23.9 ,23.86 ,23.88 ,23.95 ,23.87 ,23.73 ,23.78 ,23.73 ,23.67 ,23.69 ,23.69 ,23.63 ,23.71 ,23.73 ,23.79 ,23.78 ,23.72 ,23.68 ,23.63 ,23.63 ,23.72 ,23.63 ,23.71 ,23.8 ,23.64 ,23.58 ,23.61 ,23.63 ,23.6 ,23.7 ,23.76 ,23.75 ,23.65 ,23.68 ,23.7 ,23.69 ,23.62 ,23.49 ,23.6 ,23.69 ,23.6 ,23.68 ,23.66 ,23.58 ,23.73 ,23.68 ,23.7 ,23.75 ,23.63 ,23.59 ,23.59 ,23.61 ,23.59 ,23.64 ,23.64 ,23.66 ,23.67 ,23.67 ,23.66 ,23.75 ,23.8 ,23.9 ,23.89 ,23.93 ,23.94 ,23.89 ,23.94 ,23.97 ,23.94 ,23.98 ,23.92 ,23.85 ,23.88 ,23.95 ,23.92 ,23.89 ,23.93 ,23.92 ,23.94 ,23.89 ,23.81 ,23.76 ,23.83 ,23.84 ,23.84 ,23.92 ,23.96 ,23.75 ,23.73 ,23.92 ,23.89 ,23.9 ,23.87 ,23.87 ,23.86 ,23.75 ,23.8 ,23.87 ,23.96 ,23.91 ,23.78 ,23.72 ,23.67 ,23.7 ,23.72 ,23.69 ,23.73 ,23.69 ,23.68 ,23.69 ,23.83 ,23.84 ,23.78 ,23.81 ,23.89 ,23.82 ,23.84 ,23.8 ,23.89 ,23.79 ,23.78 ,23.83 ,23.89 ,23.76 ,23.72 ,23.81 ,23.73 ,23.67 ,23.79 ,23.85 ,23.78 ,23.64 ,23.67 ,23.77 ,23.81 ,23.77 ,23.67 ,23.69 ,23.58 ,23.49 ,23.55 ,23.6 ,23.57 ,23.59 ,23.62 ,23.58 ,23.5 ,23.51 ,23.54 ,23.53 ,23.54 ,23.68 ,23.69 ,23.7 ,23.72 ,23.77 ,23.8 ,23.81 ,23.77 ,23.84 ,23.84 ,23.78 ,23.85 ,23.78 ,23.82 ,23.84 ,23.86 ,23.79 ,23.78 ,23.82 ,23.8 ,23.79 ,23.84 ,23.8 ,23.76 ,23.75 ,23.77 ,23.75 ,23.77 ,23.76 ,23.75 ,23.78 ,23.74 ,23.7 ,23.7 ,23.65 ,23.69 ,23.72 ,23.8 ,23.73 ,23.74 ,23.75 ,23.74 ,23.68 ,23.71 ,23.74 ,23.69 ,23.66 ,23.71 ,23.76 ,23.69 ,23.62 ,23.69 ,23.75 ,23.74 ,23.68 ,23.71 ,23.63 ,23.64 ,23.69 ,23.68 ,23.63 ,23.64 ,23.62 ,23.54 ,23.5 ,23.55 ,23.45 ,23.49 ,23.53 ,23.57 ,23.53 ,23.53 ,23.54 ,23.57 ,23.5 ,23.57 ,23.5 ,23.4 ,23.41 ,23.44 ,23.38 ,23.36 ,23.42 ,23.32 ,23.25 ,23.34 ,23.33 ,23.27 ,23.3 ,23.33 ,23.36 ,23.4 ,23.46 ,23.46 ,23.39 ,23.46 ,23.41 ,23.38 ,23.3 ,23.27 ,23.3 ,23.42 ,23.41 ,23.39 ,23.34 ,23.36 ,23.3 ,23.28 ,23.31 ,23.36 ,23.35 ,23.28 ,23.32 ,23.33 ,23.39 ,23.43 ,23.41 ,23.39 ,23.36 ,23.3 ,23.4 ,23.36 ,23.29 ,23.19 ,23.22 ,23.22 ,23.26 ,23.39 ,23.28 ,23.27 ,23.2 ,23.22 ,23.14 ,23.19 ,23.24 ,23.22 ,23.22 ,23.2 ,23.17 ,23.13 ,23.13 ,23.13 ,23.26 ,23.29 ,23.21 ,23.27 ,23.32 ,23.34 ,23.2 ,23.28 ,23.35 ,23.29 ,23.2 ,23.27 ,23.26 ,23.34 ,23.29 ,23.26 ,
260,23.4 ,23.35 ,23.38 ,23.42 ,23.35 ,23.37 ,23.4 ,23.45 ,23.52 ,23.4 ,23.35 ,23.49 ,23.49 ,23.4 ,23.27 ,23.31 ,23.36 ,23.45 ,23.41 ,23.35 ,23.31 ,23.33 ,23.42 ,23.38 ,23.43 ,23.4 ,23.36 ,23.36 ,23.5 ,23.5 ,23.42 ,23.51 ,23.55 ,23.61 ,23.58 ,23.5 ,23.55 ,23.64 ,23.69 ,23.55 ,23.52 ,23.56 ,23.57 ,23.54 ,23.56 ,23.53 ,23.52 ,23.62 ,23.67 ,23.59 ,23.53 ,23.45 ,23.57 ,23.62 ,23.61 ,23.69 ,23.61 ,23.65 ,23.62 ,23.49 ,23.58 ,23.64 ,23.63 ,23.66 ,23.64 ,23.7 ,23.73 ,23.63 ,23.56 ,23.6 ,23.55 ,23.61 ,23.61 ,23.69 ,23.68 ,23.59 ,23.68 ,23.68 ,23.64 ,23.55 ,23.59 ,23.76 ,23.67 ,23.65 ,23.59 ,23.58 ,23.61 ,23.61 ,23.64 ,23.71 ,23.71 ,23.67 ,23.6 ,23.58 ,23.57 ,23.61 ,23.58 ,23.47 ,23.54 ,23.62 ,23.54 ,23.56 ,23.59 ,23.49 ,23.47 ,23.55 ,23.51 ,23.42 ,23.51 ,23.63 ,23.7 ,23.65 ,23.72 ,23.77 ,23.75 ,23.73 ,23.72 ,23.77 ,23.8 ,23.72 ,23.76 ,23.8 ,23.88 ,23.85 ,23.74 ,23.73 ,23.82 ,23.83 ,23.79 ,23.73 ,23.81 ,23.89 ,23.72 ,23.72 ,23.8 ,23.74 ,23.76 ,23.82 ,23.85 ,23.83 ,23.8 ,23.78 ,23.77 ,23.76 ,23.77 ,23.88 ,23.83 ,23.78 ,23.92 ,23.94 ,23.89 ,23.82 ,23.85 ,23.85 ,23.79 ,23.8 ,23.76 ,23.74 ,23.8 ,23.83 ,23.85 ,23.89 ,23.86 ,23.84 ,23.83 ,23.79 ,23.78 ,23.88 ,23.88 ,23.96 ,23.91 ,23.83 ,23.72 ,23.81 ,23.9 ,23.82 ,23.79 ,23.79 ,23.8 ,23.81 ,23.87 ,23.85 ,23.74 ,23.72 ,23.73 ,23.68 ,23.53 ,23.55 ,23.5 ,23.5 ,23.5 ,23.58 ,23.61 ,23.58 ,23.57 ,23.63 ,23.59 ,23.51 ,23.47 ,23.54 ,23.58 ,23.49 ,23.47 ,23.53 ,23.6 ,23.56 ,23.52 ,23.45 ,23.45 ,23.54 ,23.59 ,23.58 ,23.58 ,23.57 ,23.59 ,23.61 ,23.65 ,23.61 ,23.57 ,23.59 ,23.65 ,23.61 ,23.64 ,23.54 ,23.49 ,23.49 ,23.51 ,23.55 ,23.45 ,23.44 ,23.6 ,23.73 ,23.78 ,23.84 ,23.8 ,23.79 ,23.77 ,23.75 ,23.79 ,23.79 ,23.76 ,23.74 ,23.87 ,23.73 ,23.86 ,23.89 ,23.82 ,23.75 ,23.75 ,23.71 ,23.72 ,23.68 ,23.74 ,23.77 ,23.8 ,23.7 ,23.66 ,23.68 ,23.62 ,23.67 ,23.66 ,23.65 ,23.69 ,23.64 ,23.57 ,23.56 ,23.57 ,23.53 ,23.54 ,23.46 ,23.39 ,23.44 ,23.48 ,23.5 ,23.48 ,23.5 ,23.55 ,23.55 ,23.55 ,23.54 ,23.59 ,23.55 ,23.59 ,23.6 ,23.62 ,23.69 ,23.66 ,23.62 ,23.57 ,23.65 ,23.76 ,23.67 ,23.65 ,23.63 ,23.69 ,23.76 ,23.71 ,23.81 ,23.71 ,23.71 ,23.67 ,23.65 ,23.66 ,23.77 ,23.76 ,23.62 ,23.44 ,23.26 ,23.18 ,23.43 ,23.65 ,23.73 ,23.7 ,23.77 ,23.87 ,23.85 ,23.78 ,23.77 ,23.81 ,23.82 ,23.8 ,23.77 ,23.81 ,23.82 ,23.83 ,23.87 ,23.87 ,23.89 ,23.88 ,23.9 ,23.93 ,23.93 ,23.87 ,23.89 ,23.96 ,23.85 ,23.79 ,23.78 ,23.77 ,23.63 ,23.62 ,23.68 ,23.69 ,23.72 ,23.72 ,23.71 ,23.73 ,23.73 ,23.71 ,23.55 ,23.56 ,23.67 ,23.7 ,23.62 ,23.74 ,23.66 ,23.69 ,23.64 ,23.67 ,23.58 ,23.69 ,23.78 ,23.77 ,23.69 ,23.72 ,23.62 ,23.54 ,23.63 ,23.53 ,23.64 ,23.71 ,23.66 ,23.69 ,23.75 ,23.58 ,23.62 ,23.64 ,23.66 ,23.76 ,23.72 ,23.59 ,23.58 ,23.66 ,23.63 ,23.61 ,23.66 ,23.72 ,23.68 ,23.68 ,23.75 ,23.87 ,23.84 ,23.86 ,23.8 ,23.85 ,23.87 ,23.98 ,23.92 ,23.95 ,23.92 ,23.94 ,23.96 ,23.91 ,23.91 ,23.93 ,23.97 ,23.89 ,23.91 ,23.98 ,23.97 ,23.88 ,23.85 ,23.87 ,23.9 ,23.9 ,23.87 ,23.85 ,23.94 ,23.89 ,23.85 ,23.96 ,23.93 ,23.9 ,23.84 ,23.87 ,23.88 ,23.81 ,23.81 ,23.85 ,23.87 ,23.95 ,23.79 ,23.76 ,23.69 ,23.71 ,23.71 ,23.64 ,23.66 ,23.71 ,23.75 ,23.77 ,23.77 ,23.85 ,23.88 ,23.87 ,23.86 ,23.84 ,23.8 ,23.82 ,23.87 ,23.82 ,23.87 ,23.85 ,23.78 ,23.77 ,23.81 ,23.8 ,23.75 ,23.75 ,23.84 ,23.82 ,23.77 ,23.71 ,23.75 ,23.74 ,23.71 ,23.62 ,23.55 ,23.61 ,23.63 ,23.6 ,23.58 ,23.56 ,23.62 ,23.64 ,23.63 ,23.66 ,23.61 ,23.56 ,23.59 ,23.61 ,23.61 ,23.65 ,23.73 ,23.68 ,23.77 ,23.84 ,23.78 ,23.84 ,23.9 ,23.85 ,23.83 ,23.85 ,23.88 ,23.78 ,23.81 ,23.9 ,23.89 ,23.8 ,23.8 ,23.88 ,23.77 ,23.77 ,23.79 ,23.74 ,23.73 ,23.72 ,23.8 ,23.8 ,23.78 ,23.78 ,23.82 ,23.8 ,23.79 ,23.71 ,23.66 ,23.6 ,23.66 ,23.71 ,23.8 ,23.66 ,23.71 ,23.8 ,23.73 ,23.65 ,23.66 ,23.75 ,23.74 ,23.69 ,23.75 ,23.71 ,23.72 ,23.72 ,23.65 ,23.7 ,23.73 ,23.66 ,23.67 ,23.66 ,23.59 ,23.73 ,23.71 ,23.59 ,23.69 ,23.63 ,23.61 ,23.59 ,23.62 ,23.52 ,23.48 ,23.42 ,23.56 ,23.6 ,23.5 ,23.54 ,23.45 ,23.46 ,23.48 ,23.48 ,23.48 ,23.44 ,23.37 ,23.4 ,23.35 ,23.29 ,23.27 ,23.3 ,23.31 ,23.32 ,23.28 ,23.32 ,23.33 ,23.37 ,23.42 ,23.49 ,23.45 ,23.41 ,23.38 ,23.37 ,23.42 ,23.26 ,23.3 ,23.36 ,23.32 ,23.37 ,23.3 ,23.23 ,23.32 ,23.35 ,23.26 ,23.28 ,23.43 ,23.4 ,23.38 ,23.44 ,23.36 ,23.4 ,23.39 ,23.38 ,23.33 ,23.41 ,23.32 ,23.3 ,23.33 ,23.28 ,23.27 ,23.28 ,23.24 ,23.26 ,23.31 ,23.27 ,23.19 ,23.23 ,23.21 ,23.16 ,23.16 ,23.2 ,23.19 ,23.28 ,23.18 ,23.08 ,23.21 ,23.25 ,23.26 ,23.23 ,23.28 ,23.15 ,23.21 ,23.25 ,23.33 ,23.34 ,23.24 ,23.29 ,23.37 ,23.24 ,23.26 ,23.29 ,23.31 ,23.31 ,23.27 ,
261,23.41 ,23.39 ,23.47 ,23.42 ,23.32 ,23.36 ,23.39 ,23.37 ,23.57 ,23.53 ,23.36 ,23.47 ,23.44 ,23.31 ,23.35 ,23.42 ,23.38 ,23.45 ,23.44 ,23.32 ,23.29 ,23.33 ,23.38 ,23.45 ,23.51 ,23.42 ,23.39 ,23.36 ,23.41 ,23.46 ,23.48 ,23.52 ,23.57 ,23.6 ,23.51 ,23.48 ,23.54 ,23.59 ,23.67 ,23.58 ,23.59 ,23.53 ,23.58 ,23.58 ,23.49 ,23.57 ,23.61 ,23.57 ,23.57 ,23.69 ,23.59 ,23.5 ,23.61 ,23.71 ,23.68 ,23.66 ,23.61 ,23.53 ,23.59 ,23.55 ,23.5 ,23.61 ,23.64 ,23.67 ,23.65 ,23.68 ,23.72 ,23.62 ,23.62 ,23.59 ,23.54 ,23.65 ,23.74 ,23.81 ,23.67 ,23.6 ,23.67 ,23.67 ,23.6 ,23.56 ,23.59 ,23.73 ,23.61 ,23.64 ,23.69 ,23.64 ,23.67 ,23.68 ,23.68 ,23.69 ,23.7 ,23.68 ,23.7 ,23.63 ,23.59 ,23.63 ,23.68 ,23.58 ,23.56 ,23.61 ,23.5 ,23.43 ,23.56 ,23.54 ,23.47 ,23.5 ,23.63 ,23.52 ,23.47 ,23.6 ,23.7 ,23.68 ,23.74 ,23.78 ,23.77 ,23.76 ,23.77 ,23.8 ,23.8 ,23.74 ,23.86 ,23.86 ,23.77 ,23.82 ,23.81 ,23.72 ,23.74 ,23.82 ,23.82 ,23.74 ,23.78 ,23.85 ,23.77 ,23.74 ,23.76 ,23.76 ,23.8 ,23.78 ,23.82 ,23.85 ,23.82 ,23.74 ,23.79 ,23.76 ,23.74 ,23.81 ,23.82 ,23.77 ,23.81 ,23.88 ,23.87 ,23.82 ,23.87 ,23.87 ,23.85 ,23.79 ,23.79 ,23.76 ,23.76 ,23.84 ,23.84 ,23.92 ,23.9 ,23.82 ,23.81 ,23.76 ,23.8 ,23.87 ,23.81 ,23.92 ,23.91 ,23.8 ,23.78 ,23.85 ,23.93 ,23.88 ,23.78 ,23.75 ,23.8 ,23.82 ,23.92 ,23.9 ,23.8 ,23.75 ,23.75 ,23.75 ,23.59 ,23.47 ,23.55 ,23.56 ,23.57 ,23.59 ,23.63 ,23.59 ,23.57 ,23.63 ,23.54 ,23.5 ,23.55 ,23.57 ,23.59 ,23.5 ,23.49 ,23.5 ,23.53 ,23.54 ,23.46 ,23.45 ,23.46 ,23.5 ,23.58 ,23.52 ,23.53 ,23.55 ,23.55 ,23.59 ,23.61 ,23.6 ,23.62 ,23.61 ,23.6 ,23.66 ,23.64 ,23.53 ,23.48 ,23.48 ,23.53 ,23.49 ,23.55 ,23.63 ,23.7 ,23.74 ,23.8 ,23.83 ,23.82 ,23.87 ,23.87 ,23.77 ,23.78 ,23.83 ,23.76 ,23.82 ,23.89 ,23.81 ,23.86 ,23.85 ,23.73 ,23.75 ,23.76 ,23.7 ,23.73 ,23.66 ,23.67 ,23.73 ,23.77 ,23.77 ,23.72 ,23.76 ,23.72 ,23.69 ,23.73 ,23.7 ,23.66 ,23.67 ,23.71 ,23.59 ,23.59 ,23.55 ,23.47 ,23.51 ,23.5 ,23.51 ,23.52 ,23.5 ,23.52 ,23.49 ,23.56 ,23.54 ,23.49 ,23.46 ,23.56 ,23.61 ,23.61 ,23.64 ,23.65 ,23.74 ,23.64 ,23.6 ,23.6 ,23.65 ,23.7 ,23.67 ,23.68 ,23.66 ,23.7 ,23.74 ,23.63 ,23.73 ,23.74 ,23.72 ,23.73 ,23.7 ,23.67 ,23.67 ,23.7 ,23.64 ,23.46 ,23.21 ,23.21 ,23.44 ,23.68 ,23.83 ,23.8 ,23.81 ,23.82 ,23.83 ,23.73 ,23.74 ,23.82 ,23.78 ,23.79 ,23.78 ,23.83 ,23.88 ,23.82 ,23.82 ,23.87 ,23.87 ,23.91 ,23.91 ,23.93 ,23.93 ,23.98 ,23.92 ,23.98 ,23.85 ,23.78 ,23.77 ,23.71 ,23.55 ,23.58 ,23.68 ,23.66 ,23.7 ,23.64 ,23.71 ,23.7 ,23.7 ,23.71 ,23.67 ,23.62 ,23.65 ,23.64 ,23.66 ,23.68 ,23.58 ,23.64 ,23.64 ,23.69 ,23.65 ,23.58 ,23.74 ,23.78 ,23.69 ,23.69 ,23.65 ,23.53 ,23.58 ,23.57 ,23.71 ,23.74 ,23.67 ,23.71 ,23.71 ,23.68 ,23.64 ,23.58 ,23.62 ,23.71 ,23.72 ,23.62 ,23.59 ,23.64 ,23.73 ,23.67 ,23.63 ,23.72 ,23.75 ,23.67 ,23.77 ,23.88 ,23.9 ,23.85 ,23.81 ,23.89 ,23.94 ,23.93 ,24 ,23.96 ,23.9 ,23.92 ,24.02 ,23.94 ,23.84 ,23.96 ,23.99 ,23.96 ,23.89 ,23.97 ,23.96 ,23.97 ,23.89 ,23.95 ,23.92 ,23.95 ,23.85 ,23.85 ,23.93 ,23.84 ,23.86 ,23.94 ,23.87 ,23.87 ,23.92 ,23.91 ,23.93 ,23.91 ,23.86 ,23.83 ,23.92 ,23.87 ,23.73 ,23.67 ,23.73 ,23.72 ,23.68 ,23.63 ,23.69 ,23.73 ,23.76 ,23.84 ,23.81 ,23.84 ,23.87 ,23.92 ,23.89 ,23.83 ,23.77 ,23.77 ,23.85 ,23.77 ,23.78 ,23.85 ,23.83 ,23.74 ,23.86 ,23.85 ,23.74 ,23.79 ,23.81 ,23.8 ,23.81 ,23.71 ,23.72 ,23.71 ,23.61 ,23.51 ,23.5 ,23.51 ,23.58 ,23.58 ,23.58 ,23.54 ,23.54 ,23.6 ,23.55 ,23.6 ,23.58 ,23.56 ,23.56 ,23.63 ,23.72 ,23.7 ,23.75 ,23.74 ,23.74 ,23.81 ,23.83 ,23.85 ,23.91 ,23.85 ,23.84 ,23.87 ,23.8 ,23.77 ,23.79 ,23.87 ,23.88 ,23.9 ,23.86 ,23.83 ,23.84 ,23.86 ,23.8 ,23.72 ,23.84 ,23.81 ,23.87 ,23.75 ,23.76 ,23.75 ,23.81 ,23.87 ,23.82 ,23.75 ,23.76 ,23.65 ,23.59 ,23.68 ,23.74 ,23.69 ,23.65 ,23.74 ,23.78 ,23.82 ,23.83 ,23.79 ,23.81 ,23.73 ,23.7 ,23.71 ,23.81 ,23.84 ,23.7 ,23.7 ,23.8 ,23.72 ,23.67 ,23.69 ,23.67 ,23.69 ,23.69 ,23.64 ,23.64 ,23.67 ,23.58 ,23.57 ,23.7 ,23.65 ,23.58 ,23.51 ,23.53 ,23.51 ,23.46 ,23.51 ,23.51 ,23.46 ,23.45 ,23.42 ,23.44 ,23.39 ,23.38 ,23.44 ,23.35 ,23.26 ,23.17 ,23.29 ,23.27 ,23.3 ,23.25 ,23.31 ,23.36 ,23.34 ,23.42 ,23.44 ,23.44 ,23.33 ,23.35 ,23.4 ,23.35 ,23.25 ,23.37 ,23.45 ,23.31 ,23.3 ,23.34 ,23.3 ,23.31 ,23.31 ,23.35 ,23.33 ,23.41 ,23.39 ,23.39 ,23.41 ,23.32 ,23.31 ,23.31 ,23.25 ,23.36 ,23.44 ,23.41 ,23.41 ,23.34 ,23.32 ,23.32 ,23.42 ,23.29 ,23.27 ,23.32 ,23.3 ,23.11 ,23.08 ,23.19 ,23.12 ,23.17 ,23.16 ,23.17 ,23.2 ,23.2 ,23.06 ,23.15 ,23.33 ,23.26 ,23.24 ,23.26 ,23.22 ,23.21 ,23.18 ,23.21 ,23.26 ,23.31 ,23.33 ,23.27 ,23.23 ,23.2 ,23.24 ,23.28 ,23.23 ,23.2 ,
262,23.35 ,23.42 ,23.45 ,23.42 ,23.31 ,23.38 ,23.42 ,23.38 ,23.46 ,23.44 ,23.31 ,23.43 ,23.41 ,23.3 ,23.36 ,23.44 ,23.43 ,23.42 ,23.5 ,23.44 ,23.33 ,23.41 ,23.44 ,23.45 ,23.43 ,23.38 ,23.45 ,23.39 ,23.42 ,23.5 ,23.51 ,23.56 ,23.55 ,23.59 ,23.6 ,23.52 ,23.56 ,23.53 ,23.56 ,23.61 ,23.66 ,23.61 ,23.62 ,23.61 ,23.56 ,23.58 ,23.6 ,23.68 ,23.54 ,23.61 ,23.63 ,23.59 ,23.64 ,23.67 ,23.65 ,23.65 ,23.67 ,23.57 ,23.58 ,23.57 ,23.52 ,23.61 ,23.61 ,23.64 ,23.71 ,23.64 ,23.65 ,23.56 ,23.54 ,23.55 ,23.59 ,23.56 ,23.72 ,23.77 ,23.78 ,23.64 ,23.7 ,23.72 ,23.65 ,23.49 ,23.63 ,23.74 ,23.68 ,23.71 ,23.69 ,23.59 ,23.66 ,23.69 ,23.68 ,23.73 ,23.75 ,23.67 ,23.63 ,23.65 ,23.67 ,23.68 ,23.68 ,23.61 ,23.6 ,23.6 ,23.54 ,23.49 ,23.54 ,23.53 ,23.52 ,23.5 ,23.6 ,23.56 ,23.53 ,23.55 ,23.63 ,23.72 ,23.73 ,23.76 ,23.74 ,23.75 ,23.71 ,23.74 ,23.75 ,23.8 ,23.82 ,23.86 ,23.74 ,23.77 ,23.87 ,23.8 ,23.79 ,23.83 ,23.78 ,23.79 ,23.82 ,23.85 ,23.74 ,23.79 ,23.77 ,23.72 ,23.81 ,23.79 ,23.85 ,23.8 ,23.87 ,23.84 ,23.75 ,23.75 ,23.79 ,23.77 ,23.74 ,23.81 ,23.89 ,23.9 ,23.79 ,23.73 ,23.82 ,23.84 ,23.82 ,23.95 ,23.87 ,23.84 ,23.77 ,23.81 ,23.87 ,23.9 ,23.92 ,23.86 ,23.85 ,23.77 ,23.84 ,23.91 ,23.77 ,23.83 ,23.92 ,23.81 ,23.79 ,23.87 ,23.85 ,23.82 ,23.76 ,23.73 ,23.79 ,23.81 ,23.83 ,23.87 ,23.88 ,23.79 ,23.8 ,23.79 ,23.69 ,23.52 ,23.57 ,23.58 ,23.54 ,23.59 ,23.55 ,23.51 ,23.59 ,23.61 ,23.61 ,23.58 ,23.51 ,23.53 ,23.48 ,23.51 ,23.43 ,23.5 ,23.52 ,23.59 ,23.52 ,23.44 ,23.5 ,23.5 ,23.62 ,23.59 ,23.57 ,23.62 ,23.58 ,23.55 ,23.58 ,23.55 ,23.64 ,23.67 ,23.67 ,23.66 ,23.6 ,23.58 ,23.58 ,23.54 ,23.53 ,23.53 ,23.59 ,23.73 ,23.79 ,23.86 ,23.8 ,23.78 ,23.75 ,23.82 ,23.94 ,23.89 ,23.82 ,23.84 ,23.83 ,23.85 ,23.94 ,23.85 ,23.83 ,23.78 ,23.73 ,23.79 ,23.76 ,23.67 ,23.73 ,23.7 ,23.67 ,23.73 ,23.73 ,23.82 ,23.83 ,23.73 ,23.69 ,23.72 ,23.69 ,23.7 ,23.74 ,23.7 ,23.68 ,23.66 ,23.59 ,23.61 ,23.56 ,23.56 ,23.53 ,23.53 ,23.55 ,23.51 ,23.58 ,23.51 ,23.48 ,23.54 ,23.53 ,23.51 ,23.59 ,23.65 ,23.63 ,23.6 ,23.66 ,23.68 ,23.65 ,23.65 ,23.66 ,23.67 ,23.61 ,23.66 ,23.7 ,23.68 ,23.71 ,23.77 ,23.68 ,23.7 ,23.73 ,23.73 ,23.67 ,23.75 ,23.69 ,23.68 ,23.67 ,23.57 ,23.36 ,23.17 ,23.27 ,23.48 ,23.71 ,23.81 ,23.78 ,23.83 ,23.82 ,23.79 ,23.72 ,23.74 ,23.83 ,23.83 ,23.79 ,23.84 ,23.83 ,23.86 ,23.92 ,23.84 ,23.82 ,23.92 ,23.87 ,23.89 ,23.93 ,23.93 ,23.99 ,23.94 ,23.96 ,23.88 ,23.78 ,23.76 ,23.69 ,23.6 ,23.68 ,23.65 ,23.64 ,23.72 ,23.7 ,23.67 ,23.69 ,23.69 ,23.68 ,23.7 ,23.69 ,23.67 ,23.68 ,23.74 ,23.68 ,23.58 ,23.65 ,23.7 ,23.6 ,23.64 ,23.67 ,23.69 ,23.75 ,23.69 ,23.67 ,23.62 ,23.59 ,23.59 ,23.58 ,23.62 ,23.65 ,23.64 ,23.73 ,23.7 ,23.62 ,23.68 ,23.66 ,23.62 ,23.65 ,23.61 ,23.63 ,23.62 ,23.68 ,23.77 ,23.69 ,23.68 ,23.69 ,23.78 ,23.78 ,23.81 ,23.86 ,23.93 ,23.91 ,23.88 ,23.93 ,23.9 ,23.89 ,23.96 ,24.03 ,23.94 ,23.97 ,23.98 ,23.92 ,23.82 ,23.91 ,23.97 ,23.93 ,23.86 ,23.9 ,23.97 ,23.95 ,23.84 ,23.94 ,23.94 ,23.94 ,23.88 ,23.92 ,23.93 ,23.84 ,23.78 ,23.83 ,23.87 ,23.98 ,23.95 ,23.92 ,23.82 ,23.81 ,23.86 ,23.86 ,23.86 ,23.79 ,23.67 ,23.69 ,23.74 ,23.74 ,23.76 ,23.69 ,23.67 ,23.76 ,23.72 ,23.81 ,23.88 ,23.87 ,23.79 ,23.85 ,23.99 ,23.92 ,23.86 ,23.8 ,23.85 ,23.82 ,23.82 ,23.83 ,23.86 ,23.79 ,23.83 ,23.92 ,23.84 ,23.77 ,23.82 ,23.87 ,23.8 ,23.79 ,23.78 ,23.7 ,23.58 ,23.55 ,23.55 ,23.55 ,23.58 ,23.56 ,23.57 ,23.57 ,23.58 ,23.58 ,23.55 ,23.52 ,23.52 ,23.51 ,23.52 ,23.57 ,23.72 ,23.71 ,23.73 ,23.78 ,23.81 ,23.83 ,23.86 ,23.86 ,23.83 ,23.81 ,23.87 ,23.85 ,23.76 ,23.74 ,23.85 ,23.89 ,23.85 ,23.86 ,23.93 ,23.89 ,23.78 ,23.89 ,23.91 ,23.8 ,23.81 ,23.81 ,23.84 ,23.81 ,23.73 ,23.75 ,23.73 ,23.83 ,23.88 ,23.8 ,23.79 ,23.69 ,23.67 ,23.65 ,23.73 ,23.72 ,23.69 ,23.78 ,23.81 ,23.75 ,23.81 ,23.83 ,23.78 ,23.71 ,23.69 ,23.67 ,23.8 ,23.83 ,23.8 ,23.7 ,23.82 ,23.79 ,23.69 ,23.74 ,23.69 ,23.71 ,23.64 ,23.6 ,23.66 ,23.67 ,23.58 ,23.53 ,23.6 ,23.63 ,23.62 ,23.47 ,23.5 ,23.46 ,23.43 ,23.5 ,23.59 ,23.55 ,23.51 ,23.41 ,23.41 ,23.33 ,23.36 ,23.28 ,23.26 ,23.32 ,23.25 ,23.37 ,23.32 ,23.26 ,23.29 ,23.3 ,23.41 ,23.49 ,23.42 ,23.4 ,23.43 ,23.44 ,23.37 ,23.39 ,23.35 ,23.28 ,23.36 ,23.49 ,23.41 ,23.36 ,23.44 ,23.48 ,23.39 ,23.36 ,23.36 ,23.36 ,23.44 ,23.42 ,23.38 ,23.3 ,23.37 ,23.34 ,23.32 ,23.26 ,23.27 ,23.3 ,23.42 ,23.43 ,23.39 ,23.35 ,23.31 ,23.28 ,23.3 ,23.32 ,23.35 ,23.3 ,23.19 ,23.11 ,23.16 ,23.18 ,23.21 ,23.31 ,23.2 ,23.11 ,23.15 ,23.22 ,23.26 ,23.31 ,23.3 ,23.3 ,23.29 ,23.22 ,23.24 ,23.15 ,23.22 ,23.24 ,23.32 ,23.3 ,23.24 ,23.18 ,23.27 ,23.26 ,23.25 ,23.24 ,23.17 ,
263,23.31 ,23.34 ,23.4 ,23.34 ,23.28 ,23.3 ,23.53 ,23.54 ,23.49 ,23.43 ,23.3 ,23.38 ,23.45 ,23.3 ,23.32 ,23.45 ,23.4 ,23.44 ,23.48 ,23.39 ,23.32 ,23.32 ,23.43 ,23.38 ,23.37 ,23.41 ,23.42 ,23.39 ,23.48 ,23.53 ,23.43 ,23.48 ,23.51 ,23.55 ,23.58 ,23.55 ,23.58 ,23.54 ,23.52 ,23.5 ,23.64 ,23.66 ,23.56 ,23.57 ,23.56 ,23.59 ,23.61 ,23.64 ,23.66 ,23.63 ,23.65 ,23.58 ,23.58 ,23.59 ,23.52 ,23.63 ,23.69 ,23.64 ,23.63 ,23.63 ,23.64 ,23.61 ,23.63 ,23.61 ,23.69 ,23.6 ,23.62 ,23.57 ,23.58 ,23.68 ,23.65 ,23.54 ,23.6 ,23.63 ,23.65 ,23.65 ,23.63 ,23.68 ,23.74 ,23.63 ,23.65 ,23.75 ,23.65 ,23.67 ,23.69 ,23.7 ,23.69 ,23.71 ,23.71 ,23.67 ,23.77 ,23.72 ,23.63 ,23.64 ,23.68 ,23.66 ,23.65 ,23.51 ,23.53 ,23.68 ,23.57 ,23.5 ,23.61 ,23.51 ,23.49 ,23.53 ,23.66 ,23.6 ,23.53 ,23.54 ,23.65 ,23.77 ,23.79 ,23.78 ,23.72 ,23.74 ,23.7 ,23.67 ,23.81 ,23.78 ,23.75 ,23.74 ,23.7 ,23.73 ,23.83 ,23.77 ,23.83 ,23.95 ,23.85 ,23.77 ,23.76 ,23.82 ,23.82 ,23.82 ,23.84 ,23.81 ,23.85 ,23.77 ,23.81 ,23.81 ,23.78 ,23.87 ,23.81 ,23.7 ,23.78 ,23.81 ,23.74 ,23.77 ,23.81 ,23.86 ,23.87 ,23.74 ,23.78 ,23.77 ,23.72 ,23.82 ,23.86 ,23.79 ,23.77 ,23.8 ,23.88 ,23.84 ,23.89 ,23.87 ,23.89 ,23.86 ,23.79 ,23.93 ,23.9 ,23.84 ,23.92 ,23.8 ,23.79 ,23.91 ,23.89 ,23.81 ,23.85 ,23.83 ,23.85 ,23.91 ,23.78 ,23.83 ,23.84 ,23.77 ,23.83 ,23.87 ,23.75 ,23.67 ,23.61 ,23.57 ,23.57 ,23.56 ,23.55 ,23.46 ,23.57 ,23.58 ,23.64 ,23.65 ,23.57 ,23.49 ,23.49 ,23.45 ,23.47 ,23.47 ,23.56 ,23.61 ,23.58 ,23.5 ,23.55 ,23.54 ,23.57 ,23.65 ,23.65 ,23.63 ,23.62 ,23.59 ,23.63 ,23.57 ,23.62 ,23.7 ,23.67 ,23.68 ,23.53 ,23.48 ,23.53 ,23.45 ,23.53 ,23.6 ,23.64 ,23.74 ,23.78 ,23.85 ,23.89 ,23.78 ,23.74 ,23.74 ,23.84 ,23.88 ,23.85 ,23.76 ,23.81 ,23.87 ,23.88 ,23.85 ,23.8 ,23.76 ,23.75 ,23.79 ,23.77 ,23.68 ,23.72 ,23.77 ,23.76 ,23.8 ,23.78 ,23.78 ,23.81 ,23.73 ,23.71 ,23.64 ,23.63 ,23.72 ,23.73 ,23.69 ,23.66 ,23.67 ,23.66 ,23.66 ,23.57 ,23.49 ,23.47 ,23.47 ,23.46 ,23.45 ,23.53 ,23.51 ,23.49 ,23.47 ,23.49 ,23.55 ,23.53 ,23.59 ,23.61 ,23.59 ,23.63 ,23.68 ,23.64 ,23.61 ,23.59 ,23.65 ,23.58 ,23.57 ,23.65 ,23.69 ,23.63 ,23.74 ,23.65 ,23.65 ,23.73 ,23.65 ,23.63 ,23.65 ,23.63 ,23.64 ,23.59 ,23.52 ,23.27 ,23.11 ,23.25 ,23.46 ,23.64 ,23.87 ,23.85 ,23.78 ,23.81 ,23.77 ,23.76 ,23.78 ,23.81 ,23.86 ,23.75 ,23.86 ,23.82 ,23.84 ,23.92 ,23.89 ,23.88 ,23.89 ,23.85 ,23.86 ,23.92 ,23.88 ,23.9 ,23.92 ,23.97 ,23.88 ,23.86 ,23.87 ,23.74 ,23.66 ,23.75 ,23.67 ,23.63 ,23.65 ,23.68 ,23.67 ,23.67 ,23.7 ,23.72 ,23.72 ,23.71 ,23.73 ,23.66 ,23.64 ,23.64 ,23.56 ,23.62 ,23.72 ,23.7 ,23.64 ,23.7 ,23.72 ,23.67 ,23.63 ,23.67 ,23.66 ,23.72 ,23.72 ,23.65 ,23.69 ,23.68 ,23.65 ,23.71 ,23.71 ,23.58 ,23.61 ,23.67 ,23.62 ,23.57 ,23.64 ,23.61 ,23.61 ,23.62 ,23.7 ,23.7 ,23.75 ,23.77 ,23.84 ,23.87 ,23.87 ,23.84 ,23.95 ,23.93 ,23.95 ,23.9 ,23.87 ,23.85 ,23.93 ,23.99 ,23.89 ,23.93 ,23.93 ,23.9 ,23.88 ,23.89 ,23.95 ,23.96 ,23.93 ,23.96 ,24.04 ,24.01 ,23.87 ,23.78 ,23.9 ,23.85 ,23.84 ,23.89 ,23.95 ,23.91 ,23.83 ,23.87 ,23.88 ,23.95 ,23.89 ,23.81 ,23.82 ,23.84 ,23.89 ,23.94 ,23.82 ,23.65 ,23.66 ,23.71 ,23.67 ,23.59 ,23.65 ,23.71 ,23.69 ,23.81 ,23.86 ,23.84 ,23.87 ,23.86 ,23.8 ,23.85 ,23.98 ,23.87 ,23.81 ,23.82 ,23.79 ,23.84 ,23.86 ,23.85 ,23.84 ,23.84 ,23.84 ,23.82 ,23.78 ,23.81 ,23.87 ,23.91 ,23.84 ,23.83 ,23.78 ,23.69 ,23.52 ,23.48 ,23.52 ,23.54 ,23.56 ,23.6 ,23.6 ,23.55 ,23.54 ,23.52 ,23.57 ,23.55 ,23.54 ,23.52 ,23.56 ,23.64 ,23.74 ,23.75 ,23.74 ,23.68 ,23.8 ,23.84 ,23.8 ,23.81 ,23.87 ,23.78 ,23.87 ,23.79 ,23.84 ,23.82 ,23.91 ,23.91 ,23.89 ,23.77 ,23.92 ,23.96 ,23.78 ,23.78 ,23.88 ,23.87 ,23.87 ,23.8 ,23.86 ,23.91 ,23.86 ,23.76 ,23.7 ,23.75 ,23.87 ,23.83 ,23.72 ,23.7 ,23.68 ,23.71 ,23.67 ,23.68 ,23.76 ,23.78 ,23.79 ,23.72 ,23.67 ,23.77 ,23.75 ,23.77 ,23.69 ,23.66 ,23.72 ,23.73 ,23.76 ,23.67 ,23.62 ,23.73 ,23.74 ,23.68 ,23.73 ,23.62 ,23.64 ,23.59 ,23.69 ,23.72 ,23.63 ,23.61 ,23.55 ,23.63 ,23.65 ,23.56 ,23.51 ,23.56 ,23.49 ,23.5 ,23.55 ,23.51 ,23.52 ,23.46 ,23.4 ,23.31 ,23.39 ,23.36 ,23.24 ,23.31 ,23.29 ,23.38 ,23.37 ,23.3 ,23.32 ,23.25 ,23.38 ,23.48 ,23.5 ,23.46 ,23.48 ,23.45 ,23.45 ,23.43 ,23.31 ,23.35 ,23.37 ,23.35 ,23.44 ,23.46 ,23.41 ,23.44 ,23.33 ,23.33 ,23.25 ,23.28 ,23.42 ,23.45 ,23.42 ,23.37 ,23.38 ,23.44 ,23.33 ,23.29 ,23.33 ,23.28 ,23.34 ,23.43 ,23.32 ,23.31 ,23.38 ,23.27 ,23.19 ,23.29 ,23.37 ,23.29 ,23.23 ,23.25 ,23.26 ,23.2 ,23.25 ,23.29 ,23.21 ,23.08 ,23.07 ,23.21 ,23.31 ,23.31 ,23.18 ,23.2 ,23.25 ,23.24 ,23.35 ,23.29 ,23.21 ,23.28 ,23.3 ,23.21 ,23.26 ,23.31 ,23.28 ,23.25 ,23.21 ,23.25 ,23.2 ,
264,23.37 ,23.33 ,23.37 ,23.36 ,23.29 ,23.27 ,23.4 ,23.55 ,23.56 ,23.47 ,23.27 ,23.35 ,23.54 ,23.33 ,23.38 ,23.43 ,23.35 ,23.36 ,23.44 ,23.3 ,23.25 ,23.27 ,23.38 ,23.33 ,23.31 ,23.38 ,23.36 ,23.25 ,23.46 ,23.62 ,23.53 ,23.42 ,23.44 ,23.56 ,23.58 ,23.53 ,23.5 ,23.51 ,23.54 ,23.5 ,23.6 ,23.72 ,23.6 ,23.52 ,23.63 ,23.67 ,23.6 ,23.62 ,23.58 ,23.59 ,23.57 ,23.58 ,23.59 ,23.56 ,23.48 ,23.61 ,23.66 ,23.62 ,23.67 ,23.53 ,23.51 ,23.51 ,23.58 ,23.6 ,23.6 ,23.58 ,23.68 ,23.62 ,23.57 ,23.65 ,23.68 ,23.61 ,23.58 ,23.59 ,23.61 ,23.69 ,23.64 ,23.58 ,23.71 ,23.62 ,23.67 ,23.68 ,23.66 ,23.61 ,23.68 ,23.72 ,23.72 ,23.66 ,23.67 ,23.71 ,23.71 ,23.61 ,23.59 ,23.6 ,23.64 ,23.66 ,23.64 ,23.65 ,23.57 ,23.6 ,23.57 ,23.49 ,23.55 ,23.55 ,23.58 ,23.59 ,23.57 ,23.49 ,23.51 ,23.51 ,23.68 ,23.68 ,23.69 ,23.75 ,23.73 ,23.76 ,23.74 ,23.7 ,23.71 ,23.77 ,23.75 ,23.73 ,23.7 ,23.77 ,23.71 ,23.7 ,23.77 ,23.84 ,23.82 ,23.75 ,23.73 ,23.8 ,23.81 ,23.81 ,23.82 ,23.82 ,23.81 ,23.77 ,23.69 ,23.83 ,23.78 ,23.79 ,23.75 ,23.73 ,23.79 ,23.89 ,23.85 ,23.84 ,23.82 ,23.77 ,23.82 ,23.8 ,23.79 ,23.84 ,23.76 ,23.76 ,23.85 ,23.79 ,23.78 ,23.78 ,23.82 ,23.86 ,23.88 ,23.81 ,23.81 ,23.89 ,23.85 ,23.91 ,23.82 ,23.85 ,23.85 ,23.79 ,23.74 ,23.82 ,23.81 ,23.8 ,23.84 ,23.84 ,23.84 ,23.84 ,23.79 ,23.81 ,23.89 ,23.81 ,23.76 ,23.81 ,23.72 ,23.71 ,23.69 ,23.62 ,23.57 ,23.55 ,23.54 ,23.55 ,23.62 ,23.56 ,23.49 ,23.66 ,23.59 ,23.54 ,23.46 ,23.44 ,23.43 ,23.45 ,23.6 ,23.58 ,23.48 ,23.47 ,23.52 ,23.56 ,23.52 ,23.6 ,23.61 ,23.59 ,23.54 ,23.6 ,23.71 ,23.67 ,23.58 ,23.66 ,23.69 ,23.63 ,23.52 ,23.48 ,23.44 ,23.45 ,23.52 ,23.66 ,23.75 ,23.79 ,23.79 ,23.86 ,23.87 ,23.78 ,23.73 ,23.8 ,23.82 ,23.88 ,23.84 ,23.84 ,23.82 ,23.86 ,23.83 ,23.77 ,23.78 ,23.79 ,23.78 ,23.73 ,23.8 ,23.75 ,23.7 ,23.79 ,23.81 ,23.78 ,23.78 ,23.75 ,23.76 ,23.75 ,23.76 ,23.69 ,23.67 ,23.67 ,23.76 ,23.74 ,23.69 ,23.62 ,23.59 ,23.71 ,23.62 ,23.54 ,23.42 ,23.47 ,23.54 ,23.51 ,23.5 ,23.5 ,23.47 ,23.48 ,23.51 ,23.6 ,23.53 ,23.55 ,23.62 ,23.6 ,23.65 ,23.68 ,23.62 ,23.57 ,23.55 ,23.55 ,23.57 ,23.57 ,23.6 ,23.69 ,23.62 ,23.67 ,23.57 ,23.61 ,23.65 ,23.6 ,23.6 ,23.58 ,23.63 ,23.59 ,23.58 ,23.47 ,23.21 ,23.12 ,23.3 ,23.51 ,23.72 ,23.91 ,23.86 ,23.67 ,23.75 ,23.86 ,23.77 ,23.78 ,23.72 ,23.77 ,23.78 ,23.9 ,23.89 ,23.9 ,23.9 ,23.86 ,23.88 ,23.87 ,23.86 ,23.93 ,23.95 ,23.86 ,23.81 ,23.86 ,23.9 ,23.87 ,23.94 ,23.95 ,23.78 ,23.62 ,23.65 ,23.73 ,23.65 ,23.74 ,23.7 ,23.67 ,23.68 ,23.7 ,23.71 ,23.72 ,23.73 ,23.68 ,23.66 ,23.63 ,23.62 ,23.66 ,23.58 ,23.63 ,23.69 ,23.71 ,23.63 ,23.61 ,23.62 ,23.62 ,23.69 ,23.71 ,23.67 ,23.67 ,23.66 ,23.72 ,23.72 ,23.7 ,23.74 ,23.67 ,23.58 ,23.56 ,23.69 ,23.65 ,23.57 ,23.58 ,23.64 ,23.65 ,23.64 ,23.67 ,23.73 ,23.76 ,23.83 ,23.86 ,23.89 ,23.94 ,23.92 ,23.87 ,23.89 ,23.85 ,23.96 ,23.94 ,23.93 ,23.91 ,23.86 ,23.82 ,23.89 ,23.97 ,23.87 ,23.94 ,23.89 ,23.97 ,23.93 ,23.92 ,23.92 ,24.02 ,24.01 ,23.88 ,23.8 ,23.87 ,23.84 ,23.89 ,23.92 ,23.96 ,23.87 ,23.84 ,23.81 ,23.83 ,23.88 ,23.87 ,23.81 ,23.85 ,23.87 ,23.92 ,23.93 ,23.81 ,23.69 ,23.67 ,23.68 ,23.63 ,23.52 ,23.62 ,23.66 ,23.76 ,23.84 ,23.87 ,23.87 ,23.87 ,23.84 ,23.88 ,23.92 ,23.92 ,23.88 ,23.78 ,23.78 ,23.76 ,23.79 ,23.89 ,23.89 ,23.8 ,23.86 ,23.83 ,23.77 ,23.79 ,23.75 ,23.81 ,23.91 ,23.84 ,23.81 ,23.78 ,23.64 ,23.55 ,23.5 ,23.47 ,23.44 ,23.49 ,23.54 ,23.58 ,23.52 ,23.53 ,23.5 ,23.57 ,23.6 ,23.6 ,23.57 ,23.52 ,23.62 ,23.72 ,23.75 ,23.76 ,23.68 ,23.8 ,23.82 ,23.76 ,23.78 ,23.84 ,23.81 ,23.81 ,23.77 ,23.78 ,23.84 ,23.9 ,23.89 ,23.85 ,23.74 ,23.81 ,23.89 ,23.87 ,23.8 ,23.74 ,23.74 ,23.84 ,23.87 ,23.88 ,23.82 ,23.82 ,23.79 ,23.69 ,23.74 ,23.78 ,23.69 ,23.71 ,23.74 ,23.74 ,23.73 ,23.77 ,23.7 ,23.78 ,23.83 ,23.81 ,23.77 ,23.68 ,23.69 ,23.69 ,23.76 ,23.74 ,23.69 ,23.71 ,23.66 ,23.69 ,23.65 ,23.63 ,23.67 ,23.71 ,23.67 ,23.62 ,23.6 ,23.62 ,23.71 ,23.66 ,23.65 ,23.66 ,23.63 ,23.58 ,23.55 ,23.61 ,23.51 ,23.54 ,23.57 ,23.46 ,23.5 ,23.51 ,23.39 ,23.39 ,23.41 ,23.43 ,23.39 ,23.33 ,23.34 ,23.25 ,23.32 ,23.32 ,23.26 ,23.36 ,23.27 ,23.26 ,23.26 ,23.31 ,23.33 ,23.4 ,23.4 ,23.39 ,23.39 ,23.45 ,23.41 ,23.43 ,23.3 ,23.27 ,23.39 ,23.52 ,23.45 ,23.41 ,23.37 ,23.3 ,23.38 ,23.35 ,23.32 ,23.42 ,23.37 ,23.36 ,23.34 ,23.38 ,23.4 ,23.32 ,23.28 ,23.33 ,23.36 ,23.35 ,23.38 ,23.31 ,23.27 ,23.34 ,23.32 ,23.21 ,23.25 ,23.33 ,23.35 ,23.29 ,23.2 ,23.26 ,23.27 ,23.31 ,23.24 ,23.16 ,23.08 ,23.11 ,23.13 ,23.24 ,23.22 ,23.15 ,23.18 ,23.23 ,23.23 ,23.33 ,23.26 ,23.26 ,23.21 ,23.29 ,23.2 ,23.2 ,23.23 ,23.18 ,23.24 ,23.27 ,23.26 ,23.23 ,
265,23.44 ,23.31 ,23.29 ,23.37 ,23.24 ,23.28 ,23.39 ,23.46 ,23.47 ,23.43 ,23.33 ,23.33 ,23.41 ,23.32 ,23.33 ,23.48 ,23.37 ,23.22 ,23.35 ,23.36 ,23.26 ,23.33 ,23.4 ,23.28 ,23.34 ,23.44 ,23.47 ,23.37 ,23.44 ,23.55 ,23.59 ,23.46 ,23.4 ,23.58 ,23.59 ,23.55 ,23.5 ,23.54 ,23.58 ,23.54 ,23.66 ,23.68 ,23.61 ,23.57 ,23.53 ,23.65 ,23.63 ,23.69 ,23.61 ,23.55 ,23.59 ,23.6 ,23.6 ,23.65 ,23.55 ,23.6 ,23.62 ,23.65 ,23.6 ,23.5 ,23.44 ,23.54 ,23.56 ,23.67 ,23.63 ,23.62 ,23.68 ,23.65 ,23.55 ,23.59 ,23.6 ,23.61 ,23.64 ,23.62 ,23.69 ,23.69 ,23.63 ,23.65 ,23.61 ,23.55 ,23.59 ,23.65 ,23.62 ,23.56 ,23.6 ,23.67 ,23.68 ,23.77 ,23.73 ,23.77 ,23.76 ,23.7 ,23.69 ,23.62 ,23.62 ,23.71 ,23.66 ,23.65 ,23.61 ,23.56 ,23.54 ,23.5 ,23.55 ,23.49 ,23.5 ,23.56 ,23.5 ,23.47 ,23.57 ,23.51 ,23.6 ,23.67 ,23.59 ,23.59 ,23.72 ,23.79 ,23.77 ,23.73 ,23.71 ,23.81 ,23.77 ,23.76 ,23.78 ,23.79 ,23.81 ,23.75 ,23.77 ,23.75 ,23.73 ,23.77 ,23.72 ,23.78 ,23.71 ,23.74 ,23.81 ,23.83 ,23.76 ,23.79 ,23.79 ,23.81 ,23.68 ,23.72 ,23.76 ,23.74 ,23.76 ,23.88 ,23.87 ,23.85 ,23.87 ,23.86 ,23.84 ,23.85 ,23.8 ,23.88 ,23.85 ,23.73 ,23.76 ,23.74 ,23.8 ,23.84 ,23.85 ,23.84 ,23.82 ,23.83 ,23.82 ,23.84 ,23.81 ,23.84 ,23.79 ,23.82 ,23.89 ,23.78 ,23.76 ,23.82 ,23.82 ,23.8 ,23.84 ,23.79 ,23.86 ,23.77 ,23.76 ,23.87 ,23.81 ,23.8 ,23.72 ,23.75 ,23.76 ,23.7 ,23.72 ,23.63 ,23.59 ,23.62 ,23.55 ,23.5 ,23.57 ,23.61 ,23.44 ,23.54 ,23.64 ,23.56 ,23.48 ,23.49 ,23.41 ,23.5 ,23.61 ,23.55 ,23.42 ,23.42 ,23.57 ,23.6 ,23.55 ,23.59 ,23.63 ,23.55 ,23.58 ,23.64 ,23.72 ,23.71 ,23.63 ,23.63 ,23.72 ,23.66 ,23.57 ,23.51 ,23.51 ,23.49 ,23.62 ,23.69 ,23.76 ,23.83 ,23.74 ,23.82 ,23.87 ,23.79 ,23.67 ,23.79 ,23.88 ,23.84 ,23.87 ,23.8 ,23.79 ,23.83 ,23.82 ,23.72 ,23.74 ,23.81 ,23.76 ,23.66 ,23.71 ,23.69 ,23.7 ,23.69 ,23.79 ,23.78 ,23.8 ,23.76 ,23.8 ,23.76 ,23.69 ,23.7 ,23.65 ,23.64 ,23.71 ,23.75 ,23.72 ,23.58 ,23.56 ,23.61 ,23.61 ,23.53 ,23.46 ,23.5 ,23.59 ,23.59 ,23.49 ,23.45 ,23.52 ,23.55 ,23.55 ,23.61 ,23.6 ,23.61 ,23.63 ,23.61 ,23.6 ,23.68 ,23.59 ,23.58 ,23.55 ,23.63 ,23.62 ,23.61 ,23.61 ,23.6 ,23.61 ,23.62 ,23.6 ,23.61 ,23.62 ,23.61 ,23.6 ,23.66 ,23.62 ,23.6 ,23.53 ,23.37 ,23.15 ,23.09 ,23.32 ,23.61 ,23.7 ,23.81 ,23.84 ,23.82 ,23.8 ,23.84 ,23.77 ,23.81 ,23.78 ,23.75 ,23.82 ,23.9 ,23.96 ,23.9 ,23.9 ,23.88 ,23.83 ,23.89 ,23.92 ,23.91 ,23.95 ,23.89 ,23.84 ,23.87 ,23.89 ,23.88 ,23.87 ,23.88 ,23.8 ,23.72 ,23.68 ,23.67 ,23.64 ,23.68 ,23.73 ,23.74 ,23.69 ,23.68 ,23.68 ,23.65 ,23.64 ,23.64 ,23.67 ,23.64 ,23.57 ,23.7 ,23.76 ,23.62 ,23.59 ,23.6 ,23.67 ,23.61 ,23.65 ,23.63 ,23.71 ,23.71 ,23.61 ,23.66 ,23.71 ,23.76 ,23.65 ,23.74 ,23.71 ,23.67 ,23.62 ,23.64 ,23.63 ,23.66 ,23.59 ,23.62 ,23.62 ,23.66 ,23.73 ,23.74 ,23.69 ,23.79 ,23.85 ,23.91 ,23.93 ,23.92 ,23.86 ,23.88 ,23.87 ,23.8 ,23.86 ,23.94 ,23.97 ,23.9 ,23.89 ,23.93 ,23.93 ,24.01 ,23.87 ,23.92 ,23.9 ,23.86 ,23.94 ,23.87 ,23.92 ,23.95 ,23.9 ,23.87 ,23.87 ,23.92 ,23.9 ,23.92 ,23.89 ,23.85 ,23.86 ,23.94 ,23.85 ,23.8 ,23.88 ,23.87 ,23.87 ,23.89 ,23.88 ,23.89 ,23.85 ,23.71 ,23.64 ,23.62 ,23.64 ,23.64 ,23.58 ,23.64 ,23.69 ,23.73 ,23.87 ,23.91 ,23.81 ,23.85 ,23.81 ,23.86 ,23.82 ,23.88 ,23.84 ,23.8 ,23.81 ,23.78 ,23.77 ,23.8 ,23.87 ,23.87 ,23.79 ,23.82 ,23.8 ,23.79 ,23.8 ,23.76 ,23.78 ,23.75 ,23.77 ,23.7 ,23.64 ,23.6 ,23.61 ,23.46 ,23.44 ,23.51 ,23.52 ,23.51 ,23.66 ,23.66 ,23.63 ,23.6 ,23.53 ,23.66 ,23.61 ,23.52 ,23.58 ,23.76 ,23.75 ,23.78 ,23.81 ,23.77 ,23.88 ,23.8 ,23.83 ,23.81 ,23.9 ,23.84 ,23.82 ,23.8 ,23.78 ,23.8 ,23.79 ,23.84 ,23.82 ,23.78 ,23.83 ,23.77 ,23.86 ,23.76 ,23.71 ,23.77 ,23.77 ,23.81 ,23.78 ,23.7 ,23.78 ,23.68 ,23.73 ,23.79 ,23.67 ,23.75 ,23.88 ,23.79 ,23.83 ,23.78 ,23.72 ,23.77 ,23.79 ,23.8 ,23.7 ,23.7 ,23.71 ,23.75 ,23.73 ,23.68 ,23.68 ,23.69 ,23.7 ,23.72 ,23.71 ,23.69 ,23.83 ,23.71 ,23.74 ,23.72 ,23.69 ,23.63 ,23.66 ,23.69 ,23.68 ,23.57 ,23.6 ,23.67 ,23.6 ,23.58 ,23.57 ,23.56 ,23.51 ,23.45 ,23.48 ,23.47 ,23.39 ,23.41 ,23.42 ,23.45 ,23.41 ,23.28 ,23.35 ,23.37 ,23.35 ,23.29 ,23.23 ,23.25 ,23.28 ,23.16 ,23.23 ,23.29 ,23.32 ,23.35 ,23.42 ,23.42 ,23.37 ,23.35 ,23.42 ,23.41 ,23.32 ,23.28 ,23.4 ,23.53 ,23.44 ,23.42 ,23.37 ,23.36 ,23.39 ,23.37 ,23.33 ,23.4 ,23.41 ,23.38 ,23.34 ,23.35 ,23.4 ,23.3 ,23.3 ,23.31 ,23.34 ,23.46 ,23.37 ,23.37 ,23.33 ,23.27 ,23.25 ,23.22 ,23.19 ,23.29 ,23.3 ,23.31 ,23.22 ,23.2 ,23.2 ,23.25 ,23.25 ,23.12 ,23.11 ,23.16 ,23.14 ,23.18 ,23.26 ,23.22 ,23.29 ,23.29 ,23.18 ,23.26 ,23.25 ,23.32 ,23.29 ,23.18 ,23.22 ,23.26 ,23.21 ,23.22 ,23.27 ,23.21 ,23.2 ,23.17 ,
266,23.4 ,23.29 ,23.24 ,23.39 ,23.3 ,23.3 ,23.48 ,23.39 ,23.48 ,23.39 ,23.36 ,23.32 ,23.36 ,23.34 ,23.36 ,23.46 ,23.45 ,23.38 ,23.44 ,23.37 ,23.36 ,23.31 ,23.36 ,23.24 ,23.28 ,23.4 ,23.45 ,23.35 ,23.37 ,23.53 ,23.61 ,23.47 ,23.5 ,23.56 ,23.47 ,23.51 ,23.57 ,23.66 ,23.68 ,23.58 ,23.63 ,23.63 ,23.59 ,23.63 ,23.6 ,23.54 ,23.58 ,23.6 ,23.63 ,23.57 ,23.65 ,23.59 ,23.55 ,23.62 ,23.56 ,23.58 ,23.62 ,23.6 ,23.62 ,23.6 ,23.48 ,23.6 ,23.62 ,23.66 ,23.71 ,23.67 ,23.62 ,23.57 ,23.62 ,23.66 ,23.57 ,23.54 ,23.57 ,23.61 ,23.67 ,23.64 ,23.65 ,23.62 ,23.65 ,23.52 ,23.55 ,23.64 ,23.61 ,23.67 ,23.64 ,23.63 ,23.71 ,23.7 ,23.73 ,23.69 ,23.68 ,23.72 ,23.75 ,23.73 ,23.68 ,23.68 ,23.67 ,23.57 ,23.55 ,23.55 ,23.49 ,23.46 ,23.48 ,23.47 ,23.46 ,23.52 ,23.44 ,23.45 ,23.56 ,23.59 ,23.49 ,23.61 ,23.62 ,23.69 ,23.67 ,23.74 ,23.72 ,23.75 ,23.77 ,23.77 ,23.77 ,23.75 ,23.74 ,23.84 ,23.83 ,23.75 ,23.78 ,23.8 ,23.74 ,23.72 ,23.76 ,23.81 ,23.73 ,23.75 ,23.81 ,23.8 ,23.82 ,23.84 ,23.82 ,23.73 ,23.71 ,23.74 ,23.86 ,23.76 ,23.76 ,23.83 ,23.79 ,23.77 ,23.85 ,23.87 ,23.87 ,23.86 ,23.83 ,23.87 ,23.84 ,23.73 ,23.74 ,23.75 ,23.8 ,23.86 ,23.86 ,23.83 ,23.88 ,23.82 ,23.85 ,23.84 ,23.75 ,23.79 ,23.79 ,23.86 ,23.9 ,23.88 ,23.85 ,23.85 ,23.85 ,23.78 ,23.84 ,23.8 ,23.8 ,23.82 ,23.77 ,23.91 ,23.86 ,23.81 ,23.81 ,23.83 ,23.79 ,23.74 ,23.73 ,23.65 ,23.56 ,23.6 ,23.61 ,23.57 ,23.52 ,23.53 ,23.54 ,23.56 ,23.52 ,23.5 ,23.5 ,23.53 ,23.48 ,23.53 ,23.61 ,23.53 ,23.49 ,23.44 ,23.59 ,23.65 ,23.6 ,23.56 ,23.56 ,23.58 ,23.58 ,23.63 ,23.65 ,23.64 ,23.63 ,23.58 ,23.64 ,23.63 ,23.54 ,23.5 ,23.53 ,23.59 ,23.69 ,23.72 ,23.84 ,23.89 ,23.76 ,23.78 ,23.9 ,23.8 ,23.74 ,23.8 ,23.87 ,23.84 ,23.88 ,23.88 ,23.79 ,23.81 ,23.88 ,23.76 ,23.71 ,23.69 ,23.7 ,23.65 ,23.67 ,23.66 ,23.68 ,23.6 ,23.68 ,23.82 ,23.83 ,23.76 ,23.77 ,23.73 ,23.7 ,23.7 ,23.68 ,23.67 ,23.67 ,23.7 ,23.67 ,23.61 ,23.57 ,23.61 ,23.59 ,23.48 ,23.41 ,23.47 ,23.47 ,23.52 ,23.54 ,23.49 ,23.56 ,23.63 ,23.46 ,23.48 ,23.6 ,23.62 ,23.6 ,23.6 ,23.57 ,23.6 ,23.65 ,23.61 ,23.61 ,23.67 ,23.6 ,23.63 ,23.6 ,23.56 ,23.57 ,23.61 ,23.56 ,23.57 ,23.59 ,23.58 ,23.62 ,23.59 ,23.59 ,23.57 ,23.49 ,23.27 ,23.05 ,23.06 ,23.36 ,23.59 ,23.61 ,23.72 ,23.74 ,23.83 ,23.81 ,23.8 ,23.79 ,23.79 ,23.74 ,23.76 ,23.77 ,23.81 ,23.86 ,23.87 ,23.92 ,23.86 ,23.87 ,23.89 ,23.89 ,23.87 ,23.97 ,23.89 ,23.84 ,23.89 ,23.95 ,23.86 ,23.83 ,23.9 ,23.93 ,23.86 ,23.78 ,23.71 ,23.61 ,23.69 ,23.71 ,23.69 ,23.71 ,23.64 ,23.62 ,23.65 ,23.63 ,23.65 ,23.65 ,23.65 ,23.63 ,23.62 ,23.76 ,23.72 ,23.6 ,23.61 ,23.68 ,23.74 ,23.68 ,23.6 ,23.68 ,23.62 ,23.58 ,23.64 ,23.67 ,23.7 ,23.6 ,23.73 ,23.78 ,23.75 ,23.68 ,23.64 ,23.66 ,23.7 ,23.67 ,23.67 ,23.71 ,23.75 ,23.71 ,23.83 ,23.84 ,23.91 ,23.9 ,23.87 ,23.94 ,23.86 ,23.87 ,23.93 ,23.93 ,23.91 ,23.92 ,23.96 ,23.96 ,23.92 ,23.94 ,23.93 ,23.91 ,23.96 ,23.9 ,23.88 ,23.89 ,23.86 ,23.93 ,23.91 ,23.85 ,23.95 ,23.95 ,23.84 ,23.88 ,23.91 ,23.88 ,23.88 ,23.9 ,23.86 ,23.95 ,23.96 ,23.95 ,23.81 ,23.88 ,23.94 ,23.87 ,23.88 ,23.88 ,23.82 ,23.73 ,23.64 ,23.63 ,23.63 ,23.63 ,23.71 ,23.66 ,23.75 ,23.78 ,23.81 ,23.86 ,23.85 ,23.84 ,23.79 ,23.79 ,23.82 ,23.83 ,23.84 ,23.87 ,23.83 ,23.82 ,23.77 ,23.76 ,23.75 ,23.76 ,23.85 ,23.83 ,23.79 ,23.76 ,23.72 ,23.81 ,23.83 ,23.74 ,23.72 ,23.67 ,23.6 ,23.55 ,23.61 ,23.59 ,23.47 ,23.45 ,23.48 ,23.5 ,23.55 ,23.61 ,23.64 ,23.63 ,23.64 ,23.59 ,23.59 ,23.57 ,23.52 ,23.62 ,23.77 ,23.75 ,23.74 ,23.85 ,23.8 ,23.86 ,23.91 ,23.84 ,23.85 ,23.9 ,23.85 ,23.84 ,23.86 ,23.8 ,23.8 ,23.8 ,23.88 ,23.83 ,23.84 ,23.79 ,23.77 ,23.87 ,23.78 ,23.77 ,23.85 ,23.85 ,23.81 ,23.83 ,23.76 ,23.76 ,23.67 ,23.73 ,23.82 ,23.76 ,23.75 ,23.8 ,23.75 ,23.76 ,23.78 ,23.68 ,23.72 ,23.7 ,23.74 ,23.71 ,23.74 ,23.7 ,23.75 ,23.74 ,23.67 ,23.64 ,23.69 ,23.68 ,23.68 ,23.66 ,23.71 ,23.83 ,23.74 ,23.68 ,23.74 ,23.7 ,23.63 ,23.64 ,23.65 ,23.7 ,23.63 ,23.44 ,23.6 ,23.64 ,23.62 ,23.65 ,23.58 ,23.54 ,23.44 ,23.5 ,23.43 ,23.46 ,23.4 ,23.39 ,23.43 ,23.36 ,23.33 ,23.35 ,23.46 ,23.45 ,23.32 ,23.33 ,23.33 ,23.35 ,23.2 ,23.22 ,23.39 ,23.37 ,23.42 ,23.41 ,23.45 ,23.39 ,23.36 ,23.35 ,23.44 ,23.28 ,23.25 ,23.29 ,23.46 ,23.36 ,23.41 ,23.44 ,23.29 ,23.28 ,23.31 ,23.33 ,23.39 ,23.38 ,23.38 ,23.37 ,23.4 ,23.43 ,23.39 ,23.31 ,23.3 ,23.39 ,23.4 ,23.31 ,23.38 ,23.39 ,23.29 ,23.18 ,23.19 ,23.19 ,23.3 ,23.37 ,23.28 ,23.15 ,23.18 ,23.04 ,23.18 ,23.14 ,23.19 ,23.22 ,23.18 ,23.19 ,23.15 ,23.25 ,23.29 ,23.31 ,23.32 ,23.19 ,23.25 ,23.21 ,23.29 ,23.32 ,23.19 ,23.1 ,23.22 ,23.24 ,23.09 ,23.25 ,23.26 ,23.22 ,23.16 ,
267,23.43 ,23.4 ,23.34 ,23.4 ,23.4 ,23.34 ,23.48 ,23.4 ,23.43 ,23.38 ,23.37 ,23.46 ,23.43 ,23.35 ,23.37 ,23.46 ,23.46 ,23.46 ,23.45 ,23.32 ,23.29 ,23.3 ,23.3 ,23.29 ,23.35 ,23.39 ,23.42 ,23.33 ,23.36 ,23.46 ,23.46 ,23.42 ,23.51 ,23.59 ,23.46 ,23.5 ,23.59 ,23.66 ,23.58 ,23.63 ,23.67 ,23.63 ,23.51 ,23.59 ,23.66 ,23.64 ,23.52 ,23.61 ,23.59 ,23.59 ,23.61 ,23.57 ,23.56 ,23.59 ,23.57 ,23.6 ,23.57 ,23.59 ,23.66 ,23.66 ,23.61 ,23.53 ,23.61 ,23.61 ,23.64 ,23.66 ,23.63 ,23.56 ,23.52 ,23.54 ,23.57 ,23.54 ,23.6 ,23.58 ,23.68 ,23.66 ,23.64 ,23.59 ,23.61 ,23.54 ,23.54 ,23.62 ,23.61 ,23.65 ,23.68 ,23.66 ,23.7 ,23.69 ,23.67 ,23.63 ,23.71 ,23.74 ,23.73 ,23.68 ,23.68 ,23.73 ,23.67 ,23.57 ,23.59 ,23.52 ,23.48 ,23.42 ,23.43 ,23.45 ,23.46 ,23.54 ,23.48 ,23.43 ,23.52 ,23.56 ,23.49 ,23.53 ,23.57 ,23.66 ,23.69 ,23.68 ,23.73 ,23.78 ,23.79 ,23.72 ,23.77 ,23.81 ,23.75 ,23.8 ,23.77 ,23.73 ,23.78 ,23.79 ,23.79 ,23.74 ,23.78 ,23.88 ,23.8 ,23.78 ,23.8 ,23.77 ,23.85 ,23.84 ,23.72 ,23.74 ,23.79 ,23.84 ,23.87 ,23.93 ,23.87 ,23.88 ,23.84 ,23.79 ,23.85 ,23.88 ,23.79 ,23.82 ,23.81 ,23.78 ,23.78 ,23.76 ,23.82 ,23.79 ,23.76 ,23.79 ,23.83 ,23.89 ,23.87 ,23.84 ,23.8 ,23.86 ,23.77 ,23.78 ,23.84 ,23.88 ,23.85 ,23.81 ,23.88 ,23.88 ,23.85 ,23.86 ,23.79 ,23.83 ,23.81 ,23.84 ,23.83 ,23.83 ,23.89 ,23.83 ,23.81 ,23.89 ,23.8 ,23.76 ,23.73 ,23.72 ,23.7 ,23.54 ,23.56 ,23.55 ,23.49 ,23.48 ,23.52 ,23.56 ,23.55 ,23.44 ,23.46 ,23.51 ,23.55 ,23.52 ,23.55 ,23.52 ,23.53 ,23.52 ,23.59 ,23.63 ,23.57 ,23.56 ,23.55 ,23.59 ,23.63 ,23.61 ,23.55 ,23.62 ,23.61 ,23.54 ,23.61 ,23.59 ,23.57 ,23.57 ,23.54 ,23.67 ,23.82 ,23.8 ,23.88 ,23.87 ,23.84 ,23.87 ,23.86 ,23.84 ,23.79 ,23.84 ,23.91 ,23.91 ,23.93 ,23.91 ,23.84 ,23.86 ,23.83 ,23.74 ,23.79 ,23.64 ,23.61 ,23.64 ,23.62 ,23.65 ,23.67 ,23.59 ,23.68 ,23.77 ,23.79 ,23.75 ,23.77 ,23.73 ,23.7 ,23.7 ,23.67 ,23.66 ,23.72 ,23.68 ,23.65 ,23.63 ,23.6 ,23.64 ,23.63 ,23.48 ,23.39 ,23.49 ,23.5 ,23.52 ,23.42 ,23.48 ,23.55 ,23.59 ,23.54 ,23.4 ,23.52 ,23.53 ,23.53 ,23.55 ,23.54 ,23.55 ,23.63 ,23.65 ,23.64 ,23.67 ,23.61 ,23.6 ,23.51 ,23.52 ,23.54 ,23.54 ,23.49 ,23.56 ,23.52 ,23.57 ,23.61 ,23.56 ,23.52 ,23.57 ,23.46 ,23.25 ,22.97 ,23.11 ,23.42 ,23.6 ,23.63 ,23.72 ,23.79 ,23.67 ,23.7 ,23.77 ,23.8 ,23.67 ,23.66 ,23.76 ,23.73 ,23.75 ,23.79 ,23.8 ,23.86 ,23.82 ,23.89 ,23.94 ,23.88 ,23.86 ,23.92 ,23.95 ,23.91 ,23.87 ,23.88 ,23.81 ,23.79 ,23.88 ,23.93 ,23.93 ,23.84 ,23.72 ,23.65 ,23.67 ,23.74 ,23.64 ,23.69 ,23.69 ,23.64 ,23.67 ,23.69 ,23.64 ,23.63 ,23.67 ,23.69 ,23.65 ,23.68 ,23.75 ,23.67 ,23.63 ,23.74 ,23.77 ,23.75 ,23.6 ,23.66 ,23.65 ,23.53 ,23.63 ,23.68 ,23.7 ,23.66 ,23.69 ,23.7 ,23.72 ,23.69 ,23.64 ,23.6 ,23.76 ,23.74 ,23.7 ,23.67 ,23.72 ,23.71 ,23.78 ,23.9 ,23.97 ,23.98 ,23.91 ,23.92 ,23.89 ,23.93 ,23.97 ,23.97 ,23.98 ,23.98 ,23.95 ,23.96 ,23.92 ,23.89 ,23.93 ,23.93 ,23.95 ,23.9 ,23.9 ,23.85 ,23.84 ,23.87 ,23.91 ,23.91 ,23.85 ,23.82 ,23.84 ,23.92 ,23.91 ,23.91 ,23.89 ,23.9 ,23.87 ,23.97 ,23.94 ,23.91 ,23.82 ,23.86 ,23.92 ,23.83 ,23.8 ,23.85 ,23.74 ,23.68 ,23.66 ,23.64 ,23.67 ,23.65 ,23.69 ,23.71 ,23.76 ,23.9 ,23.84 ,23.85 ,23.85 ,23.82 ,23.87 ,23.8 ,23.78 ,23.81 ,23.82 ,23.83 ,23.84 ,23.76 ,23.78 ,23.79 ,23.82 ,23.81 ,23.85 ,23.75 ,23.85 ,23.8 ,23.76 ,23.83 ,23.87 ,23.73 ,23.71 ,23.75 ,23.66 ,23.56 ,23.58 ,23.53 ,23.45 ,23.53 ,23.51 ,23.45 ,23.6 ,23.65 ,23.68 ,23.56 ,23.59 ,23.56 ,23.58 ,23.66 ,23.62 ,23.62 ,23.75 ,23.76 ,23.77 ,23.8 ,23.78 ,23.83 ,23.82 ,23.77 ,23.89 ,23.84 ,23.79 ,23.81 ,23.84 ,23.81 ,23.86 ,23.88 ,23.84 ,23.79 ,23.81 ,23.82 ,23.84 ,23.85 ,23.83 ,23.87 ,23.85 ,23.87 ,23.91 ,23.82 ,23.79 ,23.73 ,23.71 ,23.77 ,23.86 ,23.84 ,23.74 ,23.71 ,23.72 ,23.76 ,23.79 ,23.78 ,23.74 ,23.69 ,23.68 ,23.74 ,23.78 ,23.75 ,23.73 ,23.66 ,23.67 ,23.68 ,23.67 ,23.71 ,23.72 ,23.65 ,23.61 ,23.75 ,23.75 ,23.69 ,23.71 ,23.7 ,23.67 ,23.6 ,23.69 ,23.65 ,23.56 ,23.5 ,23.61 ,23.61 ,23.56 ,23.6 ,23.56 ,23.47 ,23.46 ,23.45 ,23.43 ,23.45 ,23.39 ,23.33 ,23.4 ,23.39 ,23.35 ,23.38 ,23.37 ,23.46 ,23.37 ,23.31 ,23.38 ,23.32 ,23.3 ,23.31 ,23.49 ,23.41 ,23.33 ,23.4 ,23.38 ,23.3 ,23.32 ,23.4 ,23.35 ,23.31 ,23.34 ,23.28 ,23.38 ,23.44 ,23.41 ,23.41 ,23.38 ,23.34 ,23.3 ,23.31 ,23.37 ,23.35 ,23.41 ,23.39 ,23.32 ,23.37 ,23.42 ,23.37 ,23.31 ,23.4 ,23.4 ,23.36 ,23.37 ,23.26 ,23.22 ,23.25 ,23.26 ,23.21 ,23.32 ,23.38 ,23.23 ,23.13 ,23.19 ,23.15 ,23.08 ,23.23 ,23.24 ,23.23 ,23.17 ,23.21 ,23.24 ,23.23 ,23.2 ,23.21 ,23.2 ,23.19 ,23.24 ,23.24 ,23.24 ,23.26 ,23.31 ,23.19 ,23.17 ,23.16 ,23.15 ,23.23 ,23.23 ,23.29 ,23.22 ,
268,23.4 ,23.35 ,23.41 ,23.39 ,23.36 ,23.34 ,23.4 ,23.4 ,23.44 ,23.4 ,23.36 ,23.38 ,23.45 ,23.3 ,23.29 ,23.39 ,23.44 ,23.38 ,23.34 ,23.36 ,23.3 ,23.37 ,23.33 ,23.27 ,23.36 ,23.43 ,23.34 ,23.25 ,23.37 ,23.56 ,23.52 ,23.51 ,23.56 ,23.61 ,23.6 ,23.59 ,23.53 ,23.61 ,23.59 ,23.55 ,23.6 ,23.61 ,23.51 ,23.56 ,23.61 ,23.65 ,23.67 ,23.62 ,23.57 ,23.62 ,23.62 ,23.59 ,23.6 ,23.56 ,23.53 ,23.55 ,23.51 ,23.56 ,23.55 ,23.6 ,23.61 ,23.61 ,23.63 ,23.66 ,23.63 ,23.65 ,23.62 ,23.56 ,23.6 ,23.61 ,23.57 ,23.56 ,23.6 ,23.67 ,23.68 ,23.7 ,23.67 ,23.6 ,23.54 ,23.56 ,23.58 ,23.59 ,23.6 ,23.58 ,23.58 ,23.63 ,23.62 ,23.65 ,23.68 ,23.68 ,23.77 ,23.75 ,23.73 ,23.65 ,23.58 ,23.63 ,23.68 ,23.63 ,23.66 ,23.51 ,23.5 ,23.59 ,23.46 ,23.39 ,23.41 ,23.48 ,23.5 ,23.47 ,23.52 ,23.5 ,23.53 ,23.53 ,23.56 ,23.62 ,23.65 ,23.75 ,23.76 ,23.79 ,23.84 ,23.75 ,23.74 ,23.8 ,23.79 ,23.85 ,23.78 ,23.77 ,23.77 ,23.84 ,23.76 ,23.75 ,23.77 ,23.83 ,23.8 ,23.81 ,23.81 ,23.8 ,23.86 ,23.84 ,23.77 ,23.77 ,23.84 ,23.91 ,23.87 ,23.87 ,23.86 ,23.91 ,23.89 ,23.86 ,23.82 ,23.81 ,23.81 ,23.83 ,23.88 ,23.79 ,23.69 ,23.79 ,23.83 ,23.79 ,23.73 ,23.78 ,23.85 ,23.87 ,23.91 ,23.92 ,23.81 ,23.82 ,23.81 ,23.79 ,23.85 ,23.86 ,23.89 ,23.74 ,23.78 ,23.9 ,23.94 ,23.87 ,23.76 ,23.73 ,23.84 ,23.86 ,23.82 ,23.87 ,23.8 ,23.84 ,23.78 ,23.84 ,23.76 ,23.71 ,23.73 ,23.71 ,23.72 ,23.72 ,23.55 ,23.51 ,23.42 ,23.48 ,23.41 ,23.48 ,23.53 ,23.45 ,23.42 ,23.38 ,23.45 ,23.48 ,23.5 ,23.47 ,23.48 ,23.47 ,23.46 ,23.56 ,23.54 ,23.53 ,23.54 ,23.58 ,23.67 ,23.59 ,23.65 ,23.58 ,23.58 ,23.63 ,23.62 ,23.57 ,23.57 ,23.6 ,23.62 ,23.75 ,23.88 ,23.89 ,23.85 ,23.88 ,23.8 ,23.82 ,23.9 ,23.86 ,23.78 ,23.78 ,23.88 ,23.94 ,23.94 ,23.86 ,23.75 ,23.78 ,23.73 ,23.63 ,23.71 ,23.69 ,23.61 ,23.57 ,23.56 ,23.64 ,23.62 ,23.58 ,23.63 ,23.74 ,23.69 ,23.73 ,23.74 ,23.76 ,23.61 ,23.64 ,23.67 ,23.65 ,23.75 ,23.74 ,23.65 ,23.66 ,23.67 ,23.69 ,23.67 ,23.53 ,23.46 ,23.51 ,23.54 ,23.54 ,23.42 ,23.38 ,23.5 ,23.47 ,23.45 ,23.51 ,23.46 ,23.49 ,23.52 ,23.58 ,23.58 ,23.59 ,23.58 ,23.61 ,23.58 ,23.6 ,23.61 ,23.53 ,23.51 ,23.52 ,23.6 ,23.64 ,23.52 ,23.59 ,23.48 ,23.49 ,23.63 ,23.59 ,23.55 ,23.6 ,23.38 ,23.08 ,22.89 ,23.2 ,23.5 ,23.6 ,23.66 ,23.77 ,23.73 ,23.65 ,23.64 ,23.71 ,23.7 ,23.64 ,23.62 ,23.68 ,23.67 ,23.69 ,23.71 ,23.75 ,23.84 ,23.88 ,23.89 ,23.92 ,23.92 ,23.9 ,23.91 ,23.92 ,23.94 ,23.89 ,23.82 ,23.84 ,23.86 ,23.94 ,23.88 ,23.84 ,23.83 ,23.78 ,23.72 ,23.74 ,23.68 ,23.64 ,23.66 ,23.68 ,23.7 ,23.73 ,23.72 ,23.67 ,23.66 ,23.72 ,23.64 ,23.62 ,23.7 ,23.68 ,23.65 ,23.57 ,23.67 ,23.77 ,23.72 ,23.65 ,23.7 ,23.67 ,23.58 ,23.64 ,23.69 ,23.7 ,23.69 ,23.65 ,23.68 ,23.73 ,23.63 ,23.62 ,23.61 ,23.72 ,23.75 ,23.7 ,23.67 ,23.73 ,23.84 ,23.86 ,23.92 ,24.02 ,23.9 ,23.96 ,23.92 ,23.86 ,23.89 ,23.95 ,23.91 ,23.89 ,23.95 ,23.97 ,23.94 ,23.99 ,23.93 ,23.89 ,23.86 ,23.93 ,23.91 ,23.91 ,23.85 ,23.84 ,23.89 ,23.89 ,23.92 ,23.89 ,23.96 ,23.93 ,23.94 ,23.97 ,23.91 ,23.85 ,23.88 ,23.82 ,23.85 ,23.9 ,23.81 ,23.84 ,23.88 ,23.9 ,23.82 ,23.8 ,23.75 ,23.7 ,23.65 ,23.63 ,23.62 ,23.6 ,23.6 ,23.62 ,23.67 ,23.77 ,23.92 ,23.92 ,23.79 ,23.84 ,23.81 ,23.72 ,23.88 ,23.86 ,23.74 ,23.78 ,23.8 ,23.75 ,23.81 ,23.79 ,23.82 ,23.76 ,23.72 ,23.78 ,23.78 ,23.84 ,23.85 ,23.8 ,23.81 ,23.83 ,23.78 ,23.67 ,23.65 ,23.64 ,23.61 ,23.6 ,23.59 ,23.47 ,23.46 ,23.56 ,23.47 ,23.53 ,23.64 ,23.6 ,23.54 ,23.55 ,23.48 ,23.53 ,23.58 ,23.64 ,23.63 ,23.73 ,23.72 ,23.74 ,23.79 ,23.81 ,23.88 ,23.9 ,23.87 ,23.91 ,23.91 ,23.86 ,23.83 ,23.85 ,23.78 ,23.85 ,23.81 ,23.72 ,23.81 ,23.8 ,23.79 ,23.79 ,23.81 ,23.83 ,23.83 ,23.86 ,23.87 ,23.87 ,23.82 ,23.78 ,23.7 ,23.71 ,23.81 ,23.85 ,23.84 ,23.79 ,23.76 ,23.77 ,23.74 ,23.83 ,23.77 ,23.8 ,23.7 ,23.74 ,23.73 ,23.73 ,23.73 ,23.76 ,23.74 ,23.68 ,23.61 ,23.65 ,23.68 ,23.72 ,23.72 ,23.61 ,23.62 ,23.72 ,23.67 ,23.71 ,23.73 ,23.69 ,23.63 ,23.64 ,23.64 ,23.6 ,23.56 ,23.59 ,23.64 ,23.61 ,23.54 ,23.49 ,23.42 ,23.37 ,23.42 ,23.4 ,23.41 ,23.45 ,23.38 ,23.43 ,23.37 ,23.32 ,23.42 ,23.42 ,23.45 ,23.35 ,23.3 ,23.25 ,23.34 ,23.39 ,23.46 ,23.45 ,23.4 ,23.34 ,23.42 ,23.41 ,23.34 ,23.3 ,23.39 ,23.34 ,23.26 ,23.39 ,23.38 ,23.39 ,23.42 ,23.46 ,23.44 ,23.35 ,23.34 ,23.31 ,23.37 ,23.47 ,23.43 ,23.39 ,23.3 ,23.29 ,23.37 ,23.37 ,23.29 ,23.34 ,23.34 ,23.3 ,23.33 ,23.31 ,23.24 ,23.17 ,23.29 ,23.29 ,23.21 ,23.23 ,23.29 ,23.22 ,23.17 ,23.19 ,23.16 ,23.22 ,23.28 ,23.22 ,23.24 ,23.14 ,23.17 ,23.25 ,23.28 ,23.22 ,23.14 ,23.23 ,23.26 ,23.33 ,23.31 ,23.25 ,23.25 ,23.24 ,23.24 ,23.13 ,23.14 ,23.24 ,23.29 ,23.27 ,23.25 ,23.29 ,
269,23.35 ,23.35 ,23.36 ,23.31 ,23.27 ,23.37 ,23.41 ,23.51 ,23.55 ,23.53 ,23.42 ,23.37 ,23.43 ,23.38 ,23.31 ,23.38 ,23.44 ,23.43 ,23.35 ,23.45 ,23.33 ,23.42 ,23.35 ,23.31 ,23.36 ,23.39 ,23.37 ,23.25 ,23.32 ,23.53 ,23.57 ,23.52 ,23.54 ,23.57 ,23.57 ,23.58 ,23.57 ,23.59 ,23.65 ,23.64 ,23.61 ,23.59 ,23.63 ,23.63 ,23.6 ,23.6 ,23.65 ,23.62 ,23.58 ,23.69 ,23.66 ,23.7 ,23.65 ,23.55 ,23.6 ,23.63 ,23.6 ,23.57 ,23.59 ,23.57 ,23.59 ,23.64 ,23.64 ,23.7 ,23.68 ,23.62 ,23.63 ,23.62 ,23.59 ,23.58 ,23.56 ,23.55 ,23.59 ,23.72 ,23.68 ,23.65 ,23.66 ,23.68 ,23.56 ,23.66 ,23.66 ,23.65 ,23.57 ,23.62 ,23.64 ,23.63 ,23.67 ,23.65 ,23.66 ,23.68 ,23.69 ,23.7 ,23.74 ,23.66 ,23.55 ,23.68 ,23.75 ,23.67 ,23.64 ,23.59 ,23.59 ,23.59 ,23.55 ,23.42 ,23.46 ,23.45 ,23.49 ,23.5 ,23.53 ,23.51 ,23.55 ,23.57 ,23.59 ,23.57 ,23.59 ,23.75 ,23.83 ,23.79 ,23.76 ,23.83 ,23.78 ,23.74 ,23.75 ,23.77 ,23.81 ,23.77 ,23.83 ,23.89 ,23.85 ,23.74 ,23.82 ,23.84 ,23.75 ,23.74 ,23.8 ,23.75 ,23.83 ,23.84 ,23.85 ,23.8 ,23.79 ,23.88 ,23.83 ,23.82 ,23.81 ,23.84 ,23.83 ,23.85 ,23.81 ,23.79 ,23.77 ,23.84 ,23.88 ,23.92 ,23.81 ,23.78 ,23.8 ,23.8 ,23.8 ,23.87 ,23.88 ,23.89 ,23.91 ,23.91 ,23.85 ,23.86 ,23.9 ,23.84 ,23.78 ,23.82 ,23.9 ,23.82 ,23.75 ,23.84 ,23.94 ,23.86 ,23.86 ,23.83 ,23.78 ,23.82 ,23.91 ,23.93 ,23.84 ,23.8 ,23.86 ,23.89 ,23.83 ,23.78 ,23.74 ,23.75 ,23.74 ,23.74 ,23.66 ,23.54 ,23.51 ,23.48 ,23.46 ,23.5 ,23.51 ,23.44 ,23.49 ,23.45 ,23.39 ,23.5 ,23.47 ,23.44 ,23.49 ,23.5 ,23.44 ,23.54 ,23.59 ,23.54 ,23.57 ,23.57 ,23.63 ,23.65 ,23.72 ,23.68 ,23.59 ,23.7 ,23.7 ,23.65 ,23.71 ,23.71 ,23.71 ,23.8 ,23.84 ,23.83 ,23.84 ,23.87 ,23.82 ,23.81 ,23.86 ,23.87 ,23.79 ,23.84 ,23.88 ,23.91 ,23.89 ,23.85 ,23.8 ,23.85 ,23.69 ,23.64 ,23.67 ,23.65 ,23.67 ,23.64 ,23.65 ,23.66 ,23.62 ,23.63 ,23.61 ,23.66 ,23.72 ,23.68 ,23.7 ,23.68 ,23.55 ,23.65 ,23.67 ,23.62 ,23.69 ,23.72 ,23.63 ,23.67 ,23.64 ,23.58 ,23.58 ,23.58 ,23.53 ,23.46 ,23.48 ,23.54 ,23.53 ,23.47 ,23.47 ,23.44 ,23.43 ,23.5 ,23.49 ,23.52 ,23.57 ,23.64 ,23.63 ,23.58 ,23.65 ,23.58 ,23.51 ,23.54 ,23.54 ,23.56 ,23.53 ,23.53 ,23.65 ,23.64 ,23.53 ,23.57 ,23.5 ,23.48 ,23.57 ,23.58 ,23.55 ,23.55 ,23.33 ,23.03 ,22.93 ,23.22 ,23.56 ,23.58 ,23.63 ,23.77 ,23.66 ,23.65 ,23.72 ,23.68 ,23.66 ,23.68 ,23.65 ,23.7 ,23.63 ,23.61 ,23.69 ,23.76 ,23.8 ,23.84 ,23.92 ,23.9 ,23.89 ,23.93 ,23.97 ,24 ,23.97 ,24 ,23.97 ,23.96 ,23.93 ,23.97 ,23.96 ,23.88 ,23.87 ,23.92 ,23.79 ,23.75 ,23.74 ,23.71 ,23.65 ,23.63 ,23.71 ,23.69 ,23.73 ,23.74 ,23.72 ,23.64 ,23.63 ,23.59 ,23.69 ,23.71 ,23.73 ,23.67 ,23.59 ,23.68 ,23.7 ,23.71 ,23.77 ,23.69 ,23.63 ,23.65 ,23.69 ,23.64 ,23.65 ,23.64 ,23.62 ,23.71 ,23.73 ,23.72 ,23.71 ,23.67 ,23.72 ,23.67 ,23.72 ,23.76 ,23.96 ,23.99 ,23.98 ,24.04 ,24 ,23.95 ,23.94 ,23.93 ,23.89 ,23.86 ,23.91 ,23.83 ,23.88 ,23.94 ,23.94 ,23.96 ,24.03 ,23.95 ,23.85 ,23.89 ,23.94 ,23.92 ,23.91 ,23.9 ,23.98 ,23.99 ,23.94 ,23.91 ,23.99 ,23.98 ,23.89 ,23.92 ,23.94 ,23.9 ,23.89 ,23.86 ,23.87 ,23.96 ,23.94 ,23.97 ,23.95 ,23.89 ,23.86 ,23.81 ,23.74 ,23.65 ,23.69 ,23.64 ,23.64 ,23.65 ,23.64 ,23.62 ,23.72 ,23.88 ,23.94 ,23.93 ,23.8 ,23.81 ,23.83 ,23.77 ,23.79 ,23.86 ,23.82 ,23.87 ,23.82 ,23.75 ,23.77 ,23.81 ,23.77 ,23.83 ,23.88 ,23.78 ,23.82 ,23.84 ,23.78 ,23.75 ,23.78 ,23.8 ,23.76 ,23.71 ,23.56 ,23.55 ,23.6 ,23.61 ,23.57 ,23.58 ,23.5 ,23.46 ,23.49 ,23.6 ,23.63 ,23.56 ,23.51 ,23.61 ,23.59 ,23.53 ,23.61 ,23.63 ,23.71 ,23.77 ,23.73 ,23.75 ,23.81 ,23.9 ,23.83 ,23.82 ,23.84 ,23.89 ,23.86 ,23.89 ,23.87 ,23.84 ,23.81 ,23.85 ,23.83 ,23.8 ,23.79 ,23.87 ,23.84 ,23.83 ,23.87 ,23.86 ,23.85 ,23.87 ,23.85 ,23.84 ,23.78 ,23.76 ,23.8 ,23.79 ,23.81 ,23.83 ,23.83 ,23.88 ,23.8 ,23.79 ,23.74 ,23.79 ,23.8 ,23.76 ,23.7 ,23.79 ,23.77 ,23.77 ,23.71 ,23.75 ,23.73 ,23.7 ,23.73 ,23.63 ,23.64 ,23.76 ,23.74 ,23.71 ,23.73 ,23.73 ,23.69 ,23.66 ,23.68 ,23.7 ,23.64 ,23.62 ,23.64 ,23.62 ,23.61 ,23.61 ,23.56 ,23.59 ,23.49 ,23.46 ,23.47 ,23.4 ,23.41 ,23.46 ,23.48 ,23.47 ,23.48 ,23.38 ,23.28 ,23.31 ,23.37 ,23.37 ,23.39 ,23.34 ,23.32 ,23.27 ,23.25 ,23.31 ,23.42 ,23.46 ,23.35 ,23.36 ,23.37 ,23.33 ,23.43 ,23.44 ,23.42 ,23.37 ,23.29 ,23.4 ,23.4 ,23.37 ,23.41 ,23.46 ,23.48 ,23.42 ,23.32 ,23.34 ,23.39 ,23.45 ,23.38 ,23.33 ,23.26 ,23.34 ,23.45 ,23.34 ,23.34 ,23.36 ,23.39 ,23.4 ,23.46 ,23.32 ,23.28 ,23.35 ,23.31 ,23.26 ,23.32 ,23.29 ,23.12 ,23.17 ,23.18 ,23.12 ,23.16 ,23.2 ,23.29 ,23.23 ,23.18 ,23.15 ,23.09 ,23.25 ,23.31 ,23.25 ,23.15 ,23.24 ,23.28 ,23.31 ,23.23 ,23.15 ,23.23 ,23.39 ,23.33 ,23.17 ,23.16 ,23.25 ,23.19 ,23.22 ,23.22 ,23.14 ,
270,23.29 ,23.27 ,23.38 ,23.37 ,23.28 ,23.42 ,23.48 ,23.55 ,23.44 ,23.46 ,23.43 ,23.32 ,23.36 ,23.31 ,23.34 ,23.41 ,23.44 ,23.46 ,23.4 ,23.4 ,23.3 ,23.35 ,23.34 ,23.28 ,23.31 ,23.4 ,23.32 ,23.25 ,23.43 ,23.5 ,23.51 ,23.53 ,23.52 ,23.56 ,23.55 ,23.6 ,23.55 ,23.57 ,23.56 ,23.56 ,23.56 ,23.57 ,23.52 ,23.54 ,23.6 ,23.6 ,23.57 ,23.56 ,23.58 ,23.65 ,23.59 ,23.63 ,23.63 ,23.62 ,23.62 ,23.64 ,23.58 ,23.6 ,23.65 ,23.7 ,23.67 ,23.61 ,23.61 ,23.59 ,23.56 ,23.63 ,23.59 ,23.53 ,23.58 ,23.56 ,23.55 ,23.6 ,23.61 ,23.65 ,23.66 ,23.66 ,23.65 ,23.61 ,23.6 ,23.6 ,23.68 ,23.64 ,23.63 ,23.61 ,23.69 ,23.67 ,23.69 ,23.69 ,23.62 ,23.64 ,23.64 ,23.69 ,23.75 ,23.74 ,23.55 ,23.7 ,23.66 ,23.65 ,23.63 ,23.63 ,23.63 ,23.61 ,23.49 ,23.41 ,23.46 ,23.42 ,23.5 ,23.49 ,23.55 ,23.5 ,23.47 ,23.49 ,23.51 ,23.53 ,23.58 ,23.76 ,23.77 ,23.72 ,23.67 ,23.71 ,23.78 ,23.71 ,23.7 ,23.76 ,23.81 ,23.78 ,23.77 ,23.83 ,23.84 ,23.75 ,23.82 ,23.8 ,23.74 ,23.82 ,23.86 ,23.77 ,23.77 ,23.79 ,23.86 ,23.81 ,23.75 ,23.78 ,23.76 ,23.78 ,23.86 ,23.81 ,23.74 ,23.79 ,23.83 ,23.79 ,23.76 ,23.79 ,23.82 ,23.79 ,23.77 ,23.75 ,23.78 ,23.77 ,23.84 ,23.9 ,23.86 ,23.81 ,23.89 ,23.85 ,23.81 ,23.85 ,23.86 ,23.87 ,23.87 ,23.82 ,23.86 ,23.8 ,23.79 ,23.81 ,23.81 ,23.78 ,23.81 ,23.85 ,23.76 ,23.76 ,23.86 ,23.89 ,23.78 ,23.81 ,23.79 ,23.85 ,23.84 ,23.84 ,23.87 ,23.81 ,23.81 ,23.8 ,23.72 ,23.59 ,23.51 ,23.53 ,23.47 ,23.46 ,23.48 ,23.45 ,23.46 ,23.44 ,23.45 ,23.49 ,23.45 ,23.45 ,23.48 ,23.48 ,23.45 ,23.57 ,23.55 ,23.54 ,23.57 ,23.56 ,23.61 ,23.61 ,23.69 ,23.68 ,23.63 ,23.74 ,23.67 ,23.7 ,23.76 ,23.79 ,23.8 ,23.79 ,23.87 ,23.83 ,23.81 ,23.86 ,23.79 ,23.82 ,23.85 ,23.82 ,23.87 ,23.9 ,23.91 ,23.79 ,23.73 ,23.77 ,23.74 ,23.86 ,23.71 ,23.59 ,23.66 ,23.69 ,23.66 ,23.56 ,23.6 ,23.59 ,23.6 ,23.61 ,23.6 ,23.57 ,23.67 ,23.7 ,23.63 ,23.65 ,23.58 ,23.65 ,23.66 ,23.61 ,23.63 ,23.64 ,23.63 ,23.58 ,23.59 ,23.59 ,23.57 ,23.58 ,23.54 ,23.41 ,23.35 ,23.5 ,23.54 ,23.49 ,23.45 ,23.49 ,23.46 ,23.46 ,23.49 ,23.49 ,23.52 ,23.54 ,23.61 ,23.49 ,23.52 ,23.58 ,23.51 ,23.53 ,23.54 ,23.58 ,23.5 ,23.56 ,23.57 ,23.62 ,23.48 ,23.54 ,23.6 ,23.59 ,23.59 ,23.59 ,23.54 ,23.46 ,23.17 ,22.92 ,23.05 ,23.29 ,23.52 ,23.55 ,23.61 ,23.7 ,23.63 ,23.6 ,23.65 ,23.63 ,23.58 ,23.66 ,23.66 ,23.63 ,23.63 ,23.61 ,23.66 ,23.66 ,23.72 ,23.77 ,23.83 ,23.88 ,23.93 ,23.93 ,23.94 ,23.93 ,23.87 ,23.94 ,23.95 ,23.96 ,23.9 ,23.92 ,23.88 ,23.88 ,23.9 ,23.9 ,23.73 ,23.72 ,23.65 ,23.69 ,23.64 ,23.57 ,23.66 ,23.76 ,23.78 ,23.77 ,23.75 ,23.74 ,23.64 ,23.6 ,23.64 ,23.64 ,23.71 ,23.72 ,23.63 ,23.67 ,23.69 ,23.69 ,23.75 ,23.66 ,23.63 ,23.64 ,23.62 ,23.63 ,23.67 ,23.69 ,23.68 ,23.69 ,23.76 ,23.67 ,23.64 ,23.66 ,23.67 ,23.73 ,23.78 ,23.75 ,23.84 ,23.95 ,23.93 ,24.01 ,23.92 ,23.92 ,23.9 ,23.96 ,23.92 ,23.89 ,23.91 ,23.96 ,23.97 ,23.96 ,23.97 ,23.98 ,23.97 ,23.94 ,23.86 ,23.91 ,23.96 ,23.93 ,23.9 ,23.89 ,23.96 ,23.97 ,23.96 ,23.92 ,23.94 ,23.89 ,23.82 ,23.84 ,23.89 ,23.94 ,23.93 ,23.94 ,23.89 ,23.96 ,23.9 ,23.94 ,23.88 ,23.87 ,23.86 ,23.8 ,23.7 ,23.65 ,23.66 ,23.65 ,23.62 ,23.7 ,23.7 ,23.71 ,23.79 ,23.82 ,23.9 ,23.88 ,23.78 ,23.81 ,23.89 ,23.84 ,23.84 ,23.8 ,23.78 ,23.82 ,23.82 ,23.84 ,23.75 ,23.78 ,23.76 ,23.78 ,23.92 ,23.85 ,23.76 ,23.81 ,23.75 ,23.66 ,23.76 ,23.81 ,23.69 ,23.6 ,23.58 ,23.65 ,23.66 ,23.61 ,23.56 ,23.52 ,23.58 ,23.49 ,23.36 ,23.42 ,23.52 ,23.51 ,23.57 ,23.63 ,23.63 ,23.62 ,23.64 ,23.73 ,23.72 ,23.81 ,23.77 ,23.76 ,23.81 ,23.88 ,23.76 ,23.7 ,23.73 ,23.74 ,23.86 ,23.79 ,23.82 ,23.82 ,23.81 ,23.88 ,23.84 ,23.88 ,23.79 ,23.76 ,23.84 ,23.87 ,23.93 ,23.88 ,23.89 ,23.84 ,23.78 ,23.76 ,23.78 ,23.8 ,23.87 ,23.84 ,23.85 ,23.79 ,23.79 ,23.87 ,23.77 ,23.71 ,23.74 ,23.75 ,23.76 ,23.78 ,23.7 ,23.78 ,23.75 ,23.73 ,23.73 ,23.79 ,23.69 ,23.68 ,23.79 ,23.76 ,23.69 ,23.78 ,23.73 ,23.7 ,23.75 ,23.69 ,23.67 ,23.6 ,23.61 ,23.64 ,23.61 ,23.61 ,23.69 ,23.64 ,23.6 ,23.63 ,23.52 ,23.48 ,23.51 ,23.47 ,23.52 ,23.47 ,23.41 ,23.41 ,23.51 ,23.55 ,23.46 ,23.47 ,23.25 ,23.29 ,23.26 ,23.26 ,23.27 ,23.27 ,23.4 ,23.34 ,23.22 ,23.24 ,23.26 ,23.33 ,23.34 ,23.37 ,23.4 ,23.31 ,23.3 ,23.4 ,23.38 ,23.37 ,23.34 ,23.45 ,23.39 ,23.39 ,23.36 ,23.44 ,23.47 ,23.44 ,23.29 ,23.33 ,23.41 ,23.37 ,23.4 ,23.31 ,23.32 ,23.27 ,23.39 ,23.33 ,23.29 ,23.32 ,23.3 ,23.41 ,23.47 ,23.41 ,23.28 ,23.34 ,23.34 ,23.23 ,23.22 ,23.23 ,23.15 ,23.1 ,23.07 ,23.07 ,23.07 ,23.23 ,23.2 ,23.17 ,23.16 ,23.19 ,23.1 ,23.21 ,23.28 ,23.11 ,23.11 ,23.28 ,23.27 ,23.32 ,23.21 ,23.11 ,23.08 ,23.34 ,23.31 ,23.2 ,23.17 ,23.19 ,23.16 ,23.19 ,23.25 ,23.21 ,
271,23.27 ,23.27 ,23.36 ,23.41 ,23.42 ,23.43 ,23.45 ,23.42 ,23.42 ,23.34 ,23.3 ,23.34 ,23.39 ,23.38 ,23.34 ,23.43 ,23.48 ,23.54 ,23.43 ,23.29 ,23.24 ,23.35 ,23.42 ,23.28 ,23.34 ,23.42 ,23.29 ,23.17 ,23.34 ,23.5 ,23.51 ,23.49 ,23.54 ,23.51 ,23.53 ,23.55 ,23.58 ,23.62 ,23.6 ,23.53 ,23.57 ,23.55 ,23.62 ,23.6 ,23.5 ,23.6 ,23.63 ,23.59 ,23.57 ,23.53 ,23.49 ,23.54 ,23.59 ,23.6 ,23.59 ,23.58 ,23.6 ,23.65 ,23.68 ,23.66 ,23.62 ,23.67 ,23.65 ,23.62 ,23.58 ,23.56 ,23.63 ,23.47 ,23.54 ,23.65 ,23.53 ,23.53 ,23.62 ,23.63 ,23.63 ,23.6 ,23.64 ,23.58 ,23.51 ,23.56 ,23.65 ,23.61 ,23.63 ,23.59 ,23.6 ,23.63 ,23.61 ,23.65 ,23.6 ,23.58 ,23.62 ,23.66 ,23.7 ,23.72 ,23.61 ,23.59 ,23.59 ,23.51 ,23.56 ,23.6 ,23.62 ,23.65 ,23.61 ,23.47 ,23.49 ,23.5 ,23.52 ,23.57 ,23.56 ,23.47 ,23.45 ,23.49 ,23.54 ,23.55 ,23.61 ,23.72 ,23.76 ,23.68 ,23.67 ,23.71 ,23.77 ,23.75 ,23.77 ,23.71 ,23.77 ,23.76 ,23.71 ,23.79 ,23.81 ,23.72 ,23.83 ,23.83 ,23.73 ,23.77 ,23.82 ,23.78 ,23.71 ,23.78 ,23.79 ,23.74 ,23.68 ,23.74 ,23.74 ,23.76 ,23.83 ,23.8 ,23.76 ,23.74 ,23.84 ,23.85 ,23.82 ,23.8 ,23.84 ,23.84 ,23.79 ,23.77 ,23.79 ,23.78 ,23.76 ,23.87 ,23.85 ,23.76 ,23.78 ,23.85 ,23.87 ,23.9 ,23.81 ,23.81 ,23.83 ,23.84 ,23.89 ,23.81 ,23.74 ,23.83 ,23.79 ,23.75 ,23.81 ,23.78 ,23.77 ,23.79 ,23.78 ,23.78 ,23.8 ,23.79 ,23.82 ,23.87 ,23.77 ,23.73 ,23.85 ,23.84 ,23.82 ,23.83 ,23.81 ,23.68 ,23.62 ,23.57 ,23.51 ,23.56 ,23.51 ,23.44 ,23.47 ,23.47 ,23.44 ,23.53 ,23.44 ,23.51 ,23.49 ,23.5 ,23.5 ,23.59 ,23.61 ,23.52 ,23.58 ,23.54 ,23.55 ,23.59 ,23.57 ,23.59 ,23.63 ,23.67 ,23.65 ,23.61 ,23.69 ,23.78 ,23.79 ,23.84 ,23.82 ,23.83 ,23.81 ,23.81 ,23.83 ,23.82 ,23.87 ,23.76 ,23.78 ,23.89 ,23.89 ,23.88 ,23.74 ,23.82 ,23.8 ,23.78 ,23.72 ,23.53 ,23.61 ,23.67 ,23.6 ,23.6 ,23.61 ,23.58 ,23.57 ,23.6 ,23.64 ,23.62 ,23.65 ,23.72 ,23.61 ,23.67 ,23.65 ,23.6 ,23.61 ,23.62 ,23.66 ,23.57 ,23.57 ,23.61 ,23.61 ,23.65 ,23.63 ,23.57 ,23.52 ,23.42 ,23.42 ,23.5 ,23.49 ,23.43 ,23.45 ,23.5 ,23.52 ,23.48 ,23.5 ,23.54 ,23.53 ,23.5 ,23.5 ,23.51 ,23.48 ,23.48 ,23.49 ,23.51 ,23.55 ,23.55 ,23.5 ,23.53 ,23.53 ,23.59 ,23.45 ,23.48 ,23.51 ,23.54 ,23.58 ,23.6 ,23.54 ,23.38 ,23.11 ,22.88 ,23.06 ,23.39 ,23.61 ,23.65 ,23.65 ,23.65 ,23.62 ,23.55 ,23.57 ,23.61 ,23.61 ,23.6 ,23.65 ,23.63 ,23.63 ,23.66 ,23.63 ,23.63 ,23.66 ,23.65 ,23.75 ,23.91 ,23.92 ,23.88 ,23.92 ,23.89 ,23.79 ,23.94 ,24.05 ,23.99 ,23.99 ,23.93 ,23.85 ,23.92 ,23.91 ,23.83 ,23.78 ,23.8 ,23.74 ,23.64 ,23.64 ,23.63 ,23.67 ,23.76 ,23.71 ,23.71 ,23.69 ,23.71 ,23.68 ,23.64 ,23.66 ,23.68 ,23.62 ,23.65 ,23.61 ,23.66 ,23.71 ,23.68 ,23.7 ,23.64 ,23.67 ,23.68 ,23.66 ,23.64 ,23.67 ,23.74 ,23.78 ,23.73 ,23.65 ,23.61 ,23.62 ,23.72 ,23.71 ,23.71 ,23.83 ,23.82 ,23.79 ,23.94 ,23.89 ,23.98 ,23.93 ,23.94 ,23.94 ,23.92 ,23.97 ,23.95 ,23.89 ,23.92 ,24 ,23.98 ,24 ,23.99 ,23.96 ,23.91 ,23.89 ,23.93 ,23.88 ,23.9 ,23.96 ,23.88 ,23.92 ,23.9 ,23.88 ,23.93 ,23.92 ,23.85 ,23.89 ,23.85 ,23.89 ,23.92 ,23.97 ,23.89 ,23.89 ,23.9 ,23.87 ,23.86 ,23.83 ,23.79 ,23.81 ,23.76 ,23.67 ,23.66 ,23.64 ,23.65 ,23.68 ,23.73 ,23.79 ,23.79 ,23.83 ,23.8 ,23.79 ,23.86 ,23.9 ,23.83 ,23.87 ,23.84 ,23.82 ,23.8 ,23.74 ,23.81 ,23.78 ,23.77 ,23.82 ,23.77 ,23.83 ,23.91 ,23.82 ,23.8 ,23.76 ,23.77 ,23.8 ,23.83 ,23.82 ,23.83 ,23.66 ,23.52 ,23.51 ,23.67 ,23.64 ,23.62 ,23.6 ,23.5 ,23.54 ,23.5 ,23.38 ,23.44 ,23.46 ,23.47 ,23.54 ,23.67 ,23.57 ,23.62 ,23.7 ,23.72 ,23.71 ,23.81 ,23.71 ,23.74 ,23.86 ,23.91 ,23.82 ,23.71 ,23.73 ,23.76 ,23.76 ,23.8 ,23.8 ,23.73 ,23.84 ,23.85 ,23.84 ,23.83 ,23.8 ,23.75 ,23.72 ,23.78 ,23.83 ,23.82 ,23.8 ,23.83 ,23.73 ,23.76 ,23.71 ,23.76 ,23.82 ,23.74 ,23.61 ,23.73 ,23.79 ,23.83 ,23.73 ,23.66 ,23.69 ,23.76 ,23.79 ,23.76 ,23.68 ,23.76 ,23.62 ,23.62 ,23.76 ,23.8 ,23.74 ,23.62 ,23.67 ,23.73 ,23.67 ,23.68 ,23.68 ,23.69 ,23.73 ,23.75 ,23.59 ,23.56 ,23.63 ,23.68 ,23.57 ,23.63 ,23.66 ,23.63 ,23.5 ,23.63 ,23.55 ,23.52 ,23.5 ,23.44 ,23.5 ,23.54 ,23.44 ,23.47 ,23.49 ,23.51 ,23.48 ,23.43 ,23.38 ,23.35 ,23.32 ,23.34 ,23.33 ,23.2 ,23.38 ,23.37 ,23.29 ,23.19 ,23.29 ,23.24 ,23.31 ,23.37 ,23.42 ,23.32 ,23.27 ,23.32 ,23.3 ,23.28 ,23.38 ,23.35 ,23.33 ,23.31 ,23.36 ,23.47 ,23.43 ,23.35 ,23.35 ,23.31 ,23.37 ,23.36 ,23.33 ,23.3 ,23.36 ,23.37 ,23.28 ,23.33 ,23.29 ,23.21 ,23.22 ,23.27 ,23.31 ,23.29 ,23.25 ,23.29 ,23.35 ,23.23 ,23.24 ,23.26 ,23.2 ,23.13 ,23.03 ,23.15 ,23.12 ,23.23 ,23.09 ,23.12 ,23.21 ,23.21 ,23.11 ,23.23 ,23.24 ,23.05 ,23.13 ,23.32 ,23.22 ,23.14 ,23.14 ,23.12 ,23.19 ,23.28 ,23.22 ,23.19 ,23.24 ,23.11 ,23.13 ,23.24 ,23.24 ,23.22 ,
272,23.34 ,23.39 ,23.44 ,23.38 ,23.42 ,23.43 ,23.36 ,23.31 ,23.36 ,23.32 ,23.3 ,23.36 ,23.37 ,23.44 ,23.37 ,23.4 ,23.42 ,23.41 ,23.44 ,23.26 ,23.26 ,23.29 ,23.43 ,23.35 ,23.24 ,23.46 ,23.44 ,23.31 ,23.31 ,23.47 ,23.52 ,23.51 ,23.54 ,23.55 ,23.52 ,23.6 ,23.57 ,23.66 ,23.66 ,23.51 ,23.59 ,23.59 ,23.55 ,23.56 ,23.59 ,23.59 ,23.56 ,23.57 ,23.56 ,23.55 ,23.55 ,23.59 ,23.58 ,23.57 ,23.54 ,23.58 ,23.6 ,23.73 ,23.68 ,23.61 ,23.55 ,23.55 ,23.59 ,23.65 ,23.72 ,23.59 ,23.61 ,23.54 ,23.57 ,23.55 ,23.51 ,23.56 ,23.56 ,23.52 ,23.66 ,23.64 ,23.67 ,23.63 ,23.54 ,23.5 ,23.6 ,23.59 ,23.58 ,23.61 ,23.59 ,23.52 ,23.64 ,23.71 ,23.7 ,23.56 ,23.62 ,23.75 ,23.7 ,23.71 ,23.7 ,23.7 ,23.63 ,23.63 ,23.54 ,23.51 ,23.58 ,23.58 ,23.52 ,23.53 ,23.53 ,23.5 ,23.47 ,23.46 ,23.45 ,23.42 ,23.37 ,23.38 ,23.52 ,23.52 ,23.5 ,23.59 ,23.72 ,23.71 ,23.71 ,23.77 ,23.83 ,23.71 ,23.77 ,23.76 ,23.77 ,23.76 ,23.75 ,23.83 ,23.83 ,23.72 ,23.75 ,23.78 ,23.7 ,23.77 ,23.84 ,23.8 ,23.76 ,23.8 ,23.8 ,23.77 ,23.72 ,23.71 ,23.75 ,23.78 ,23.86 ,23.86 ,23.78 ,23.75 ,23.76 ,23.84 ,23.76 ,23.77 ,23.83 ,23.83 ,23.8 ,23.8 ,23.83 ,23.71 ,23.7 ,23.8 ,23.89 ,23.8 ,23.81 ,23.82 ,23.82 ,23.86 ,23.84 ,23.83 ,23.74 ,23.79 ,23.88 ,23.79 ,23.8 ,23.87 ,23.86 ,23.79 ,23.84 ,23.83 ,23.82 ,23.8 ,23.82 ,23.83 ,23.79 ,23.8 ,23.8 ,23.87 ,23.83 ,23.79 ,23.83 ,23.85 ,23.78 ,23.73 ,23.83 ,23.72 ,23.68 ,23.59 ,23.55 ,23.64 ,23.54 ,23.45 ,23.42 ,23.41 ,23.47 ,23.5 ,23.46 ,23.47 ,23.49 ,23.6 ,23.56 ,23.59 ,23.59 ,23.55 ,23.59 ,23.63 ,23.61 ,23.65 ,23.64 ,23.61 ,23.63 ,23.63 ,23.68 ,23.68 ,23.74 ,23.83 ,23.86 ,23.82 ,23.81 ,23.84 ,23.85 ,23.83 ,23.78 ,23.82 ,23.84 ,23.76 ,23.71 ,23.87 ,23.9 ,23.87 ,23.85 ,23.82 ,23.87 ,23.74 ,23.69 ,23.6 ,23.59 ,23.61 ,23.59 ,23.62 ,23.62 ,23.63 ,23.59 ,23.57 ,23.61 ,23.65 ,23.64 ,23.68 ,23.68 ,23.66 ,23.57 ,23.61 ,23.57 ,23.61 ,23.69 ,23.67 ,23.65 ,23.63 ,23.58 ,23.62 ,23.67 ,23.64 ,23.52 ,23.45 ,23.5 ,23.47 ,23.36 ,23.24 ,23.25 ,23.27 ,23.41 ,23.52 ,23.54 ,23.51 ,23.54 ,23.45 ,23.51 ,23.47 ,23.61 ,23.59 ,23.51 ,23.5 ,23.42 ,23.32 ,23.36 ,23.43 ,23.49 ,23.58 ,23.47 ,23.45 ,23.5 ,23.49 ,23.59 ,23.6 ,23.53 ,23.36 ,23.04 ,22.88 ,23.13 ,23.44 ,23.62 ,23.68 ,23.66 ,23.65 ,23.61 ,23.56 ,23.52 ,23.54 ,23.56 ,23.66 ,23.64 ,23.58 ,23.63 ,23.65 ,23.66 ,23.63 ,23.73 ,23.65 ,23.74 ,23.9 ,23.87 ,23.9 ,23.95 ,23.95 ,23.85 ,23.88 ,23.98 ,23.94 ,23.98 ,23.98 ,23.9 ,23.97 ,24 ,23.84 ,23.81 ,23.88 ,23.87 ,23.74 ,23.69 ,23.64 ,23.7 ,23.8 ,23.65 ,23.63 ,23.59 ,23.62 ,23.67 ,23.66 ,23.64 ,23.63 ,23.6 ,23.62 ,23.62 ,23.62 ,23.67 ,23.71 ,23.73 ,23.66 ,23.66 ,23.76 ,23.7 ,23.69 ,23.67 ,23.78 ,23.78 ,23.7 ,23.59 ,23.61 ,23.71 ,23.74 ,23.74 ,23.69 ,23.8 ,23.85 ,23.82 ,23.9 ,23.9 ,23.92 ,23.95 ,23.94 ,23.95 ,23.9 ,23.84 ,23.92 ,23.88 ,23.78 ,23.96 ,23.97 ,23.94 ,23.98 ,23.98 ,23.94 ,23.89 ,23.93 ,23.92 ,23.93 ,23.95 ,23.91 ,23.9 ,23.86 ,23.85 ,23.9 ,23.87 ,23.81 ,23.83 ,23.84 ,23.87 ,23.94 ,23.92 ,23.92 ,23.88 ,23.95 ,23.92 ,23.89 ,23.84 ,23.82 ,23.73 ,23.73 ,23.63 ,23.69 ,23.67 ,23.67 ,23.7 ,23.71 ,23.8 ,23.85 ,23.84 ,23.89 ,23.91 ,23.84 ,23.85 ,23.85 ,23.88 ,23.87 ,23.79 ,23.72 ,23.72 ,23.8 ,23.83 ,23.82 ,23.82 ,23.83 ,23.78 ,23.84 ,23.83 ,23.83 ,23.85 ,23.85 ,23.79 ,23.77 ,23.78 ,23.8 ,23.69 ,23.58 ,23.59 ,23.65 ,23.61 ,23.59 ,23.58 ,23.49 ,23.56 ,23.48 ,23.41 ,23.48 ,23.42 ,23.54 ,23.55 ,23.7 ,23.66 ,23.68 ,23.74 ,23.76 ,23.72 ,23.79 ,23.76 ,23.76 ,23.82 ,23.82 ,23.87 ,23.79 ,23.76 ,23.85 ,23.77 ,23.74 ,23.78 ,23.78 ,23.8 ,23.85 ,23.74 ,23.8 ,23.81 ,23.89 ,23.79 ,23.73 ,23.73 ,23.75 ,23.78 ,23.76 ,23.78 ,23.75 ,23.72 ,23.72 ,23.73 ,23.75 ,23.7 ,23.69 ,23.83 ,23.84 ,23.68 ,23.66 ,23.73 ,23.76 ,23.72 ,23.74 ,23.71 ,23.8 ,23.72 ,23.63 ,23.68 ,23.78 ,23.69 ,23.66 ,23.68 ,23.64 ,23.65 ,23.73 ,23.7 ,23.65 ,23.77 ,23.76 ,23.62 ,23.59 ,23.59 ,23.71 ,23.7 ,23.71 ,23.61 ,23.59 ,23.61 ,23.65 ,23.65 ,23.56 ,23.42 ,23.46 ,23.51 ,23.47 ,23.47 ,23.49 ,23.47 ,23.41 ,23.38 ,23.38 ,23.4 ,23.44 ,23.32 ,23.38 ,23.35 ,23.31 ,23.31 ,23.31 ,23.21 ,23.22 ,23.28 ,23.43 ,23.34 ,23.34 ,23.38 ,23.36 ,23.31 ,23.28 ,23.36 ,23.33 ,23.22 ,23.26 ,23.33 ,23.29 ,23.33 ,23.45 ,23.42 ,23.32 ,23.28 ,23.29 ,23.25 ,23.34 ,23.37 ,23.33 ,23.39 ,23.36 ,23.34 ,23.34 ,23.35 ,23.27 ,23.27 ,23.25 ,23.27 ,23.24 ,23.24 ,23.26 ,23.3 ,23.28 ,23.28 ,23.31 ,23.25 ,23.17 ,23.05 ,23.14 ,23.14 ,23.19 ,23.16 ,23.06 ,23.12 ,23.17 ,23.12 ,23.25 ,23.18 ,23.13 ,23.14 ,23.24 ,23.18 ,23.18 ,23.11 ,23.17 ,23.17 ,23.29 ,23.37 ,23.28 ,23.29 ,23.16 ,23.17 ,23.21 ,23.21 ,23.21 ,
273,23.33 ,23.39 ,23.51 ,23.51 ,23.43 ,23.53 ,23.45 ,23.36 ,23.42 ,23.36 ,23.33 ,23.39 ,23.38 ,23.36 ,23.42 ,23.45 ,23.41 ,23.41 ,23.35 ,23.39 ,23.34 ,23.28 ,23.36 ,23.36 ,23.34 ,23.41 ,23.45 ,23.43 ,23.4 ,23.43 ,23.49 ,23.51 ,23.49 ,23.56 ,23.55 ,23.64 ,23.61 ,23.55 ,23.64 ,23.57 ,23.63 ,23.57 ,23.51 ,23.55 ,23.61 ,23.65 ,23.61 ,23.52 ,23.53 ,23.59 ,23.66 ,23.6 ,23.6 ,23.65 ,23.56 ,23.59 ,23.58 ,23.61 ,23.58 ,23.61 ,23.58 ,23.55 ,23.62 ,23.69 ,23.75 ,23.61 ,23.59 ,23.65 ,23.6 ,23.58 ,23.51 ,23.55 ,23.62 ,23.55 ,23.66 ,23.7 ,23.61 ,23.59 ,23.61 ,23.58 ,23.55 ,23.63 ,23.6 ,23.63 ,23.61 ,23.56 ,23.62 ,23.75 ,23.72 ,23.62 ,23.66 ,23.78 ,23.74 ,23.73 ,23.78 ,23.76 ,23.76 ,23.66 ,23.64 ,23.55 ,23.5 ,23.55 ,23.57 ,23.56 ,23.51 ,23.48 ,23.47 ,23.46 ,23.51 ,23.45 ,23.38 ,23.37 ,23.49 ,23.46 ,23.51 ,23.48 ,23.62 ,23.72 ,23.78 ,23.8 ,23.85 ,23.8 ,23.73 ,23.78 ,23.86 ,23.79 ,23.8 ,23.88 ,23.85 ,23.74 ,23.69 ,23.8 ,23.79 ,23.81 ,23.75 ,23.84 ,23.76 ,23.86 ,23.84 ,23.8 ,23.78 ,23.73 ,23.72 ,23.83 ,23.84 ,23.88 ,23.8 ,23.76 ,23.79 ,23.76 ,23.77 ,23.72 ,23.81 ,23.76 ,23.78 ,23.85 ,23.81 ,23.76 ,23.7 ,23.75 ,23.85 ,23.86 ,23.83 ,23.82 ,23.86 ,23.8 ,23.8 ,23.86 ,23.81 ,23.86 ,23.84 ,23.81 ,23.82 ,23.94 ,23.9 ,23.83 ,23.84 ,23.8 ,23.8 ,23.82 ,23.88 ,23.83 ,23.77 ,23.8 ,23.82 ,23.85 ,23.84 ,23.87 ,23.91 ,23.86 ,23.9 ,23.81 ,23.79 ,23.73 ,23.67 ,23.69 ,23.62 ,23.64 ,23.54 ,23.46 ,23.44 ,23.4 ,23.46 ,23.51 ,23.49 ,23.52 ,23.5 ,23.62 ,23.63 ,23.5 ,23.54 ,23.57 ,23.59 ,23.59 ,23.61 ,23.69 ,23.65 ,23.59 ,23.6 ,23.69 ,23.81 ,23.78 ,23.8 ,23.86 ,23.88 ,23.81 ,23.76 ,23.79 ,23.87 ,23.87 ,23.83 ,23.8 ,23.87 ,23.82 ,23.76 ,23.88 ,23.87 ,23.86 ,23.83 ,23.8 ,23.79 ,23.75 ,23.66 ,23.61 ,23.6 ,23.66 ,23.58 ,23.58 ,23.6 ,23.57 ,23.62 ,23.56 ,23.6 ,23.6 ,23.6 ,23.64 ,23.68 ,23.6 ,23.64 ,23.66 ,23.62 ,23.58 ,23.69 ,23.68 ,23.73 ,23.6 ,23.55 ,23.63 ,23.63 ,23.65 ,23.54 ,23.44 ,23.51 ,23.47 ,23.31 ,23.13 ,22.92 ,22.72 ,22.98 ,23.45 ,23.55 ,23.58 ,23.59 ,23.5 ,23.58 ,23.6 ,23.56 ,23.56 ,23.48 ,23.36 ,23.25 ,23.11 ,23.11 ,23.3 ,23.45 ,23.61 ,23.55 ,23.56 ,23.64 ,23.56 ,23.56 ,23.57 ,23.52 ,23.31 ,22.92 ,22.9 ,23.24 ,23.55 ,23.62 ,23.63 ,23.66 ,23.65 ,23.65 ,23.62 ,23.59 ,23.61 ,23.56 ,23.68 ,23.7 ,23.63 ,23.61 ,23.67 ,23.65 ,23.68 ,23.65 ,23.65 ,23.76 ,23.95 ,23.89 ,23.84 ,24.01 ,23.95 ,23.86 ,23.87 ,23.92 ,23.89 ,23.91 ,24.01 ,23.91 ,23.88 ,24.01 ,23.98 ,23.82 ,23.89 ,23.99 ,23.91 ,23.72 ,23.67 ,23.69 ,23.75 ,23.71 ,23.68 ,23.64 ,23.61 ,23.64 ,23.65 ,23.62 ,23.63 ,23.59 ,23.67 ,23.65 ,23.68 ,23.7 ,23.64 ,23.64 ,23.6 ,23.67 ,23.77 ,23.71 ,23.66 ,23.69 ,23.68 ,23.72 ,23.66 ,23.66 ,23.66 ,23.68 ,23.79 ,23.82 ,23.9 ,23.91 ,23.91 ,23.82 ,23.91 ,23.85 ,23.95 ,23.98 ,24.03 ,23.99 ,23.88 ,23.88 ,23.91 ,23.92 ,23.87 ,23.89 ,23.92 ,23.93 ,23.95 ,23.93 ,23.92 ,23.87 ,23.89 ,23.91 ,23.96 ,23.89 ,23.85 ,23.93 ,23.91 ,23.85 ,23.92 ,23.97 ,23.84 ,23.94 ,23.89 ,23.82 ,23.91 ,23.93 ,23.92 ,23.91 ,23.98 ,23.9 ,23.86 ,23.88 ,23.81 ,23.7 ,23.66 ,23.61 ,23.62 ,23.68 ,23.69 ,23.66 ,23.71 ,23.79 ,23.82 ,23.83 ,23.87 ,23.96 ,23.86 ,23.81 ,23.86 ,23.88 ,23.88 ,23.86 ,23.84 ,23.86 ,23.84 ,23.79 ,23.78 ,23.8 ,23.78 ,23.79 ,23.77 ,23.83 ,23.89 ,23.86 ,23.84 ,23.75 ,23.77 ,23.72 ,23.79 ,23.69 ,23.66 ,23.61 ,23.62 ,23.63 ,23.62 ,23.68 ,23.58 ,23.62 ,23.56 ,23.48 ,23.5 ,23.42 ,23.54 ,23.68 ,23.63 ,23.66 ,23.71 ,23.71 ,23.83 ,23.79 ,23.75 ,23.83 ,23.84 ,23.76 ,23.79 ,23.8 ,23.82 ,23.85 ,23.87 ,23.82 ,23.84 ,23.83 ,23.91 ,23.9 ,23.89 ,23.81 ,23.82 ,23.81 ,23.87 ,23.82 ,23.8 ,23.76 ,23.82 ,23.87 ,23.85 ,23.83 ,23.87 ,23.82 ,23.83 ,23.84 ,23.79 ,23.76 ,23.78 ,23.8 ,23.83 ,23.74 ,23.73 ,23.8 ,23.83 ,23.77 ,23.77 ,23.76 ,23.81 ,23.8 ,23.74 ,23.72 ,23.75 ,23.67 ,23.65 ,23.7 ,23.69 ,23.65 ,23.7 ,23.72 ,23.76 ,23.8 ,23.78 ,23.72 ,23.67 ,23.7 ,23.7 ,23.63 ,23.71 ,23.7 ,23.6 ,23.58 ,23.66 ,23.66 ,23.56 ,23.48 ,23.42 ,23.49 ,23.47 ,23.44 ,23.42 ,23.42 ,23.45 ,23.38 ,23.37 ,23.41 ,23.46 ,23.35 ,23.35 ,23.33 ,23.25 ,23.29 ,23.25 ,23.19 ,23.29 ,23.35 ,23.46 ,23.47 ,23.36 ,23.46 ,23.42 ,23.39 ,23.33 ,23.37 ,23.35 ,23.25 ,23.26 ,23.43 ,23.46 ,23.37 ,23.42 ,23.34 ,23.33 ,23.31 ,23.32 ,23.3 ,23.33 ,23.36 ,23.39 ,23.44 ,23.39 ,23.42 ,23.42 ,23.33 ,23.26 ,23.25 ,23.28 ,23.34 ,23.38 ,23.35 ,23.31 ,23.27 ,23.3 ,23.23 ,23.24 ,23.22 ,23.22 ,23.11 ,23.1 ,23.19 ,23.2 ,23.27 ,23.24 ,23.14 ,23.18 ,23.17 ,23.28 ,23.24 ,23.1 ,23.22 ,23.21 ,23.16 ,23.23 ,23.22 ,23.19 ,23.14 ,23.24 ,23.39 ,23.39 ,23.27 ,23.31 ,23.21 ,23.22 ,23.16 ,23.18 ,
274,23.41 ,23.35 ,23.48 ,23.47 ,23.37 ,23.44 ,23.49 ,23.43 ,23.41 ,23.43 ,23.42 ,23.46 ,23.42 ,23.38 ,23.44 ,23.47 ,23.4 ,23.37 ,23.41 ,23.41 ,23.38 ,23.33 ,23.42 ,23.39 ,23.34 ,23.44 ,23.43 ,23.38 ,23.41 ,23.46 ,23.55 ,23.5 ,23.53 ,23.58 ,23.63 ,23.58 ,23.6 ,23.56 ,23.57 ,23.55 ,23.6 ,23.6 ,23.58 ,23.63 ,23.64 ,23.63 ,23.66 ,23.63 ,23.59 ,23.62 ,23.63 ,23.58 ,23.63 ,23.62 ,23.61 ,23.6 ,23.59 ,23.51 ,23.49 ,23.58 ,23.6 ,23.61 ,23.62 ,23.62 ,23.67 ,23.62 ,23.59 ,23.61 ,23.6 ,23.52 ,23.49 ,23.62 ,23.64 ,23.61 ,23.64 ,23.66 ,23.64 ,23.64 ,23.64 ,23.61 ,23.6 ,23.64 ,23.65 ,23.67 ,23.62 ,23.63 ,23.67 ,23.69 ,23.68 ,23.63 ,23.67 ,23.71 ,23.71 ,23.71 ,23.7 ,23.69 ,23.7 ,23.63 ,23.62 ,23.55 ,23.59 ,23.61 ,23.69 ,23.62 ,23.49 ,23.47 ,23.45 ,23.45 ,23.51 ,23.5 ,23.41 ,23.33 ,23.42 ,23.44 ,23.42 ,23.51 ,23.58 ,23.7 ,23.77 ,23.83 ,23.75 ,23.73 ,23.78 ,23.8 ,23.82 ,23.79 ,23.75 ,23.71 ,23.83 ,23.77 ,23.71 ,23.78 ,23.76 ,23.79 ,23.73 ,23.76 ,23.79 ,23.81 ,23.8 ,23.81 ,23.82 ,23.81 ,23.73 ,23.79 ,23.8 ,23.8 ,23.78 ,23.7 ,23.77 ,23.83 ,23.79 ,23.75 ,23.72 ,23.81 ,23.83 ,23.85 ,23.78 ,23.76 ,23.8 ,23.74 ,23.8 ,23.82 ,23.85 ,23.82 ,23.84 ,23.78 ,23.81 ,23.85 ,23.8 ,23.9 ,23.83 ,23.8 ,23.79 ,23.83 ,23.8 ,23.82 ,23.85 ,23.8 ,23.79 ,23.86 ,23.93 ,23.91 ,23.83 ,23.79 ,23.83 ,23.86 ,23.82 ,23.84 ,23.85 ,23.82 ,23.86 ,23.81 ,23.76 ,23.83 ,23.75 ,23.7 ,23.67 ,23.66 ,23.57 ,23.51 ,23.51 ,23.41 ,23.44 ,23.51 ,23.49 ,23.52 ,23.53 ,23.55 ,23.62 ,23.53 ,23.53 ,23.6 ,23.68 ,23.66 ,23.61 ,23.65 ,23.65 ,23.63 ,23.65 ,23.73 ,23.77 ,23.8 ,23.77 ,23.83 ,23.87 ,23.84 ,23.8 ,23.82 ,23.86 ,23.82 ,23.83 ,23.81 ,23.86 ,23.84 ,23.78 ,23.89 ,23.95 ,23.87 ,23.86 ,23.83 ,23.74 ,23.72 ,23.65 ,23.57 ,23.64 ,23.61 ,23.62 ,23.59 ,23.65 ,23.65 ,23.62 ,23.54 ,23.6 ,23.59 ,23.63 ,23.64 ,23.6 ,23.59 ,23.64 ,23.61 ,23.62 ,23.63 ,23.67 ,23.65 ,23.62 ,23.64 ,23.61 ,23.64 ,23.62 ,23.56 ,23.53 ,23.46 ,23.5 ,23.44 ,23.13 ,22.84 ,22.81 ,22.7 ,22.43 ,23.42 ,23.57 ,23.6 ,23.61 ,23.58 ,23.56 ,23.55 ,23.56 ,23.58 ,23.52 ,23.39 ,23.19 ,23.16 ,23.2 ,23.4 ,23.55 ,23.66 ,23.59 ,23.65 ,23.69 ,23.61 ,23.62 ,23.61 ,23.49 ,23.26 ,22.89 ,22.96 ,23.37 ,23.59 ,23.63 ,23.65 ,23.62 ,23.65 ,23.67 ,23.64 ,23.65 ,23.66 ,23.63 ,23.63 ,23.66 ,23.65 ,23.61 ,23.66 ,23.7 ,23.68 ,23.69 ,23.62 ,23.76 ,23.89 ,23.93 ,23.89 ,23.91 ,23.96 ,23.86 ,23.93 ,23.94 ,23.9 ,23.96 ,24.02 ,23.98 ,23.91 ,23.97 ,23.95 ,23.84 ,23.85 ,23.97 ,24.02 ,23.83 ,23.75 ,23.7 ,23.7 ,23.64 ,23.65 ,23.66 ,23.63 ,23.6 ,23.64 ,23.61 ,23.71 ,23.67 ,23.68 ,23.75 ,23.72 ,23.69 ,23.59 ,23.64 ,23.71 ,23.69 ,23.73 ,23.6 ,23.6 ,23.6 ,23.68 ,23.68 ,23.64 ,23.66 ,23.69 ,23.73 ,23.88 ,23.94 ,23.96 ,23.94 ,23.94 ,23.9 ,23.92 ,23.94 ,23.9 ,23.91 ,23.98 ,23.98 ,23.86 ,23.9 ,23.98 ,23.99 ,23.95 ,23.87 ,23.93 ,23.99 ,23.95 ,23.93 ,23.92 ,23.9 ,23.95 ,23.93 ,24.01 ,23.91 ,23.89 ,23.86 ,23.94 ,23.88 ,23.96 ,24.01 ,23.9 ,23.94 ,23.94 ,23.89 ,23.85 ,23.88 ,23.82 ,23.82 ,23.95 ,23.92 ,23.9 ,23.87 ,23.76 ,23.62 ,23.57 ,23.62 ,23.6 ,23.58 ,23.68 ,23.68 ,23.74 ,23.82 ,23.83 ,23.83 ,23.91 ,23.95 ,23.85 ,23.79 ,23.9 ,23.85 ,23.91 ,23.91 ,23.83 ,23.91 ,23.85 ,23.76 ,23.77 ,23.87 ,23.86 ,23.84 ,23.76 ,23.81 ,23.93 ,23.87 ,23.83 ,23.82 ,23.86 ,23.78 ,23.73 ,23.66 ,23.58 ,23.58 ,23.59 ,23.57 ,23.55 ,23.66 ,23.55 ,23.56 ,23.52 ,23.48 ,23.48 ,23.5 ,23.51 ,23.61 ,23.65 ,23.65 ,23.65 ,23.68 ,23.8 ,23.86 ,23.79 ,23.79 ,23.83 ,23.81 ,23.81 ,23.78 ,23.79 ,23.8 ,23.89 ,23.89 ,23.89 ,23.88 ,23.95 ,23.93 ,23.89 ,23.83 ,23.84 ,23.8 ,23.86 ,23.85 ,23.81 ,23.8 ,23.83 ,23.9 ,23.9 ,23.77 ,23.85 ,23.81 ,23.8 ,23.77 ,23.75 ,23.74 ,23.73 ,23.73 ,23.76 ,23.75 ,23.7 ,23.72 ,23.75 ,23.7 ,23.75 ,23.77 ,23.78 ,23.76 ,23.73 ,23.69 ,23.73 ,23.71 ,23.75 ,23.73 ,23.73 ,23.65 ,23.69 ,23.7 ,23.71 ,23.84 ,23.79 ,23.7 ,23.72 ,23.67 ,23.73 ,23.62 ,23.63 ,23.68 ,23.57 ,23.55 ,23.62 ,23.61 ,23.6 ,23.54 ,23.5 ,23.42 ,23.41 ,23.38 ,23.45 ,23.46 ,23.48 ,23.38 ,23.34 ,23.37 ,23.34 ,23.41 ,23.38 ,23.34 ,23.23 ,23.28 ,23.28 ,23.2 ,23.23 ,23.31 ,23.41 ,23.48 ,23.42 ,23.4 ,23.46 ,23.39 ,23.29 ,23.3 ,23.3 ,23.19 ,23.28 ,23.43 ,23.45 ,23.36 ,23.29 ,23.29 ,23.28 ,23.34 ,23.31 ,23.29 ,23.41 ,23.38 ,23.33 ,23.41 ,23.42 ,23.43 ,23.42 ,23.28 ,23.25 ,23.34 ,23.3 ,23.41 ,23.43 ,23.42 ,23.35 ,23.36 ,23.29 ,23.31 ,23.34 ,23.25 ,23.19 ,23.14 ,23.12 ,23.2 ,23.27 ,23.21 ,23.25 ,23.2 ,23.17 ,23.2 ,23.21 ,23.19 ,23.12 ,23.26 ,23.32 ,23.22 ,23.21 ,23.24 ,23.26 ,23.21 ,23.3 ,23.34 ,23.34 ,23.26 ,23.27 ,23.27 ,23.3 ,23.24 ,23.23 ,
275,23.38 ,23.29 ,23.32 ,23.46 ,23.45 ,23.37 ,23.47 ,23.4 ,23.31 ,23.26 ,23.36 ,23.45 ,23.5 ,23.38 ,23.38 ,23.45 ,23.36 ,23.41 ,23.38 ,23.41 ,23.41 ,23.36 ,23.39 ,23.26 ,23.33 ,23.4 ,23.43 ,23.37 ,23.39 ,23.5 ,23.56 ,23.48 ,23.37 ,23.5 ,23.66 ,23.57 ,23.52 ,23.69 ,23.67 ,23.54 ,23.6 ,23.61 ,23.53 ,23.64 ,23.64 ,23.64 ,23.64 ,23.7 ,23.66 ,23.67 ,23.59 ,23.54 ,23.6 ,23.64 ,23.62 ,23.58 ,23.62 ,23.57 ,23.56 ,23.55 ,23.56 ,23.66 ,23.67 ,23.64 ,23.7 ,23.59 ,23.64 ,23.68 ,23.56 ,23.54 ,23.52 ,23.57 ,23.63 ,23.6 ,23.56 ,23.58 ,23.66 ,23.66 ,23.66 ,23.62 ,23.64 ,23.66 ,23.63 ,23.66 ,23.59 ,23.61 ,23.65 ,23.67 ,23.67 ,23.6 ,23.66 ,23.68 ,23.66 ,23.68 ,23.65 ,23.67 ,23.66 ,23.59 ,23.6 ,23.62 ,23.67 ,23.69 ,23.7 ,23.65 ,23.51 ,23.49 ,23.54 ,23.48 ,23.44 ,23.46 ,23.37 ,23.37 ,23.4 ,23.46 ,23.43 ,23.44 ,23.63 ,23.66 ,23.74 ,23.79 ,23.72 ,23.77 ,23.74 ,23.77 ,23.79 ,23.77 ,23.76 ,23.77 ,23.76 ,23.73 ,23.68 ,23.78 ,23.76 ,23.82 ,23.77 ,23.8 ,23.8 ,23.72 ,23.72 ,23.79 ,23.88 ,23.81 ,23.72 ,23.71 ,23.75 ,23.72 ,23.67 ,23.73 ,23.74 ,23.82 ,23.75 ,23.76 ,23.81 ,23.85 ,23.88 ,23.8 ,23.73 ,23.69 ,23.8 ,23.78 ,23.77 ,23.75 ,23.82 ,23.86 ,23.83 ,23.79 ,23.89 ,23.91 ,23.88 ,23.82 ,23.82 ,23.81 ,23.81 ,23.8 ,23.75 ,23.78 ,23.87 ,23.85 ,23.84 ,23.8 ,23.92 ,23.89 ,23.84 ,23.78 ,23.83 ,23.84 ,23.84 ,23.83 ,23.78 ,23.79 ,23.82 ,23.76 ,23.78 ,23.79 ,23.79 ,23.74 ,23.7 ,23.72 ,23.6 ,23.48 ,23.52 ,23.5 ,23.5 ,23.48 ,23.48 ,23.52 ,23.51 ,23.51 ,23.53 ,23.59 ,23.53 ,23.62 ,23.65 ,23.68 ,23.64 ,23.64 ,23.72 ,23.69 ,23.71 ,23.73 ,23.74 ,23.73 ,23.81 ,23.8 ,23.81 ,23.81 ,23.88 ,23.86 ,23.83 ,23.8 ,23.8 ,23.84 ,23.89 ,23.85 ,23.84 ,23.91 ,23.94 ,23.9 ,23.9 ,23.82 ,23.74 ,23.64 ,23.68 ,23.55 ,23.61 ,23.63 ,23.6 ,23.63 ,23.63 ,23.61 ,23.6 ,23.5 ,23.6 ,23.65 ,23.65 ,23.66 ,23.63 ,23.59 ,23.64 ,23.65 ,23.6 ,23.65 ,23.71 ,23.66 ,23.66 ,23.7 ,23.64 ,23.61 ,23.61 ,23.55 ,23.46 ,23.49 ,23.57 ,23.43 ,23.04 ,22.73 ,22.78 ,22.91 ,22.69 ,23.51 ,23.63 ,23.66 ,23.62 ,23.61 ,23.62 ,23.54 ,23.5 ,23.51 ,23.46 ,23.35 ,23.2 ,23.25 ,23.29 ,23.37 ,23.54 ,23.65 ,23.63 ,23.65 ,23.68 ,23.65 ,23.65 ,23.61 ,23.47 ,23.15 ,22.9 ,23.03 ,23.37 ,23.58 ,23.6 ,23.66 ,23.59 ,23.63 ,23.65 ,23.67 ,23.66 ,23.61 ,23.6 ,23.65 ,23.67 ,23.64 ,23.62 ,23.63 ,23.68 ,23.67 ,23.7 ,23.64 ,23.71 ,23.8 ,23.89 ,23.91 ,23.91 ,23.87 ,23.89 ,23.94 ,23.96 ,23.91 ,23.94 ,23.94 ,24 ,23.96 ,24.01 ,23.94 ,23.81 ,23.82 ,23.94 ,24.04 ,23.96 ,23.85 ,23.69 ,23.67 ,23.63 ,23.65 ,23.72 ,23.69 ,23.68 ,23.62 ,23.65 ,23.69 ,23.7 ,23.65 ,23.67 ,23.74 ,23.74 ,23.61 ,23.72 ,23.72 ,23.66 ,23.68 ,23.58 ,23.61 ,23.64 ,23.66 ,23.74 ,23.74 ,23.68 ,23.72 ,23.8 ,23.91 ,24.02 ,24.05 ,24.04 ,23.94 ,23.97 ,24.01 ,23.98 ,23.9 ,23.82 ,23.9 ,23.94 ,23.84 ,23.83 ,24.03 ,23.93 ,23.94 ,23.95 ,23.89 ,23.97 ,23.99 ,23.95 ,23.92 ,23.95 ,23.95 ,23.91 ,24.01 ,23.94 ,23.85 ,23.97 ,23.94 ,23.89 ,23.92 ,23.99 ,23.95 ,23.85 ,23.91 ,23.86 ,23.81 ,23.87 ,23.86 ,23.79 ,23.87 ,23.88 ,23.91 ,23.78 ,23.63 ,23.62 ,23.68 ,23.69 ,23.71 ,23.65 ,23.63 ,23.73 ,23.84 ,23.84 ,23.87 ,23.87 ,23.93 ,23.95 ,23.89 ,23.8 ,23.85 ,23.82 ,23.79 ,23.91 ,23.92 ,23.88 ,23.81 ,23.76 ,23.77 ,23.82 ,23.88 ,23.82 ,23.8 ,23.76 ,23.86 ,23.81 ,23.8 ,23.85 ,23.83 ,23.7 ,23.61 ,23.64 ,23.49 ,23.51 ,23.58 ,23.59 ,23.6 ,23.63 ,23.53 ,23.55 ,23.57 ,23.51 ,23.54 ,23.53 ,23.51 ,23.48 ,23.6 ,23.63 ,23.72 ,23.68 ,23.74 ,23.81 ,23.83 ,23.84 ,23.84 ,23.87 ,23.84 ,23.81 ,23.76 ,23.73 ,23.81 ,23.84 ,23.8 ,23.83 ,23.84 ,23.85 ,23.84 ,23.79 ,23.81 ,23.76 ,23.79 ,23.89 ,23.8 ,23.82 ,23.82 ,23.86 ,23.81 ,23.72 ,23.79 ,23.74 ,23.73 ,23.73 ,23.73 ,23.76 ,23.77 ,23.78 ,23.74 ,23.73 ,23.67 ,23.68 ,23.78 ,23.73 ,23.7 ,23.65 ,23.74 ,23.73 ,23.73 ,23.7 ,23.71 ,23.7 ,23.68 ,23.7 ,23.77 ,23.69 ,23.66 ,23.65 ,23.61 ,23.7 ,23.78 ,23.7 ,23.65 ,23.71 ,23.73 ,23.68 ,23.63 ,23.63 ,23.59 ,23.64 ,23.7 ,23.62 ,23.52 ,23.44 ,23.39 ,23.38 ,23.31 ,23.39 ,23.45 ,23.46 ,23.48 ,23.38 ,23.32 ,23.29 ,23.32 ,23.47 ,23.46 ,23.39 ,23.25 ,23.23 ,23.2 ,23.2 ,23.27 ,23.27 ,23.35 ,23.46 ,23.39 ,23.37 ,23.39 ,23.36 ,23.31 ,23.29 ,23.3 ,23.21 ,23.23 ,23.42 ,23.42 ,23.37 ,23.24 ,23.21 ,23.31 ,23.36 ,23.26 ,23.31 ,23.42 ,23.43 ,23.28 ,23.34 ,23.43 ,23.39 ,23.32 ,23.28 ,23.33 ,23.34 ,23.23 ,23.27 ,23.34 ,23.27 ,23.35 ,23.33 ,23.24 ,23.29 ,23.41 ,23.24 ,23.19 ,23.25 ,23.25 ,23.27 ,23.27 ,23.18 ,23.07 ,23.16 ,23.25 ,23.2 ,23.15 ,23.17 ,23.15 ,23.24 ,23.35 ,23.13 ,23.19 ,23.22 ,23.2 ,23.21 ,23.35 ,23.3 ,23.3 ,23.22 ,23.2 ,23.29 ,23.31 ,23.24 ,23.22 ,
276,23.37 ,23.31 ,23.28 ,23.34 ,23.51 ,23.46 ,23.48 ,23.49 ,23.39 ,23.32 ,23.34 ,23.45 ,23.4 ,23.36 ,23.43 ,23.51 ,23.39 ,23.39 ,23.46 ,23.4 ,23.37 ,23.41 ,23.43 ,23.32 ,23.28 ,23.35 ,23.43 ,23.41 ,23.45 ,23.5 ,23.59 ,23.49 ,23.39 ,23.56 ,23.62 ,23.61 ,23.52 ,23.66 ,23.62 ,23.52 ,23.6 ,23.66 ,23.55 ,23.63 ,23.69 ,23.65 ,23.64 ,23.6 ,23.54 ,23.6 ,23.62 ,23.53 ,23.63 ,23.68 ,23.61 ,23.54 ,23.63 ,23.63 ,23.58 ,23.61 ,23.59 ,23.65 ,23.61 ,23.61 ,23.67 ,23.65 ,23.55 ,23.56 ,23.61 ,23.59 ,23.54 ,23.55 ,23.65 ,23.64 ,23.61 ,23.58 ,23.65 ,23.6 ,23.65 ,23.59 ,23.63 ,23.63 ,23.6 ,23.69 ,23.69 ,23.7 ,23.71 ,23.65 ,23.69 ,23.62 ,23.67 ,23.7 ,23.71 ,23.66 ,23.64 ,23.65 ,23.64 ,23.62 ,23.61 ,23.65 ,23.64 ,23.61 ,23.63 ,23.66 ,23.56 ,23.48 ,23.55 ,23.5 ,23.46 ,23.43 ,23.45 ,23.35 ,23.49 ,23.55 ,23.5 ,23.54 ,23.51 ,23.55 ,23.7 ,23.73 ,23.73 ,23.8 ,23.74 ,23.72 ,23.83 ,23.82 ,23.74 ,23.74 ,23.8 ,23.69 ,23.68 ,23.76 ,23.74 ,23.79 ,23.78 ,23.76 ,23.83 ,23.84 ,23.73 ,23.81 ,23.86 ,23.8 ,23.77 ,23.81 ,23.82 ,23.83 ,23.76 ,23.75 ,23.81 ,23.8 ,23.79 ,23.81 ,23.89 ,23.84 ,23.86 ,23.83 ,23.76 ,23.72 ,23.72 ,23.75 ,23.81 ,23.88 ,23.86 ,23.79 ,23.74 ,23.77 ,23.85 ,23.89 ,23.85 ,23.84 ,23.85 ,23.83 ,23.75 ,23.84 ,23.82 ,23.86 ,23.83 ,23.85 ,23.83 ,23.79 ,23.83 ,23.87 ,23.8 ,23.75 ,23.79 ,23.84 ,23.84 ,23.89 ,23.72 ,23.76 ,23.82 ,23.8 ,23.8 ,23.77 ,23.81 ,23.73 ,23.73 ,23.76 ,23.67 ,23.52 ,23.59 ,23.52 ,23.5 ,23.51 ,23.48 ,23.56 ,23.57 ,23.58 ,23.54 ,23.56 ,23.57 ,23.64 ,23.67 ,23.68 ,23.64 ,23.71 ,23.71 ,23.69 ,23.73 ,23.81 ,23.74 ,23.74 ,23.79 ,23.83 ,23.81 ,23.83 ,23.87 ,23.89 ,23.9 ,23.86 ,23.81 ,23.85 ,23.86 ,23.8 ,23.74 ,23.84 ,23.88 ,23.9 ,23.92 ,23.83 ,23.7 ,23.66 ,23.65 ,23.59 ,23.67 ,23.7 ,23.58 ,23.59 ,23.6 ,23.65 ,23.6 ,23.55 ,23.54 ,23.62 ,23.66 ,23.66 ,23.64 ,23.67 ,23.56 ,23.66 ,23.69 ,23.63 ,23.69 ,23.66 ,23.68 ,23.67 ,23.6 ,23.6 ,23.57 ,23.5 ,23.47 ,23.54 ,23.54 ,23.45 ,23.07 ,22.85 ,22.79 ,22.95 ,23.25 ,23.55 ,23.55 ,23.64 ,23.63 ,23.61 ,23.63 ,23.56 ,23.5 ,23.49 ,23.38 ,23.19 ,23.06 ,23.13 ,23.24 ,23.33 ,23.54 ,23.65 ,23.63 ,23.61 ,23.56 ,23.63 ,23.66 ,23.6 ,23.38 ,23.09 ,22.88 ,23.14 ,23.48 ,23.57 ,23.59 ,23.6 ,23.56 ,23.63 ,23.7 ,23.68 ,23.66 ,23.58 ,23.54 ,23.58 ,23.65 ,23.73 ,23.65 ,23.67 ,23.65 ,23.59 ,23.66 ,23.6 ,23.61 ,23.74 ,23.85 ,23.9 ,23.93 ,23.94 ,23.85 ,23.86 ,23.97 ,23.91 ,23.88 ,23.91 ,23.99 ,23.91 ,23.95 ,23.97 ,23.87 ,23.89 ,23.97 ,23.96 ,23.91 ,23.91 ,23.73 ,23.72 ,23.72 ,23.65 ,23.72 ,23.69 ,23.65 ,23.56 ,23.66 ,23.73 ,23.74 ,23.62 ,23.65 ,23.67 ,23.8 ,23.66 ,23.66 ,23.68 ,23.59 ,23.66 ,23.71 ,23.66 ,23.67 ,23.67 ,23.75 ,23.8 ,23.73 ,23.8 ,23.87 ,23.96 ,23.98 ,23.97 ,24.12 ,24.01 ,23.96 ,24.01 ,23.96 ,23.98 ,23.93 ,23.95 ,23.96 ,23.88 ,23.88 ,23.94 ,23.97 ,23.98 ,23.95 ,23.87 ,23.86 ,23.96 ,23.95 ,23.88 ,23.93 ,23.85 ,23.85 ,23.92 ,23.96 ,23.92 ,23.99 ,23.98 ,23.93 ,23.94 ,23.94 ,23.86 ,23.84 ,23.88 ,23.83 ,23.86 ,23.89 ,23.97 ,23.92 ,23.87 ,23.91 ,23.88 ,23.71 ,23.63 ,23.61 ,23.66 ,23.65 ,23.69 ,23.73 ,23.72 ,23.73 ,23.78 ,23.85 ,23.84 ,23.89 ,23.84 ,23.95 ,23.86 ,23.83 ,23.79 ,23.82 ,23.82 ,23.85 ,23.9 ,23.83 ,23.82 ,23.7 ,23.7 ,23.73 ,23.77 ,23.8 ,23.88 ,23.82 ,23.84 ,23.72 ,23.79 ,23.82 ,23.75 ,23.68 ,23.56 ,23.52 ,23.53 ,23.56 ,23.56 ,23.55 ,23.58 ,23.64 ,23.51 ,23.54 ,23.6 ,23.52 ,23.64 ,23.6 ,23.57 ,23.47 ,23.6 ,23.69 ,23.76 ,23.76 ,23.75 ,23.75 ,23.83 ,23.83 ,23.84 ,23.82 ,23.8 ,23.8 ,23.76 ,23.75 ,23.87 ,23.79 ,23.84 ,23.83 ,23.82 ,23.83 ,23.78 ,23.81 ,23.8 ,23.75 ,23.82 ,23.9 ,23.87 ,23.87 ,23.82 ,23.75 ,23.79 ,23.77 ,23.8 ,23.78 ,23.73 ,23.72 ,23.77 ,23.8 ,23.82 ,23.78 ,23.75 ,23.68 ,23.62 ,23.68 ,23.7 ,23.77 ,23.65 ,23.61 ,23.68 ,23.81 ,23.77 ,23.73 ,23.74 ,23.71 ,23.69 ,23.73 ,23.74 ,23.74 ,23.7 ,23.68 ,23.68 ,23.68 ,23.73 ,23.69 ,23.67 ,23.7 ,23.8 ,23.78 ,23.73 ,23.65 ,23.61 ,23.64 ,23.63 ,23.57 ,23.5 ,23.4 ,23.38 ,23.38 ,23.36 ,23.39 ,23.44 ,23.48 ,23.46 ,23.35 ,23.35 ,23.29 ,23.27 ,23.36 ,23.34 ,23.42 ,23.31 ,23.3 ,23.23 ,23.16 ,23.24 ,23.28 ,23.37 ,23.49 ,23.39 ,23.32 ,23.35 ,23.28 ,23.29 ,23.33 ,23.37 ,23.32 ,23.26 ,23.34 ,23.41 ,23.44 ,23.32 ,23.29 ,23.32 ,23.36 ,23.39 ,23.29 ,23.39 ,23.44 ,23.45 ,23.3 ,23.42 ,23.33 ,23.27 ,23.25 ,23.31 ,23.4 ,23.34 ,23.28 ,23.22 ,23.18 ,23.24 ,23.29 ,23.18 ,23.18 ,23.34 ,23.22 ,23.14 ,23.21 ,23.31 ,23.2 ,23.22 ,23.19 ,23.16 ,23.14 ,23.16 ,23.22 ,23.26 ,23.27 ,23.23 ,23.32 ,23.3 ,23.11 ,23.15 ,23.19 ,23.27 ,23.18 ,23.31 ,23.28 ,23.27 ,23.3 ,23.25 ,23.28 ,23.31 ,23.23 ,23.15 ,
277,23.37 ,23.46 ,23.37 ,23.32 ,23.36 ,23.4 ,23.58 ,23.55 ,23.42 ,23.34 ,23.32 ,23.39 ,23.42 ,23.45 ,23.46 ,23.57 ,23.47 ,23.41 ,23.42 ,23.4 ,23.34 ,23.46 ,23.44 ,23.34 ,23.29 ,23.33 ,23.37 ,23.39 ,23.44 ,23.56 ,23.6 ,23.5 ,23.52 ,23.59 ,23.54 ,23.58 ,23.61 ,23.66 ,23.55 ,23.47 ,23.51 ,23.6 ,23.64 ,23.61 ,23.57 ,23.63 ,23.59 ,23.58 ,23.63 ,23.57 ,23.58 ,23.58 ,23.68 ,23.74 ,23.72 ,23.66 ,23.64 ,23.61 ,23.55 ,23.61 ,23.64 ,23.63 ,23.57 ,23.55 ,23.62 ,23.68 ,23.68 ,23.61 ,23.63 ,23.64 ,23.64 ,23.59 ,23.61 ,23.57 ,23.65 ,23.59 ,23.58 ,23.64 ,23.63 ,23.55 ,23.55 ,23.55 ,23.59 ,23.63 ,23.7 ,23.77 ,23.76 ,23.7 ,23.69 ,23.62 ,23.64 ,23.64 ,23.64 ,23.65 ,23.63 ,23.76 ,23.68 ,23.64 ,23.68 ,23.61 ,23.62 ,23.59 ,23.64 ,23.64 ,23.65 ,23.58 ,23.52 ,23.5 ,23.47 ,23.46 ,23.44 ,23.5 ,23.52 ,23.53 ,23.5 ,23.48 ,23.52 ,23.5 ,23.68 ,23.75 ,23.71 ,23.76 ,23.75 ,23.76 ,23.82 ,23.84 ,23.81 ,23.81 ,23.81 ,23.7 ,23.78 ,23.79 ,23.74 ,23.8 ,23.78 ,23.8 ,23.79 ,23.86 ,23.79 ,23.88 ,23.85 ,23.77 ,23.77 ,23.79 ,23.81 ,23.78 ,23.74 ,23.76 ,23.78 ,23.85 ,23.85 ,23.9 ,23.87 ,23.81 ,23.79 ,23.79 ,23.83 ,23.81 ,23.79 ,23.79 ,23.85 ,23.9 ,23.91 ,23.86 ,23.78 ,23.76 ,23.82 ,23.87 ,23.79 ,23.77 ,23.83 ,23.79 ,23.75 ,23.85 ,23.89 ,23.81 ,23.86 ,23.84 ,23.79 ,23.79 ,23.82 ,23.89 ,23.86 ,23.76 ,23.81 ,23.83 ,23.83 ,23.8 ,23.87 ,23.85 ,23.84 ,23.81 ,23.87 ,23.83 ,23.81 ,23.78 ,23.73 ,23.77 ,23.76 ,23.65 ,23.6 ,23.6 ,23.47 ,23.47 ,23.51 ,23.6 ,23.57 ,23.58 ,23.67 ,23.6 ,23.58 ,23.58 ,23.68 ,23.63 ,23.61 ,23.65 ,23.69 ,23.67 ,23.66 ,23.76 ,23.81 ,23.7 ,23.79 ,23.9 ,23.84 ,23.86 ,23.88 ,23.83 ,23.89 ,23.91 ,23.84 ,23.78 ,23.82 ,23.84 ,23.81 ,23.9 ,23.82 ,23.87 ,23.83 ,23.67 ,23.52 ,23.58 ,23.59 ,23.6 ,23.65 ,23.63 ,23.59 ,23.64 ,23.72 ,23.68 ,23.61 ,23.52 ,23.55 ,23.66 ,23.62 ,23.64 ,23.59 ,23.62 ,23.62 ,23.62 ,23.66 ,23.58 ,23.66 ,23.64 ,23.64 ,23.61 ,23.53 ,23.56 ,23.54 ,23.57 ,23.45 ,23.52 ,23.64 ,23.45 ,23.08 ,22.79 ,22.79 ,22.89 ,23.24 ,23.6 ,23.56 ,23.67 ,23.64 ,23.57 ,23.65 ,23.59 ,23.58 ,23.55 ,23.51 ,23.29 ,23.06 ,23.09 ,23.19 ,23.28 ,23.52 ,23.66 ,23.62 ,23.61 ,23.63 ,23.61 ,23.71 ,23.56 ,23.36 ,22.97 ,22.92 ,23.19 ,23.53 ,23.59 ,23.54 ,23.57 ,23.52 ,23.63 ,23.73 ,23.72 ,23.65 ,23.65 ,23.61 ,23.62 ,23.64 ,23.76 ,23.67 ,23.72 ,23.77 ,23.67 ,23.69 ,23.67 ,23.63 ,23.66 ,23.83 ,23.95 ,23.93 ,23.93 ,23.89 ,23.85 ,23.91 ,23.84 ,23.85 ,23.91 ,23.97 ,23.9 ,23.88 ,23.96 ,23.92 ,23.96 ,24.02 ,24 ,23.84 ,23.9 ,23.84 ,23.77 ,23.67 ,23.65 ,23.71 ,23.65 ,23.66 ,23.57 ,23.57 ,23.63 ,23.68 ,23.67 ,23.73 ,23.76 ,23.74 ,23.7 ,23.67 ,23.66 ,23.59 ,23.64 ,23.73 ,23.69 ,23.66 ,23.72 ,23.83 ,23.82 ,23.72 ,23.87 ,23.94 ,24 ,24.06 ,23.97 ,23.99 ,23.98 ,23.98 ,24 ,23.9 ,23.93 ,23.96 ,23.95 ,24.01 ,23.96 ,23.96 ,23.91 ,23.9 ,23.94 ,23.89 ,23.87 ,23.89 ,23.93 ,23.94 ,23.95 ,23.91 ,23.92 ,23.86 ,23.9 ,23.91 ,23.88 ,23.99 ,24.02 ,23.98 ,23.97 ,24 ,23.87 ,23.82 ,23.83 ,23.8 ,23.85 ,23.93 ,23.97 ,23.91 ,23.88 ,23.86 ,23.88 ,23.8 ,23.7 ,23.58 ,23.54 ,23.6 ,23.62 ,23.8 ,23.87 ,23.86 ,23.8 ,23.82 ,23.79 ,23.82 ,23.85 ,23.86 ,23.82 ,23.74 ,23.78 ,23.86 ,23.87 ,23.9 ,23.84 ,23.82 ,23.86 ,23.76 ,23.7 ,23.74 ,23.78 ,23.82 ,23.87 ,23.83 ,23.82 ,23.78 ,23.81 ,23.76 ,23.7 ,23.65 ,23.66 ,23.56 ,23.63 ,23.64 ,23.63 ,23.55 ,23.6 ,23.54 ,23.52 ,23.6 ,23.53 ,23.42 ,23.6 ,23.66 ,23.65 ,23.63 ,23.66 ,23.65 ,23.72 ,23.81 ,23.83 ,23.77 ,23.78 ,23.78 ,23.82 ,23.84 ,23.76 ,23.84 ,23.84 ,23.85 ,23.88 ,23.86 ,23.93 ,23.94 ,23.79 ,23.82 ,23.82 ,23.82 ,23.82 ,23.83 ,23.85 ,23.87 ,23.78 ,23.87 ,23.75 ,23.82 ,23.86 ,23.83 ,23.83 ,23.83 ,23.78 ,23.73 ,23.75 ,23.74 ,23.79 ,23.72 ,23.73 ,23.74 ,23.64 ,23.66 ,23.73 ,23.74 ,23.74 ,23.7 ,23.74 ,23.73 ,23.81 ,23.79 ,23.73 ,23.77 ,23.75 ,23.75 ,23.67 ,23.61 ,23.71 ,23.66 ,23.65 ,23.71 ,23.75 ,23.72 ,23.73 ,23.67 ,23.69 ,23.68 ,23.71 ,23.71 ,23.64 ,23.57 ,23.59 ,23.62 ,23.58 ,23.45 ,23.49 ,23.47 ,23.46 ,23.43 ,23.48 ,23.54 ,23.54 ,23.45 ,23.4 ,23.36 ,23.39 ,23.32 ,23.26 ,23.33 ,23.36 ,23.34 ,23.31 ,23.2 ,23.19 ,23.31 ,23.39 ,23.52 ,23.47 ,23.36 ,23.41 ,23.33 ,23.27 ,23.29 ,23.42 ,23.41 ,23.3 ,23.31 ,23.37 ,23.39 ,23.42 ,23.35 ,23.34 ,23.43 ,23.36 ,23.29 ,23.33 ,23.42 ,23.41 ,23.29 ,23.35 ,23.33 ,23.2 ,23.3 ,23.36 ,23.3 ,23.36 ,23.45 ,23.31 ,23.2 ,23.24 ,23.38 ,23.3 ,23.29 ,23.27 ,23.25 ,23.23 ,23.17 ,23.22 ,23.25 ,23.16 ,23.24 ,23.3 ,23.21 ,23.13 ,23.1 ,23.26 ,23.31 ,23.16 ,23.18 ,23.21 ,23.13 ,23.14 ,23.22 ,23.29 ,23.27 ,23.32 ,23.26 ,23.34 ,23.33 ,23.31 ,23.31 ,23.28 ,23.27 ,23.19 ,
278,23.32 ,23.43 ,23.41 ,23.41 ,23.41 ,23.39 ,23.41 ,23.46 ,23.44 ,23.36 ,23.31 ,23.39 ,23.47 ,23.41 ,23.45 ,23.44 ,23.45 ,23.44 ,23.37 ,23.39 ,23.4 ,23.4 ,23.36 ,23.27 ,23.39 ,23.37 ,23.35 ,23.35 ,23.35 ,23.44 ,23.62 ,23.56 ,23.56 ,23.58 ,23.59 ,23.59 ,23.5 ,23.61 ,23.6 ,23.56 ,23.47 ,23.49 ,23.64 ,23.59 ,23.57 ,23.58 ,23.58 ,23.61 ,23.66 ,23.65 ,23.55 ,23.61 ,23.6 ,23.62 ,23.62 ,23.63 ,23.6 ,23.58 ,23.59 ,23.57 ,23.63 ,23.69 ,23.65 ,23.62 ,23.59 ,23.57 ,23.67 ,23.65 ,23.65 ,23.64 ,23.63 ,23.56 ,23.61 ,23.62 ,23.69 ,23.71 ,23.65 ,23.69 ,23.7 ,23.59 ,23.6 ,23.6 ,23.58 ,23.6 ,23.66 ,23.71 ,23.73 ,23.71 ,23.75 ,23.65 ,23.68 ,23.64 ,23.58 ,23.67 ,23.68 ,23.74 ,23.67 ,23.62 ,23.65 ,23.62 ,23.66 ,23.69 ,23.73 ,23.74 ,23.63 ,23.59 ,23.55 ,23.45 ,23.52 ,23.5 ,23.4 ,23.45 ,23.51 ,23.47 ,23.48 ,23.46 ,23.49 ,23.66 ,23.66 ,23.74 ,23.85 ,23.78 ,23.7 ,23.77 ,23.83 ,23.83 ,23.82 ,23.82 ,23.81 ,23.73 ,23.73 ,23.81 ,23.77 ,23.81 ,23.73 ,23.79 ,23.83 ,23.82 ,23.79 ,23.85 ,23.83 ,23.77 ,23.73 ,23.73 ,23.77 ,23.72 ,23.71 ,23.76 ,23.79 ,23.86 ,23.86 ,23.81 ,23.83 ,23.8 ,23.79 ,23.85 ,23.81 ,23.8 ,23.8 ,23.83 ,23.88 ,23.86 ,23.88 ,23.91 ,23.9 ,23.82 ,23.81 ,23.88 ,23.82 ,23.81 ,23.84 ,23.78 ,23.73 ,23.78 ,23.84 ,23.84 ,23.86 ,23.88 ,23.87 ,23.8 ,23.83 ,23.9 ,23.88 ,23.88 ,23.82 ,23.84 ,23.84 ,23.81 ,23.81 ,23.9 ,23.85 ,23.8 ,23.87 ,23.88 ,23.81 ,23.82 ,23.75 ,23.75 ,23.84 ,23.7 ,23.62 ,23.57 ,23.55 ,23.47 ,23.5 ,23.59 ,23.56 ,23.57 ,23.63 ,23.64 ,23.62 ,23.63 ,23.65 ,23.65 ,23.59 ,23.6 ,23.68 ,23.67 ,23.68 ,23.77 ,23.86 ,23.77 ,23.73 ,23.88 ,23.89 ,23.81 ,23.84 ,23.88 ,23.84 ,23.84 ,23.86 ,23.72 ,23.83 ,23.88 ,23.81 ,23.88 ,23.88 ,23.86 ,23.74 ,23.45 ,23.41 ,23.54 ,23.51 ,23.53 ,23.59 ,23.54 ,23.62 ,23.65 ,23.69 ,23.73 ,23.6 ,23.58 ,23.61 ,23.66 ,23.63 ,23.61 ,23.6 ,23.6 ,23.6 ,23.59 ,23.61 ,23.62 ,23.76 ,23.7 ,23.61 ,23.65 ,23.55 ,23.56 ,23.61 ,23.57 ,23.5 ,23.53 ,23.6 ,23.43 ,23.03 ,22.73 ,22.72 ,22.94 ,23.23 ,23.59 ,23.56 ,23.59 ,23.63 ,23.6 ,23.59 ,23.59 ,23.63 ,23.6 ,23.5 ,23.27 ,23.09 ,23.1 ,23.19 ,23.31 ,23.51 ,23.63 ,23.67 ,23.69 ,23.66 ,23.59 ,23.7 ,23.63 ,23.26 ,22.87 ,23.05 ,23.33 ,23.46 ,23.59 ,23.57 ,23.62 ,23.66 ,23.7 ,23.74 ,23.71 ,23.59 ,23.63 ,23.64 ,23.67 ,23.61 ,23.72 ,23.66 ,23.69 ,23.71 ,23.66 ,23.68 ,23.63 ,23.68 ,23.72 ,23.84 ,23.96 ,24.03 ,23.94 ,23.94 ,23.88 ,23.94 ,23.92 ,23.91 ,23.93 ,23.96 ,23.91 ,23.87 ,23.84 ,23.92 ,23.98 ,23.98 ,23.95 ,23.92 ,23.97 ,23.9 ,23.82 ,23.75 ,23.68 ,23.72 ,23.69 ,23.7 ,23.67 ,23.6 ,23.65 ,23.58 ,23.62 ,23.7 ,23.74 ,23.69 ,23.64 ,23.75 ,23.68 ,23.63 ,23.64 ,23.63 ,23.66 ,23.69 ,23.74 ,23.85 ,23.97 ,23.86 ,23.81 ,23.89 ,23.99 ,24.08 ,24.06 ,23.99 ,23.88 ,23.93 ,23.99 ,23.95 ,23.99 ,23.96 ,23.96 ,23.95 ,23.93 ,23.92 ,23.89 ,23.87 ,23.84 ,23.86 ,23.88 ,23.91 ,23.89 ,24.01 ,23.97 ,23.96 ,23.94 ,23.88 ,23.88 ,23.91 ,23.92 ,23.99 ,23.97 ,24 ,23.95 ,23.96 ,23.9 ,23.83 ,23.91 ,23.83 ,23.82 ,23.93 ,23.9 ,23.9 ,23.9 ,23.83 ,23.76 ,23.72 ,23.67 ,23.63 ,23.59 ,23.62 ,23.68 ,23.83 ,23.93 ,23.91 ,23.81 ,23.81 ,23.79 ,23.87 ,23.88 ,23.85 ,23.82 ,23.84 ,23.87 ,23.86 ,23.87 ,23.85 ,23.84 ,23.8 ,23.8 ,23.79 ,23.71 ,23.81 ,23.82 ,23.86 ,23.88 ,23.8 ,23.76 ,23.82 ,23.92 ,23.75 ,23.61 ,23.5 ,23.58 ,23.58 ,23.6 ,23.61 ,23.59 ,23.53 ,23.52 ,23.49 ,23.51 ,23.68 ,23.62 ,23.51 ,23.53 ,23.64 ,23.68 ,23.7 ,23.67 ,23.73 ,23.72 ,23.78 ,23.83 ,23.88 ,23.83 ,23.77 ,23.81 ,23.8 ,23.85 ,23.86 ,23.91 ,23.85 ,23.86 ,23.86 ,23.88 ,23.88 ,23.8 ,23.77 ,23.85 ,23.88 ,23.84 ,23.85 ,23.83 ,23.83 ,23.77 ,23.81 ,23.81 ,23.86 ,23.84 ,23.8 ,23.86 ,23.83 ,23.75 ,23.7 ,23.71 ,23.84 ,23.8 ,23.72 ,23.68 ,23.7 ,23.69 ,23.71 ,23.74 ,23.79 ,23.81 ,23.78 ,23.78 ,23.75 ,23.73 ,23.76 ,23.77 ,23.73 ,23.73 ,23.71 ,23.7 ,23.67 ,23.69 ,23.71 ,23.66 ,23.66 ,23.72 ,23.74 ,23.71 ,23.65 ,23.58 ,23.6 ,23.67 ,23.69 ,23.63 ,23.6 ,23.68 ,23.63 ,23.61 ,23.5 ,23.52 ,23.49 ,23.4 ,23.52 ,23.53 ,23.48 ,23.46 ,23.42 ,23.39 ,23.38 ,23.43 ,23.39 ,23.36 ,23.34 ,23.29 ,23.29 ,23.25 ,23.21 ,23.19 ,23.33 ,23.39 ,23.33 ,23.4 ,23.42 ,23.39 ,23.34 ,23.38 ,23.41 ,23.37 ,23.35 ,23.34 ,23.31 ,23.35 ,23.31 ,23.36 ,23.45 ,23.33 ,23.39 ,23.37 ,23.28 ,23.37 ,23.39 ,23.34 ,23.25 ,23.29 ,23.26 ,23.33 ,23.4 ,23.46 ,23.32 ,23.24 ,23.33 ,23.36 ,23.26 ,23.27 ,23.42 ,23.34 ,23.32 ,23.36 ,23.3 ,23.29 ,23.22 ,23.18 ,23.15 ,23.11 ,23.12 ,23.26 ,23.21 ,23.19 ,23.07 ,23.2 ,23.24 ,23.12 ,23.11 ,23.16 ,23.09 ,23.22 ,23.25 ,23.3 ,23.3 ,23.34 ,23.3 ,23.27 ,23.31 ,23.26 ,23.34 ,23.32 ,23.25 ,23.24 ,
279,23.33 ,23.4 ,23.37 ,23.45 ,23.36 ,23.4 ,23.41 ,23.34 ,23.36 ,23.46 ,23.27 ,23.29 ,23.4 ,23.33 ,23.33 ,23.47 ,23.42 ,23.4 ,23.41 ,23.38 ,23.42 ,23.35 ,23.31 ,23.31 ,23.42 ,23.44 ,23.42 ,23.38 ,23.44 ,23.54 ,23.54 ,23.52 ,23.49 ,23.47 ,23.53 ,23.61 ,23.54 ,23.58 ,23.62 ,23.61 ,23.45 ,23.47 ,23.57 ,23.56 ,23.57 ,23.61 ,23.53 ,23.56 ,23.57 ,23.57 ,23.46 ,23.55 ,23.59 ,23.55 ,23.54 ,23.67 ,23.64 ,23.56 ,23.61 ,23.58 ,23.53 ,23.61 ,23.67 ,23.64 ,23.64 ,23.56 ,23.61 ,23.64 ,23.58 ,23.6 ,23.61 ,23.59 ,23.6 ,23.62 ,23.64 ,23.56 ,23.61 ,23.67 ,23.56 ,23.62 ,23.61 ,23.64 ,23.62 ,23.57 ,23.59 ,23.67 ,23.67 ,23.68 ,23.7 ,23.61 ,23.66 ,23.67 ,23.6 ,23.69 ,23.7 ,23.76 ,23.72 ,23.58 ,23.64 ,23.64 ,23.65 ,23.62 ,23.68 ,23.64 ,23.58 ,23.55 ,23.57 ,23.42 ,23.46 ,23.53 ,23.43 ,23.46 ,23.51 ,23.49 ,23.51 ,23.52 ,23.49 ,23.61 ,23.68 ,23.7 ,23.8 ,23.78 ,23.75 ,23.75 ,23.83 ,23.8 ,23.85 ,23.87 ,23.86 ,23.74 ,23.75 ,23.76 ,23.75 ,23.78 ,23.76 ,23.74 ,23.8 ,23.82 ,23.79 ,23.88 ,23.81 ,23.75 ,23.76 ,23.8 ,23.86 ,23.74 ,23.76 ,23.78 ,23.75 ,23.84 ,23.89 ,23.82 ,23.82 ,23.77 ,23.74 ,23.83 ,23.77 ,23.73 ,23.76 ,23.82 ,23.89 ,23.85 ,23.84 ,23.85 ,23.95 ,23.87 ,23.91 ,23.87 ,23.82 ,23.91 ,23.86 ,23.8 ,23.72 ,23.72 ,23.81 ,23.83 ,23.86 ,23.86 ,23.9 ,23.88 ,23.9 ,23.99 ,23.92 ,23.86 ,23.74 ,23.79 ,23.83 ,23.85 ,23.78 ,23.81 ,23.84 ,23.84 ,23.86 ,23.84 ,23.84 ,23.78 ,23.79 ,23.81 ,23.81 ,23.78 ,23.74 ,23.71 ,23.55 ,23.48 ,23.49 ,23.64 ,23.63 ,23.58 ,23.57 ,23.56 ,23.56 ,23.64 ,23.6 ,23.62 ,23.64 ,23.58 ,23.63 ,23.7 ,23.68 ,23.73 ,23.85 ,23.83 ,23.82 ,23.86 ,23.91 ,23.86 ,23.78 ,23.86 ,23.82 ,23.81 ,23.87 ,23.81 ,23.81 ,23.84 ,23.82 ,23.84 ,23.95 ,23.85 ,23.7 ,23.48 ,23.44 ,23.49 ,23.45 ,23.41 ,23.49 ,23.54 ,23.61 ,23.62 ,23.63 ,23.71 ,23.7 ,23.57 ,23.64 ,23.67 ,23.7 ,23.62 ,23.66 ,23.67 ,23.59 ,23.61 ,23.65 ,23.63 ,23.71 ,23.68 ,23.66 ,23.69 ,23.64 ,23.57 ,23.57 ,23.53 ,23.5 ,23.58 ,23.54 ,23.35 ,23.08 ,22.78 ,22.7 ,22.88 ,23.24 ,23.58 ,23.6 ,23.58 ,23.62 ,23.61 ,23.64 ,23.6 ,23.7 ,23.71 ,23.54 ,23.26 ,23.13 ,23.2 ,23.22 ,23.43 ,23.57 ,23.63 ,23.65 ,23.69 ,23.61 ,23.63 ,23.6 ,23.54 ,23.2 ,22.89 ,23.11 ,23.46 ,23.56 ,23.54 ,23.61 ,23.68 ,23.71 ,23.7 ,23.72 ,23.74 ,23.65 ,23.63 ,23.71 ,23.73 ,23.59 ,23.57 ,23.62 ,23.69 ,23.63 ,23.66 ,23.7 ,23.59 ,23.63 ,23.69 ,23.73 ,23.89 ,24.06 ,24.04 ,23.95 ,23.97 ,24 ,23.93 ,23.93 ,24 ,23.88 ,23.85 ,23.91 ,23.92 ,24 ,24.03 ,23.98 ,23.94 ,23.94 ,23.98 ,23.94 ,23.88 ,23.75 ,23.68 ,23.62 ,23.65 ,23.65 ,23.69 ,23.63 ,23.65 ,23.61 ,23.65 ,23.62 ,23.69 ,23.76 ,23.62 ,23.74 ,23.67 ,23.62 ,23.67 ,23.66 ,23.71 ,23.74 ,23.73 ,23.85 ,23.99 ,23.96 ,23.9 ,23.89 ,23.97 ,24.03 ,24.07 ,23.96 ,23.95 ,23.95 ,23.98 ,24.01 ,23.98 ,24.01 ,23.94 ,23.97 ,23.94 ,23.95 ,23.83 ,23.88 ,23.91 ,23.92 ,23.94 ,24 ,24 ,23.99 ,23.93 ,23.97 ,23.93 ,23.89 ,23.88 ,23.88 ,23.98 ,23.94 ,23.86 ,23.91 ,23.88 ,23.9 ,23.85 ,23.8 ,23.86 ,23.93 ,23.92 ,23.94 ,23.95 ,23.88 ,23.83 ,23.79 ,23.64 ,23.61 ,23.61 ,23.64 ,23.67 ,23.59 ,23.7 ,23.78 ,23.83 ,23.84 ,23.88 ,23.84 ,23.79 ,23.87 ,23.91 ,23.89 ,23.97 ,23.91 ,23.83 ,23.81 ,23.88 ,23.91 ,23.82 ,23.78 ,23.83 ,23.78 ,23.7 ,23.64 ,23.78 ,23.79 ,23.81 ,23.76 ,23.74 ,23.81 ,23.9 ,23.71 ,23.65 ,23.6 ,23.55 ,23.52 ,23.55 ,23.62 ,23.64 ,23.58 ,23.62 ,23.55 ,23.55 ,23.58 ,23.57 ,23.58 ,23.58 ,23.6 ,23.7 ,23.67 ,23.67 ,23.74 ,23.8 ,23.83 ,23.81 ,23.79 ,23.85 ,23.81 ,23.85 ,23.78 ,23.83 ,23.94 ,23.87 ,23.81 ,23.81 ,23.84 ,23.79 ,23.86 ,23.91 ,23.81 ,23.78 ,23.9 ,23.88 ,23.82 ,23.83 ,23.78 ,23.82 ,23.87 ,23.81 ,23.84 ,23.84 ,23.85 ,23.91 ,23.9 ,23.8 ,23.82 ,23.76 ,23.79 ,23.87 ,23.79 ,23.73 ,23.71 ,23.69 ,23.68 ,23.75 ,23.8 ,23.75 ,23.71 ,23.79 ,23.79 ,23.77 ,23.72 ,23.76 ,23.78 ,23.75 ,23.66 ,23.68 ,23.68 ,23.69 ,23.69 ,23.74 ,23.73 ,23.71 ,23.71 ,23.67 ,23.63 ,23.63 ,23.64 ,23.61 ,23.67 ,23.67 ,23.57 ,23.65 ,23.61 ,23.51 ,23.51 ,23.5 ,23.54 ,23.44 ,23.46 ,23.52 ,23.41 ,23.36 ,23.4 ,23.44 ,23.38 ,23.39 ,23.32 ,23.33 ,23.37 ,23.27 ,23.33 ,23.3 ,23.23 ,23.22 ,23.26 ,23.4 ,23.31 ,23.33 ,23.44 ,23.43 ,23.38 ,23.33 ,23.4 ,23.42 ,23.35 ,23.35 ,23.37 ,23.38 ,23.3 ,23.3 ,23.35 ,23.37 ,23.32 ,23.35 ,23.4 ,23.37 ,23.34 ,23.35 ,23.33 ,23.36 ,23.36 ,23.33 ,23.36 ,23.37 ,23.31 ,23.33 ,23.34 ,23.29 ,23.29 ,23.3 ,23.39 ,23.22 ,23.24 ,23.37 ,23.27 ,23.28 ,23.25 ,23.12 ,23.09 ,23.1 ,23.1 ,23.15 ,23.2 ,23.19 ,23 ,23.14 ,23.21 ,23.12 ,23.07 ,23.17 ,23.26 ,23.25 ,23.16 ,23.18 ,23.3 ,23.33 ,23.17 ,23.21 ,23.27 ,23.19 ,23.25 ,23.25 ,23.19 ,23.18 ,
280,23.39 ,23.37 ,23.41 ,23.63 ,23.48 ,23.35 ,23.41 ,23.35 ,23.4 ,23.42 ,23.38 ,23.35 ,23.42 ,23.37 ,23.37 ,23.49 ,23.51 ,23.43 ,23.41 ,23.42 ,23.38 ,23.44 ,23.41 ,23.35 ,23.33 ,23.35 ,23.44 ,23.39 ,23.38 ,23.55 ,23.57 ,23.47 ,23.48 ,23.55 ,23.52 ,23.56 ,23.54 ,23.57 ,23.66 ,23.59 ,23.56 ,23.62 ,23.61 ,23.51 ,23.58 ,23.7 ,23.63 ,23.51 ,23.62 ,23.61 ,23.48 ,23.52 ,23.6 ,23.59 ,23.61 ,23.61 ,23.67 ,23.63 ,23.52 ,23.54 ,23.58 ,23.65 ,23.67 ,23.64 ,23.61 ,23.67 ,23.61 ,23.62 ,23.58 ,23.55 ,23.56 ,23.57 ,23.6 ,23.62 ,23.58 ,23.52 ,23.52 ,23.6 ,23.56 ,23.57 ,23.62 ,23.61 ,23.51 ,23.57 ,23.64 ,23.67 ,23.73 ,23.75 ,23.67 ,23.61 ,23.65 ,23.72 ,23.71 ,23.75 ,23.74 ,23.75 ,23.72 ,23.6 ,23.61 ,23.71 ,23.72 ,23.67 ,23.7 ,23.61 ,23.64 ,23.62 ,23.64 ,23.47 ,23.42 ,23.47 ,23.45 ,23.45 ,23.55 ,23.55 ,23.49 ,23.49 ,23.43 ,23.54 ,23.62 ,23.69 ,23.8 ,23.76 ,23.79 ,23.81 ,23.74 ,23.74 ,23.73 ,23.86 ,23.82 ,23.74 ,23.76 ,23.86 ,23.76 ,23.81 ,23.8 ,23.82 ,23.76 ,23.79 ,23.82 ,23.79 ,23.8 ,23.72 ,23.76 ,23.83 ,23.87 ,23.81 ,23.81 ,23.83 ,23.81 ,23.83 ,23.83 ,23.78 ,23.8 ,23.78 ,23.73 ,23.84 ,23.9 ,23.82 ,23.75 ,23.81 ,23.89 ,23.84 ,23.84 ,23.8 ,23.86 ,23.88 ,23.87 ,23.93 ,23.8 ,23.88 ,23.89 ,23.81 ,23.78 ,23.79 ,23.8 ,23.82 ,23.89 ,23.83 ,23.77 ,23.82 ,23.89 ,23.91 ,23.85 ,23.79 ,23.77 ,23.76 ,23.78 ,23.81 ,23.83 ,23.78 ,23.79 ,23.8 ,23.86 ,23.87 ,23.85 ,23.82 ,23.76 ,23.81 ,23.86 ,23.8 ,23.78 ,23.78 ,23.63 ,23.59 ,23.57 ,23.67 ,23.57 ,23.59 ,23.62 ,23.66 ,23.61 ,23.65 ,23.67 ,23.65 ,23.61 ,23.62 ,23.62 ,23.68 ,23.65 ,23.75 ,23.83 ,23.81 ,23.85 ,23.8 ,23.81 ,23.89 ,23.91 ,23.87 ,23.77 ,23.85 ,23.87 ,23.84 ,23.84 ,23.78 ,23.83 ,23.83 ,23.91 ,23.8 ,23.57 ,23.54 ,23.5 ,23.45 ,23.49 ,23.41 ,23.52 ,23.49 ,23.51 ,23.54 ,23.6 ,23.67 ,23.66 ,23.6 ,23.66 ,23.69 ,23.66 ,23.58 ,23.56 ,23.63 ,23.56 ,23.58 ,23.68 ,23.66 ,23.64 ,23.65 ,23.69 ,23.68 ,23.59 ,23.52 ,23.56 ,23.49 ,23.54 ,23.56 ,23.53 ,23.38 ,23.06 ,22.8 ,22.62 ,22.83 ,23.31 ,23.51 ,23.6 ,23.64 ,23.62 ,23.6 ,23.64 ,23.6 ,23.67 ,23.61 ,23.51 ,23.31 ,23.13 ,23.22 ,23.21 ,23.45 ,23.59 ,23.6 ,23.61 ,23.63 ,23.63 ,23.64 ,23.64 ,23.4 ,23.06 ,22.93 ,23.18 ,23.45 ,23.62 ,23.6 ,23.52 ,23.63 ,23.67 ,23.69 ,23.61 ,23.67 ,23.71 ,23.65 ,23.69 ,23.69 ,23.68 ,23.64 ,23.67 ,23.67 ,23.65 ,23.67 ,23.75 ,23.67 ,23.6 ,23.64 ,23.69 ,23.81 ,23.95 ,23.96 ,23.94 ,24.01 ,24.08 ,23.93 ,23.94 ,24 ,23.94 ,23.93 ,24 ,23.99 ,23.91 ,24.02 ,23.94 ,24.03 ,24.02 ,24 ,23.93 ,23.91 ,23.82 ,23.72 ,23.68 ,23.7 ,23.68 ,23.68 ,23.71 ,23.72 ,23.66 ,23.62 ,23.66 ,23.69 ,23.74 ,23.6 ,23.6 ,23.69 ,23.57 ,23.64 ,23.67 ,23.77 ,23.75 ,23.79 ,23.93 ,23.99 ,23.97 ,23.94 ,24 ,23.97 ,23.93 ,23.98 ,23.98 ,23.96 ,23.92 ,23.95 ,23.99 ,23.99 ,23.93 ,23.92 ,23.95 ,23.93 ,23.96 ,23.95 ,23.95 ,23.96 ,23.94 ,23.95 ,24 ,24.03 ,23.96 ,23.9 ,23.91 ,23.94 ,23.91 ,23.92 ,23.95 ,23.91 ,23.88 ,23.85 ,23.92 ,23.92 ,23.93 ,23.87 ,23.82 ,23.89 ,23.89 ,23.91 ,23.86 ,23.9 ,23.83 ,23.72 ,23.73 ,23.65 ,23.6 ,23.62 ,23.6 ,23.6 ,23.66 ,23.78 ,23.85 ,23.85 ,23.88 ,23.88 ,23.91 ,23.87 ,23.87 ,23.89 ,23.91 ,23.91 ,23.89 ,23.83 ,23.8 ,23.86 ,23.92 ,23.91 ,23.79 ,23.84 ,23.8 ,23.74 ,23.73 ,23.77 ,23.8 ,23.85 ,23.83 ,23.77 ,23.81 ,23.87 ,23.71 ,23.58 ,23.58 ,23.54 ,23.56 ,23.53 ,23.61 ,23.7 ,23.65 ,23.71 ,23.63 ,23.51 ,23.54 ,23.59 ,23.56 ,23.68 ,23.68 ,23.71 ,23.74 ,23.72 ,23.74 ,23.79 ,23.79 ,23.77 ,23.74 ,23.82 ,23.88 ,23.83 ,23.8 ,23.86 ,24.01 ,23.93 ,23.8 ,23.79 ,23.84 ,23.81 ,23.76 ,23.86 ,23.79 ,23.8 ,23.88 ,23.89 ,23.86 ,23.83 ,23.81 ,23.77 ,23.85 ,23.83 ,23.85 ,23.87 ,23.89 ,23.91 ,23.88 ,23.91 ,23.84 ,23.73 ,23.78 ,23.82 ,23.78 ,23.8 ,23.7 ,23.69 ,23.74 ,23.77 ,23.69 ,23.8 ,23.74 ,23.73 ,23.74 ,23.73 ,23.81 ,23.71 ,23.75 ,23.73 ,23.73 ,23.67 ,23.63 ,23.65 ,23.7 ,23.72 ,23.72 ,23.65 ,23.72 ,23.68 ,23.67 ,23.68 ,23.61 ,23.59 ,23.61 ,23.66 ,23.57 ,23.61 ,23.59 ,23.53 ,23.49 ,23.53 ,23.59 ,23.46 ,23.4 ,23.44 ,23.43 ,23.38 ,23.4 ,23.46 ,23.43 ,23.36 ,23.35 ,23.38 ,23.4 ,23.26 ,23.29 ,23.39 ,23.33 ,23.19 ,23.24 ,23.34 ,23.42 ,23.29 ,23.31 ,23.36 ,23.33 ,23.35 ,23.35 ,23.47 ,23.4 ,23.28 ,23.24 ,23.29 ,23.31 ,23.39 ,23.29 ,23.34 ,23.4 ,23.31 ,23.42 ,23.43 ,23.36 ,23.38 ,23.38 ,23.33 ,23.31 ,23.31 ,23.28 ,23.27 ,23.3 ,23.37 ,23.41 ,23.24 ,23.25 ,23.27 ,23.29 ,23.2 ,23.24 ,23.3 ,23.26 ,23.33 ,23.23 ,23.14 ,23.13 ,23.07 ,23.14 ,23.22 ,23.21 ,23.21 ,23.13 ,23.12 ,23.17 ,23.19 ,23.16 ,23.23 ,23.22 ,23.35 ,23.19 ,23.13 ,23.29 ,23.25 ,23.17 ,23.14 ,23.24 ,23.25 ,23.18 ,23.25 ,23.2 ,23.23 ,
281,23.42 ,23.38 ,23.48 ,23.63 ,23.53 ,23.33 ,23.38 ,23.35 ,23.39 ,23.44 ,23.42 ,23.37 ,23.43 ,23.42 ,23.47 ,23.46 ,23.4 ,23.53 ,23.44 ,23.29 ,23.29 ,23.34 ,23.38 ,23.41 ,23.34 ,23.43 ,23.41 ,23.45 ,23.42 ,23.47 ,23.53 ,23.44 ,23.49 ,23.58 ,23.53 ,23.52 ,23.51 ,23.55 ,23.57 ,23.47 ,23.52 ,23.66 ,23.56 ,23.52 ,23.52 ,23.71 ,23.67 ,23.64 ,23.6 ,23.59 ,23.57 ,23.6 ,23.59 ,23.6 ,23.57 ,23.64 ,23.59 ,23.58 ,23.52 ,23.53 ,23.62 ,23.65 ,23.62 ,23.62 ,23.62 ,23.71 ,23.73 ,23.59 ,23.59 ,23.57 ,23.56 ,23.54 ,23.56 ,23.6 ,23.62 ,23.62 ,23.65 ,23.62 ,23.62 ,23.63 ,23.65 ,23.67 ,23.68 ,23.64 ,23.65 ,23.65 ,23.72 ,23.73 ,23.68 ,23.58 ,23.63 ,23.71 ,23.66 ,23.67 ,23.65 ,23.71 ,23.69 ,23.64 ,23.62 ,23.65 ,23.72 ,23.69 ,23.7 ,23.64 ,23.63 ,23.62 ,23.61 ,23.54 ,23.46 ,23.4 ,23.41 ,23.33 ,23.39 ,23.54 ,23.47 ,23.45 ,23.48 ,23.5 ,23.5 ,23.56 ,23.74 ,23.85 ,23.77 ,23.83 ,23.79 ,23.67 ,23.68 ,23.83 ,23.82 ,23.74 ,23.77 ,23.84 ,23.85 ,23.85 ,23.78 ,23.83 ,23.83 ,23.85 ,23.84 ,23.77 ,23.8 ,23.8 ,23.81 ,23.82 ,23.85 ,23.84 ,23.8 ,23.81 ,23.89 ,23.85 ,23.8 ,23.8 ,23.82 ,23.83 ,23.78 ,23.82 ,23.86 ,23.83 ,23.77 ,23.78 ,23.85 ,23.78 ,23.85 ,23.82 ,23.76 ,23.78 ,23.78 ,23.87 ,23.82 ,23.86 ,23.86 ,23.8 ,23.77 ,23.84 ,23.85 ,23.87 ,23.92 ,23.83 ,23.78 ,23.83 ,23.86 ,23.76 ,23.82 ,23.81 ,23.79 ,23.8 ,23.79 ,23.8 ,23.74 ,23.81 ,23.85 ,23.83 ,23.85 ,23.86 ,23.82 ,23.85 ,23.81 ,23.85 ,23.84 ,23.83 ,23.78 ,23.82 ,23.77 ,23.76 ,23.71 ,23.64 ,23.56 ,23.58 ,23.61 ,23.69 ,23.68 ,23.63 ,23.62 ,23.68 ,23.68 ,23.68 ,23.65 ,23.69 ,23.76 ,23.82 ,23.87 ,23.79 ,23.88 ,23.81 ,23.73 ,23.84 ,23.95 ,23.91 ,23.85 ,23.82 ,23.84 ,23.88 ,23.89 ,23.84 ,23.84 ,23.87 ,23.85 ,23.8 ,23.51 ,23.48 ,23.5 ,23.57 ,23.59 ,23.45 ,23.55 ,23.53 ,23.47 ,23.48 ,23.58 ,23.62 ,23.62 ,23.59 ,23.64 ,23.6 ,23.64 ,23.56 ,23.54 ,23.63 ,23.57 ,23.54 ,23.6 ,23.64 ,23.65 ,23.61 ,23.68 ,23.66 ,23.58 ,23.55 ,23.54 ,23.46 ,23.49 ,23.5 ,23.56 ,23.3 ,22.89 ,22.76 ,22.71 ,22.89 ,23.34 ,23.59 ,23.62 ,23.63 ,23.66 ,23.63 ,23.59 ,23.53 ,23.59 ,23.58 ,23.38 ,23.26 ,23.14 ,23.19 ,23.17 ,23.3 ,23.55 ,23.61 ,23.58 ,23.63 ,23.65 ,23.56 ,23.54 ,23.31 ,22.94 ,22.97 ,23.23 ,23.57 ,23.64 ,23.66 ,23.61 ,23.64 ,23.6 ,23.68 ,23.7 ,23.71 ,23.73 ,23.65 ,23.64 ,23.66 ,23.73 ,23.7 ,23.69 ,23.67 ,23.66 ,23.64 ,23.75 ,23.69 ,23.61 ,23.65 ,23.73 ,23.76 ,23.88 ,23.88 ,23.85 ,23.98 ,24.05 ,23.93 ,23.91 ,23.98 ,23.9 ,23.93 ,24.07 ,24.01 ,23.88 ,23.95 ,24 ,24.01 ,24.02 ,23.96 ,23.96 ,23.98 ,23.92 ,23.89 ,23.82 ,23.75 ,23.65 ,23.65 ,23.67 ,23.73 ,23.68 ,23.66 ,23.7 ,23.76 ,23.7 ,23.66 ,23.68 ,23.65 ,23.62 ,23.71 ,23.78 ,23.81 ,23.87 ,23.92 ,23.99 ,24.08 ,23.95 ,23.96 ,23.97 ,24 ,23.95 ,23.96 ,23.98 ,23.91 ,23.88 ,23.9 ,23.93 ,23.97 ,23.98 ,23.93 ,23.99 ,23.98 ,23.95 ,23.96 ,23.97 ,24 ,24.02 ,23.96 ,24 ,23.95 ,23.89 ,23.9 ,23.89 ,23.99 ,23.9 ,23.92 ,23.96 ,23.92 ,23.88 ,23.9 ,23.91 ,23.93 ,23.94 ,23.87 ,23.88 ,23.92 ,23.89 ,23.9 ,23.8 ,23.81 ,23.82 ,23.75 ,23.61 ,23.63 ,23.58 ,23.52 ,23.55 ,23.58 ,23.72 ,23.85 ,23.93 ,23.96 ,23.88 ,23.94 ,23.92 ,23.88 ,23.94 ,23.95 ,23.93 ,23.88 ,23.82 ,23.87 ,23.89 ,23.78 ,23.84 ,23.83 ,23.76 ,23.8 ,23.83 ,23.86 ,23.85 ,23.8 ,23.9 ,23.86 ,23.8 ,23.81 ,23.77 ,23.73 ,23.61 ,23.59 ,23.58 ,23.48 ,23.55 ,23.57 ,23.52 ,23.58 ,23.63 ,23.61 ,23.61 ,23.52 ,23.54 ,23.57 ,23.55 ,23.67 ,23.72 ,23.72 ,23.76 ,23.84 ,23.76 ,23.76 ,23.79 ,23.8 ,23.72 ,23.8 ,23.9 ,23.92 ,23.82 ,23.87 ,23.9 ,23.88 ,23.89 ,23.87 ,23.81 ,23.85 ,23.83 ,23.84 ,23.8 ,23.83 ,23.87 ,23.89 ,23.9 ,23.87 ,23.87 ,23.83 ,23.86 ,23.8 ,23.82 ,23.89 ,23.85 ,23.86 ,23.86 ,23.88 ,23.77 ,23.6 ,23.67 ,23.76 ,23.77 ,23.72 ,23.74 ,23.73 ,23.77 ,23.84 ,23.73 ,23.77 ,23.81 ,23.8 ,23.73 ,23.69 ,23.79 ,23.78 ,23.69 ,23.71 ,23.68 ,23.67 ,23.64 ,23.73 ,23.7 ,23.67 ,23.74 ,23.72 ,23.7 ,23.64 ,23.65 ,23.74 ,23.66 ,23.6 ,23.62 ,23.64 ,23.62 ,23.62 ,23.57 ,23.47 ,23.42 ,23.58 ,23.58 ,23.51 ,23.45 ,23.45 ,23.4 ,23.34 ,23.39 ,23.37 ,23.39 ,23.36 ,23.36 ,23.38 ,23.39 ,23.32 ,23.29 ,23.37 ,23.36 ,23.25 ,23.16 ,23.22 ,23.34 ,23.33 ,23.35 ,23.26 ,23.31 ,23.33 ,23.35 ,23.38 ,23.32 ,23.24 ,23.22 ,23.26 ,23.33 ,23.41 ,23.3 ,23.33 ,23.36 ,23.3 ,23.28 ,23.28 ,23.35 ,23.38 ,23.36 ,23.35 ,23.38 ,23.29 ,23.31 ,23.23 ,23.25 ,23.39 ,23.43 ,23.35 ,23.32 ,23.23 ,23.28 ,23.2 ,23.3 ,23.31 ,23.17 ,23.21 ,23.21 ,23.22 ,23.05 ,23.07 ,23.11 ,23.17 ,23.2 ,23.12 ,23.13 ,23.2 ,23.14 ,23.15 ,23.16 ,23.21 ,23.24 ,23.23 ,23.2 ,23.2 ,23.24 ,23.25 ,23.31 ,23.22 ,23.13 ,23.26 ,23.27 ,23.26 ,23.26 ,23.22 ,
282,23.36 ,23.44 ,23.46 ,23.52 ,23.45 ,23.41 ,23.4 ,23.46 ,23.39 ,23.4 ,23.4 ,23.35 ,23.35 ,23.37 ,23.46 ,23.47 ,23.32 ,23.52 ,23.41 ,23.3 ,23.22 ,23.33 ,23.33 ,23.39 ,23.35 ,23.42 ,23.44 ,23.43 ,23.5 ,23.54 ,23.53 ,23.46 ,23.46 ,23.54 ,23.51 ,23.55 ,23.6 ,23.55 ,23.55 ,23.48 ,23.56 ,23.63 ,23.55 ,23.49 ,23.52 ,23.68 ,23.62 ,23.6 ,23.54 ,23.55 ,23.6 ,23.67 ,23.56 ,23.55 ,23.54 ,23.59 ,23.63 ,23.6 ,23.57 ,23.54 ,23.63 ,23.67 ,23.61 ,23.6 ,23.63 ,23.68 ,23.71 ,23.6 ,23.59 ,23.57 ,23.59 ,23.68 ,23.63 ,23.63 ,23.64 ,23.62 ,23.7 ,23.64 ,23.58 ,23.59 ,23.71 ,23.61 ,23.6 ,23.61 ,23.62 ,23.66 ,23.68 ,23.68 ,23.64 ,23.51 ,23.58 ,23.69 ,23.7 ,23.66 ,23.59 ,23.67 ,23.77 ,23.64 ,23.6 ,23.64 ,23.7 ,23.69 ,23.62 ,23.61 ,23.62 ,23.61 ,23.64 ,23.58 ,23.48 ,23.43 ,23.39 ,23.35 ,23.35 ,23.49 ,23.49 ,23.48 ,23.47 ,23.49 ,23.59 ,23.58 ,23.66 ,23.73 ,23.8 ,23.81 ,23.87 ,23.78 ,23.68 ,23.76 ,23.81 ,23.74 ,23.71 ,23.81 ,23.79 ,23.85 ,23.78 ,23.81 ,23.79 ,23.78 ,23.85 ,23.85 ,23.77 ,23.79 ,23.82 ,23.92 ,23.93 ,23.88 ,23.82 ,23.84 ,23.87 ,23.87 ,23.82 ,23.79 ,23.82 ,23.79 ,23.8 ,23.84 ,23.78 ,23.74 ,23.74 ,23.81 ,23.86 ,23.87 ,23.83 ,23.9 ,23.77 ,23.76 ,23.79 ,23.8 ,23.8 ,23.86 ,23.86 ,23.73 ,23.64 ,23.73 ,23.87 ,23.9 ,23.88 ,23.81 ,23.81 ,23.83 ,23.83 ,23.78 ,23.84 ,23.84 ,23.77 ,23.8 ,23.78 ,23.76 ,23.77 ,23.79 ,23.92 ,23.87 ,23.88 ,23.85 ,23.78 ,23.85 ,23.89 ,23.86 ,23.77 ,23.78 ,23.81 ,23.82 ,23.82 ,23.81 ,23.8 ,23.73 ,23.7 ,23.67 ,23.57 ,23.62 ,23.65 ,23.66 ,23.61 ,23.66 ,23.7 ,23.75 ,23.73 ,23.7 ,23.76 ,23.82 ,23.82 ,23.78 ,23.81 ,23.82 ,23.79 ,23.8 ,23.91 ,23.88 ,23.91 ,23.89 ,23.84 ,23.82 ,23.89 ,23.91 ,23.89 ,23.86 ,23.8 ,23.66 ,23.49 ,23.43 ,23.46 ,23.59 ,23.66 ,23.61 ,23.6 ,23.51 ,23.48 ,23.46 ,23.52 ,23.62 ,23.65 ,23.59 ,23.62 ,23.66 ,23.68 ,23.61 ,23.64 ,23.62 ,23.58 ,23.57 ,23.51 ,23.59 ,23.65 ,23.62 ,23.68 ,23.63 ,23.52 ,23.52 ,23.57 ,23.57 ,23.57 ,23.55 ,23.56 ,23.33 ,22.86 ,22.75 ,22.81 ,23.02 ,23.34 ,23.57 ,23.63 ,23.59 ,23.66 ,23.61 ,23.55 ,23.55 ,23.6 ,23.51 ,23.43 ,23.32 ,23.15 ,23.1 ,23.1 ,23.28 ,23.52 ,23.63 ,23.6 ,23.61 ,23.61 ,23.53 ,23.44 ,23.18 ,22.85 ,22.99 ,23.36 ,23.6 ,23.64 ,23.65 ,23.65 ,23.62 ,23.59 ,23.68 ,23.67 ,23.69 ,23.75 ,23.7 ,23.68 ,23.7 ,23.73 ,23.71 ,23.64 ,23.63 ,23.67 ,23.72 ,23.75 ,23.72 ,23.65 ,23.67 ,23.71 ,23.78 ,23.91 ,24.01 ,23.85 ,23.87 ,23.95 ,23.93 ,23.89 ,23.93 ,23.91 ,23.93 ,24.03 ,23.97 ,23.92 ,24 ,24.01 ,24.01 ,23.95 ,23.91 ,23.91 ,23.98 ,23.95 ,23.98 ,23.91 ,23.76 ,23.58 ,23.6 ,23.73 ,23.76 ,23.68 ,23.66 ,23.77 ,23.77 ,23.73 ,23.76 ,23.77 ,23.66 ,23.69 ,23.8 ,23.85 ,23.86 ,23.95 ,23.96 ,24 ,24.13 ,23.98 ,23.91 ,23.98 ,24.01 ,24.06 ,23.99 ,24.01 ,23.9 ,23.92 ,23.95 ,23.91 ,24 ,24.08 ,24.03 ,23.94 ,23.86 ,23.89 ,23.87 ,23.9 ,23.92 ,23.97 ,23.97 ,24.02 ,23.94 ,23.9 ,23.94 ,23.94 ,23.93 ,23.96 ,23.93 ,23.94 ,23.95 ,23.89 ,23.91 ,23.95 ,23.97 ,24 ,23.9 ,23.9 ,23.91 ,23.93 ,23.91 ,23.83 ,23.77 ,23.79 ,23.76 ,23.66 ,23.68 ,23.61 ,23.55 ,23.58 ,23.72 ,23.86 ,23.83 ,24 ,24.01 ,23.93 ,23.94 ,23.97 ,23.82 ,23.92 ,23.94 ,23.9 ,23.84 ,23.92 ,23.87 ,23.86 ,23.8 ,23.8 ,23.76 ,23.73 ,23.83 ,23.88 ,23.88 ,23.83 ,23.83 ,23.83 ,23.85 ,23.81 ,23.82 ,23.7 ,23.66 ,23.6 ,23.66 ,23.64 ,23.56 ,23.61 ,23.62 ,23.57 ,23.52 ,23.59 ,23.64 ,23.62 ,23.58 ,23.57 ,23.55 ,23.52 ,23.65 ,23.67 ,23.74 ,23.76 ,23.86 ,23.86 ,23.79 ,23.77 ,23.79 ,23.77 ,23.81 ,23.89 ,23.94 ,23.92 ,23.85 ,23.82 ,23.8 ,23.88 ,23.94 ,23.81 ,23.84 ,23.85 ,23.81 ,23.85 ,23.84 ,23.82 ,23.83 ,23.88 ,23.82 ,23.86 ,23.88 ,23.9 ,23.79 ,23.81 ,23.92 ,23.91 ,23.91 ,23.85 ,23.86 ,23.73 ,23.59 ,23.65 ,23.77 ,23.83 ,23.81 ,23.79 ,23.71 ,23.78 ,23.8 ,23.78 ,23.77 ,23.78 ,23.77 ,23.81 ,23.71 ,23.73 ,23.68 ,23.71 ,23.82 ,23.73 ,23.63 ,23.55 ,23.69 ,23.69 ,23.66 ,23.71 ,23.66 ,23.66 ,23.64 ,23.66 ,23.63 ,23.62 ,23.63 ,23.65 ,23.68 ,23.59 ,23.57 ,23.5 ,23.46 ,23.42 ,23.54 ,23.59 ,23.49 ,23.47 ,23.5 ,23.44 ,23.33 ,23.37 ,23.4 ,23.39 ,23.31 ,23.22 ,23.31 ,23.34 ,23.3 ,23.31 ,23.32 ,23.3 ,23.23 ,23.2 ,23.3 ,23.31 ,23.33 ,23.39 ,23.37 ,23.32 ,23.28 ,23.3 ,23.33 ,23.21 ,23.21 ,23.21 ,23.3 ,23.39 ,23.34 ,23.27 ,23.33 ,23.3 ,23.23 ,23.26 ,23.28 ,23.31 ,23.32 ,23.32 ,23.3 ,23.39 ,23.35 ,23.28 ,23.23 ,23.27 ,23.32 ,23.43 ,23.37 ,23.33 ,23.21 ,23.22 ,23.21 ,23.3 ,23.3 ,23.2 ,23.12 ,23.18 ,23.21 ,23.1 ,23.1 ,23.16 ,23.12 ,23.17 ,23.19 ,23.08 ,23.25 ,23.19 ,23.21 ,23.28 ,23.22 ,23.24 ,23.32 ,23.32 ,23.32 ,23.26 ,23.37 ,23.39 ,23.29 ,23.18 ,23.17 ,23.29 ,23.23 ,23.21 ,23.17 ,
283,23.31 ,23.43 ,23.5 ,23.5 ,23.48 ,23.45 ,23.42 ,23.38 ,23.42 ,23.41 ,23.36 ,23.38 ,23.44 ,23.35 ,23.37 ,23.39 ,23.33 ,23.44 ,23.48 ,23.32 ,23.34 ,23.4 ,23.32 ,23.24 ,23.32 ,23.4 ,23.46 ,23.4 ,23.43 ,23.44 ,23.48 ,23.43 ,23.49 ,23.6 ,23.59 ,23.52 ,23.55 ,23.57 ,23.57 ,23.56 ,23.65 ,23.64 ,23.62 ,23.54 ,23.52 ,23.59 ,23.55 ,23.62 ,23.63 ,23.62 ,23.61 ,23.56 ,23.58 ,23.45 ,23.47 ,23.6 ,23.61 ,23.61 ,23.61 ,23.58 ,23.61 ,23.61 ,23.59 ,23.63 ,23.56 ,23.59 ,23.64 ,23.61 ,23.7 ,23.57 ,23.55 ,23.68 ,23.67 ,23.66 ,23.65 ,23.63 ,23.68 ,23.6 ,23.57 ,23.62 ,23.67 ,23.6 ,23.63 ,23.59 ,23.61 ,23.64 ,23.67 ,23.69 ,23.68 ,23.61 ,23.63 ,23.69 ,23.74 ,23.76 ,23.69 ,23.66 ,23.78 ,23.69 ,23.64 ,23.6 ,23.63 ,23.66 ,23.59 ,23.55 ,23.7 ,23.67 ,23.62 ,23.61 ,23.63 ,23.51 ,23.46 ,23.47 ,23.48 ,23.49 ,23.49 ,23.5 ,23.5 ,23.5 ,23.62 ,23.67 ,23.63 ,23.65 ,23.8 ,23.89 ,23.91 ,23.8 ,23.77 ,23.75 ,23.76 ,23.74 ,23.75 ,23.88 ,23.78 ,23.77 ,23.83 ,23.8 ,23.76 ,23.78 ,23.78 ,23.74 ,23.82 ,23.81 ,23.76 ,23.79 ,23.9 ,23.93 ,23.84 ,23.89 ,23.85 ,23.84 ,23.85 ,23.79 ,23.78 ,23.78 ,23.77 ,23.81 ,23.83 ,23.77 ,23.79 ,23.77 ,23.9 ,23.86 ,23.76 ,23.83 ,23.87 ,23.82 ,23.84 ,23.83 ,23.8 ,23.86 ,23.8 ,23.76 ,23.71 ,23.75 ,23.83 ,23.87 ,23.84 ,23.83 ,23.86 ,23.74 ,23.75 ,23.75 ,23.81 ,23.8 ,23.82 ,23.84 ,23.82 ,23.77 ,23.84 ,23.91 ,23.91 ,23.87 ,23.88 ,23.84 ,23.79 ,23.81 ,23.87 ,23.86 ,23.78 ,23.73 ,23.76 ,23.79 ,23.81 ,23.76 ,23.8 ,23.85 ,23.78 ,23.76 ,23.56 ,23.6 ,23.66 ,23.75 ,23.68 ,23.63 ,23.71 ,23.76 ,23.74 ,23.73 ,23.73 ,23.81 ,23.83 ,23.74 ,23.79 ,23.93 ,23.92 ,23.96 ,23.87 ,23.84 ,23.89 ,23.92 ,23.87 ,23.86 ,23.82 ,23.84 ,23.82 ,23.86 ,23.83 ,23.6 ,23.48 ,23.5 ,23.53 ,23.61 ,23.63 ,23.54 ,23.67 ,23.65 ,23.5 ,23.5 ,23.55 ,23.54 ,23.58 ,23.59 ,23.63 ,23.64 ,23.63 ,23.67 ,23.66 ,23.68 ,23.62 ,23.59 ,23.54 ,23.59 ,23.64 ,23.67 ,23.63 ,23.67 ,23.55 ,23.57 ,23.62 ,23.63 ,23.65 ,23.56 ,23.46 ,23.26 ,22.94 ,22.76 ,22.79 ,23.01 ,23.33 ,23.54 ,23.6 ,23.62 ,23.63 ,23.67 ,23.63 ,23.58 ,23.64 ,23.55 ,23.39 ,23.32 ,23.14 ,23.1 ,23.13 ,23.27 ,23.51 ,23.61 ,23.62 ,23.6 ,23.65 ,23.64 ,23.47 ,23.08 ,22.82 ,23.09 ,23.49 ,23.58 ,23.58 ,23.7 ,23.69 ,23.55 ,23.59 ,23.7 ,23.7 ,23.64 ,23.69 ,23.64 ,23.66 ,23.61 ,23.64 ,23.61 ,23.6 ,23.62 ,23.65 ,23.67 ,23.69 ,23.71 ,23.7 ,23.66 ,23.69 ,23.71 ,23.89 ,23.99 ,23.95 ,23.88 ,23.9 ,23.86 ,23.84 ,23.92 ,23.94 ,23.94 ,24.02 ,23.98 ,23.93 ,23.95 ,24 ,23.94 ,23.87 ,23.88 ,23.9 ,23.97 ,24 ,23.97 ,23.97 ,23.87 ,23.63 ,23.58 ,23.7 ,23.82 ,23.73 ,23.63 ,23.67 ,23.78 ,23.78 ,23.77 ,23.75 ,23.71 ,23.78 ,23.94 ,23.98 ,23.96 ,23.96 ,23.97 ,23.95 ,24.06 ,23.95 ,23.93 ,23.94 ,24 ,24.03 ,23.95 ,23.99 ,23.94 ,23.92 ,24 ,23.98 ,24.06 ,24.02 ,23.95 ,23.9 ,23.85 ,23.87 ,23.91 ,23.98 ,23.95 ,23.99 ,23.94 ,23.95 ,23.98 ,23.9 ,23.96 ,23.93 ,23.91 ,23.92 ,23.93 ,23.89 ,23.94 ,23.93 ,23.89 ,23.96 ,23.95 ,23.97 ,23.86 ,23.87 ,23.91 ,23.91 ,23.93 ,23.78 ,23.74 ,23.72 ,23.65 ,23.59 ,23.59 ,23.69 ,23.71 ,23.72 ,23.85 ,23.97 ,23.88 ,23.99 ,23.94 ,23.88 ,23.82 ,23.87 ,23.88 ,23.88 ,23.92 ,23.8 ,23.78 ,23.89 ,23.9 ,23.82 ,23.84 ,23.86 ,23.8 ,23.82 ,23.91 ,23.89 ,23.79 ,23.77 ,23.86 ,23.84 ,23.87 ,23.85 ,23.84 ,23.73 ,23.71 ,23.66 ,23.65 ,23.61 ,23.58 ,23.61 ,23.57 ,23.53 ,23.51 ,23.59 ,23.62 ,23.68 ,23.66 ,23.61 ,23.57 ,23.59 ,23.67 ,23.71 ,23.74 ,23.76 ,23.78 ,23.81 ,23.86 ,23.78 ,23.79 ,23.84 ,23.82 ,23.87 ,23.88 ,23.87 ,23.83 ,23.83 ,23.8 ,23.9 ,23.95 ,23.9 ,23.91 ,23.86 ,23.83 ,23.75 ,23.86 ,23.88 ,23.92 ,23.89 ,23.85 ,23.9 ,23.87 ,23.8 ,23.8 ,23.84 ,23.79 ,23.87 ,23.96 ,23.88 ,23.83 ,23.88 ,23.71 ,23.69 ,23.83 ,23.81 ,23.8 ,23.78 ,23.64 ,23.76 ,23.82 ,23.73 ,23.79 ,23.81 ,23.76 ,23.72 ,23.77 ,23.78 ,23.68 ,23.73 ,23.78 ,23.66 ,23.61 ,23.6 ,23.61 ,23.68 ,23.68 ,23.72 ,23.67 ,23.64 ,23.61 ,23.67 ,23.64 ,23.58 ,23.66 ,23.6 ,23.58 ,23.53 ,23.57 ,23.51 ,23.45 ,23.46 ,23.56 ,23.55 ,23.47 ,23.44 ,23.44 ,23.51 ,23.45 ,23.45 ,23.5 ,23.37 ,23.33 ,23.28 ,23.3 ,23.37 ,23.21 ,23.11 ,23.28 ,23.3 ,23.26 ,23.28 ,23.36 ,23.39 ,23.31 ,23.36 ,23.38 ,23.3 ,23.22 ,23.34 ,23.34 ,23.23 ,23.22 ,23.31 ,23.37 ,23.43 ,23.41 ,23.35 ,23.28 ,23.33 ,23.29 ,23.32 ,23.33 ,23.22 ,23.22 ,23.24 ,23.25 ,23.31 ,23.37 ,23.33 ,23.23 ,23.22 ,23.28 ,23.25 ,23.31 ,23.27 ,23.25 ,23.25 ,23.18 ,23.23 ,23.28 ,23.26 ,23.28 ,23.16 ,23.25 ,23.2 ,23.18 ,23.2 ,23.14 ,23.1 ,23.22 ,23.16 ,23.15 ,23.27 ,23.16 ,23.18 ,23.22 ,23.12 ,23.31 ,23.22 ,23.18 ,23.29 ,23.35 ,23.36 ,23.22 ,23.13 ,23.16 ,23.23 ,23.31 ,23.19 ,23.16 ,
284,23.31 ,23.33 ,23.38 ,23.42 ,23.4 ,23.37 ,23.4 ,23.31 ,23.38 ,23.47 ,23.38 ,23.33 ,23.32 ,23.33 ,23.31 ,23.37 ,23.35 ,23.51 ,23.43 ,23.4 ,23.36 ,23.36 ,23.37 ,23.33 ,23.33 ,23.38 ,23.42 ,23.39 ,23.38 ,23.49 ,23.46 ,23.41 ,23.59 ,23.62 ,23.51 ,23.5 ,23.49 ,23.55 ,23.6 ,23.59 ,23.72 ,23.63 ,23.59 ,23.6 ,23.56 ,23.61 ,23.61 ,23.57 ,23.71 ,23.72 ,23.66 ,23.54 ,23.52 ,23.51 ,23.49 ,23.6 ,23.64 ,23.58 ,23.62 ,23.66 ,23.66 ,23.61 ,23.58 ,23.63 ,23.71 ,23.59 ,23.65 ,23.73 ,23.72 ,23.6 ,23.49 ,23.56 ,23.65 ,23.69 ,23.72 ,23.74 ,23.62 ,23.58 ,23.58 ,23.64 ,23.65 ,23.61 ,23.64 ,23.65 ,23.64 ,23.65 ,23.72 ,23.68 ,23.74 ,23.63 ,23.66 ,23.65 ,23.75 ,23.65 ,23.63 ,23.75 ,23.71 ,23.62 ,23.58 ,23.61 ,23.58 ,23.62 ,23.67 ,23.63 ,23.72 ,23.68 ,23.62 ,23.57 ,23.64 ,23.57 ,23.5 ,23.51 ,23.47 ,23.47 ,23.54 ,23.48 ,23.39 ,23.44 ,23.53 ,23.46 ,23.64 ,23.62 ,23.68 ,23.83 ,23.86 ,23.77 ,23.72 ,23.76 ,23.81 ,23.76 ,23.8 ,23.92 ,23.85 ,23.82 ,23.86 ,23.83 ,23.8 ,23.74 ,23.77 ,23.78 ,23.75 ,23.8 ,23.76 ,23.72 ,23.72 ,23.84 ,23.84 ,23.89 ,23.84 ,23.81 ,23.86 ,23.82 ,23.8 ,23.8 ,23.77 ,23.84 ,23.84 ,23.84 ,23.85 ,23.83 ,23.83 ,23.81 ,23.83 ,23.81 ,23.84 ,23.82 ,23.84 ,23.88 ,23.82 ,23.82 ,23.78 ,23.77 ,23.8 ,23.83 ,23.84 ,23.86 ,23.82 ,23.79 ,23.86 ,23.81 ,23.81 ,23.76 ,23.78 ,23.81 ,23.79 ,23.77 ,23.79 ,23.82 ,23.87 ,23.99 ,23.92 ,23.82 ,23.79 ,23.77 ,23.86 ,23.77 ,23.8 ,23.91 ,23.84 ,23.78 ,23.75 ,23.78 ,23.81 ,23.76 ,23.75 ,23.86 ,23.8 ,23.76 ,23.63 ,23.6 ,23.68 ,23.69 ,23.69 ,23.64 ,23.73 ,23.66 ,23.73 ,23.77 ,23.76 ,23.8 ,23.85 ,23.85 ,23.86 ,23.89 ,23.85 ,23.87 ,23.87 ,23.79 ,23.82 ,23.91 ,23.91 ,23.83 ,23.79 ,23.81 ,23.75 ,23.76 ,23.81 ,23.66 ,23.48 ,23.55 ,23.53 ,23.68 ,23.65 ,23.53 ,23.66 ,23.58 ,23.54 ,23.58 ,23.62 ,23.54 ,23.49 ,23.51 ,23.62 ,23.59 ,23.6 ,23.65 ,23.62 ,23.62 ,23.61 ,23.56 ,23.63 ,23.67 ,23.63 ,23.66 ,23.65 ,23.66 ,23.58 ,23.6 ,23.7 ,23.65 ,23.61 ,23.61 ,23.46 ,23.26 ,22.91 ,22.83 ,22.78 ,22.95 ,23.3 ,23.53 ,23.59 ,23.62 ,23.61 ,23.59 ,23.57 ,23.54 ,23.6 ,23.55 ,23.38 ,23.21 ,23.08 ,23.01 ,23.13 ,23.31 ,23.5 ,23.57 ,23.61 ,23.58 ,23.62 ,23.59 ,23.39 ,23.1 ,22.94 ,23.21 ,23.57 ,23.64 ,23.66 ,23.67 ,23.62 ,23.62 ,23.63 ,23.69 ,23.72 ,23.68 ,23.69 ,23.61 ,23.64 ,23.66 ,23.57 ,23.63 ,23.6 ,23.66 ,23.64 ,23.65 ,23.71 ,23.65 ,23.67 ,23.66 ,23.69 ,23.69 ,23.81 ,23.96 ,23.98 ,23.89 ,23.91 ,23.85 ,23.88 ,23.85 ,23.96 ,23.91 ,23.97 ,24.02 ,23.95 ,23.98 ,23.97 ,23.94 ,23.94 ,23.97 ,24 ,23.88 ,23.92 ,23.96 ,24 ,23.92 ,23.73 ,23.64 ,23.63 ,23.73 ,23.73 ,23.66 ,23.66 ,23.71 ,23.72 ,23.71 ,23.8 ,23.81 ,23.86 ,23.96 ,23.98 ,23.97 ,23.96 ,23.97 ,23.97 ,23.99 ,23.88 ,23.83 ,23.95 ,23.98 ,23.94 ,23.9 ,23.98 ,24.04 ,23.93 ,23.97 ,23.97 ,24.06 ,23.99 ,23.96 ,23.9 ,23.94 ,23.93 ,23.93 ,23.98 ,23.95 ,23.97 ,24 ,23.96 ,23.95 ,23.89 ,23.97 ,23.93 ,23.98 ,23.91 ,23.94 ,23.93 ,23.94 ,23.93 ,23.91 ,23.92 ,24.01 ,24.03 ,23.89 ,23.85 ,23.95 ,23.86 ,23.78 ,23.7 ,23.66 ,23.68 ,23.6 ,23.57 ,23.56 ,23.55 ,23.74 ,23.79 ,23.92 ,23.95 ,23.85 ,23.9 ,23.88 ,23.84 ,23.87 ,23.83 ,23.93 ,23.88 ,23.77 ,23.75 ,23.74 ,23.83 ,23.84 ,23.84 ,23.81 ,23.82 ,23.87 ,23.83 ,23.89 ,23.83 ,23.87 ,23.88 ,23.88 ,23.89 ,23.92 ,23.86 ,23.77 ,23.71 ,23.67 ,23.61 ,23.6 ,23.59 ,23.59 ,23.57 ,23.52 ,23.52 ,23.57 ,23.56 ,23.6 ,23.65 ,23.69 ,23.59 ,23.54 ,23.57 ,23.67 ,23.75 ,23.84 ,23.78 ,23.74 ,23.75 ,23.84 ,23.76 ,23.85 ,23.84 ,23.84 ,23.87 ,23.85 ,23.81 ,23.85 ,23.86 ,23.85 ,23.84 ,23.9 ,23.92 ,23.89 ,23.87 ,23.85 ,23.77 ,23.85 ,23.9 ,23.93 ,23.88 ,23.8 ,23.87 ,23.9 ,23.85 ,23.82 ,23.84 ,23.79 ,23.8 ,23.86 ,23.89 ,23.83 ,23.85 ,23.76 ,23.71 ,23.78 ,23.83 ,23.75 ,23.75 ,23.64 ,23.69 ,23.8 ,23.75 ,23.78 ,23.77 ,23.75 ,23.75 ,23.71 ,23.69 ,23.77 ,23.7 ,23.76 ,23.67 ,23.63 ,23.58 ,23.57 ,23.53 ,23.67 ,23.67 ,23.69 ,23.63 ,23.56 ,23.65 ,23.68 ,23.64 ,23.68 ,23.63 ,23.54 ,23.53 ,23.62 ,23.54 ,23.52 ,23.47 ,23.51 ,23.49 ,23.38 ,23.4 ,23.51 ,23.51 ,23.49 ,23.37 ,23.4 ,23.37 ,23.31 ,23.3 ,23.29 ,23.31 ,23.24 ,23.19 ,23.21 ,23.38 ,23.36 ,23.3 ,23.33 ,23.36 ,23.35 ,23.33 ,23.4 ,23.37 ,23.38 ,23.42 ,23.37 ,23.33 ,23.24 ,23.36 ,23.43 ,23.37 ,23.44 ,23.36 ,23.31 ,23.37 ,23.35 ,23.34 ,23.32 ,23.28 ,23.19 ,23.17 ,23.18 ,23.23 ,23.31 ,23.38 ,23.26 ,23.23 ,23.38 ,23.37 ,23.33 ,23.34 ,23.3 ,23.26 ,23.22 ,23.17 ,23.2 ,23.23 ,23.24 ,23.17 ,23.25 ,23.17 ,23.19 ,23.22 ,23.14 ,23.17 ,23.23 ,23.21 ,23.22 ,23.35 ,23.26 ,23.12 ,23.25 ,23.21 ,23.25 ,23.24 ,23.2 ,23.28 ,23.33 ,23.24 ,23.21 ,23.14 ,23.11 ,23.23 ,23.34 ,23.25 ,23.2 ,
285,23.38 ,23.36 ,23.47 ,23.4 ,23.34 ,23.31 ,23.36 ,23.35 ,23.31 ,23.45 ,23.42 ,23.34 ,23.39 ,23.29 ,23.36 ,23.38 ,23.33 ,23.47 ,23.47 ,23.39 ,23.36 ,23.37 ,23.39 ,23.33 ,23.35 ,23.4 ,23.47 ,23.42 ,23.39 ,23.47 ,23.45 ,23.48 ,23.6 ,23.68 ,23.57 ,23.51 ,23.54 ,23.59 ,23.61 ,23.53 ,23.54 ,23.55 ,23.57 ,23.59 ,23.6 ,23.63 ,23.66 ,23.58 ,23.59 ,23.63 ,23.58 ,23.62 ,23.61 ,23.58 ,23.59 ,23.68 ,23.64 ,23.51 ,23.56 ,23.65 ,23.6 ,23.56 ,23.55 ,23.67 ,23.73 ,23.63 ,23.64 ,23.73 ,23.68 ,23.66 ,23.57 ,23.53 ,23.62 ,23.64 ,23.72 ,23.74 ,23.69 ,23.6 ,23.59 ,23.61 ,23.6 ,23.59 ,23.57 ,23.59 ,23.6 ,23.68 ,23.73 ,23.71 ,23.68 ,23.61 ,23.66 ,23.75 ,23.76 ,23.7 ,23.64 ,23.74 ,23.73 ,23.57 ,23.63 ,23.61 ,23.61 ,23.67 ,23.77 ,23.65 ,23.64 ,23.64 ,23.62 ,23.58 ,23.6 ,23.6 ,23.52 ,23.46 ,23.45 ,23.41 ,23.45 ,23.52 ,23.52 ,23.49 ,23.53 ,23.51 ,23.54 ,23.6 ,23.5 ,23.74 ,23.76 ,23.77 ,23.77 ,23.78 ,23.79 ,23.83 ,23.84 ,23.92 ,23.81 ,23.83 ,23.9 ,23.79 ,23.74 ,23.78 ,23.75 ,23.8 ,23.79 ,23.75 ,23.74 ,23.71 ,23.73 ,23.78 ,23.85 ,23.84 ,23.85 ,23.85 ,23.76 ,23.82 ,23.79 ,23.81 ,23.77 ,23.84 ,23.9 ,23.83 ,23.78 ,23.84 ,23.82 ,23.77 ,23.85 ,23.83 ,23.84 ,23.82 ,23.84 ,23.92 ,23.85 ,23.8 ,23.82 ,23.77 ,23.8 ,23.89 ,23.91 ,23.88 ,23.86 ,23.8 ,23.85 ,23.83 ,23.86 ,23.89 ,23.82 ,23.84 ,23.81 ,23.7 ,23.76 ,23.79 ,23.88 ,23.92 ,23.94 ,23.81 ,23.74 ,23.82 ,23.89 ,23.84 ,23.76 ,23.9 ,23.94 ,23.83 ,23.72 ,23.78 ,23.87 ,23.85 ,23.78 ,23.88 ,23.85 ,23.75 ,23.82 ,23.8 ,23.75 ,23.67 ,23.69 ,23.71 ,23.66 ,23.69 ,23.71 ,23.78 ,23.83 ,23.83 ,23.84 ,23.89 ,23.84 ,23.84 ,23.82 ,23.84 ,23.88 ,23.84 ,23.76 ,23.77 ,23.88 ,23.8 ,23.8 ,23.84 ,23.71 ,23.73 ,23.69 ,23.6 ,23.46 ,23.5 ,23.58 ,23.64 ,23.66 ,23.57 ,23.59 ,23.6 ,23.55 ,23.59 ,23.65 ,23.57 ,23.54 ,23.53 ,23.6 ,23.59 ,23.53 ,23.64 ,23.65 ,23.61 ,23.57 ,23.57 ,23.61 ,23.68 ,23.69 ,23.64 ,23.59 ,23.59 ,23.65 ,23.7 ,23.72 ,23.63 ,23.52 ,23.6 ,23.56 ,23.32 ,22.99 ,22.79 ,22.82 ,22.99 ,23.31 ,23.56 ,23.59 ,23.53 ,23.54 ,23.52 ,23.56 ,23.52 ,23.58 ,23.53 ,23.32 ,23.14 ,23.06 ,23 ,23.13 ,23.37 ,23.54 ,23.61 ,23.64 ,23.61 ,23.55 ,23.52 ,23.29 ,23 ,23.02 ,23.32 ,23.57 ,23.63 ,23.71 ,23.71 ,23.62 ,23.71 ,23.65 ,23.73 ,23.73 ,23.7 ,23.66 ,23.64 ,23.64 ,23.76 ,23.67 ,23.64 ,23.66 ,23.67 ,23.72 ,23.66 ,23.71 ,23.7 ,23.63 ,23.69 ,23.59 ,23.65 ,23.77 ,23.88 ,23.87 ,23.94 ,23.93 ,23.86 ,23.9 ,23.91 ,23.89 ,23.93 ,23.9 ,24.03 ,23.89 ,23.96 ,23.94 ,23.97 ,23.96 ,24.02 ,23.9 ,23.83 ,23.86 ,24.01 ,24.01 ,23.93 ,23.86 ,23.78 ,23.76 ,23.72 ,23.7 ,23.72 ,23.76 ,23.76 ,23.75 ,23.73 ,23.82 ,23.86 ,23.91 ,23.95 ,23.93 ,23.94 ,23.93 ,23.96 ,24.04 ,23.97 ,23.83 ,23.81 ,23.85 ,24.06 ,23.97 ,23.95 ,23.96 ,23.95 ,23.92 ,23.95 ,24 ,24.07 ,24 ,24.01 ,23.98 ,23.95 ,24 ,23.92 ,23.89 ,23.88 ,23.88 ,23.99 ,24.02 ,24 ,23.94 ,23.95 ,23.98 ,23.95 ,23.89 ,23.99 ,23.98 ,23.95 ,23.92 ,23.9 ,23.91 ,23.96 ,24.01 ,23.89 ,23.87 ,23.9 ,23.75 ,23.65 ,23.63 ,23.56 ,23.6 ,23.64 ,23.71 ,23.65 ,23.61 ,23.73 ,23.82 ,23.86 ,23.91 ,23.84 ,23.85 ,23.89 ,23.87 ,23.86 ,23.88 ,23.9 ,23.9 ,23.79 ,23.78 ,23.82 ,23.84 ,23.82 ,23.88 ,23.91 ,23.91 ,23.92 ,23.81 ,23.87 ,23.79 ,23.83 ,23.92 ,23.88 ,23.84 ,23.88 ,23.86 ,23.7 ,23.58 ,23.56 ,23.54 ,23.53 ,23.63 ,23.57 ,23.54 ,23.53 ,23.55 ,23.57 ,23.64 ,23.64 ,23.64 ,23.66 ,23.66 ,23.64 ,23.58 ,23.69 ,23.74 ,23.8 ,23.79 ,23.77 ,23.8 ,23.87 ,23.78 ,23.75 ,23.86 ,23.86 ,23.78 ,23.86 ,23.86 ,23.88 ,23.9 ,23.8 ,23.75 ,23.77 ,23.81 ,23.9 ,23.86 ,23.86 ,23.75 ,23.84 ,23.86 ,23.94 ,23.89 ,23.83 ,23.88 ,23.88 ,23.92 ,23.88 ,23.78 ,23.77 ,23.77 ,23.83 ,23.87 ,23.8 ,23.79 ,23.78 ,23.71 ,23.8 ,23.78 ,23.86 ,23.75 ,23.75 ,23.75 ,23.79 ,23.78 ,23.74 ,23.71 ,23.74 ,23.76 ,23.69 ,23.7 ,23.79 ,23.72 ,23.75 ,23.64 ,23.65 ,23.59 ,23.62 ,23.58 ,23.62 ,23.68 ,23.62 ,23.69 ,23.66 ,23.68 ,23.72 ,23.7 ,23.7 ,23.63 ,23.58 ,23.57 ,23.61 ,23.61 ,23.5 ,23.5 ,23.5 ,23.46 ,23.42 ,23.48 ,23.5 ,23.47 ,23.42 ,23.39 ,23.4 ,23.38 ,23.33 ,23.3 ,23.34 ,23.3 ,23.32 ,23.31 ,23.26 ,23.28 ,23.36 ,23.34 ,23.33 ,23.34 ,23.29 ,23.37 ,23.47 ,23.4 ,23.43 ,23.37 ,23.33 ,23.3 ,23.3 ,23.38 ,23.44 ,23.35 ,23.37 ,23.31 ,23.33 ,23.4 ,23.33 ,23.23 ,23.37 ,23.34 ,23.35 ,23.28 ,23.22 ,23.22 ,23.21 ,23.32 ,23.29 ,23.25 ,23.36 ,23.41 ,23.32 ,23.35 ,23.35 ,23.3 ,23.26 ,23.21 ,23.27 ,23.22 ,23.15 ,23.07 ,23.17 ,23.2 ,23.21 ,23.23 ,23.18 ,23.09 ,23.22 ,23.2 ,23.2 ,23.34 ,23.28 ,23.23 ,23.3 ,23.24 ,23.23 ,23.19 ,23.23 ,23.3 ,23.28 ,23.27 ,23.21 ,23.2 ,23.13 ,23.18 ,23.31 ,23.29 ,23.23 ,
286,23.41 ,23.44 ,23.49 ,23.42 ,23.25 ,23.28 ,23.39 ,23.3 ,23.26 ,23.37 ,23.34 ,23.42 ,23.43 ,23.27 ,23.3 ,23.38 ,23.26 ,23.37 ,23.41 ,23.37 ,23.2 ,23.34 ,23.42 ,23.33 ,23.33 ,23.43 ,23.47 ,23.38 ,23.32 ,23.44 ,23.52 ,23.6 ,23.51 ,23.6 ,23.65 ,23.6 ,23.58 ,23.55 ,23.57 ,23.54 ,23.55 ,23.56 ,23.6 ,23.56 ,23.59 ,23.57 ,23.54 ,23.64 ,23.59 ,23.55 ,23.58 ,23.64 ,23.63 ,23.59 ,23.58 ,23.64 ,23.59 ,23.54 ,23.47 ,23.57 ,23.56 ,23.61 ,23.6 ,23.63 ,23.7 ,23.67 ,23.67 ,23.63 ,23.63 ,23.58 ,23.57 ,23.64 ,23.68 ,23.66 ,23.65 ,23.69 ,23.69 ,23.66 ,23.59 ,23.65 ,23.68 ,23.66 ,23.59 ,23.55 ,23.62 ,23.67 ,23.69 ,23.64 ,23.61 ,23.6 ,23.65 ,23.76 ,23.7 ,23.66 ,23.64 ,23.71 ,23.75 ,23.64 ,23.62 ,23.66 ,23.63 ,23.65 ,23.74 ,23.67 ,23.62 ,23.62 ,23.62 ,23.58 ,23.59 ,23.53 ,23.53 ,23.45 ,23.55 ,23.6 ,23.45 ,23.52 ,23.52 ,23.46 ,23.49 ,23.51 ,23.57 ,23.6 ,23.54 ,23.72 ,23.81 ,23.75 ,23.69 ,23.8 ,23.82 ,23.76 ,23.79 ,23.79 ,23.71 ,23.77 ,23.81 ,23.72 ,23.76 ,23.72 ,23.75 ,23.83 ,23.75 ,23.81 ,23.74 ,23.76 ,23.79 ,23.76 ,23.76 ,23.86 ,23.88 ,23.83 ,23.82 ,23.84 ,23.8 ,23.83 ,23.79 ,23.75 ,23.84 ,23.75 ,23.77 ,23.86 ,23.85 ,23.82 ,23.88 ,23.93 ,23.89 ,23.86 ,23.82 ,23.88 ,23.86 ,23.85 ,23.83 ,23.76 ,23.72 ,23.82 ,23.88 ,23.86 ,23.89 ,23.87 ,23.82 ,23.76 ,23.8 ,23.83 ,23.85 ,23.85 ,23.87 ,23.77 ,23.77 ,23.82 ,23.84 ,23.84 ,23.87 ,23.83 ,23.8 ,23.82 ,23.86 ,23.87 ,23.8 ,23.86 ,23.89 ,23.83 ,23.75 ,23.8 ,23.82 ,23.84 ,23.87 ,23.86 ,23.8 ,23.74 ,23.78 ,23.83 ,23.81 ,23.72 ,23.67 ,23.65 ,23.65 ,23.6 ,23.7 ,23.78 ,23.84 ,23.79 ,23.82 ,23.8 ,23.76 ,23.81 ,23.84 ,23.83 ,23.86 ,23.9 ,23.92 ,23.82 ,23.76 ,23.78 ,23.82 ,23.8 ,23.79 ,23.68 ,23.62 ,23.58 ,23.51 ,23.52 ,23.6 ,23.65 ,23.67 ,23.64 ,23.65 ,23.6 ,23.61 ,23.63 ,23.59 ,23.53 ,23.59 ,23.53 ,23.58 ,23.58 ,23.53 ,23.55 ,23.69 ,23.65 ,23.57 ,23.62 ,23.61 ,23.6 ,23.67 ,23.69 ,23.63 ,23.64 ,23.64 ,23.65 ,23.66 ,23.6 ,23.55 ,23.55 ,23.58 ,23.28 ,22.96 ,22.81 ,22.69 ,22.93 ,23.31 ,23.5 ,23.62 ,23.54 ,23.54 ,23.54 ,23.51 ,23.59 ,23.62 ,23.57 ,23.33 ,22.95 ,22.92 ,22.92 ,23.03 ,23.35 ,23.58 ,23.63 ,23.63 ,23.63 ,23.54 ,23.44 ,23.26 ,23.02 ,23.02 ,23.36 ,23.58 ,23.62 ,23.65 ,23.67 ,23.57 ,23.69 ,23.72 ,23.67 ,23.72 ,23.68 ,23.62 ,23.64 ,23.65 ,23.73 ,23.63 ,23.64 ,23.59 ,23.67 ,23.68 ,23.7 ,23.71 ,23.67 ,23.66 ,23.65 ,23.67 ,23.67 ,23.74 ,23.78 ,23.88 ,23.9 ,23.94 ,23.83 ,23.91 ,23.98 ,23.96 ,23.94 ,23.88 ,23.92 ,23.91 ,23.95 ,23.94 ,23.97 ,23.94 ,23.92 ,23.98 ,23.94 ,23.94 ,23.96 ,23.91 ,23.89 ,23.88 ,23.86 ,23.78 ,23.69 ,23.65 ,23.69 ,23.71 ,23.82 ,23.9 ,23.83 ,23.96 ,23.96 ,23.93 ,23.92 ,23.93 ,23.99 ,23.97 ,23.95 ,24.07 ,24.05 ,23.89 ,23.87 ,23.84 ,23.98 ,23.97 ,23.94 ,23.95 ,23.94 ,23.96 ,23.92 ,23.97 ,24.02 ,24.02 ,24.07 ,23.96 ,23.91 ,23.96 ,23.98 ,23.96 ,23.88 ,23.91 ,23.96 ,23.95 ,23.94 ,23.92 ,23.88 ,23.94 ,23.89 ,23.84 ,23.96 ,24.02 ,23.88 ,23.91 ,23.94 ,23.95 ,23.95 ,23.91 ,23.84 ,23.86 ,23.87 ,23.74 ,23.67 ,23.67 ,23.55 ,23.58 ,23.59 ,23.7 ,23.71 ,23.71 ,23.86 ,23.78 ,23.83 ,23.92 ,23.82 ,23.87 ,23.9 ,23.89 ,23.85 ,23.85 ,23.85 ,23.9 ,23.87 ,23.79 ,23.84 ,23.91 ,23.83 ,23.8 ,23.9 ,23.91 ,23.88 ,23.81 ,23.81 ,23.76 ,23.79 ,23.86 ,23.89 ,23.81 ,23.8 ,23.73 ,23.64 ,23.56 ,23.62 ,23.57 ,23.52 ,23.67 ,23.65 ,23.5 ,23.54 ,23.47 ,23.52 ,23.58 ,23.59 ,23.63 ,23.55 ,23.59 ,23.66 ,23.7 ,23.72 ,23.71 ,23.75 ,23.76 ,23.76 ,23.82 ,23.9 ,23.87 ,23.82 ,23.86 ,23.85 ,23.83 ,23.83 ,23.77 ,23.87 ,23.88 ,23.78 ,23.71 ,23.72 ,23.8 ,23.88 ,23.89 ,23.87 ,23.73 ,23.73 ,23.81 ,23.89 ,23.83 ,23.82 ,23.92 ,23.86 ,23.84 ,23.81 ,23.75 ,23.83 ,23.86 ,23.83 ,23.82 ,23.79 ,23.75 ,23.68 ,23.73 ,23.8 ,23.88 ,23.83 ,23.73 ,23.71 ,23.78 ,23.83 ,23.83 ,23.75 ,23.72 ,23.71 ,23.75 ,23.73 ,23.66 ,23.68 ,23.74 ,23.79 ,23.66 ,23.56 ,23.52 ,23.58 ,23.67 ,23.68 ,23.65 ,23.63 ,23.63 ,23.63 ,23.59 ,23.63 ,23.69 ,23.69 ,23.58 ,23.65 ,23.57 ,23.55 ,23.55 ,23.55 ,23.44 ,23.48 ,23.48 ,23.44 ,23.51 ,23.45 ,23.33 ,23.38 ,23.36 ,23.42 ,23.38 ,23.39 ,23.42 ,23.41 ,23.24 ,23.19 ,23.43 ,23.36 ,23.36 ,23.36 ,23.35 ,23.36 ,23.42 ,23.34 ,23.37 ,23.48 ,23.38 ,23.35 ,23.35 ,23.38 ,23.3 ,23.31 ,23.34 ,23.39 ,23.33 ,23.38 ,23.37 ,23.35 ,23.31 ,23.28 ,23.24 ,23.31 ,23.35 ,23.4 ,23.36 ,23.21 ,23.23 ,23.2 ,23.17 ,23.14 ,23.2 ,23.27 ,23.34 ,23.28 ,23.26 ,23.23 ,23.18 ,23.28 ,23.29 ,23.32 ,23.26 ,23.2 ,23.16 ,23.18 ,23.12 ,23.09 ,23.22 ,23.18 ,23.12 ,23.11 ,23.27 ,23.27 ,23.32 ,23.23 ,23.26 ,23.24 ,23.18 ,23.19 ,23.16 ,23.23 ,23.18 ,23.21 ,23.28 ,23.25 ,23.21 ,23.19 ,23.24 ,23.28 ,23.29 ,23.19 ,
287,23.39 ,23.44 ,23.36 ,23.39 ,23.4 ,23.38 ,23.45 ,23.31 ,23.33 ,23.34 ,23.36 ,23.4 ,23.43 ,23.33 ,23.32 ,23.37 ,23.29 ,23.37 ,23.36 ,23.39 ,23.28 ,23.34 ,23.43 ,23.41 ,23.38 ,23.35 ,23.42 ,23.35 ,23.34 ,23.36 ,23.53 ,23.55 ,23.44 ,23.51 ,23.61 ,23.58 ,23.48 ,23.47 ,23.52 ,23.55 ,23.56 ,23.58 ,23.54 ,23.53 ,23.54 ,23.62 ,23.52 ,23.58 ,23.56 ,23.55 ,23.62 ,23.64 ,23.7 ,23.6 ,23.56 ,23.58 ,23.51 ,23.49 ,23.52 ,23.54 ,23.58 ,23.59 ,23.64 ,23.62 ,23.69 ,23.65 ,23.68 ,23.67 ,23.6 ,23.53 ,23.58 ,23.62 ,23.67 ,23.65 ,23.7 ,23.66 ,23.68 ,23.68 ,23.59 ,23.69 ,23.72 ,23.61 ,23.58 ,23.6 ,23.62 ,23.63 ,23.69 ,23.62 ,23.57 ,23.55 ,23.66 ,23.7 ,23.59 ,23.66 ,23.66 ,23.73 ,23.68 ,23.53 ,23.62 ,23.64 ,23.63 ,23.64 ,23.66 ,23.66 ,23.67 ,23.69 ,23.59 ,23.56 ,23.58 ,23.52 ,23.55 ,23.52 ,23.5 ,23.59 ,23.5 ,23.48 ,23.51 ,23.47 ,23.51 ,23.57 ,23.51 ,23.53 ,23.57 ,23.67 ,23.74 ,23.78 ,23.72 ,23.75 ,23.79 ,23.64 ,23.76 ,23.86 ,23.74 ,23.79 ,23.78 ,23.77 ,23.73 ,23.77 ,23.77 ,23.8 ,23.75 ,23.82 ,23.79 ,23.8 ,23.78 ,23.81 ,23.83 ,23.84 ,23.89 ,23.82 ,23.79 ,23.83 ,23.79 ,23.79 ,23.8 ,23.81 ,23.79 ,23.8 ,23.79 ,23.84 ,23.89 ,23.87 ,23.86 ,23.84 ,23.89 ,23.84 ,23.81 ,23.88 ,23.85 ,23.9 ,23.88 ,23.81 ,23.75 ,23.78 ,23.74 ,23.77 ,23.78 ,23.82 ,23.84 ,23.73 ,23.76 ,23.85 ,23.81 ,23.81 ,23.82 ,23.81 ,23.8 ,23.83 ,23.82 ,23.8 ,23.9 ,23.82 ,23.81 ,23.79 ,23.82 ,23.79 ,23.84 ,23.83 ,23.83 ,23.8 ,23.81 ,23.79 ,23.84 ,23.83 ,23.87 ,23.83 ,23.77 ,23.85 ,23.79 ,23.8 ,23.75 ,23.74 ,23.62 ,23.53 ,23.62 ,23.65 ,23.69 ,23.77 ,23.78 ,23.76 ,23.74 ,23.77 ,23.75 ,23.79 ,23.83 ,23.79 ,23.85 ,23.8 ,23.87 ,23.91 ,23.84 ,23.76 ,23.89 ,23.77 ,23.78 ,23.65 ,23.58 ,23.58 ,23.61 ,23.53 ,23.53 ,23.64 ,23.7 ,23.66 ,23.71 ,23.61 ,23.54 ,23.58 ,23.55 ,23.56 ,23.63 ,23.62 ,23.5 ,23.48 ,23.49 ,23.5 ,23.56 ,23.61 ,23.59 ,23.6 ,23.55 ,23.57 ,23.63 ,23.63 ,23.59 ,23.63 ,23.66 ,23.65 ,23.66 ,23.58 ,23.56 ,23.5 ,23.53 ,23.24 ,22.79 ,22.7 ,22.54 ,22.77 ,23.24 ,23.44 ,23.53 ,23.58 ,23.55 ,23.53 ,23.52 ,23.53 ,23.64 ,23.59 ,23.3 ,22.8 ,22.69 ,22.75 ,22.81 ,23.2 ,23.59 ,23.71 ,23.68 ,23.64 ,23.6 ,23.47 ,23.14 ,22.95 ,23.12 ,23.41 ,23.57 ,23.64 ,23.61 ,23.68 ,23.66 ,23.67 ,23.72 ,23.7 ,23.63 ,23.65 ,23.64 ,23.66 ,23.63 ,23.61 ,23.6 ,23.62 ,23.67 ,23.68 ,23.65 ,23.61 ,23.69 ,23.66 ,23.65 ,23.65 ,23.67 ,23.69 ,23.64 ,23.71 ,23.92 ,23.87 ,23.92 ,23.86 ,23.89 ,24.08 ,23.98 ,23.94 ,23.97 ,23.96 ,23.88 ,23.91 ,23.99 ,24 ,23.96 ,23.93 ,24.06 ,24.05 ,23.96 ,23.96 ,23.99 ,23.98 ,23.99 ,23.92 ,23.84 ,23.71 ,23.71 ,23.7 ,23.78 ,23.86 ,23.98 ,23.95 ,24.08 ,24 ,23.95 ,23.93 ,23.92 ,24 ,23.96 ,23.96 ,24.05 ,24.06 ,23.95 ,23.96 ,23.93 ,23.96 ,23.99 ,24.01 ,23.95 ,23.93 ,23.97 ,23.95 ,23.95 ,24.01 ,24 ,24.01 ,23.95 ,23.89 ,23.92 ,23.93 ,23.93 ,23.92 ,23.89 ,23.99 ,24 ,23.93 ,23.93 ,23.91 ,23.9 ,23.91 ,23.91 ,23.96 ,23.94 ,23.93 ,23.89 ,23.93 ,23.97 ,24 ,24 ,23.9 ,23.88 ,23.8 ,23.74 ,23.69 ,23.71 ,23.64 ,23.62 ,23.69 ,23.65 ,23.71 ,23.8 ,23.89 ,23.83 ,23.85 ,23.9 ,23.82 ,23.85 ,23.98 ,23.96 ,23.88 ,23.87 ,23.86 ,23.85 ,23.89 ,23.81 ,23.79 ,23.87 ,23.8 ,23.82 ,23.83 ,23.85 ,23.9 ,23.86 ,23.8 ,23.77 ,23.76 ,23.77 ,23.78 ,23.79 ,23.71 ,23.72 ,23.62 ,23.59 ,23.62 ,23.57 ,23.5 ,23.57 ,23.64 ,23.63 ,23.61 ,23.53 ,23.51 ,23.56 ,23.57 ,23.52 ,23.47 ,23.53 ,23.64 ,23.6 ,23.7 ,23.81 ,23.8 ,23.79 ,23.76 ,23.87 ,23.94 ,23.87 ,23.84 ,23.81 ,23.9 ,23.9 ,23.89 ,23.76 ,23.85 ,23.85 ,23.81 ,23.77 ,23.77 ,23.73 ,23.75 ,23.86 ,23.75 ,23.76 ,23.83 ,23.78 ,23.84 ,23.77 ,23.73 ,23.89 ,23.82 ,23.76 ,23.74 ,23.76 ,23.82 ,23.83 ,23.81 ,23.78 ,23.83 ,23.78 ,23.69 ,23.73 ,23.8 ,23.75 ,23.79 ,23.77 ,23.73 ,23.7 ,23.77 ,23.91 ,23.85 ,23.82 ,23.82 ,23.8 ,23.82 ,23.73 ,23.65 ,23.74 ,23.78 ,23.78 ,23.67 ,23.57 ,23.59 ,23.65 ,23.66 ,23.65 ,23.63 ,23.75 ,23.68 ,23.54 ,23.58 ,23.65 ,23.75 ,23.65 ,23.57 ,23.56 ,23.54 ,23.49 ,23.49 ,23.44 ,23.4 ,23.43 ,23.44 ,23.49 ,23.48 ,23.42 ,23.35 ,23.33 ,23.39 ,23.34 ,23.35 ,23.37 ,23.37 ,23.3 ,23.23 ,23.28 ,23.37 ,23.41 ,23.44 ,23.38 ,23.35 ,23.41 ,23.43 ,23.4 ,23.41 ,23.33 ,23.37 ,23.38 ,23.48 ,23.45 ,23.36 ,23.4 ,23.37 ,23.32 ,23.33 ,23.45 ,23.33 ,23.35 ,23.32 ,23.26 ,23.33 ,23.32 ,23.37 ,23.38 ,23.2 ,23.28 ,23.35 ,23.27 ,23.14 ,23.2 ,23.29 ,23.29 ,23.34 ,23.24 ,23.19 ,23.2 ,23.19 ,23.3 ,23.26 ,23.2 ,23.3 ,23.22 ,23.17 ,23.15 ,23.17 ,23.13 ,23.16 ,23.06 ,23.11 ,23.22 ,23.31 ,23.31 ,23.23 ,23.16 ,23.2 ,23.11 ,23.22 ,23.12 ,23.22 ,23.21 ,23.18 ,23.16 ,23.23 ,23.23 ,23.18 ,23.2 ,23.28 ,23.25 ,23.2 ,
288,23.52 ,23.38 ,23.31 ,23.34 ,23.43 ,23.37 ,23.49 ,23.48 ,23.41 ,23.3 ,23.39 ,23.45 ,23.46 ,23.35 ,23.48 ,23.44 ,23.35 ,23.47 ,23.35 ,23.32 ,23.31 ,23.33 ,23.42 ,23.4 ,23.4 ,23.35 ,23.36 ,23.32 ,23.38 ,23.39 ,23.49 ,23.46 ,23.44 ,23.48 ,23.45 ,23.47 ,23.5 ,23.55 ,23.58 ,23.56 ,23.53 ,23.56 ,23.56 ,23.59 ,23.58 ,23.61 ,23.55 ,23.59 ,23.57 ,23.57 ,23.55 ,23.61 ,23.69 ,23.66 ,23.55 ,23.6 ,23.58 ,23.58 ,23.52 ,23.54 ,23.57 ,23.65 ,23.6 ,23.57 ,23.64 ,23.59 ,23.58 ,23.61 ,23.57 ,23.52 ,23.61 ,23.59 ,23.62 ,23.61 ,23.68 ,23.72 ,23.67 ,23.58 ,23.62 ,23.64 ,23.61 ,23.5 ,23.55 ,23.56 ,23.6 ,23.64 ,23.69 ,23.68 ,23.64 ,23.6 ,23.63 ,23.79 ,23.65 ,23.62 ,23.66 ,23.77 ,23.71 ,23.55 ,23.64 ,23.62 ,23.59 ,23.78 ,23.7 ,23.62 ,23.65 ,23.68 ,23.65 ,23.63 ,23.61 ,23.52 ,23.58 ,23.53 ,23.47 ,23.57 ,23.5 ,23.49 ,23.55 ,23.56 ,23.59 ,23.56 ,23.42 ,23.47 ,23.56 ,23.59 ,23.64 ,23.72 ,23.76 ,23.84 ,23.85 ,23.77 ,23.8 ,23.81 ,23.77 ,23.87 ,23.79 ,23.74 ,23.74 ,23.71 ,23.81 ,23.83 ,23.72 ,23.77 ,23.83 ,23.8 ,23.8 ,23.86 ,23.84 ,23.83 ,23.79 ,23.67 ,23.69 ,23.72 ,23.72 ,23.77 ,23.78 ,23.77 ,23.81 ,23.83 ,23.84 ,23.86 ,23.88 ,23.83 ,23.88 ,23.8 ,23.82 ,23.89 ,23.81 ,23.88 ,23.83 ,23.94 ,23.9 ,23.76 ,23.79 ,23.86 ,23.82 ,23.74 ,23.74 ,23.74 ,23.79 ,23.78 ,23.8 ,23.88 ,23.81 ,23.82 ,23.82 ,23.78 ,23.74 ,23.76 ,23.81 ,23.86 ,23.87 ,23.81 ,23.83 ,23.82 ,23.78 ,23.74 ,23.78 ,23.85 ,23.82 ,23.77 ,23.75 ,23.84 ,23.77 ,23.83 ,23.86 ,23.76 ,23.75 ,23.84 ,23.8 ,23.7 ,23.73 ,23.76 ,23.69 ,23.61 ,23.61 ,23.62 ,23.68 ,23.77 ,23.74 ,23.79 ,23.77 ,23.83 ,23.83 ,23.9 ,23.91 ,23.91 ,23.94 ,23.91 ,23.8 ,23.79 ,23.83 ,23.84 ,23.84 ,23.76 ,23.65 ,23.59 ,23.56 ,23.51 ,23.52 ,23.55 ,23.57 ,23.67 ,23.66 ,23.52 ,23.68 ,23.67 ,23.59 ,23.57 ,23.58 ,23.58 ,23.63 ,23.65 ,23.56 ,23.45 ,23.43 ,23.51 ,23.51 ,23.56 ,23.58 ,23.55 ,23.54 ,23.52 ,23.57 ,23.52 ,23.56 ,23.63 ,23.64 ,23.62 ,23.58 ,23.57 ,23.58 ,23.54 ,23.43 ,23.18 ,22.75 ,22.55 ,22.52 ,22.7 ,23.13 ,23.46 ,23.53 ,23.5 ,23.56 ,23.58 ,23.55 ,23.52 ,23.56 ,23.51 ,23.32 ,22.76 ,22.47 ,22.45 ,22.56 ,23.08 ,23.55 ,23.65 ,23.69 ,23.65 ,23.5 ,23.31 ,23.07 ,22.97 ,23.21 ,23.46 ,23.55 ,23.62 ,23.63 ,23.72 ,23.76 ,23.67 ,23.65 ,23.67 ,23.71 ,23.71 ,23.74 ,23.73 ,23.61 ,23.6 ,23.61 ,23.65 ,23.72 ,23.68 ,23.7 ,23.67 ,23.69 ,23.67 ,23.72 ,23.67 ,23.66 ,23.67 ,23.64 ,23.72 ,23.9 ,23.86 ,23.92 ,23.92 ,23.91 ,24.01 ,23.98 ,23.91 ,23.95 ,23.96 ,23.93 ,23.92 ,23.96 ,24.06 ,24.02 ,23.97 ,23.98 ,23.97 ,23.96 ,23.92 ,24 ,24.11 ,24.06 ,24 ,23.93 ,23.89 ,23.83 ,23.77 ,23.83 ,24.01 ,24.01 ,24 ,23.96 ,23.97 ,24.04 ,24.03 ,23.98 ,24.03 ,23.99 ,23.92 ,24.06 ,24.09 ,23.95 ,23.93 ,23.93 ,23.95 ,23.99 ,23.96 ,24 ,23.96 ,23.94 ,23.96 ,23.99 ,23.97 ,23.95 ,23.96 ,23.96 ,23.89 ,23.86 ,23.9 ,23.88 ,23.91 ,23.99 ,24.02 ,24.07 ,24.02 ,24.02 ,23.96 ,23.9 ,23.93 ,23.93 ,23.95 ,23.9 ,23.96 ,24.01 ,23.92 ,23.95 ,23.92 ,23.96 ,23.86 ,23.88 ,23.82 ,23.72 ,23.68 ,23.66 ,23.62 ,23.65 ,23.68 ,23.68 ,23.75 ,23.8 ,23.89 ,23.81 ,23.85 ,23.86 ,23.8 ,23.88 ,23.96 ,23.89 ,23.95 ,23.86 ,23.8 ,23.78 ,23.85 ,23.89 ,23.85 ,23.85 ,23.78 ,23.8 ,23.89 ,23.8 ,23.88 ,23.95 ,23.9 ,23.86 ,23.83 ,23.76 ,23.79 ,23.75 ,23.67 ,23.59 ,23.69 ,23.67 ,23.59 ,23.54 ,23.51 ,23.54 ,23.61 ,23.62 ,23.62 ,23.58 ,23.51 ,23.56 ,23.57 ,23.51 ,23.54 ,23.69 ,23.75 ,23.7 ,23.72 ,23.82 ,23.89 ,23.79 ,23.79 ,23.83 ,23.84 ,23.86 ,23.85 ,23.81 ,23.86 ,23.85 ,23.76 ,23.76 ,23.88 ,23.88 ,23.81 ,23.77 ,23.82 ,23.85 ,23.75 ,23.76 ,23.74 ,23.68 ,23.69 ,23.77 ,23.78 ,23.8 ,23.83 ,23.84 ,23.77 ,23.78 ,23.69 ,23.8 ,23.87 ,23.85 ,23.8 ,23.75 ,23.79 ,23.72 ,23.68 ,23.82 ,23.85 ,23.74 ,23.72 ,23.75 ,23.72 ,23.68 ,23.74 ,23.77 ,23.75 ,23.73 ,23.77 ,23.68 ,23.72 ,23.73 ,23.66 ,23.66 ,23.74 ,23.72 ,23.68 ,23.57 ,23.63 ,23.69 ,23.66 ,23.64 ,23.67 ,23.69 ,23.67 ,23.56 ,23.57 ,23.54 ,23.65 ,23.67 ,23.61 ,23.55 ,23.49 ,23.44 ,23.48 ,23.45 ,23.5 ,23.46 ,23.39 ,23.41 ,23.44 ,23.43 ,23.35 ,23.28 ,23.32 ,23.32 ,23.4 ,23.3 ,23.23 ,23.34 ,23.26 ,23.3 ,23.35 ,23.39 ,23.36 ,23.38 ,23.39 ,23.36 ,23.36 ,23.42 ,23.42 ,23.31 ,23.36 ,23.39 ,23.48 ,23.3 ,23.29 ,23.36 ,23.39 ,23.36 ,23.34 ,23.44 ,23.35 ,23.24 ,23.38 ,23.36 ,23.42 ,23.3 ,23.26 ,23.31 ,23.26 ,23.27 ,23.4 ,23.34 ,23.22 ,23.23 ,23.32 ,23.31 ,23.29 ,23.25 ,23.27 ,23.33 ,23.25 ,23.27 ,23.3 ,23.18 ,23.29 ,23.25 ,23.19 ,23.14 ,23.16 ,23.15 ,23.09 ,23.08 ,23.09 ,23.23 ,23.32 ,23.24 ,23.22 ,23.27 ,23.22 ,23.2 ,23.26 ,23.24 ,23.16 ,23.24 ,23.31 ,23.24 ,23.16 ,23.23 ,23.21 ,23.21 ,23.31 ,23.25 ,23.26 ,
289,23.5 ,23.46 ,23.43 ,23.31 ,23.35 ,23.38 ,23.48 ,23.51 ,23.39 ,23.29 ,23.35 ,23.43 ,23.43 ,23.4 ,23.44 ,23.45 ,23.32 ,23.41 ,23.41 ,23.32 ,23.27 ,23.28 ,23.35 ,23.31 ,23.3 ,23.4 ,23.35 ,23.37 ,23.43 ,23.44 ,23.57 ,23.54 ,23.5 ,23.62 ,23.48 ,23.43 ,23.55 ,23.58 ,23.62 ,23.55 ,23.61 ,23.58 ,23.57 ,23.58 ,23.59 ,23.6 ,23.62 ,23.64 ,23.67 ,23.62 ,23.59 ,23.6 ,23.62 ,23.66 ,23.56 ,23.65 ,23.7 ,23.58 ,23.6 ,23.57 ,23.6 ,23.66 ,23.69 ,23.6 ,23.64 ,23.61 ,23.61 ,23.61 ,23.55 ,23.57 ,23.61 ,23.59 ,23.65 ,23.61 ,23.65 ,23.7 ,23.68 ,23.54 ,23.69 ,23.66 ,23.58 ,23.61 ,23.64 ,23.63 ,23.58 ,23.7 ,23.73 ,23.68 ,23.72 ,23.69 ,23.71 ,23.73 ,23.71 ,23.62 ,23.63 ,23.71 ,23.71 ,23.6 ,23.71 ,23.66 ,23.6 ,23.67 ,23.7 ,23.69 ,23.68 ,23.59 ,23.6 ,23.62 ,23.57 ,23.47 ,23.58 ,23.57 ,23.5 ,23.49 ,23.47 ,23.52 ,23.55 ,23.56 ,23.51 ,23.51 ,23.49 ,23.49 ,23.53 ,23.58 ,23.63 ,23.77 ,23.79 ,23.76 ,23.81 ,23.82 ,23.79 ,23.74 ,23.74 ,23.86 ,23.78 ,23.7 ,23.76 ,23.75 ,23.77 ,23.81 ,23.8 ,23.76 ,23.78 ,23.82 ,23.83 ,23.86 ,23.77 ,23.83 ,23.8 ,23.81 ,23.81 ,23.76 ,23.77 ,23.81 ,23.79 ,23.79 ,23.85 ,23.85 ,23.79 ,23.88 ,23.86 ,23.85 ,23.83 ,23.82 ,23.76 ,23.89 ,23.88 ,23.85 ,23.81 ,23.83 ,23.86 ,23.78 ,23.8 ,23.93 ,23.89 ,23.82 ,23.79 ,23.77 ,23.83 ,23.8 ,23.84 ,23.86 ,23.83 ,23.85 ,23.9 ,23.81 ,23.7 ,23.74 ,23.84 ,23.9 ,23.85 ,23.85 ,23.9 ,23.89 ,23.79 ,23.78 ,23.78 ,23.9 ,23.86 ,23.8 ,23.8 ,23.85 ,23.78 ,23.79 ,23.87 ,23.84 ,23.77 ,23.8 ,23.8 ,23.75 ,23.66 ,23.74 ,23.74 ,23.72 ,23.66 ,23.6 ,23.69 ,23.82 ,23.71 ,23.8 ,23.85 ,23.87 ,23.85 ,23.9 ,23.9 ,23.89 ,23.88 ,23.89 ,23.87 ,23.85 ,23.85 ,23.83 ,23.86 ,23.82 ,23.61 ,23.51 ,23.54 ,23.46 ,23.45 ,23.56 ,23.6 ,23.63 ,23.64 ,23.54 ,23.61 ,23.69 ,23.69 ,23.62 ,23.6 ,23.56 ,23.62 ,23.64 ,23.61 ,23.56 ,23.46 ,23.41 ,23.43 ,23.5 ,23.54 ,23.57 ,23.59 ,23.63 ,23.61 ,23.62 ,23.59 ,23.62 ,23.66 ,23.65 ,23.52 ,23.55 ,23.57 ,23.56 ,23.42 ,23.13 ,22.73 ,22.58 ,22.57 ,22.67 ,23.07 ,23.47 ,23.51 ,23.5 ,23.61 ,23.63 ,23.63 ,23.6 ,23.55 ,23.39 ,23.14 ,22.67 ,22.37 ,22.29 ,22.31 ,22.72 ,23.42 ,23.59 ,23.55 ,23.53 ,23.53 ,23.21 ,22.97 ,23.14 ,23.4 ,23.58 ,23.58 ,23.6 ,23.66 ,23.75 ,23.73 ,23.65 ,23.64 ,23.68 ,23.64 ,23.65 ,23.69 ,23.71 ,23.6 ,23.59 ,23.59 ,23.65 ,23.71 ,23.74 ,23.71 ,23.64 ,23.64 ,23.6 ,23.57 ,23.66 ,23.59 ,23.59 ,23.68 ,23.77 ,23.86 ,23.91 ,24 ,23.98 ,23.94 ,23.99 ,24.03 ,23.98 ,23.89 ,23.9 ,23.92 ,23.92 ,23.99 ,23.99 ,24.01 ,23.95 ,23.95 ,23.95 ,23.98 ,24 ,23.98 ,24.01 ,24.05 ,24.03 ,23.97 ,23.96 ,23.98 ,23.9 ,23.91 ,23.96 ,24.01 ,24.03 ,23.96 ,23.87 ,23.93 ,24.05 ,24.06 ,24.03 ,24 ,23.94 ,24.05 ,24.11 ,23.99 ,23.88 ,23.88 ,23.99 ,23.97 ,23.94 ,23.93 ,23.94 ,24.02 ,24.03 ,24.07 ,24.01 ,23.97 ,23.93 ,23.87 ,23.89 ,23.85 ,23.92 ,23.95 ,23.92 ,23.99 ,23.95 ,23.95 ,23.97 ,23.97 ,23.9 ,23.86 ,23.92 ,23.95 ,23.91 ,23.92 ,23.89 ,23.98 ,24 ,23.96 ,23.9 ,23.9 ,23.83 ,23.8 ,23.79 ,23.65 ,23.61 ,23.61 ,23.58 ,23.59 ,23.64 ,23.78 ,23.83 ,23.88 ,23.85 ,23.82 ,23.86 ,23.87 ,23.82 ,23.88 ,23.91 ,23.87 ,23.89 ,23.89 ,23.88 ,23.82 ,23.92 ,23.98 ,23.88 ,23.88 ,23.81 ,23.77 ,23.91 ,23.87 ,23.8 ,23.88 ,23.92 ,23.83 ,23.73 ,23.76 ,23.77 ,23.71 ,23.62 ,23.62 ,23.64 ,23.63 ,23.6 ,23.55 ,23.52 ,23.5 ,23.49 ,23.54 ,23.63 ,23.58 ,23.63 ,23.7 ,23.66 ,23.57 ,23.61 ,23.77 ,23.73 ,23.74 ,23.76 ,23.75 ,23.83 ,23.84 ,23.85 ,23.85 ,23.78 ,23.74 ,23.78 ,23.79 ,23.86 ,23.88 ,23.89 ,23.78 ,23.84 ,23.81 ,23.8 ,23.84 ,23.82 ,23.85 ,23.91 ,23.78 ,23.79 ,23.75 ,23.67 ,23.75 ,23.84 ,23.83 ,23.82 ,23.78 ,23.69 ,23.79 ,23.8 ,23.79 ,23.88 ,23.92 ,23.82 ,23.81 ,23.83 ,23.74 ,23.67 ,23.78 ,23.84 ,23.78 ,23.78 ,23.72 ,23.66 ,23.69 ,23.66 ,23.75 ,23.71 ,23.66 ,23.6 ,23.61 ,23.7 ,23.7 ,23.68 ,23.72 ,23.74 ,23.73 ,23.7 ,23.66 ,23.69 ,23.69 ,23.7 ,23.74 ,23.75 ,23.69 ,23.59 ,23.64 ,23.6 ,23.6 ,23.63 ,23.64 ,23.5 ,23.47 ,23.49 ,23.51 ,23.54 ,23.54 ,23.53 ,23.49 ,23.43 ,23.48 ,23.43 ,23.39 ,23.38 ,23.34 ,23.31 ,23.35 ,23.46 ,23.4 ,23.21 ,23.3 ,23.29 ,23.27 ,23.32 ,23.3 ,23.33 ,23.32 ,23.3 ,23.41 ,23.34 ,23.37 ,23.45 ,23.31 ,23.3 ,23.37 ,23.42 ,23.25 ,23.11 ,23.3 ,23.38 ,23.39 ,23.44 ,23.38 ,23.39 ,23.3 ,23.35 ,23.28 ,23.41 ,23.29 ,23.21 ,23.27 ,23.29 ,23.38 ,23.32 ,23.39 ,23.26 ,23.21 ,23.31 ,23.34 ,23.32 ,23.33 ,23.28 ,23.27 ,23.26 ,23.22 ,23.35 ,23.27 ,23.24 ,23.25 ,23.24 ,23.12 ,23.01 ,23.04 ,23.1 ,23.09 ,23.13 ,23.16 ,23.19 ,23.18 ,23.14 ,23.26 ,23.27 ,23.21 ,23.28 ,23.21 ,23.14 ,23.15 ,23.33 ,23.34 ,23.17 ,23.15 ,23.16 ,23.22 ,23.23 ,23.27 ,23.28 ,
290,23.45 ,23.41 ,23.46 ,23.42 ,23.32 ,23.36 ,23.48 ,23.46 ,23.36 ,23.31 ,23.29 ,23.44 ,23.4 ,23.35 ,23.34 ,23.39 ,23.39 ,23.43 ,23.44 ,23.41 ,23.25 ,23.25 ,23.31 ,23.31 ,23.28 ,23.42 ,23.38 ,23.33 ,23.44 ,23.45 ,23.5 ,23.59 ,23.49 ,23.68 ,23.59 ,23.52 ,23.58 ,23.61 ,23.63 ,23.63 ,23.62 ,23.63 ,23.6 ,23.48 ,23.56 ,23.61 ,23.63 ,23.6 ,23.58 ,23.59 ,23.59 ,23.57 ,23.58 ,23.57 ,23.53 ,23.63 ,23.63 ,23.61 ,23.6 ,23.6 ,23.64 ,23.63 ,23.66 ,23.59 ,23.6 ,23.59 ,23.62 ,23.68 ,23.55 ,23.62 ,23.59 ,23.54 ,23.6 ,23.65 ,23.64 ,23.66 ,23.74 ,23.62 ,23.55 ,23.58 ,23.6 ,23.62 ,23.64 ,23.7 ,23.7 ,23.71 ,23.77 ,23.71 ,23.68 ,23.7 ,23.62 ,23.69 ,23.68 ,23.69 ,23.69 ,23.75 ,23.66 ,23.63 ,23.67 ,23.66 ,23.64 ,23.69 ,23.67 ,23.64 ,23.74 ,23.65 ,23.54 ,23.57 ,23.5 ,23.51 ,23.58 ,23.57 ,23.49 ,23.49 ,23.5 ,23.42 ,23.49 ,23.56 ,23.46 ,23.53 ,23.54 ,23.5 ,23.49 ,23.54 ,23.59 ,23.71 ,23.79 ,23.8 ,23.77 ,23.76 ,23.78 ,23.75 ,23.75 ,23.85 ,23.79 ,23.74 ,23.77 ,23.76 ,23.8 ,23.88 ,23.83 ,23.76 ,23.76 ,23.8 ,23.84 ,23.84 ,23.83 ,23.77 ,23.81 ,23.84 ,23.86 ,23.77 ,23.78 ,23.86 ,23.78 ,23.82 ,23.81 ,23.76 ,23.81 ,23.85 ,23.82 ,23.79 ,23.8 ,23.78 ,23.82 ,23.79 ,23.81 ,23.89 ,23.81 ,23.86 ,23.78 ,23.79 ,23.86 ,23.91 ,23.87 ,23.85 ,23.83 ,23.83 ,23.87 ,23.81 ,23.85 ,23.84 ,23.86 ,23.77 ,23.87 ,23.87 ,23.8 ,23.82 ,23.78 ,23.77 ,23.81 ,23.9 ,23.88 ,23.83 ,23.79 ,23.83 ,23.74 ,23.85 ,23.87 ,23.82 ,23.73 ,23.83 ,23.83 ,23.82 ,23.84 ,23.86 ,23.87 ,23.73 ,23.79 ,23.83 ,23.71 ,23.64 ,23.72 ,23.7 ,23.63 ,23.6 ,23.67 ,23.83 ,23.84 ,23.76 ,23.84 ,23.88 ,23.78 ,23.84 ,23.92 ,23.83 ,23.82 ,23.84 ,23.88 ,23.88 ,23.89 ,23.88 ,23.86 ,23.8 ,23.63 ,23.48 ,23.57 ,23.58 ,23.49 ,23.54 ,23.61 ,23.64 ,23.71 ,23.57 ,23.63 ,23.68 ,23.68 ,23.57 ,23.6 ,23.62 ,23.62 ,23.61 ,23.59 ,23.55 ,23.53 ,23.54 ,23.48 ,23.49 ,23.52 ,23.63 ,23.61 ,23.64 ,23.71 ,23.65 ,23.65 ,23.64 ,23.66 ,23.64 ,23.61 ,23.56 ,23.53 ,23.54 ,23.44 ,23.06 ,22.69 ,22.65 ,22.62 ,22.57 ,22.94 ,23.49 ,23.5 ,23.48 ,23.58 ,23.61 ,23.6 ,23.6 ,23.46 ,23.45 ,23.05 ,22.45 ,22.35 ,22.3 ,22.32 ,21.9 ,22.78 ,23.56 ,23.53 ,23.54 ,23.51 ,23.17 ,22.98 ,23.14 ,23.44 ,23.67 ,23.63 ,23.58 ,23.62 ,23.69 ,23.64 ,23.63 ,23.7 ,23.71 ,23.64 ,23.67 ,23.65 ,23.76 ,23.65 ,23.6 ,23.62 ,23.67 ,23.65 ,23.67 ,23.69 ,23.64 ,23.64 ,23.61 ,23.6 ,23.69 ,23.69 ,23.6 ,23.6 ,23.67 ,23.83 ,23.95 ,24 ,24 ,23.97 ,23.97 ,24.01 ,23.95 ,23.93 ,23.92 ,23.82 ,23.88 ,23.99 ,23.97 ,23.9 ,23.9 ,23.95 ,23.91 ,23.97 ,23.99 ,23.96 ,23.96 ,23.93 ,24.01 ,23.96 ,23.99 ,24.01 ,23.98 ,23.95 ,23.93 ,24 ,24.01 ,24 ,23.91 ,23.98 ,24.07 ,24.02 ,23.99 ,24.01 ,24.03 ,23.99 ,23.99 ,23.99 ,23.88 ,23.8 ,23.98 ,23.98 ,23.99 ,23.95 ,23.9 ,23.94 ,23.98 ,23.99 ,24.01 ,24 ,23.91 ,23.94 ,23.88 ,23.98 ,23.91 ,23.98 ,23.92 ,23.97 ,23.93 ,23.87 ,23.92 ,23.97 ,23.87 ,23.88 ,23.97 ,23.99 ,23.91 ,24.01 ,23.92 ,23.92 ,23.93 ,23.98 ,23.98 ,23.86 ,23.73 ,23.74 ,23.79 ,23.64 ,23.56 ,23.64 ,23.63 ,23.62 ,23.73 ,23.86 ,23.83 ,23.94 ,23.9 ,23.81 ,23.88 ,23.87 ,23.82 ,23.9 ,23.87 ,23.82 ,23.8 ,23.86 ,23.95 ,23.9 ,23.91 ,23.98 ,23.88 ,23.9 ,23.92 ,23.74 ,23.84 ,23.9 ,23.83 ,23.88 ,23.87 ,23.79 ,23.71 ,23.72 ,23.7 ,23.73 ,23.67 ,23.59 ,23.61 ,23.51 ,23.55 ,23.59 ,23.61 ,23.53 ,23.43 ,23.53 ,23.64 ,23.61 ,23.53 ,23.68 ,23.72 ,23.62 ,23.63 ,23.69 ,23.7 ,23.69 ,23.7 ,23.72 ,23.8 ,23.83 ,23.82 ,23.84 ,23.89 ,23.76 ,23.76 ,23.72 ,23.76 ,23.85 ,23.88 ,23.84 ,23.8 ,23.75 ,23.76 ,23.79 ,23.81 ,23.77 ,23.83 ,23.81 ,23.89 ,23.85 ,23.82 ,23.8 ,23.87 ,23.87 ,23.87 ,23.81 ,23.7 ,23.75 ,23.86 ,23.86 ,23.82 ,23.77 ,23.81 ,23.93 ,23.81 ,23.75 ,23.69 ,23.72 ,23.74 ,23.67 ,23.82 ,23.81 ,23.59 ,23.63 ,23.65 ,23.74 ,23.75 ,23.68 ,23.66 ,23.72 ,23.75 ,23.72 ,23.72 ,23.77 ,23.75 ,23.72 ,23.67 ,23.71 ,23.73 ,23.77 ,23.68 ,23.68 ,23.71 ,23.67 ,23.64 ,23.65 ,23.7 ,23.57 ,23.54 ,23.51 ,23.47 ,23.36 ,23.48 ,23.56 ,23.47 ,23.48 ,23.43 ,23.45 ,23.47 ,23.46 ,23.47 ,23.43 ,23.35 ,23.38 ,23.39 ,23.37 ,23.37 ,23.3 ,23.22 ,23.33 ,23.3 ,23.26 ,23.25 ,23.23 ,23.29 ,23.35 ,23.31 ,23.38 ,23.32 ,23.34 ,23.42 ,23.32 ,23.29 ,23.41 ,23.47 ,23.3 ,23.25 ,23.27 ,23.33 ,23.32 ,23.43 ,23.33 ,23.3 ,23.29 ,23.32 ,23.3 ,23.29 ,23.34 ,23.31 ,23.4 ,23.34 ,23.36 ,23.31 ,23.28 ,23.34 ,23.28 ,23.29 ,23.39 ,23.27 ,23.26 ,23.34 ,23.31 ,23.25 ,23.27 ,23.3 ,23.33 ,23.21 ,23.24 ,23.29 ,23.2 ,23.14 ,23.08 ,23.11 ,23.2 ,23.13 ,23.14 ,23.21 ,23.18 ,23.22 ,23.18 ,23.16 ,23.23 ,23.27 ,23.18 ,23.17 ,23.21 ,23.36 ,23.34 ,23.24 ,23.2 ,23.15 ,23.18 ,23.27 ,23.28 ,23.27 ,
291,23.43 ,23.41 ,23.4 ,23.33 ,23.3 ,23.3 ,23.38 ,23.41 ,23.41 ,23.34 ,23.33 ,23.36 ,23.46 ,23.38 ,23.38 ,23.36 ,23.51 ,23.51 ,23.36 ,23.41 ,23.26 ,23.21 ,23.33 ,23.37 ,23.35 ,23.34 ,23.44 ,23.36 ,23.43 ,23.53 ,23.59 ,23.48 ,23.48 ,23.62 ,23.67 ,23.54 ,23.55 ,23.63 ,23.65 ,23.56 ,23.58 ,23.5 ,23.55 ,23.49 ,23.45 ,23.64 ,23.6 ,23.6 ,23.56 ,23.55 ,23.65 ,23.72 ,23.68 ,23.49 ,23.58 ,23.69 ,23.66 ,23.66 ,23.59 ,23.6 ,23.59 ,23.6 ,23.66 ,23.59 ,23.58 ,23.63 ,23.65 ,23.65 ,23.62 ,23.6 ,23.57 ,23.55 ,23.58 ,23.67 ,23.73 ,23.68 ,23.7 ,23.63 ,23.6 ,23.62 ,23.63 ,23.54 ,23.53 ,23.59 ,23.69 ,23.68 ,23.7 ,23.72 ,23.67 ,23.62 ,23.66 ,23.6 ,23.68 ,23.68 ,23.6 ,23.68 ,23.65 ,23.67 ,23.69 ,23.65 ,23.63 ,23.74 ,23.67 ,23.64 ,23.7 ,23.69 ,23.6 ,23.59 ,23.63 ,23.57 ,23.54 ,23.54 ,23.51 ,23.43 ,23.45 ,23.43 ,23.36 ,23.49 ,23.56 ,23.49 ,23.58 ,23.49 ,23.51 ,23.51 ,23.56 ,23.69 ,23.82 ,23.89 ,23.77 ,23.62 ,23.71 ,23.8 ,23.82 ,23.83 ,23.78 ,23.75 ,23.81 ,23.77 ,23.8 ,23.91 ,23.82 ,23.75 ,23.82 ,23.85 ,23.85 ,23.84 ,23.81 ,23.74 ,23.87 ,23.83 ,23.83 ,23.8 ,23.74 ,23.81 ,23.79 ,23.72 ,23.74 ,23.77 ,23.77 ,23.82 ,23.86 ,23.83 ,23.82 ,23.77 ,23.85 ,23.81 ,23.76 ,23.83 ,23.83 ,23.79 ,23.76 ,23.76 ,23.86 ,23.9 ,23.85 ,23.87 ,23.89 ,23.9 ,23.92 ,23.9 ,23.87 ,23.92 ,23.89 ,23.79 ,23.81 ,23.83 ,23.79 ,23.8 ,23.82 ,23.75 ,23.8 ,23.88 ,23.85 ,23.82 ,23.81 ,23.85 ,23.73 ,23.81 ,23.84 ,23.87 ,23.75 ,23.83 ,23.88 ,23.8 ,23.81 ,23.86 ,23.87 ,23.78 ,23.78 ,23.81 ,23.76 ,23.67 ,23.7 ,23.68 ,23.59 ,23.63 ,23.75 ,23.84 ,23.91 ,23.81 ,23.79 ,23.9 ,23.82 ,23.8 ,23.93 ,23.91 ,23.88 ,23.88 ,23.85 ,23.91 ,23.82 ,23.86 ,23.87 ,23.71 ,23.57 ,23.55 ,23.54 ,23.58 ,23.54 ,23.53 ,23.57 ,23.67 ,23.71 ,23.58 ,23.62 ,23.68 ,23.59 ,23.57 ,23.65 ,23.64 ,23.62 ,23.59 ,23.63 ,23.69 ,23.57 ,23.57 ,23.59 ,23.5 ,23.47 ,23.49 ,23.58 ,23.68 ,23.7 ,23.63 ,23.63 ,23.63 ,23.62 ,23.62 ,23.62 ,23.53 ,23.52 ,23.53 ,23.32 ,22.91 ,22.65 ,22.68 ,22.6 ,22.42 ,22.69 ,23.36 ,23.54 ,23.5 ,23.53 ,23.55 ,23.6 ,23.56 ,23.36 ,23.35 ,20.75 ,22.06 ,22.4 ,22.1 ,22.2 ,19.13 ,21.01 ,23.35 ,23.56 ,23.58 ,23.46 ,23.07 ,23 ,23.18 ,23.51 ,23.65 ,23.66 ,23.63 ,23.61 ,23.68 ,23.61 ,23.57 ,23.67 ,23.71 ,23.65 ,23.62 ,23.61 ,23.71 ,23.72 ,23.62 ,23.6 ,23.72 ,23.68 ,23.62 ,23.7 ,23.62 ,23.69 ,23.66 ,23.71 ,23.76 ,23.71 ,23.68 ,23.68 ,23.66 ,23.74 ,23.92 ,23.99 ,23.89 ,23.96 ,24.03 ,23.99 ,23.93 ,23.85 ,23.96 ,23.92 ,23.91 ,23.95 ,23.97 ,23.96 ,23.92 ,23.95 ,23.93 ,23.93 ,24 ,24.05 ,24.01 ,23.97 ,23.97 ,23.99 ,24.03 ,23.98 ,23.96 ,23.99 ,24.01 ,24.03 ,23.97 ,24.01 ,23.99 ,24.03 ,24.11 ,24.07 ,24.05 ,24.04 ,24.02 ,24.01 ,23.98 ,23.98 ,23.97 ,23.86 ,23.94 ,24.03 ,23.99 ,24.02 ,23.95 ,23.95 ,24.01 ,23.93 ,23.93 ,23.99 ,23.95 ,24.04 ,23.98 ,24.01 ,23.91 ,23.91 ,23.94 ,23.93 ,23.91 ,23.94 ,23.91 ,23.9 ,23.83 ,23.97 ,24.06 ,24.01 ,23.94 ,24.02 ,24.01 ,23.95 ,23.89 ,23.88 ,23.9 ,23.8 ,23.7 ,23.74 ,23.77 ,23.7 ,23.61 ,23.69 ,23.71 ,23.7 ,23.87 ,23.9 ,23.87 ,23.93 ,23.93 ,23.76 ,23.81 ,23.89 ,23.84 ,23.87 ,23.89 ,23.79 ,23.76 ,23.84 ,23.89 ,23.88 ,23.83 ,23.85 ,23.86 ,23.85 ,23.98 ,23.9 ,23.76 ,23.85 ,23.83 ,23.8 ,23.86 ,23.81 ,23.78 ,23.79 ,23.75 ,23.71 ,23.71 ,23.63 ,23.55 ,23.53 ,23.49 ,23.51 ,23.58 ,23.61 ,23.67 ,23.6 ,23.61 ,23.63 ,23.62 ,23.57 ,23.63 ,23.68 ,23.61 ,23.71 ,23.77 ,23.72 ,23.76 ,23.8 ,23.85 ,23.85 ,23.82 ,23.88 ,23.85 ,23.78 ,23.81 ,23.79 ,23.72 ,23.81 ,23.87 ,23.82 ,23.86 ,23.81 ,23.79 ,23.73 ,23.79 ,23.83 ,23.89 ,23.85 ,23.85 ,23.86 ,23.83 ,23.84 ,23.78 ,23.79 ,23.86 ,23.81 ,23.78 ,23.76 ,23.8 ,23.78 ,23.82 ,23.78 ,23.88 ,23.92 ,23.83 ,23.74 ,23.72 ,23.72 ,23.77 ,23.71 ,23.7 ,23.81 ,23.72 ,23.67 ,23.69 ,23.72 ,23.66 ,23.66 ,23.67 ,23.76 ,23.76 ,23.71 ,23.66 ,23.81 ,23.75 ,23.6 ,23.6 ,23.66 ,23.72 ,23.7 ,23.67 ,23.62 ,23.63 ,23.6 ,23.66 ,23.65 ,23.54 ,23.52 ,23.53 ,23.46 ,23.49 ,23.47 ,23.47 ,23.48 ,23.47 ,23.47 ,23.46 ,23.43 ,23.47 ,23.47 ,23.48 ,23.45 ,23.37 ,23.3 ,23.39 ,23.37 ,23.38 ,23.32 ,23.25 ,23.35 ,23.36 ,23.26 ,23.28 ,23.22 ,23.28 ,23.32 ,23.37 ,23.37 ,23.36 ,23.4 ,23.46 ,23.42 ,23.39 ,23.42 ,23.42 ,23.29 ,23.29 ,23.37 ,23.36 ,23.3 ,23.38 ,23.4 ,23.37 ,23.37 ,23.3 ,23.26 ,23.33 ,23.33 ,23.37 ,23.31 ,23.3 ,23.18 ,23.17 ,23.3 ,23.29 ,23.24 ,23.33 ,23.35 ,23.22 ,23.2 ,23.36 ,23.34 ,23.24 ,23.22 ,23.32 ,23.34 ,23.27 ,23.22 ,23.28 ,23.22 ,23.29 ,23.29 ,23.15 ,23.26 ,23.15 ,23.18 ,23.29 ,23.15 ,23.16 ,23.18 ,23.11 ,23.16 ,23.17 ,23.14 ,23 ,23.21 ,23.38 ,23.36 ,23.38 ,23.29 ,23.27 ,23.26 ,23.27 ,23.39 ,23.34 ,
292,23.33 ,23.38 ,23.41 ,23.32 ,23.21 ,23.22 ,23.26 ,23.29 ,23.39 ,23.37 ,23.29 ,23.27 ,23.38 ,23.39 ,23.35 ,23.41 ,23.42 ,23.48 ,23.4 ,23.39 ,23.35 ,23.3 ,23.45 ,23.34 ,23.4 ,23.41 ,23.45 ,23.4 ,23.44 ,23.52 ,23.58 ,23.5 ,23.42 ,23.57 ,23.64 ,23.57 ,23.56 ,23.63 ,23.67 ,23.61 ,23.55 ,23.52 ,23.46 ,23.48 ,23.49 ,23.53 ,23.59 ,23.6 ,23.58 ,23.61 ,23.61 ,23.72 ,23.72 ,23.52 ,23.62 ,23.77 ,23.62 ,23.63 ,23.61 ,23.53 ,23.59 ,23.63 ,23.67 ,23.59 ,23.6 ,23.61 ,23.69 ,23.62 ,23.63 ,23.58 ,23.61 ,23.64 ,23.72 ,23.66 ,23.68 ,23.61 ,23.69 ,23.56 ,23.57 ,23.63 ,23.63 ,23.56 ,23.53 ,23.6 ,23.63 ,23.68 ,23.63 ,23.67 ,23.67 ,23.65 ,23.7 ,23.68 ,23.72 ,23.67 ,23.55 ,23.59 ,23.65 ,23.6 ,23.62 ,23.66 ,23.59 ,23.68 ,23.67 ,23.61 ,23.7 ,23.72 ,23.68 ,23.7 ,23.68 ,23.67 ,23.64 ,23.61 ,23.64 ,23.61 ,23.48 ,23.5 ,23.4 ,23.45 ,23.55 ,23.54 ,23.53 ,23.5 ,23.57 ,23.6 ,23.61 ,23.64 ,23.73 ,23.83 ,23.76 ,23.67 ,23.75 ,23.77 ,23.72 ,23.76 ,23.76 ,23.72 ,23.8 ,23.81 ,23.81 ,23.85 ,23.78 ,23.79 ,23.88 ,23.88 ,23.84 ,23.82 ,23.84 ,23.72 ,23.85 ,23.87 ,23.77 ,23.83 ,23.78 ,23.78 ,23.76 ,23.77 ,23.75 ,23.74 ,23.73 ,23.73 ,23.84 ,23.76 ,23.8 ,23.86 ,23.85 ,23.88 ,23.77 ,23.87 ,23.86 ,23.79 ,23.79 ,23.73 ,23.79 ,23.87 ,23.86 ,23.85 ,23.86 ,23.89 ,23.94 ,23.95 ,23.89 ,23.84 ,23.9 ,23.85 ,23.8 ,23.75 ,23.82 ,23.81 ,23.79 ,23.8 ,23.81 ,23.82 ,23.87 ,23.84 ,23.8 ,23.82 ,23.81 ,23.88 ,23.85 ,23.77 ,23.79 ,23.83 ,23.88 ,23.85 ,23.87 ,23.84 ,23.84 ,23.83 ,23.76 ,23.76 ,23.74 ,23.67 ,23.71 ,23.67 ,23.67 ,23.68 ,23.77 ,23.8 ,23.81 ,23.84 ,23.81 ,23.78 ,23.79 ,23.82 ,23.94 ,23.87 ,23.89 ,23.89 ,23.93 ,23.87 ,23.81 ,23.86 ,23.89 ,23.73 ,23.55 ,23.53 ,23.55 ,23.57 ,23.61 ,23.56 ,23.59 ,23.66 ,23.63 ,23.62 ,23.66 ,23.62 ,23.53 ,23.63 ,23.61 ,23.64 ,23.65 ,23.59 ,23.61 ,23.7 ,23.6 ,23.54 ,23.57 ,23.57 ,23.53 ,23.59 ,23.54 ,23.58 ,23.67 ,23.62 ,23.61 ,23.56 ,23.57 ,23.6 ,23.64 ,23.48 ,23.51 ,23.57 ,23.27 ,22.88 ,22.63 ,22.66 ,22.49 ,22.48 ,22.71 ,23.13 ,23.37 ,23.55 ,23.57 ,23.58 ,23.59 ,23.54 ,23.17 ,22.75 ,18.61 ,21.63 ,22.4 ,22.2 ,21.4 ,14.59 ,19.59 ,23.17 ,23.44 ,23.59 ,23.39 ,23.04 ,23.14 ,23.42 ,23.59 ,23.65 ,23.68 ,23.65 ,23.64 ,23.65 ,23.67 ,23.62 ,23.58 ,23.72 ,23.67 ,23.69 ,23.67 ,23.64 ,23.69 ,23.6 ,23.6 ,23.69 ,23.69 ,23.64 ,23.73 ,23.65 ,23.69 ,23.67 ,23.71 ,23.78 ,23.7 ,23.63 ,23.7 ,23.7 ,23.7 ,23.84 ,23.97 ,23.95 ,23.82 ,24.01 ,24.01 ,23.92 ,23.87 ,23.93 ,23.96 ,23.98 ,24.04 ,24.05 ,24.03 ,23.95 ,23.97 ,23.94 ,23.95 ,24.05 ,24.13 ,24.1 ,23.99 ,24 ,23.99 ,24 ,23.93 ,23.94 ,23.99 ,23.97 ,23.94 ,23.94 ,24.04 ,23.96 ,23.97 ,24.04 ,24.02 ,23.95 ,24.07 ,24.06 ,24.07 ,24.03 ,23.96 ,23.92 ,23.92 ,23.95 ,24.04 ,24 ,23.89 ,23.92 ,24.04 ,24.07 ,23.95 ,23.97 ,23.95 ,23.92 ,23.98 ,23.96 ,24.12 ,23.96 ,23.92 ,23.93 ,23.95 ,23.93 ,23.95 ,23.97 ,23.93 ,23.85 ,23.93 ,24.02 ,23.95 ,23.93 ,23.92 ,23.88 ,23.89 ,23.88 ,23.87 ,23.8 ,23.73 ,23.62 ,23.71 ,23.75 ,23.67 ,23.61 ,23.73 ,23.72 ,23.67 ,23.87 ,23.9 ,23.86 ,23.93 ,23.94 ,23.82 ,23.82 ,23.88 ,23.84 ,23.87 ,23.92 ,23.93 ,23.87 ,23.81 ,23.8 ,23.8 ,23.78 ,23.85 ,23.84 ,23.86 ,23.88 ,23.8 ,23.73 ,23.83 ,23.88 ,23.79 ,23.83 ,23.87 ,23.78 ,23.72 ,23.75 ,23.63 ,23.63 ,23.64 ,23.63 ,23.57 ,23.63 ,23.54 ,23.57 ,23.67 ,23.7 ,23.68 ,23.65 ,23.65 ,23.65 ,23.58 ,23.58 ,23.7 ,23.62 ,23.66 ,23.78 ,23.73 ,23.76 ,23.84 ,23.86 ,23.89 ,23.9 ,23.85 ,23.9 ,23.8 ,23.82 ,23.81 ,23.74 ,23.83 ,23.87 ,23.81 ,23.8 ,23.83 ,23.85 ,23.81 ,23.84 ,23.91 ,23.89 ,23.84 ,23.8 ,23.74 ,23.76 ,23.82 ,23.85 ,23.82 ,23.9 ,23.86 ,23.82 ,23.87 ,23.78 ,23.78 ,23.84 ,23.8 ,23.87 ,23.87 ,23.78 ,23.78 ,23.7 ,23.76 ,23.79 ,23.69 ,23.72 ,23.74 ,23.78 ,23.74 ,23.75 ,23.8 ,23.71 ,23.7 ,23.67 ,23.69 ,23.75 ,23.67 ,23.58 ,23.73 ,23.79 ,23.67 ,23.66 ,23.63 ,23.65 ,23.61 ,23.6 ,23.63 ,23.72 ,23.64 ,23.63 ,23.76 ,23.62 ,23.56 ,23.66 ,23.61 ,23.56 ,23.51 ,23.52 ,23.45 ,23.53 ,23.56 ,23.51 ,23.47 ,23.39 ,23.46 ,23.48 ,23.46 ,23.35 ,23.36 ,23.37 ,23.38 ,23.45 ,23.43 ,23.33 ,23.28 ,23.26 ,23.3 ,23.3 ,23.22 ,23.2 ,23.38 ,23.4 ,23.37 ,23.27 ,23.43 ,23.42 ,23.38 ,23.47 ,23.42 ,23.42 ,23.33 ,23.27 ,23.29 ,23.35 ,23.37 ,23.44 ,23.42 ,23.28 ,23.3 ,23.29 ,23.3 ,23.37 ,23.37 ,23.31 ,23.23 ,23.21 ,23.23 ,23.21 ,23.32 ,23.39 ,23.3 ,23.26 ,23.3 ,23.3 ,23.31 ,23.3 ,23.32 ,23.17 ,23.16 ,23.25 ,23.31 ,23.26 ,23.19 ,23.22 ,23.18 ,23.21 ,23.24 ,23.22 ,23.32 ,23.19 ,23.14 ,23.28 ,23.19 ,23.15 ,23.2 ,23.11 ,23.08 ,23.22 ,23.2 ,23.13 ,23.15 ,23.32 ,23.29 ,23.31 ,23.26 ,23.24 ,23.35 ,23.25 ,23.24 ,23.25 ,
293,23.41 ,23.35 ,23.45 ,23.36 ,23.28 ,23.38 ,23.41 ,23.34 ,23.35 ,23.43 ,23.32 ,23.33 ,23.42 ,23.38 ,23.4 ,23.44 ,23.33 ,23.41 ,23.39 ,23.43 ,23.39 ,23.41 ,23.5 ,23.31 ,23.34 ,23.39 ,23.4 ,23.37 ,23.4 ,23.42 ,23.53 ,23.54 ,23.5 ,23.53 ,23.6 ,23.58 ,23.58 ,23.64 ,23.67 ,23.57 ,23.64 ,23.61 ,23.56 ,23.5 ,23.56 ,23.58 ,23.6 ,23.63 ,23.58 ,23.63 ,23.59 ,23.69 ,23.63 ,23.56 ,23.59 ,23.71 ,23.62 ,23.55 ,23.64 ,23.57 ,23.59 ,23.65 ,23.65 ,23.67 ,23.74 ,23.65 ,23.71 ,23.67 ,23.72 ,23.64 ,23.69 ,23.64 ,23.63 ,23.66 ,23.69 ,23.71 ,23.75 ,23.68 ,23.64 ,23.56 ,23.53 ,23.59 ,23.65 ,23.63 ,23.63 ,23.65 ,23.56 ,23.5 ,23.59 ,23.62 ,23.66 ,23.64 ,23.69 ,23.72 ,23.62 ,23.65 ,23.68 ,23.64 ,23.61 ,23.67 ,23.64 ,23.67 ,23.72 ,23.65 ,23.68 ,23.74 ,23.68 ,23.69 ,23.66 ,23.66 ,23.65 ,23.58 ,23.61 ,23.59 ,23.55 ,23.54 ,23.53 ,23.47 ,23.55 ,23.55 ,23.55 ,23.49 ,23.52 ,23.56 ,23.53 ,23.54 ,23.52 ,23.63 ,23.71 ,23.72 ,23.78 ,23.78 ,23.72 ,23.77 ,23.82 ,23.81 ,23.74 ,23.74 ,23.82 ,23.87 ,23.75 ,23.77 ,23.79 ,23.78 ,23.82 ,23.8 ,23.8 ,23.73 ,23.78 ,23.83 ,23.81 ,23.81 ,23.82 ,23.86 ,23.79 ,23.79 ,23.85 ,23.77 ,23.77 ,23.81 ,23.89 ,23.8 ,23.8 ,23.82 ,23.85 ,23.86 ,23.89 ,23.86 ,23.88 ,23.85 ,23.92 ,23.83 ,23.83 ,23.89 ,23.82 ,23.79 ,23.84 ,23.84 ,23.92 ,23.9 ,23.87 ,23.84 ,23.81 ,23.87 ,23.92 ,23.82 ,23.84 ,23.87 ,23.81 ,23.85 ,23.87 ,23.79 ,23.89 ,23.84 ,23.89 ,23.86 ,23.81 ,23.83 ,23.8 ,23.8 ,23.81 ,23.83 ,23.82 ,23.86 ,23.88 ,23.86 ,23.85 ,23.77 ,23.75 ,23.76 ,23.77 ,23.68 ,23.72 ,23.67 ,23.72 ,23.67 ,23.78 ,23.86 ,23.82 ,23.91 ,23.89 ,23.81 ,23.73 ,23.83 ,23.9 ,23.79 ,23.85 ,23.83 ,23.83 ,23.85 ,23.78 ,23.85 ,23.79 ,23.69 ,23.56 ,23.53 ,23.57 ,23.61 ,23.64 ,23.62 ,23.54 ,23.67 ,23.67 ,23.68 ,23.75 ,23.64 ,23.51 ,23.6 ,23.66 ,23.62 ,23.7 ,23.58 ,23.58 ,23.66 ,23.69 ,23.66 ,23.66 ,23.62 ,23.51 ,23.57 ,23.51 ,23.49 ,23.57 ,23.63 ,23.53 ,23.5 ,23.57 ,23.57 ,23.62 ,23.54 ,23.51 ,23.56 ,23.38 ,22.88 ,22.45 ,22.57 ,22.64 ,22.65 ,22.73 ,22.85 ,23.07 ,23.42 ,23.54 ,23.64 ,23.54 ,23.49 ,23.25 ,22.59 ,18.49 ,20.56 ,22.14 ,22.2 ,20.99 ,16.7 ,20.19 ,23.27 ,23.45 ,23.53 ,23.3 ,23.11 ,23.34 ,23.61 ,23.63 ,23.64 ,23.62 ,23.65 ,23.7 ,23.77 ,23.69 ,23.64 ,23.61 ,23.67 ,23.72 ,23.69 ,23.66 ,23.61 ,23.63 ,23.56 ,23.57 ,23.7 ,23.69 ,23.73 ,23.7 ,23.73 ,23.71 ,23.67 ,23.69 ,23.68 ,23.62 ,23.59 ,23.62 ,23.68 ,23.68 ,23.75 ,23.89 ,23.89 ,23.9 ,23.97 ,24.05 ,24.04 ,23.94 ,23.98 ,23.93 ,24.01 ,24.05 ,24.06 ,24.02 ,24.05 ,24 ,23.9 ,23.96 ,24 ,24.06 ,24.11 ,24.03 ,23.92 ,24.01 ,24.03 ,23.96 ,24 ,24.03 ,24 ,23.98 ,23.97 ,24.03 ,23.97 ,23.95 ,24.06 ,24.01 ,24.01 ,24.06 ,24.03 ,24.04 ,23.95 ,23.92 ,23.99 ,23.96 ,24.04 ,24 ,23.97 ,23.89 ,24 ,24.01 ,24.06 ,24.07 ,24.02 ,23.92 ,23.92 ,24 ,23.93 ,23.97 ,23.99 ,23.95 ,23.94 ,23.89 ,23.94 ,23.95 ,23.99 ,23.97 ,23.91 ,23.93 ,23.94 ,23.93 ,23.92 ,23.9 ,23.83 ,23.83 ,23.81 ,23.79 ,23.75 ,23.74 ,23.64 ,23.66 ,23.67 ,23.66 ,23.64 ,23.73 ,23.74 ,23.76 ,23.85 ,23.91 ,23.86 ,23.93 ,23.92 ,23.88 ,23.9 ,23.97 ,23.97 ,23.84 ,23.86 ,23.91 ,23.86 ,23.84 ,23.8 ,23.84 ,23.85 ,23.94 ,23.91 ,23.83 ,23.8 ,23.79 ,23.75 ,23.81 ,23.8 ,23.82 ,23.79 ,23.75 ,23.74 ,23.7 ,23.71 ,23.63 ,23.64 ,23.64 ,23.52 ,23.52 ,23.6 ,23.54 ,23.51 ,23.62 ,23.67 ,23.6 ,23.6 ,23.58 ,23.56 ,23.67 ,23.73 ,23.7 ,23.68 ,23.65 ,23.65 ,23.71 ,23.78 ,23.83 ,23.86 ,23.85 ,23.83 ,23.8 ,23.84 ,23.85 ,23.86 ,23.86 ,23.76 ,23.79 ,23.78 ,23.82 ,23.81 ,23.82 ,23.88 ,23.86 ,23.89 ,23.85 ,23.89 ,23.85 ,23.83 ,23.65 ,23.77 ,23.9 ,23.82 ,23.79 ,23.85 ,23.89 ,23.85 ,23.91 ,23.87 ,23.85 ,23.85 ,23.84 ,23.86 ,23.84 ,23.82 ,23.82 ,23.68 ,23.65 ,23.75 ,23.75 ,23.77 ,23.71 ,23.73 ,23.8 ,23.75 ,23.77 ,23.79 ,23.79 ,23.73 ,23.77 ,23.74 ,23.64 ,23.64 ,23.68 ,23.75 ,23.7 ,23.68 ,23.69 ,23.66 ,23.58 ,23.63 ,23.62 ,23.71 ,23.67 ,23.53 ,23.69 ,23.67 ,23.57 ,23.63 ,23.51 ,23.51 ,23.48 ,23.53 ,23.49 ,23.45 ,23.46 ,23.49 ,23.52 ,23.47 ,23.42 ,23.45 ,23.41 ,23.38 ,23.34 ,23.3 ,23.31 ,23.39 ,23.41 ,23.35 ,23.24 ,23.23 ,23.26 ,23.28 ,23.25 ,23.28 ,23.35 ,23.42 ,23.48 ,23.42 ,23.43 ,23.39 ,23.24 ,23.27 ,23.38 ,23.43 ,23.38 ,23.36 ,23.31 ,23.31 ,23.36 ,23.44 ,23.41 ,23.25 ,23.23 ,23.33 ,23.28 ,23.41 ,23.33 ,23.33 ,23.32 ,23.33 ,23.33 ,23.33 ,23.23 ,23.34 ,23.37 ,23.37 ,23.27 ,23.3 ,23.27 ,23.22 ,23.3 ,23.22 ,23.17 ,23.31 ,23.32 ,23.27 ,23.21 ,23.12 ,23.18 ,23.14 ,23.24 ,23.22 ,23.17 ,23.25 ,23.2 ,23.29 ,23.3 ,23.17 ,23.24 ,23.15 ,22.99 ,23.18 ,23.2 ,23.23 ,23.21 ,23.32 ,23.27 ,23.27 ,23.23 ,23.27 ,23.24 ,23.22 ,23.18 ,23.14 ,
294,23.36 ,23.37 ,23.45 ,23.36 ,23.27 ,23.41 ,23.45 ,23.37 ,23.4 ,23.42 ,23.29 ,23.38 ,23.46 ,23.38 ,23.43 ,23.41 ,23.3 ,23.37 ,23.34 ,23.34 ,23.35 ,23.37 ,23.39 ,23.35 ,23.33 ,23.4 ,23.42 ,23.34 ,23.34 ,23.4 ,23.51 ,23.58 ,23.58 ,23.51 ,23.63 ,23.62 ,23.52 ,23.66 ,23.63 ,23.55 ,23.61 ,23.6 ,23.64 ,23.57 ,23.56 ,23.59 ,23.66 ,23.68 ,23.55 ,23.6 ,23.56 ,23.56 ,23.61 ,23.56 ,23.62 ,23.64 ,23.64 ,23.57 ,23.63 ,23.68 ,23.7 ,23.71 ,23.7 ,23.67 ,23.72 ,23.7 ,23.72 ,23.71 ,23.66 ,23.59 ,23.67 ,23.71 ,23.65 ,23.68 ,23.62 ,23.66 ,23.71 ,23.64 ,23.69 ,23.6 ,23.57 ,23.57 ,23.63 ,23.62 ,23.69 ,23.75 ,23.68 ,23.59 ,23.7 ,23.64 ,23.61 ,23.61 ,23.66 ,23.79 ,23.62 ,23.66 ,23.65 ,23.63 ,23.68 ,23.66 ,23.74 ,23.7 ,23.6 ,23.59 ,23.68 ,23.74 ,23.73 ,23.63 ,23.6 ,23.63 ,23.6 ,23.56 ,23.6 ,23.59 ,23.59 ,23.58 ,23.51 ,23.46 ,23.53 ,23.51 ,23.53 ,23.58 ,23.53 ,23.54 ,23.49 ,23.5 ,23.49 ,23.54 ,23.7 ,23.77 ,23.7 ,23.74 ,23.78 ,23.84 ,23.8 ,23.77 ,23.79 ,23.74 ,23.79 ,23.84 ,23.79 ,23.79 ,23.78 ,23.79 ,23.77 ,23.75 ,23.76 ,23.78 ,23.81 ,23.81 ,23.83 ,23.83 ,23.81 ,23.82 ,23.77 ,23.72 ,23.78 ,23.85 ,23.81 ,23.84 ,23.91 ,23.81 ,23.78 ,23.78 ,23.82 ,23.83 ,23.88 ,23.9 ,23.86 ,23.83 ,23.91 ,23.87 ,23.81 ,23.82 ,23.85 ,23.73 ,23.8 ,23.85 ,23.85 ,23.91 ,23.83 ,23.85 ,23.93 ,23.85 ,23.9 ,23.86 ,23.88 ,23.89 ,23.85 ,23.8 ,23.84 ,23.81 ,23.89 ,23.92 ,23.92 ,23.86 ,23.8 ,23.86 ,23.83 ,23.83 ,23.9 ,23.86 ,23.84 ,23.81 ,23.86 ,23.85 ,23.8 ,23.76 ,23.8 ,23.74 ,23.76 ,23.76 ,23.76 ,23.69 ,23.76 ,23.73 ,23.77 ,23.94 ,23.9 ,23.84 ,23.86 ,23.85 ,23.76 ,23.82 ,23.89 ,23.78 ,23.83 ,23.79 ,23.77 ,23.81 ,23.78 ,23.8 ,23.73 ,23.55 ,23.48 ,23.56 ,23.56 ,23.58 ,23.6 ,23.6 ,23.62 ,23.62 ,23.66 ,23.67 ,23.76 ,23.76 ,23.64 ,23.56 ,23.62 ,23.57 ,23.64 ,23.57 ,23.53 ,23.71 ,23.64 ,23.68 ,23.68 ,23.56 ,23.56 ,23.57 ,23.51 ,23.49 ,23.51 ,23.59 ,23.58 ,23.51 ,23.53 ,23.6 ,23.62 ,23.61 ,23.56 ,23.58 ,23.4 ,22.97 ,22.41 ,22.48 ,22.63 ,22.65 ,22.67 ,22.79 ,22.78 ,23.1 ,23.37 ,23.52 ,23.54 ,23.5 ,23.37 ,23.08 ,20.97 ,19.92 ,21.85 ,21.82 ,20.84 ,19.88 ,21.88 ,23.26 ,23.38 ,23.36 ,23.14 ,23.11 ,23.37 ,23.6 ,23.61 ,23.66 ,23.69 ,23.65 ,23.68 ,23.68 ,23.64 ,23.67 ,23.71 ,23.71 ,23.73 ,23.69 ,23.65 ,23.63 ,23.56 ,23.56 ,23.63 ,23.73 ,23.76 ,23.78 ,23.67 ,23.65 ,23.7 ,23.67 ,23.69 ,23.59 ,23.59 ,23.68 ,23.7 ,23.79 ,23.8 ,23.77 ,23.86 ,23.87 ,23.9 ,24.02 ,24 ,23.98 ,24.02 ,24.03 ,23.95 ,23.94 ,23.95 ,23.98 ,23.96 ,23.99 ,24.03 ,23.96 ,24.04 ,24 ,24 ,24.02 ,24.04 ,23.95 ,23.97 ,24.06 ,23.94 ,23.99 ,24.03 ,24.02 ,24.05 ,23.99 ,24.06 ,23.96 ,23.97 ,24.01 ,23.97 ,23.97 ,24.05 ,24.06 ,24.03 ,23.97 ,23.95 ,23.97 ,23.97 ,23.93 ,23.97 ,23.92 ,23.9 ,23.96 ,23.96 ,23.95 ,24.05 ,24.1 ,23.94 ,23.97 ,24.08 ,23.92 ,23.88 ,23.91 ,23.98 ,24.02 ,23.92 ,23.9 ,23.96 ,23.93 ,23.89 ,23.9 ,23.88 ,23.96 ,23.91 ,23.88 ,23.91 ,23.87 ,23.85 ,23.83 ,23.8 ,23.88 ,23.75 ,23.65 ,23.63 ,23.67 ,23.67 ,23.72 ,23.82 ,23.82 ,23.84 ,23.9 ,23.86 ,23.84 ,23.91 ,23.96 ,23.91 ,23.86 ,23.92 ,23.96 ,23.89 ,23.82 ,23.88 ,23.91 ,23.89 ,23.85 ,23.82 ,23.89 ,23.95 ,23.9 ,23.86 ,23.77 ,23.79 ,23.83 ,23.82 ,23.86 ,23.84 ,23.82 ,23.77 ,23.61 ,23.57 ,23.64 ,23.58 ,23.66 ,23.65 ,23.55 ,23.55 ,23.65 ,23.57 ,23.49 ,23.54 ,23.53 ,23.58 ,23.59 ,23.59 ,23.62 ,23.69 ,23.81 ,23.71 ,23.64 ,23.74 ,23.68 ,23.74 ,23.82 ,23.81 ,23.89 ,23.76 ,23.77 ,23.81 ,23.85 ,23.74 ,23.84 ,23.89 ,23.89 ,23.79 ,23.84 ,23.83 ,23.88 ,23.86 ,23.82 ,23.79 ,23.84 ,23.82 ,23.77 ,23.88 ,23.87 ,23.76 ,23.82 ,23.89 ,23.82 ,23.74 ,23.8 ,23.83 ,23.79 ,23.78 ,23.82 ,23.83 ,23.87 ,23.88 ,23.91 ,23.85 ,23.74 ,23.72 ,23.71 ,23.67 ,23.74 ,23.77 ,23.73 ,23.74 ,23.72 ,23.8 ,23.72 ,23.74 ,23.76 ,23.77 ,23.75 ,23.77 ,23.7 ,23.69 ,23.64 ,23.7 ,23.74 ,23.71 ,23.72 ,23.69 ,23.66 ,23.66 ,23.73 ,23.69 ,23.58 ,23.66 ,23.54 ,23.65 ,23.65 ,23.57 ,23.62 ,23.58 ,23.54 ,23.58 ,23.53 ,23.46 ,23.4 ,23.42 ,23.5 ,23.52 ,23.43 ,23.4 ,23.36 ,23.36 ,23.32 ,23.32 ,23.33 ,23.37 ,23.38 ,23.4 ,23.27 ,23.29 ,23.26 ,23.21 ,23.16 ,23.32 ,23.31 ,23.32 ,23.34 ,23.35 ,23.4 ,23.44 ,23.31 ,23.22 ,23.22 ,23.36 ,23.44 ,23.34 ,23.31 ,23.4 ,23.31 ,23.35 ,23.39 ,23.34 ,23.31 ,23.23 ,23.29 ,23.27 ,23.27 ,23.35 ,23.33 ,23.35 ,23.33 ,23.35 ,23.28 ,23.33 ,23.31 ,23.29 ,23.36 ,23.35 ,23.27 ,23.28 ,23.17 ,23.23 ,23.22 ,23.2 ,23.26 ,23.28 ,23.24 ,23.15 ,23.23 ,23.17 ,23.19 ,23.2 ,23.31 ,23.24 ,23.19 ,23.28 ,23.28 ,23.33 ,23.32 ,23.19 ,23.14 ,23.1 ,23.2 ,23.17 ,23.18 ,23.15 ,23.2 ,23.29 ,23.21 ,23.17 ,23.29 ,23.27 ,23.22 ,23.25 ,23.22 ,
295,23.35 ,23.42 ,23.4 ,23.34 ,23.26 ,23.35 ,23.43 ,23.34 ,23.35 ,23.47 ,23.32 ,23.4 ,23.48 ,23.38 ,23.35 ,23.39 ,23.26 ,23.32 ,23.31 ,23.27 ,23.39 ,23.34 ,23.27 ,23.35 ,23.32 ,23.37 ,23.48 ,23.45 ,23.31 ,23.37 ,23.56 ,23.63 ,23.59 ,23.57 ,23.53 ,23.63 ,23.5 ,23.65 ,23.66 ,23.57 ,23.62 ,23.54 ,23.57 ,23.6 ,23.58 ,23.61 ,23.6 ,23.64 ,23.58 ,23.64 ,23.62 ,23.58 ,23.66 ,23.56 ,23.58 ,23.63 ,23.68 ,23.69 ,23.63 ,23.63 ,23.6 ,23.67 ,23.7 ,23.63 ,23.61 ,23.6 ,23.66 ,23.69 ,23.68 ,23.58 ,23.65 ,23.71 ,23.66 ,23.69 ,23.69 ,23.67 ,23.64 ,23.57 ,23.57 ,23.59 ,23.64 ,23.61 ,23.64 ,23.69 ,23.67 ,23.69 ,23.74 ,23.69 ,23.75 ,23.68 ,23.61 ,23.66 ,23.66 ,23.75 ,23.61 ,23.63 ,23.65 ,23.66 ,23.63 ,23.66 ,23.65 ,23.66 ,23.61 ,23.61 ,23.68 ,23.68 ,23.67 ,23.62 ,23.58 ,23.6 ,23.53 ,23.58 ,23.62 ,23.61 ,23.61 ,23.54 ,23.48 ,23.42 ,23.44 ,23.45 ,23.49 ,23.52 ,23.55 ,23.48 ,23.45 ,23.5 ,23.47 ,23.6 ,23.64 ,23.69 ,23.74 ,23.8 ,23.78 ,23.79 ,23.79 ,23.77 ,23.87 ,23.85 ,23.82 ,23.82 ,23.82 ,23.77 ,23.75 ,23.79 ,23.82 ,23.79 ,23.79 ,23.78 ,23.78 ,23.86 ,23.85 ,23.84 ,23.79 ,23.78 ,23.75 ,23.85 ,23.78 ,23.74 ,23.77 ,23.81 ,23.92 ,23.77 ,23.78 ,23.76 ,23.77 ,23.78 ,23.89 ,23.87 ,23.84 ,23.81 ,23.79 ,23.81 ,23.71 ,23.78 ,23.9 ,23.82 ,23.79 ,23.81 ,23.87 ,23.85 ,23.84 ,23.84 ,23.84 ,23.87 ,23.79 ,23.83 ,23.86 ,23.89 ,23.83 ,23.82 ,23.79 ,23.76 ,23.83 ,23.83 ,23.88 ,23.81 ,23.79 ,23.86 ,23.85 ,23.82 ,23.82 ,23.82 ,23.83 ,23.75 ,23.75 ,23.84 ,23.77 ,23.73 ,23.77 ,23.74 ,23.72 ,23.78 ,23.73 ,23.7 ,23.76 ,23.78 ,23.8 ,23.93 ,23.91 ,23.81 ,23.82 ,23.77 ,23.75 ,23.79 ,23.82 ,23.79 ,23.88 ,23.83 ,23.8 ,23.84 ,23.85 ,23.79 ,23.76 ,23.58 ,23.44 ,23.48 ,23.52 ,23.55 ,23.61 ,23.6 ,23.53 ,23.62 ,23.7 ,23.64 ,23.68 ,23.69 ,23.65 ,23.57 ,23.55 ,23.5 ,23.56 ,23.52 ,23.5 ,23.57 ,23.6 ,23.6 ,23.64 ,23.56 ,23.55 ,23.57 ,23.46 ,23.43 ,23.51 ,23.52 ,23.61 ,23.54 ,23.47 ,23.55 ,23.61 ,23.61 ,23.55 ,23.56 ,23.52 ,23.29 ,22.83 ,22.66 ,22.74 ,22.86 ,22.86 ,22.83 ,22.76 ,22.89 ,23.19 ,23.42 ,23.52 ,23.52 ,23.46 ,23.18 ,22.49 ,20.86 ,20.31 ,20.93 ,21.41 ,21.85 ,23.11 ,23.34 ,23.37 ,23.26 ,23.13 ,23.24 ,23.44 ,23.58 ,23.6 ,23.65 ,23.73 ,23.6 ,23.58 ,23.62 ,23.55 ,23.6 ,23.68 ,23.7 ,23.67 ,23.72 ,23.65 ,23.7 ,23.65 ,23.57 ,23.63 ,23.73 ,23.74 ,23.74 ,23.61 ,23.67 ,23.69 ,23.69 ,23.68 ,23.66 ,23.59 ,23.62 ,23.71 ,23.7 ,23.71 ,23.78 ,23.88 ,23.88 ,23.89 ,23.98 ,23.92 ,23.91 ,24.02 ,23.99 ,23.95 ,23.97 ,23.93 ,23.93 ,23.96 ,24 ,23.99 ,23.96 ,24 ,24.02 ,23.95 ,23.9 ,23.93 ,24.01 ,24 ,24 ,23.98 ,24.01 ,24.02 ,24.02 ,24.03 ,24.02 ,24.04 ,23.93 ,23.92 ,23.97 ,23.94 ,23.9 ,23.97 ,23.97 ,24.03 ,23.94 ,23.95 ,23.9 ,23.89 ,23.97 ,23.99 ,23.98 ,23.94 ,23.91 ,23.88 ,23.92 ,23.95 ,23.99 ,23.92 ,23.93 ,24.05 ,23.94 ,23.91 ,24.01 ,24 ,24.02 ,24 ,23.91 ,23.96 ,23.95 ,23.98 ,23.92 ,23.9 ,23.99 ,23.9 ,23.82 ,23.84 ,23.87 ,23.84 ,23.77 ,23.75 ,23.84 ,23.82 ,23.57 ,23.56 ,23.72 ,23.69 ,23.76 ,23.89 ,23.9 ,23.92 ,23.89 ,23.86 ,23.86 ,23.85 ,23.91 ,23.9 ,23.85 ,23.84 ,23.89 ,23.83 ,23.83 ,23.86 ,23.89 ,23.9 ,23.85 ,23.84 ,23.84 ,23.9 ,23.91 ,23.84 ,23.85 ,23.73 ,23.77 ,23.8 ,23.82 ,23.82 ,23.78 ,23.75 ,23.72 ,23.54 ,23.6 ,23.62 ,23.63 ,23.65 ,23.59 ,23.61 ,23.7 ,23.63 ,23.55 ,23.52 ,23.59 ,23.59 ,23.58 ,23.58 ,23.59 ,23.71 ,23.76 ,23.74 ,23.67 ,23.74 ,23.73 ,23.76 ,23.8 ,23.82 ,23.87 ,23.8 ,23.73 ,23.85 ,23.81 ,23.76 ,23.76 ,23.83 ,23.89 ,23.89 ,23.83 ,23.86 ,23.87 ,23.86 ,23.82 ,23.88 ,23.82 ,23.82 ,23.8 ,23.89 ,23.88 ,23.78 ,23.81 ,23.81 ,23.8 ,23.81 ,23.81 ,23.8 ,23.8 ,23.78 ,23.82 ,23.77 ,23.81 ,23.82 ,23.9 ,23.9 ,23.83 ,23.74 ,23.7 ,23.8 ,23.83 ,23.81 ,23.72 ,23.69 ,23.71 ,23.69 ,23.76 ,23.76 ,23.73 ,23.71 ,23.76 ,23.74 ,23.72 ,23.7 ,23.69 ,23.67 ,23.69 ,23.78 ,23.76 ,23.67 ,23.6 ,23.73 ,23.79 ,23.7 ,23.58 ,23.7 ,23.68 ,23.63 ,23.67 ,23.52 ,23.58 ,23.59 ,23.5 ,23.47 ,23.52 ,23.44 ,23.43 ,23.44 ,23.48 ,23.52 ,23.4 ,23.39 ,23.38 ,23.35 ,23.31 ,23.28 ,23.28 ,23.43 ,23.42 ,23.36 ,23.31 ,23.32 ,23.21 ,23.19 ,23.22 ,23.26 ,23.21 ,23.22 ,23.33 ,23.35 ,23.35 ,23.42 ,23.38 ,23.25 ,23.36 ,23.38 ,23.35 ,23.38 ,23.31 ,23.32 ,23.33 ,23.34 ,23.41 ,23.37 ,23.32 ,23.23 ,23.22 ,23.23 ,23.18 ,23.27 ,23.31 ,23.33 ,23.26 ,23.31 ,23.25 ,23.27 ,23.36 ,23.28 ,23.29 ,23.36 ,23.34 ,23.29 ,23.29 ,23.16 ,23.12 ,23.2 ,23.25 ,23.32 ,23.23 ,23.13 ,23.21 ,23.26 ,23.25 ,23.25 ,23.21 ,23.19 ,23.15 ,23.11 ,23.22 ,23.32 ,23.26 ,23.25 ,23.15 ,23.13 ,23.26 ,23.22 ,23.14 ,23.15 ,23.21 ,23.28 ,23.18 ,23.2 ,23.22 ,23.27 ,23.3 ,23.31 ,23.25 ,
296,23.35 ,23.41 ,23.34 ,23.33 ,23.34 ,23.41 ,23.41 ,23.34 ,23.34 ,23.39 ,23.34 ,23.37 ,23.47 ,23.31 ,23.31 ,23.34 ,23.38 ,23.39 ,23.4 ,23.34 ,23.35 ,23.34 ,23.32 ,23.35 ,23.3 ,23.38 ,23.35 ,23.32 ,23.37 ,23.4 ,23.53 ,23.57 ,23.56 ,23.46 ,23.47 ,23.53 ,23.49 ,23.51 ,23.58 ,23.51 ,23.52 ,23.53 ,23.45 ,23.51 ,23.61 ,23.66 ,23.55 ,23.5 ,23.58 ,23.64 ,23.6 ,23.57 ,23.59 ,23.58 ,23.59 ,23.66 ,23.73 ,23.65 ,23.53 ,23.52 ,23.53 ,23.61 ,23.62 ,23.57 ,23.58 ,23.55 ,23.65 ,23.67 ,23.65 ,23.59 ,23.57 ,23.6 ,23.62 ,23.68 ,23.7 ,23.62 ,23.64 ,23.55 ,23.53 ,23.55 ,23.64 ,23.62 ,23.61 ,23.61 ,23.63 ,23.61 ,23.68 ,23.71 ,23.64 ,23.6 ,23.56 ,23.67 ,23.65 ,23.67 ,23.71 ,23.64 ,23.61 ,23.58 ,23.61 ,23.62 ,23.61 ,23.58 ,23.65 ,23.63 ,23.73 ,23.7 ,23.63 ,23.62 ,23.6 ,23.54 ,23.49 ,23.48 ,23.65 ,23.61 ,23.57 ,23.56 ,23.49 ,23.41 ,23.39 ,23.46 ,23.5 ,23.5 ,23.41 ,23.42 ,23.36 ,23.42 ,23.41 ,23.53 ,23.54 ,23.54 ,23.68 ,23.73 ,23.76 ,23.79 ,23.84 ,23.75 ,23.82 ,23.85 ,23.78 ,23.78 ,23.83 ,23.76 ,23.7 ,23.8 ,23.84 ,23.83 ,23.79 ,23.78 ,23.8 ,23.83 ,23.86 ,23.8 ,23.77 ,23.71 ,23.69 ,23.78 ,23.8 ,23.68 ,23.75 ,23.77 ,23.88 ,23.84 ,23.83 ,23.86 ,23.76 ,23.77 ,23.85 ,23.89 ,23.79 ,23.88 ,23.85 ,23.71 ,23.75 ,23.76 ,23.93 ,23.88 ,23.84 ,23.83 ,23.83 ,23.81 ,23.79 ,23.84 ,23.82 ,23.89 ,23.89 ,23.82 ,23.77 ,23.82 ,23.8 ,23.8 ,23.82 ,23.84 ,23.81 ,23.83 ,23.84 ,23.74 ,23.76 ,23.92 ,23.85 ,23.86 ,23.79 ,23.81 ,23.79 ,23.76 ,23.77 ,23.89 ,23.83 ,23.74 ,23.77 ,23.71 ,23.72 ,23.72 ,23.7 ,23.73 ,23.75 ,23.8 ,23.83 ,23.86 ,23.94 ,23.8 ,23.77 ,23.81 ,23.78 ,23.82 ,23.88 ,23.75 ,23.84 ,23.86 ,23.82 ,23.81 ,23.81 ,23.76 ,23.69 ,23.6 ,23.45 ,23.5 ,23.53 ,23.56 ,23.58 ,23.59 ,23.53 ,23.64 ,23.72 ,23.59 ,23.59 ,23.55 ,23.6 ,23.6 ,23.61 ,23.55 ,23.54 ,23.5 ,23.52 ,23.59 ,23.67 ,23.67 ,23.58 ,23.61 ,23.54 ,23.48 ,23.54 ,23.51 ,23.51 ,23.51 ,23.55 ,23.56 ,23.49 ,23.53 ,23.57 ,23.56 ,23.57 ,23.54 ,23.59 ,23.54 ,23.36 ,23.28 ,23.27 ,23.4 ,23.27 ,22.96 ,22.85 ,22.64 ,22.83 ,23.34 ,23.52 ,23.49 ,23.49 ,23.42 ,23.18 ,22.89 ,22.34 ,22.54 ,22.66 ,23.32 ,23.45 ,23.53 ,23.42 ,23.23 ,23.14 ,23.33 ,23.56 ,23.61 ,23.66 ,23.65 ,23.66 ,23.6 ,23.6 ,23.63 ,23.61 ,23.57 ,23.62 ,23.72 ,23.74 ,23.74 ,23.73 ,23.71 ,23.62 ,23.59 ,23.49 ,23.65 ,23.68 ,23.61 ,23.61 ,23.65 ,23.76 ,23.64 ,23.69 ,23.73 ,23.67 ,23.62 ,23.72 ,23.66 ,23.59 ,23.63 ,23.8 ,23.96 ,24.01 ,24.04 ,23.96 ,23.92 ,24.05 ,23.94 ,23.92 ,23.91 ,23.88 ,23.92 ,23.91 ,23.99 ,24.03 ,23.96 ,23.94 ,23.96 ,24 ,24.03 ,23.96 ,23.94 ,23.97 ,24.01 ,24.06 ,24.04 ,23.97 ,23.92 ,24.03 ,23.98 ,24.04 ,23.92 ,23.88 ,24 ,23.99 ,23.9 ,23.96 ,23.95 ,23.98 ,23.97 ,23.93 ,23.95 ,23.91 ,23.9 ,23.95 ,23.9 ,23.96 ,23.93 ,23.88 ,23.95 ,23.97 ,23.97 ,23.94 ,23.91 ,24.02 ,24 ,23.97 ,24.01 ,23.94 ,23.93 ,23.93 ,23.92 ,23.93 ,23.93 ,24.03 ,23.92 ,23.88 ,23.95 ,23.82 ,23.82 ,23.88 ,23.86 ,23.72 ,23.62 ,23.67 ,23.76 ,23.74 ,23.62 ,23.55 ,23.7 ,23.72 ,23.84 ,23.89 ,23.87 ,23.83 ,23.86 ,23.87 ,23.93 ,23.85 ,23.93 ,23.87 ,23.83 ,23.81 ,23.84 ,23.83 ,23.87 ,23.85 ,23.84 ,23.8 ,23.85 ,23.82 ,23.9 ,23.97 ,23.95 ,23.88 ,23.87 ,23.82 ,23.8 ,23.81 ,23.76 ,23.78 ,23.82 ,23.76 ,23.75 ,23.69 ,23.64 ,23.58 ,23.67 ,23.71 ,23.67 ,23.59 ,23.61 ,23.57 ,23.51 ,23.51 ,23.59 ,23.57 ,23.62 ,23.62 ,23.66 ,23.69 ,23.8 ,23.81 ,23.75 ,23.71 ,23.74 ,23.75 ,23.83 ,23.8 ,23.85 ,23.85 ,23.76 ,23.79 ,23.82 ,23.8 ,23.81 ,23.8 ,23.85 ,23.88 ,23.87 ,23.88 ,23.86 ,23.81 ,23.75 ,23.86 ,23.89 ,23.81 ,23.87 ,23.89 ,23.83 ,23.79 ,23.79 ,23.82 ,23.74 ,23.76 ,23.82 ,23.81 ,23.74 ,23.78 ,23.81 ,23.75 ,23.84 ,23.78 ,23.84 ,23.9 ,23.78 ,23.73 ,23.67 ,23.71 ,23.8 ,23.83 ,23.79 ,23.76 ,23.72 ,23.67 ,23.7 ,23.79 ,23.77 ,23.62 ,23.69 ,23.75 ,23.69 ,23.78 ,23.69 ,23.68 ,23.72 ,23.72 ,23.71 ,23.66 ,23.62 ,23.66 ,23.7 ,23.68 ,23.77 ,23.71 ,23.69 ,23.62 ,23.56 ,23.51 ,23.59 ,23.62 ,23.51 ,23.35 ,23.51 ,23.55 ,23.47 ,23.37 ,23.38 ,23.39 ,23.39 ,23.47 ,23.37 ,23.29 ,23.37 ,23.34 ,23.28 ,23.32 ,23.3 ,23.35 ,23.32 ,23.37 ,23.21 ,23.2 ,23.17 ,23.18 ,23.18 ,23.21 ,23.29 ,23.36 ,23.36 ,23.31 ,23.39 ,23.42 ,23.31 ,23.36 ,23.39 ,23.35 ,23.39 ,23.37 ,23.39 ,23.36 ,23.45 ,23.31 ,23.28 ,23.22 ,23.2 ,23.27 ,23.3 ,23.26 ,23.26 ,23.27 ,23.3 ,23.34 ,23.36 ,23.33 ,23.37 ,23.38 ,23.28 ,23.35 ,23.43 ,23.39 ,23.33 ,23.22 ,23.09 ,23.24 ,23.32 ,23.3 ,23.25 ,23.12 ,23.12 ,23.18 ,23.22 ,23.22 ,23.2 ,23.19 ,23.18 ,23.16 ,23.21 ,23.27 ,23.16 ,23.23 ,23.21 ,23.13 ,23.18 ,23.34 ,23.19 ,23.05 ,23.23 ,23.24 ,23.15 ,23.22 ,23.17 ,23.13 ,23.26 ,23.28 ,23.24 ,
297,23.34 ,23.29 ,23.29 ,23.29 ,23.35 ,23.43 ,23.38 ,23.3 ,23.34 ,23.38 ,23.39 ,23.41 ,23.41 ,23.31 ,23.32 ,23.39 ,23.34 ,23.42 ,23.53 ,23.4 ,23.32 ,23.35 ,23.37 ,23.32 ,23.27 ,23.37 ,23.41 ,23.32 ,23.37 ,23.43 ,23.51 ,23.53 ,23.49 ,23.46 ,23.45 ,23.53 ,23.53 ,23.61 ,23.64 ,23.55 ,23.58 ,23.49 ,23.47 ,23.45 ,23.52 ,23.57 ,23.61 ,23.56 ,23.51 ,23.55 ,23.55 ,23.56 ,23.56 ,23.61 ,23.64 ,23.67 ,23.71 ,23.61 ,23.47 ,23.51 ,23.59 ,23.53 ,23.66 ,23.63 ,23.61 ,23.61 ,23.64 ,23.71 ,23.66 ,23.59 ,23.61 ,23.6 ,23.66 ,23.69 ,23.73 ,23.58 ,23.58 ,23.58 ,23.57 ,23.58 ,23.61 ,23.68 ,23.61 ,23.63 ,23.63 ,23.61 ,23.69 ,23.67 ,23.61 ,23.52 ,23.59 ,23.62 ,23.58 ,23.62 ,23.68 ,23.78 ,23.65 ,23.53 ,23.68 ,23.68 ,23.71 ,23.72 ,23.67 ,23.72 ,23.77 ,23.74 ,23.71 ,23.65 ,23.62 ,23.66 ,23.62 ,23.52 ,23.62 ,23.6 ,23.52 ,23.48 ,23.52 ,23.45 ,23.38 ,23.42 ,23.5 ,23.44 ,23.39 ,23.43 ,23.44 ,23.44 ,23.49 ,23.47 ,23.57 ,23.51 ,23.56 ,23.7 ,23.78 ,23.86 ,23.84 ,23.78 ,23.78 ,23.78 ,23.81 ,23.79 ,23.8 ,23.68 ,23.64 ,23.73 ,23.8 ,23.84 ,23.74 ,23.72 ,23.81 ,23.76 ,23.76 ,23.79 ,23.82 ,23.74 ,23.69 ,23.79 ,23.8 ,23.76 ,23.79 ,23.79 ,23.72 ,23.75 ,23.85 ,23.88 ,23.81 ,23.78 ,23.87 ,23.87 ,23.74 ,23.86 ,23.96 ,23.75 ,23.76 ,23.84 ,23.86 ,23.84 ,23.81 ,23.77 ,23.78 ,23.81 ,23.82 ,23.87 ,23.83 ,23.89 ,23.84 ,23.86 ,23.84 ,23.77 ,23.83 ,23.82 ,23.82 ,23.84 ,23.89 ,23.82 ,23.8 ,23.75 ,23.68 ,23.91 ,23.88 ,23.87 ,23.76 ,23.77 ,23.81 ,23.72 ,23.73 ,23.85 ,23.81 ,23.73 ,23.71 ,23.73 ,23.71 ,23.68 ,23.62 ,23.69 ,23.73 ,23.81 ,23.83 ,23.8 ,23.88 ,23.82 ,23.76 ,23.86 ,23.85 ,23.84 ,23.85 ,23.83 ,23.85 ,23.92 ,23.85 ,23.81 ,23.69 ,23.7 ,23.67 ,23.64 ,23.5 ,23.48 ,23.55 ,23.66 ,23.65 ,23.65 ,23.58 ,23.63 ,23.66 ,23.55 ,23.67 ,23.62 ,23.62 ,23.62 ,23.61 ,23.57 ,23.58 ,23.54 ,23.53 ,23.62 ,23.66 ,23.68 ,23.62 ,23.58 ,23.49 ,23.53 ,23.58 ,23.59 ,23.53 ,23.48 ,23.51 ,23.54 ,23.55 ,23.61 ,23.58 ,23.6 ,23.54 ,23.53 ,23.56 ,23.63 ,23.72 ,23.78 ,23.81 ,23.76 ,23.51 ,23.11 ,22.92 ,22.85 ,22.41 ,23.28 ,23.49 ,23.59 ,23.54 ,23.47 ,23.44 ,23.33 ,23.32 ,23.49 ,23.6 ,23.75 ,23.63 ,23.54 ,23.38 ,23.2 ,23.26 ,23.37 ,23.59 ,23.65 ,23.59 ,23.6 ,23.6 ,23.58 ,23.58 ,23.64 ,23.66 ,23.64 ,23.61 ,23.72 ,23.77 ,23.73 ,23.71 ,23.7 ,23.62 ,23.6 ,23.58 ,23.63 ,23.68 ,23.63 ,23.64 ,23.72 ,23.76 ,23.73 ,23.65 ,23.71 ,23.68 ,23.66 ,23.74 ,23.69 ,23.61 ,23.7 ,23.7 ,23.87 ,24.07 ,24.07 ,23.95 ,23.91 ,23.94 ,24 ,23.92 ,23.89 ,23.92 ,23.98 ,23.98 ,24 ,24.01 ,23.98 ,23.97 ,23.95 ,23.97 ,24.04 ,23.99 ,23.95 ,23.96 ,24.02 ,23.97 ,23.96 ,23.93 ,23.92 ,24.08 ,24.05 ,23.98 ,23.94 ,23.95 ,24.03 ,24.01 ,23.93 ,23.98 ,23.97 ,23.95 ,23.99 ,23.92 ,23.92 ,23.96 ,23.9 ,23.95 ,23.93 ,23.91 ,23.92 ,23.96 ,24.02 ,23.97 ,23.93 ,23.96 ,23.95 ,24.04 ,24.08 ,24 ,23.98 ,23.99 ,23.92 ,23.93 ,23.89 ,23.92 ,23.92 ,23.94 ,23.94 ,23.93 ,23.9 ,23.77 ,23.76 ,23.82 ,23.71 ,23.61 ,23.56 ,23.61 ,23.65 ,23.69 ,23.6 ,23.64 ,23.78 ,23.79 ,23.87 ,23.92 ,23.9 ,23.88 ,23.88 ,23.83 ,23.89 ,23.88 ,23.87 ,23.89 ,23.82 ,23.8 ,23.77 ,23.84 ,23.83 ,23.8 ,23.81 ,23.86 ,23.83 ,23.82 ,23.84 ,23.91 ,23.86 ,23.87 ,23.91 ,23.85 ,23.82 ,23.83 ,23.76 ,23.81 ,23.85 ,23.75 ,23.73 ,23.66 ,23.67 ,23.57 ,23.62 ,23.69 ,23.67 ,23.49 ,23.53 ,23.57 ,23.52 ,23.54 ,23.59 ,23.61 ,23.63 ,23.61 ,23.69 ,23.68 ,23.78 ,23.82 ,23.76 ,23.78 ,23.76 ,23.71 ,23.82 ,23.82 ,23.8 ,23.8 ,23.85 ,23.73 ,23.72 ,23.86 ,23.94 ,23.88 ,23.85 ,23.78 ,23.81 ,23.86 ,23.86 ,23.87 ,23.81 ,23.81 ,23.89 ,23.86 ,23.9 ,23.88 ,23.83 ,23.81 ,23.88 ,23.86 ,23.77 ,23.79 ,23.83 ,23.77 ,23.77 ,23.77 ,23.72 ,23.77 ,23.8 ,23.76 ,23.72 ,23.79 ,23.71 ,23.64 ,23.66 ,23.65 ,23.73 ,23.77 ,23.8 ,23.88 ,23.7 ,23.69 ,23.67 ,23.67 ,23.73 ,23.73 ,23.75 ,23.76 ,23.75 ,23.77 ,23.78 ,23.75 ,23.81 ,23.77 ,23.71 ,23.68 ,23.72 ,23.6 ,23.61 ,23.64 ,23.64 ,23.7 ,23.62 ,23.58 ,23.62 ,23.6 ,23.57 ,23.64 ,23.54 ,23.45 ,23.53 ,23.54 ,23.42 ,23.38 ,23.4 ,23.35 ,23.36 ,23.46 ,23.34 ,23.22 ,23.32 ,23.32 ,23.33 ,23.32 ,23.31 ,23.3 ,23.33 ,23.34 ,23.22 ,23.25 ,23.15 ,23.19 ,23.14 ,23.12 ,23.26 ,23.43 ,23.42 ,23.31 ,23.4 ,23.37 ,23.34 ,23.32 ,23.41 ,23.25 ,23.34 ,23.47 ,23.43 ,23.43 ,23.44 ,23.33 ,23.23 ,23.3 ,23.34 ,23.31 ,23.36 ,23.38 ,23.38 ,23.3 ,23.26 ,23.31 ,23.31 ,23.37 ,23.39 ,23.42 ,23.35 ,23.33 ,23.28 ,23.39 ,23.31 ,23.28 ,23.11 ,23.2 ,23.21 ,23.26 ,23.15 ,23.12 ,23.14 ,23.14 ,23.16 ,23.21 ,23.22 ,23.26 ,23.22 ,23.13 ,23.2 ,23.29 ,23.17 ,23.16 ,23.19 ,23.2 ,23.09 ,23.2 ,23.2 ,23.11 ,23.16 ,23.21 ,23.16 ,23.2 ,23.2 ,23.08 ,23.09 ,23.27 ,23.17 ,
298,23.39 ,23.31 ,23.32 ,23.38 ,23.33 ,23.44 ,23.39 ,23.29 ,23.4 ,23.41 ,23.38 ,23.37 ,23.36 ,23.37 ,23.36 ,23.39 ,23.35 ,23.34 ,23.38 ,23.4 ,23.31 ,23.31 ,23.36 ,23.27 ,23.24 ,23.29 ,23.35 ,23.3 ,23.32 ,23.45 ,23.49 ,23.51 ,23.51 ,23.5 ,23.53 ,23.6 ,23.57 ,23.66 ,23.69 ,23.58 ,23.56 ,23.6 ,23.53 ,23.47 ,23.47 ,23.58 ,23.63 ,23.65 ,23.47 ,23.51 ,23.52 ,23.5 ,23.53 ,23.55 ,23.64 ,23.64 ,23.67 ,23.58 ,23.51 ,23.58 ,23.64 ,23.62 ,23.58 ,23.69 ,23.65 ,23.62 ,23.74 ,23.73 ,23.6 ,23.59 ,23.63 ,23.67 ,23.59 ,23.64 ,23.71 ,23.62 ,23.66 ,23.68 ,23.62 ,23.66 ,23.66 ,23.66 ,23.6 ,23.62 ,23.64 ,23.59 ,23.63 ,23.7 ,23.6 ,23.54 ,23.54 ,23.63 ,23.59 ,23.65 ,23.64 ,23.72 ,23.69 ,23.55 ,23.58 ,23.65 ,23.67 ,23.7 ,23.73 ,23.75 ,23.76 ,23.71 ,23.7 ,23.65 ,23.66 ,23.69 ,23.7 ,23.69 ,23.61 ,23.61 ,23.58 ,23.5 ,23.53 ,23.54 ,23.55 ,23.55 ,23.43 ,23.44 ,23.39 ,23.44 ,23.47 ,23.43 ,23.45 ,23.54 ,23.57 ,23.49 ,23.51 ,23.74 ,23.75 ,23.81 ,23.82 ,23.76 ,23.76 ,23.78 ,23.84 ,23.82 ,23.8 ,23.72 ,23.72 ,23.75 ,23.74 ,23.82 ,23.72 ,23.76 ,23.85 ,23.77 ,23.75 ,23.76 ,23.77 ,23.74 ,23.79 ,23.77 ,23.79 ,23.75 ,23.75 ,23.83 ,23.77 ,23.74 ,23.76 ,23.77 ,23.79 ,23.8 ,23.85 ,23.81 ,23.75 ,23.81 ,23.92 ,23.85 ,23.77 ,23.9 ,23.8 ,23.77 ,23.84 ,23.77 ,23.73 ,23.8 ,23.86 ,23.84 ,23.83 ,23.8 ,23.78 ,23.78 ,23.87 ,23.84 ,23.79 ,23.85 ,23.9 ,23.86 ,23.83 ,23.79 ,23.87 ,23.83 ,23.76 ,23.85 ,23.8 ,23.83 ,23.86 ,23.81 ,23.81 ,23.74 ,23.78 ,23.89 ,23.8 ,23.74 ,23.72 ,23.73 ,23.72 ,23.69 ,23.72 ,23.66 ,23.64 ,23.74 ,23.84 ,23.85 ,23.85 ,23.91 ,23.86 ,23.87 ,23.85 ,23.8 ,23.8 ,23.85 ,23.88 ,23.9 ,23.88 ,23.86 ,23.77 ,23.73 ,23.68 ,23.61 ,23.5 ,23.49 ,23.56 ,23.58 ,23.62 ,23.59 ,23.59 ,23.63 ,23.63 ,23.59 ,23.59 ,23.69 ,23.6 ,23.66 ,23.67 ,23.65 ,23.59 ,23.62 ,23.63 ,23.66 ,23.64 ,23.58 ,23.66 ,23.62 ,23.53 ,23.62 ,23.66 ,23.6 ,23.57 ,23.54 ,23.52 ,23.53 ,23.51 ,23.6 ,23.64 ,23.61 ,23.54 ,23.52 ,23.59 ,23.74 ,23.83 ,23.93 ,23.8 ,23.84 ,23.68 ,23.24 ,23.08 ,23.15 ,23.37 ,23.49 ,23.52 ,23.6 ,23.66 ,23.53 ,23.51 ,23.5 ,23.16 ,23.04 ,23.37 ,23.7 ,23.75 ,23.59 ,23.33 ,23.24 ,23.37 ,23.53 ,23.65 ,23.64 ,23.62 ,23.64 ,23.6 ,23.65 ,23.56 ,23.56 ,23.66 ,23.67 ,23.7 ,23.73 ,23.69 ,23.66 ,23.67 ,23.67 ,23.66 ,23.65 ,23.62 ,23.62 ,23.66 ,23.64 ,23.65 ,23.69 ,23.67 ,23.66 ,23.71 ,23.71 ,23.65 ,23.58 ,23.66 ,23.73 ,23.66 ,23.66 ,23.76 ,23.79 ,23.94 ,24.05 ,24.08 ,24.01 ,23.96 ,23.96 ,23.9 ,23.94 ,24.01 ,24 ,24 ,24.06 ,23.99 ,23.92 ,23.94 ,23.94 ,24 ,24.03 ,23.95 ,23.91 ,23.93 ,23.97 ,23.95 ,23.94 ,23.98 ,24 ,24 ,24.01 ,23.98 ,24.03 ,24.07 ,24.11 ,24.05 ,23.99 ,23.97 ,24.04 ,23.99 ,23.99 ,23.99 ,23.92 ,23.87 ,23.96 ,24.01 ,24.04 ,23.96 ,23.99 ,24.09 ,24.06 ,23.99 ,23.95 ,23.96 ,24 ,24.01 ,24.02 ,23.97 ,23.97 ,23.93 ,23.93 ,23.95 ,23.99 ,23.95 ,23.99 ,23.99 ,23.9 ,23.96 ,23.91 ,23.81 ,23.73 ,23.67 ,23.67 ,23.7 ,23.71 ,23.67 ,23.63 ,23.72 ,23.67 ,23.72 ,23.91 ,23.89 ,23.93 ,23.88 ,23.86 ,23.93 ,23.94 ,23.86 ,23.87 ,23.88 ,23.89 ,23.85 ,23.85 ,23.8 ,23.87 ,23.84 ,23.79 ,23.83 ,23.85 ,23.87 ,23.78 ,23.81 ,23.81 ,23.87 ,23.88 ,23.86 ,23.92 ,23.84 ,23.83 ,23.93 ,23.8 ,23.75 ,23.77 ,23.72 ,23.69 ,23.6 ,23.62 ,23.55 ,23.59 ,23.61 ,23.66 ,23.62 ,23.56 ,23.56 ,23.59 ,23.55 ,23.62 ,23.59 ,23.6 ,23.71 ,23.76 ,23.72 ,23.79 ,23.83 ,23.76 ,23.81 ,23.82 ,23.75 ,23.78 ,23.94 ,23.91 ,23.83 ,23.86 ,23.82 ,23.74 ,23.78 ,23.91 ,23.9 ,23.92 ,23.8 ,23.81 ,23.85 ,23.93 ,23.85 ,23.81 ,23.77 ,23.87 ,23.81 ,23.86 ,23.87 ,23.76 ,23.79 ,23.77 ,23.82 ,23.79 ,23.81 ,23.77 ,23.81 ,23.78 ,23.82 ,23.76 ,23.73 ,23.82 ,23.79 ,23.78 ,23.77 ,23.73 ,23.72 ,23.73 ,23.71 ,23.75 ,23.79 ,23.77 ,23.78 ,23.68 ,23.68 ,23.77 ,23.66 ,23.72 ,23.76 ,23.75 ,23.75 ,23.7 ,23.72 ,23.78 ,23.77 ,23.78 ,23.8 ,23.73 ,23.61 ,23.67 ,23.65 ,23.67 ,23.7 ,23.6 ,23.65 ,23.59 ,23.48 ,23.59 ,23.67 ,23.59 ,23.59 ,23.51 ,23.5 ,23.58 ,23.51 ,23.34 ,23.42 ,23.41 ,23.45 ,23.45 ,23.43 ,23.34 ,23.32 ,23.38 ,23.37 ,23.31 ,23.33 ,23.42 ,23.29 ,23.25 ,23.32 ,23.19 ,23.15 ,23.23 ,23.24 ,23.17 ,23.09 ,23.23 ,23.41 ,23.47 ,23.41 ,23.38 ,23.33 ,23.24 ,23.31 ,23.36 ,23.19 ,23.29 ,23.42 ,23.42 ,23.4 ,23.38 ,23.27 ,23.33 ,23.3 ,23.31 ,23.37 ,23.41 ,23.46 ,23.44 ,23.42 ,23.31 ,23.29 ,23.33 ,23.34 ,23.36 ,23.41 ,23.37 ,23.34 ,23.25 ,23.32 ,23.32 ,23.24 ,23.14 ,23.24 ,23.22 ,23.13 ,23.11 ,23.02 ,23.15 ,23.24 ,23.23 ,23.25 ,23.25 ,23.2 ,23.17 ,23.2 ,23.18 ,23.25 ,23.29 ,23.22 ,23.2 ,23.16 ,23.11 ,23.11 ,23.2 ,23.2 ,23.21 ,23.21 ,23.2 ,23.21 ,23.22 ,23.14 ,23.17 ,23.25 ,23.23 ,
299,23.41 ,23.33 ,23.35 ,23.41 ,23.32 ,23.35 ,23.3 ,23.4 ,23.43 ,23.45 ,23.27 ,23.2 ,23.32 ,23.39 ,23.45 ,23.38 ,23.28 ,23.37 ,23.35 ,23.39 ,23.42 ,23.34 ,23.33 ,23.29 ,23.31 ,23.37 ,23.38 ,23.42 ,23.41 ,23.44 ,23.42 ,23.4 ,23.49 ,23.61 ,23.55 ,23.6 ,23.49 ,23.58 ,23.68 ,23.53 ,23.56 ,23.6 ,23.53 ,23.52 ,23.52 ,23.63 ,23.62 ,23.57 ,23.6 ,23.63 ,23.58 ,23.47 ,23.53 ,23.63 ,23.62 ,23.59 ,23.58 ,23.62 ,23.55 ,23.53 ,23.56 ,23.72 ,23.59 ,23.57 ,23.67 ,23.65 ,23.74 ,23.73 ,23.59 ,23.52 ,23.65 ,23.62 ,23.56 ,23.61 ,23.64 ,23.6 ,23.65 ,23.61 ,23.63 ,23.61 ,23.64 ,23.57 ,23.59 ,23.62 ,23.67 ,23.7 ,23.65 ,23.72 ,23.67 ,23.54 ,23.59 ,23.64 ,23.66 ,23.69 ,23.71 ,23.71 ,23.64 ,23.57 ,23.58 ,23.68 ,23.71 ,23.65 ,23.63 ,23.69 ,23.67 ,23.63 ,23.66 ,23.65 ,23.63 ,23.65 ,23.67 ,23.68 ,23.69 ,23.65 ,23.6 ,23.59 ,23.6 ,23.59 ,23.59 ,23.54 ,23.52 ,23.54 ,23.42 ,23.44 ,23.48 ,23.42 ,23.39 ,23.46 ,23.53 ,23.52 ,23.54 ,23.78 ,23.79 ,23.72 ,23.77 ,23.78 ,23.81 ,23.78 ,23.8 ,23.86 ,23.87 ,23.79 ,23.78 ,23.76 ,23.78 ,23.85 ,23.73 ,23.76 ,23.83 ,23.8 ,23.82 ,23.77 ,23.76 ,23.78 ,23.79 ,23.81 ,23.8 ,23.73 ,23.68 ,23.78 ,23.82 ,23.77 ,23.72 ,23.73 ,23.79 ,23.83 ,23.84 ,23.84 ,23.78 ,23.84 ,23.83 ,23.77 ,23.8 ,23.83 ,23.77 ,23.77 ,23.8 ,23.84 ,23.79 ,23.78 ,23.84 ,23.87 ,23.82 ,23.88 ,23.87 ,23.82 ,23.82 ,23.79 ,23.79 ,23.83 ,23.92 ,23.88 ,23.85 ,23.88 ,23.86 ,23.79 ,23.81 ,23.93 ,23.86 ,23.82 ,23.83 ,23.88 ,23.91 ,23.82 ,23.85 ,23.9 ,23.83 ,23.8 ,23.75 ,23.78 ,23.74 ,23.65 ,23.76 ,23.72 ,23.67 ,23.73 ,23.87 ,23.87 ,23.83 ,23.9 ,23.88 ,23.86 ,23.89 ,23.9 ,23.88 ,23.84 ,23.81 ,23.83 ,23.86 ,23.86 ,23.8 ,23.78 ,23.78 ,23.73 ,23.54 ,23.54 ,23.6 ,23.62 ,23.6 ,23.56 ,23.6 ,23.67 ,23.68 ,23.62 ,23.56 ,23.66 ,23.65 ,23.6 ,23.65 ,23.64 ,23.67 ,23.64 ,23.68 ,23.65 ,23.66 ,23.63 ,23.63 ,23.7 ,23.58 ,23.55 ,23.62 ,23.63 ,23.6 ,23.54 ,23.53 ,23.46 ,23.5 ,23.6 ,23.69 ,23.56 ,23.56 ,23.55 ,23.59 ,23.82 ,23.91 ,24.01 ,23.89 ,23.86 ,23.79 ,23.48 ,23.31 ,23.33 ,23.59 ,23.66 ,23.63 ,23.66 ,23.7 ,23.63 ,23.53 ,23.38 ,22.97 ,22.72 ,23.16 ,23.54 ,23.72 ,23.61 ,23.27 ,23.25 ,23.4 ,23.55 ,23.64 ,23.63 ,23.6 ,23.62 ,23.61 ,23.66 ,23.61 ,23.6 ,23.61 ,23.64 ,23.68 ,23.76 ,23.65 ,23.71 ,23.66 ,23.63 ,23.6 ,23.61 ,23.59 ,23.66 ,23.63 ,23.66 ,23.77 ,23.72 ,23.63 ,23.64 ,23.71 ,23.69 ,23.68 ,23.63 ,23.63 ,23.67 ,23.68 ,23.65 ,23.77 ,23.86 ,23.9 ,23.99 ,24.1 ,24.04 ,23.97 ,24.02 ,23.89 ,23.92 ,23.97 ,23.97 ,23.97 ,24.03 ,24 ,23.92 ,23.96 ,23.94 ,23.98 ,24.03 ,23.93 ,23.96 ,23.93 ,23.97 ,23.95 ,24 ,24 ,24.03 ,24.04 ,24 ,24.06 ,24 ,23.98 ,24.04 ,24.1 ,24 ,23.96 ,24.01 ,24.02 ,23.97 ,23.99 ,23.9 ,23.92 ,23.97 ,24.01 ,24.02 ,24.03 ,23.93 ,23.95 ,24.03 ,24.01 ,24 ,23.99 ,24.04 ,24.03 ,24.03 ,24.01 ,23.97 ,23.98 ,23.93 ,23.93 ,23.99 ,24.01 ,23.92 ,23.99 ,23.95 ,23.92 ,23.95 ,23.83 ,23.79 ,23.7 ,23.71 ,23.76 ,23.72 ,23.67 ,23.67 ,23.69 ,23.74 ,23.83 ,23.95 ,23.94 ,24 ,23.98 ,23.81 ,23.84 ,23.9 ,23.85 ,23.93 ,23.9 ,23.9 ,23.85 ,23.92 ,23.88 ,23.91 ,23.94 ,23.84 ,23.88 ,23.93 ,23.85 ,23.75 ,23.83 ,23.85 ,23.81 ,23.87 ,23.86 ,23.84 ,23.83 ,23.84 ,23.91 ,23.9 ,23.68 ,23.73 ,23.66 ,23.57 ,23.55 ,23.63 ,23.63 ,23.64 ,23.58 ,23.58 ,23.63 ,23.62 ,23.61 ,23.68 ,23.62 ,23.63 ,23.61 ,23.61 ,23.75 ,23.83 ,23.77 ,23.88 ,23.85 ,23.75 ,23.77 ,23.83 ,23.74 ,23.86 ,23.85 ,23.91 ,23.86 ,23.81 ,23.86 ,23.86 ,23.78 ,23.83 ,23.91 ,23.92 ,23.85 ,23.78 ,23.84 ,23.83 ,23.84 ,23.8 ,23.8 ,23.89 ,23.86 ,23.86 ,23.87 ,23.81 ,23.7 ,23.81 ,23.81 ,23.83 ,23.83 ,23.79 ,23.84 ,23.82 ,23.82 ,23.78 ,23.74 ,23.85 ,23.77 ,23.83 ,23.82 ,23.79 ,23.82 ,23.81 ,23.81 ,23.79 ,23.79 ,23.78 ,23.76 ,23.69 ,23.71 ,23.86 ,23.72 ,23.74 ,23.72 ,23.68 ,23.7 ,23.71 ,23.73 ,23.73 ,23.72 ,23.78 ,23.73 ,23.67 ,23.66 ,23.61 ,23.62 ,23.71 ,23.73 ,23.66 ,23.69 ,23.58 ,23.52 ,23.55 ,23.64 ,23.63 ,23.53 ,23.5 ,23.43 ,23.47 ,23.5 ,23.46 ,23.56 ,23.5 ,23.46 ,23.43 ,23.38 ,23.28 ,23.25 ,23.36 ,23.35 ,23.38 ,23.31 ,23.33 ,23.29 ,23.3 ,23.34 ,23.21 ,23.24 ,23.31 ,23.32 ,23.18 ,23.16 ,23.18 ,23.35 ,23.44 ,23.38 ,23.33 ,23.38 ,23.36 ,23.36 ,23.34 ,23.26 ,23.33 ,23.39 ,23.37 ,23.43 ,23.41 ,23.34 ,23.28 ,23.29 ,23.29 ,23.28 ,23.39 ,23.44 ,23.43 ,23.41 ,23.4 ,23.37 ,23.43 ,23.4 ,23.29 ,23.3 ,23.36 ,23.43 ,23.29 ,23.3 ,23.35 ,23.31 ,23.22 ,23.21 ,23.29 ,23.18 ,23.08 ,23.09 ,23.19 ,23.23 ,23.19 ,23.23 ,23.19 ,23.18 ,23.26 ,23.23 ,23.23 ,23.24 ,23.22 ,23.3 ,23.33 ,23.21 ,23.25 ,23.18 ,23.17 ,23.19 ,23.27 ,23.28 ,23.23 ,23.2 ,23.21 ,23.21 ,23.18 ,23.18 ,23.16 ,
300,23.29 ,23.28 ,23.35 ,23.46 ,23.39 ,23.33 ,23.45 ,23.43 ,23.4 ,23.4 ,23.38 ,23.34 ,23.33 ,23.38 ,23.4 ,23.4 ,23.4 ,23.39 ,23.29 ,23.34 ,23.41 ,23.45 ,23.39 ,23.36 ,23.34 ,23.4 ,23.41 ,23.44 ,23.4 ,23.42 ,23.5 ,23.43 ,23.48 ,23.56 ,23.6 ,23.6 ,23.48 ,23.46 ,23.65 ,23.56 ,23.61 ,23.54 ,23.58 ,23.53 ,23.55 ,23.6 ,23.6 ,23.56 ,23.57 ,23.64 ,23.55 ,23.56 ,23.62 ,23.62 ,23.61 ,23.59 ,23.58 ,23.6 ,23.63 ,23.64 ,23.61 ,23.71 ,23.66 ,23.57 ,23.65 ,23.76 ,23.8 ,23.71 ,23.57 ,23.61 ,23.7 ,23.6 ,23.6 ,23.66 ,23.6 ,23.67 ,23.68 ,23.59 ,23.58 ,23.63 ,23.68 ,23.64 ,23.7 ,23.69 ,23.65 ,23.62 ,23.65 ,23.67 ,23.68 ,23.56 ,23.64 ,23.69 ,23.68 ,23.64 ,23.69 ,23.7 ,23.67 ,23.64 ,23.6 ,23.69 ,23.74 ,23.64 ,23.66 ,23.67 ,23.67 ,23.69 ,23.73 ,23.65 ,23.66 ,23.59 ,23.64 ,23.6 ,23.63 ,23.71 ,23.61 ,23.61 ,23.64 ,23.61 ,23.56 ,23.57 ,23.58 ,23.56 ,23.43 ,23.39 ,23.43 ,23.44 ,23.43 ,23.5 ,23.56 ,23.52 ,23.57 ,23.67 ,23.72 ,23.7 ,23.79 ,23.74 ,23.82 ,23.85 ,23.8 ,23.8 ,23.8 ,23.76 ,23.79 ,23.73 ,23.8 ,23.88 ,23.8 ,23.81 ,23.9 ,23.81 ,23.76 ,23.78 ,23.81 ,23.79 ,23.78 ,23.78 ,23.77 ,23.69 ,23.68 ,23.75 ,23.82 ,23.81 ,23.79 ,23.8 ,23.84 ,23.89 ,23.83 ,23.87 ,23.87 ,23.89 ,23.79 ,23.77 ,23.87 ,23.85 ,23.8 ,23.79 ,23.8 ,23.85 ,23.85 ,23.82 ,23.86 ,23.87 ,23.91 ,23.84 ,23.86 ,23.93 ,23.77 ,23.76 ,23.82 ,23.81 ,23.88 ,23.81 ,23.84 ,23.88 ,23.82 ,23.75 ,23.82 ,23.93 ,23.9 ,23.85 ,23.85 ,23.89 ,23.93 ,23.86 ,23.78 ,23.8 ,23.79 ,23.81 ,23.75 ,23.72 ,23.67 ,23.73 ,23.68 ,23.68 ,23.68 ,23.75 ,23.8 ,23.83 ,23.86 ,23.9 ,23.89 ,23.85 ,23.93 ,23.95 ,23.95 ,23.89 ,23.85 ,23.83 ,23.85 ,23.87 ,23.82 ,23.82 ,23.87 ,23.87 ,23.77 ,23.67 ,23.67 ,23.73 ,23.68 ,23.6 ,23.67 ,23.66 ,23.63 ,23.58 ,23.58 ,23.64 ,23.59 ,23.59 ,23.62 ,23.65 ,23.61 ,23.6 ,23.58 ,23.65 ,23.73 ,23.69 ,23.61 ,23.72 ,23.62 ,23.59 ,23.59 ,23.63 ,23.64 ,23.57 ,23.55 ,23.45 ,23.41 ,23.57 ,23.69 ,23.55 ,23.46 ,23.53 ,23.57 ,23.84 ,23.99 ,24.07 ,24.1 ,24.14 ,23.98 ,23.7 ,23.45 ,23.47 ,23.69 ,23.7 ,23.71 ,23.72 ,23.65 ,23.56 ,23.57 ,23.44 ,23.07 ,22.91 ,23.19 ,23.55 ,23.73 ,23.56 ,23.25 ,23.32 ,23.45 ,23.54 ,23.63 ,23.63 ,23.61 ,23.61 ,23.61 ,23.63 ,23.65 ,23.69 ,23.63 ,23.59 ,23.68 ,23.72 ,23.66 ,23.77 ,23.7 ,23.59 ,23.57 ,23.63 ,23.65 ,23.64 ,23.61 ,23.61 ,23.67 ,23.74 ,23.68 ,23.64 ,23.74 ,23.71 ,23.67 ,23.71 ,23.69 ,23.63 ,23.67 ,23.66 ,23.69 ,23.86 ,23.98 ,24 ,24.03 ,23.98 ,24 ,24.05 ,23.93 ,23.89 ,23.98 ,24.02 ,24.02 ,23.97 ,23.99 ,23.98 ,23.9 ,23.96 ,23.93 ,23.94 ,23.92 ,23.96 ,23.95 ,23.97 ,24.04 ,24.03 ,24.01 ,24.03 ,24.07 ,23.97 ,24 ,24.02 ,23.97 ,23.93 ,23.93 ,24.02 ,23.97 ,24.03 ,24.08 ,24.01 ,23.96 ,23.88 ,23.93 ,24 ,24 ,23.99 ,23.97 ,23.91 ,23.94 ,24.08 ,24.06 ,24.06 ,24 ,23.93 ,23.98 ,23.93 ,23.93 ,23.9 ,23.94 ,23.96 ,23.95 ,23.97 ,24.08 ,23.91 ,23.83 ,23.87 ,23.85 ,23.86 ,23.78 ,23.78 ,23.65 ,23.65 ,23.72 ,23.59 ,23.61 ,23.77 ,23.79 ,23.72 ,23.8 ,23.81 ,23.89 ,23.91 ,24.01 ,23.93 ,23.88 ,23.88 ,23.9 ,23.9 ,23.9 ,23.89 ,23.83 ,23.91 ,23.91 ,23.86 ,23.94 ,23.97 ,23.9 ,23.89 ,23.83 ,23.78 ,23.84 ,23.87 ,23.84 ,23.79 ,23.87 ,23.88 ,23.89 ,23.83 ,23.84 ,23.78 ,23.74 ,23.73 ,23.69 ,23.59 ,23.6 ,23.57 ,23.6 ,23.62 ,23.58 ,23.58 ,23.6 ,23.63 ,23.64 ,23.72 ,23.58 ,23.57 ,23.57 ,23.67 ,23.8 ,23.9 ,23.82 ,23.81 ,23.81 ,23.82 ,23.8 ,23.82 ,23.75 ,23.84 ,23.88 ,23.81 ,23.84 ,23.86 ,23.85 ,23.8 ,23.79 ,23.86 ,23.9 ,23.88 ,23.87 ,23.76 ,23.85 ,23.9 ,23.79 ,23.8 ,23.84 ,23.83 ,23.87 ,23.85 ,23.88 ,23.87 ,23.75 ,23.74 ,23.76 ,23.86 ,23.8 ,23.76 ,23.93 ,23.86 ,23.87 ,23.84 ,23.82 ,23.93 ,23.82 ,23.82 ,23.9 ,23.77 ,23.81 ,23.78 ,23.8 ,23.82 ,23.82 ,23.83 ,23.79 ,23.7 ,23.73 ,23.78 ,23.75 ,23.78 ,23.74 ,23.72 ,23.74 ,23.7 ,23.67 ,23.63 ,23.7 ,23.74 ,23.72 ,23.64 ,23.62 ,23.72 ,23.61 ,23.69 ,23.72 ,23.64 ,23.59 ,23.64 ,23.58 ,23.57 ,23.62 ,23.57 ,23.51 ,23.52 ,23.4 ,23.47 ,23.43 ,23.45 ,23.48 ,23.42 ,23.48 ,23.42 ,23.41 ,23.37 ,23.25 ,23.25 ,23.32 ,23.36 ,23.38 ,23.34 ,23.32 ,23.34 ,23.39 ,23.24 ,23.17 ,23.34 ,23.4 ,23.25 ,23.2 ,23.3 ,23.35 ,23.37 ,23.41 ,23.36 ,23.32 ,23.4 ,23.38 ,23.36 ,23.22 ,23.34 ,23.41 ,23.35 ,23.45 ,23.38 ,23.38 ,23.33 ,23.33 ,23.25 ,23.23 ,23.34 ,23.41 ,23.39 ,23.28 ,23.31 ,23.39 ,23.42 ,23.4 ,23.25 ,23.23 ,23.3 ,23.36 ,23.3 ,23.24 ,23.31 ,23.31 ,23.25 ,23.21 ,23.29 ,23.27 ,23.21 ,23.22 ,23.18 ,23.2 ,23.17 ,23.14 ,23.19 ,23.18 ,23.21 ,23.18 ,23.23 ,23.23 ,23.26 ,23.25 ,23.36 ,23.23 ,23.23 ,23.27 ,23.13 ,23.23 ,23.34 ,23.31 ,23.25 ,23.22 ,23.19 ,23.22 ,23.22 ,23.12 ,23.08 ,
301,23.3 ,23.27 ,23.41 ,23.42 ,23.39 ,23.4 ,23.52 ,23.46 ,23.43 ,23.34 ,23.36 ,23.47 ,23.41 ,23.36 ,23.37 ,23.42 ,23.44 ,23.4 ,23.29 ,23.34 ,23.35 ,23.41 ,23.37 ,23.37 ,23.42 ,23.42 ,23.41 ,23.38 ,23.38 ,23.48 ,23.56 ,23.57 ,23.54 ,23.58 ,23.63 ,23.6 ,23.55 ,23.52 ,23.58 ,23.59 ,23.66 ,23.6 ,23.54 ,23.57 ,23.47 ,23.5 ,23.58 ,23.63 ,23.61 ,23.66 ,23.58 ,23.58 ,23.65 ,23.63 ,23.61 ,23.62 ,23.56 ,23.53 ,23.55 ,23.58 ,23.51 ,23.62 ,23.59 ,23.56 ,23.62 ,23.6 ,23.69 ,23.6 ,23.51 ,23.69 ,23.75 ,23.6 ,23.58 ,23.6 ,23.62 ,23.59 ,23.67 ,23.64 ,23.62 ,23.63 ,23.69 ,23.63 ,23.72 ,23.71 ,23.73 ,23.75 ,23.62 ,23.58 ,23.65 ,23.6 ,23.67 ,23.73 ,23.7 ,23.72 ,23.68 ,23.73 ,23.74 ,23.69 ,23.57 ,23.53 ,23.74 ,23.72 ,23.71 ,23.63 ,23.74 ,23.74 ,23.75 ,23.69 ,23.66 ,23.66 ,23.62 ,23.65 ,23.62 ,23.63 ,23.63 ,23.6 ,23.62 ,23.61 ,23.61 ,23.63 ,23.55 ,23.54 ,23.42 ,23.44 ,23.42 ,23.42 ,23.48 ,23.59 ,23.5 ,23.54 ,23.56 ,23.58 ,23.69 ,23.7 ,23.73 ,23.69 ,23.77 ,23.8 ,23.77 ,23.76 ,23.76 ,23.76 ,23.74 ,23.72 ,23.78 ,23.82 ,23.79 ,23.81 ,23.86 ,23.85 ,23.78 ,23.74 ,23.84 ,23.8 ,23.73 ,23.77 ,23.76 ,23.75 ,23.76 ,23.83 ,23.83 ,23.9 ,23.84 ,23.82 ,23.82 ,23.81 ,23.88 ,23.85 ,23.89 ,23.87 ,23.79 ,23.72 ,23.82 ,23.86 ,23.9 ,23.78 ,23.77 ,23.79 ,23.77 ,23.73 ,23.8 ,23.87 ,23.91 ,23.85 ,23.79 ,23.87 ,23.8 ,23.79 ,23.84 ,23.84 ,23.87 ,23.85 ,23.78 ,23.84 ,23.86 ,23.82 ,23.81 ,23.87 ,23.8 ,23.84 ,23.81 ,23.85 ,23.86 ,23.84 ,23.82 ,23.81 ,23.74 ,23.77 ,23.76 ,23.76 ,23.67 ,23.7 ,23.72 ,23.68 ,23.71 ,23.76 ,23.81 ,23.72 ,23.84 ,23.93 ,23.9 ,23.83 ,23.82 ,23.8 ,23.86 ,23.83 ,23.88 ,23.86 ,23.87 ,23.87 ,23.8 ,23.84 ,23.89 ,23.82 ,23.73 ,23.77 ,23.73 ,23.73 ,23.68 ,23.54 ,23.57 ,23.68 ,23.66 ,23.59 ,23.57 ,23.62 ,23.58 ,23.54 ,23.59 ,23.6 ,23.68 ,23.58 ,23.63 ,23.64 ,23.71 ,23.77 ,23.66 ,23.65 ,23.65 ,23.63 ,23.63 ,23.63 ,23.66 ,23.64 ,23.6 ,23.53 ,23.45 ,23.55 ,23.64 ,23.64 ,23.55 ,23.5 ,23.59 ,23.91 ,24.13 ,24.15 ,24.17 ,24.17 ,24.02 ,23.86 ,23.65 ,23.61 ,23.65 ,23.76 ,23.81 ,23.83 ,23.77 ,23.59 ,23.53 ,23.5 ,23.23 ,23.12 ,23.24 ,23.54 ,23.65 ,23.45 ,23.29 ,23.43 ,23.58 ,23.54 ,23.64 ,23.68 ,23.65 ,23.6 ,23.62 ,23.67 ,23.64 ,23.64 ,23.65 ,23.56 ,23.62 ,23.68 ,23.61 ,23.73 ,23.68 ,23.57 ,23.58 ,23.65 ,23.67 ,23.69 ,23.62 ,23.66 ,23.7 ,23.68 ,23.69 ,23.66 ,23.68 ,23.68 ,23.66 ,23.61 ,23.68 ,23.7 ,23.68 ,23.72 ,23.76 ,23.82 ,23.93 ,24.01 ,24.06 ,23.94 ,23.97 ,23.98 ,23.87 ,23.93 ,24.04 ,24.05 ,24.02 ,23.98 ,24.01 ,23.96 ,23.93 ,24.03 ,24.05 ,23.99 ,23.94 ,23.95 ,24.03 ,24.04 ,24.03 ,23.99 ,23.97 ,23.96 ,24.07 ,23.97 ,23.93 ,24.02 ,23.95 ,23.95 ,24 ,24.03 ,24.02 ,24.03 ,24.05 ,24.06 ,23.98 ,23.9 ,23.99 ,24.06 ,24.03 ,23.97 ,23.96 ,23.93 ,23.94 ,24.03 ,23.95 ,23.96 ,23.98 ,23.97 ,23.95 ,23.91 ,23.9 ,23.96 ,24.01 ,23.95 ,24.02 ,23.94 ,24.01 ,23.97 ,23.94 ,23.86 ,23.81 ,23.74 ,23.66 ,23.76 ,23.63 ,23.64 ,23.69 ,23.68 ,23.68 ,23.81 ,23.88 ,23.84 ,23.85 ,23.83 ,23.83 ,23.93 ,23.96 ,24 ,23.91 ,23.81 ,23.9 ,23.91 ,23.91 ,23.88 ,23.85 ,23.8 ,23.83 ,23.85 ,23.9 ,23.88 ,23.85 ,23.85 ,23.89 ,23.83 ,23.81 ,23.89 ,23.84 ,23.78 ,23.83 ,23.88 ,23.86 ,23.86 ,23.8 ,23.67 ,23.65 ,23.69 ,23.67 ,23.65 ,23.63 ,23.61 ,23.57 ,23.62 ,23.6 ,23.56 ,23.57 ,23.59 ,23.58 ,23.64 ,23.59 ,23.57 ,23.63 ,23.66 ,23.79 ,23.84 ,23.75 ,23.74 ,23.74 ,23.78 ,23.83 ,23.8 ,23.75 ,23.74 ,23.82 ,23.8 ,23.84 ,23.89 ,23.75 ,23.74 ,23.75 ,23.81 ,23.84 ,23.82 ,23.84 ,23.84 ,23.83 ,23.88 ,23.85 ,23.81 ,23.82 ,23.84 ,23.88 ,23.86 ,23.77 ,23.84 ,23.77 ,23.75 ,23.79 ,23.85 ,23.86 ,23.85 ,23.9 ,23.77 ,23.82 ,23.81 ,23.84 ,23.91 ,23.91 ,23.82 ,23.86 ,23.83 ,23.72 ,23.78 ,23.84 ,23.87 ,23.82 ,23.74 ,23.8 ,23.76 ,23.72 ,23.82 ,23.73 ,23.72 ,23.75 ,23.79 ,23.76 ,23.73 ,23.74 ,23.67 ,23.55 ,23.7 ,23.67 ,23.67 ,23.66 ,23.67 ,23.71 ,23.65 ,23.67 ,23.65 ,23.59 ,23.62 ,23.56 ,23.5 ,23.51 ,23.56 ,23.55 ,23.51 ,23.4 ,23.45 ,23.44 ,23.42 ,23.42 ,23.37 ,23.43 ,23.44 ,23.44 ,23.34 ,23.31 ,23.29 ,23.3 ,23.36 ,23.38 ,23.44 ,23.34 ,23.25 ,23.24 ,23.17 ,23.19 ,23.23 ,23.35 ,23.31 ,23.26 ,23.35 ,23.37 ,23.33 ,23.38 ,23.3 ,23.24 ,23.3 ,23.37 ,23.37 ,23.28 ,23.26 ,23.4 ,23.45 ,23.46 ,23.42 ,23.45 ,23.42 ,23.37 ,23.36 ,23.26 ,23.34 ,23.35 ,23.37 ,23.39 ,23.35 ,23.39 ,23.22 ,23.22 ,23.27 ,23.29 ,23.33 ,23.37 ,23.37 ,23.32 ,23.35 ,23.28 ,23.24 ,23.21 ,23.24 ,23.27 ,23.13 ,23.28 ,23.2 ,23.19 ,23.18 ,23.15 ,23.09 ,23.12 ,23.17 ,23.13 ,23.23 ,23.23 ,23.21 ,23.27 ,23.43 ,23.27 ,23.31 ,23.2 ,23.13 ,23.2 ,23.29 ,23.32 ,23.23 ,23.13 ,23.18 ,23.23 ,23.24 ,23.12 ,23.05 ,
302,23.33 ,23.32 ,23.34 ,23.49 ,23.39 ,23.45 ,23.54 ,23.45 ,23.36 ,23.35 ,23.33 ,23.35 ,23.4 ,23.36 ,23.36 ,23.33 ,23.36 ,23.39 ,23.33 ,23.27 ,23.31 ,23.23 ,23.35 ,23.44 ,23.47 ,23.49 ,23.35 ,23.34 ,23.32 ,23.47 ,23.61 ,23.59 ,23.6 ,23.55 ,23.55 ,23.59 ,23.51 ,23.59 ,23.6 ,23.61 ,23.65 ,23.68 ,23.57 ,23.63 ,23.6 ,23.46 ,23.61 ,23.71 ,23.67 ,23.64 ,23.63 ,23.58 ,23.6 ,23.53 ,23.61 ,23.55 ,23.52 ,23.65 ,23.57 ,23.58 ,23.55 ,23.66 ,23.58 ,23.6 ,23.74 ,23.64 ,23.65 ,23.68 ,23.56 ,23.63 ,23.68 ,23.7 ,23.61 ,23.55 ,23.58 ,23.68 ,23.67 ,23.67 ,23.62 ,23.6 ,23.64 ,23.6 ,23.63 ,23.62 ,23.67 ,23.67 ,23.73 ,23.67 ,23.68 ,23.64 ,23.64 ,23.72 ,23.67 ,23.72 ,23.65 ,23.61 ,23.67 ,23.65 ,23.64 ,23.52 ,23.59 ,23.65 ,23.71 ,23.65 ,23.74 ,23.7 ,23.67 ,23.7 ,23.66 ,23.64 ,23.63 ,23.62 ,23.7 ,23.68 ,23.57 ,23.54 ,23.6 ,23.61 ,23.59 ,23.61 ,23.52 ,23.48 ,23.47 ,23.47 ,23.54 ,23.5 ,23.55 ,23.51 ,23.54 ,23.48 ,23.56 ,23.55 ,23.57 ,23.69 ,23.69 ,23.7 ,23.74 ,23.8 ,23.76 ,23.85 ,23.77 ,23.74 ,23.8 ,23.76 ,23.8 ,23.88 ,23.77 ,23.7 ,23.71 ,23.77 ,23.7 ,23.75 ,23.76 ,23.68 ,23.69 ,23.75 ,23.79 ,23.81 ,23.81 ,23.84 ,23.82 ,23.86 ,23.9 ,23.83 ,23.81 ,23.83 ,23.87 ,23.84 ,23.8 ,23.84 ,23.74 ,23.69 ,23.67 ,23.75 ,23.86 ,23.8 ,23.77 ,23.78 ,23.82 ,23.73 ,23.77 ,23.87 ,23.87 ,23.86 ,23.76 ,23.89 ,23.88 ,23.84 ,23.89 ,23.87 ,23.89 ,23.85 ,23.86 ,23.82 ,23.81 ,23.8 ,23.8 ,23.75 ,23.74 ,23.78 ,23.83 ,23.88 ,23.88 ,23.89 ,23.85 ,23.87 ,23.78 ,23.71 ,23.68 ,23.69 ,23.69 ,23.68 ,23.66 ,23.71 ,23.74 ,23.83 ,23.84 ,23.79 ,23.83 ,23.94 ,23.85 ,23.76 ,23.77 ,23.84 ,23.91 ,23.85 ,23.92 ,23.85 ,23.92 ,23.84 ,23.81 ,23.81 ,23.86 ,23.77 ,23.79 ,23.8 ,23.77 ,23.76 ,23.77 ,23.71 ,23.64 ,23.71 ,23.64 ,23.66 ,23.67 ,23.59 ,23.64 ,23.6 ,23.56 ,23.58 ,23.63 ,23.54 ,23.63 ,23.68 ,23.6 ,23.63 ,23.66 ,23.65 ,23.63 ,23.65 ,23.63 ,23.64 ,23.66 ,23.57 ,23.61 ,23.6 ,23.5 ,23.59 ,23.69 ,23.66 ,23.58 ,23.59 ,23.63 ,23.9 ,24.13 ,24.09 ,24.12 ,24.11 ,23.98 ,23.87 ,23.84 ,23.7 ,23.61 ,23.75 ,23.88 ,23.85 ,23.76 ,23.62 ,23.5 ,23.4 ,23.24 ,23.13 ,23.29 ,23.58 ,23.53 ,23.32 ,23.21 ,23.4 ,23.6 ,23.64 ,23.68 ,23.69 ,23.65 ,23.63 ,23.61 ,23.63 ,23.63 ,23.61 ,23.6 ,23.56 ,23.56 ,23.66 ,23.62 ,23.69 ,23.71 ,23.64 ,23.63 ,23.65 ,23.65 ,23.64 ,23.65 ,23.65 ,23.65 ,23.6 ,23.65 ,23.71 ,23.69 ,23.63 ,23.67 ,23.69 ,23.68 ,23.7 ,23.73 ,23.73 ,23.87 ,23.88 ,23.91 ,24.02 ,24.01 ,23.91 ,23.92 ,23.96 ,23.95 ,23.94 ,24.04 ,24.06 ,24.02 ,23.99 ,24 ,24 ,23.95 ,24.04 ,24.07 ,23.99 ,23.97 ,23.93 ,23.9 ,24.06 ,24.05 ,23.97 ,23.89 ,24.03 ,24.04 ,24.02 ,24.03 ,23.93 ,23.9 ,23.96 ,24.03 ,23.98 ,24.01 ,23.98 ,24.01 ,24 ,23.98 ,23.92 ,23.96 ,24.04 ,24.07 ,23.98 ,23.93 ,23.96 ,23.93 ,23.95 ,24.01 ,23.94 ,23.95 ,24 ,23.93 ,23.93 ,23.95 ,23.95 ,23.98 ,23.93 ,23.99 ,23.99 ,24.05 ,23.98 ,23.96 ,23.89 ,23.83 ,23.71 ,23.67 ,23.74 ,23.66 ,23.62 ,23.64 ,23.67 ,23.69 ,23.79 ,23.83 ,23.88 ,23.95 ,23.88 ,23.87 ,23.94 ,23.92 ,23.89 ,23.9 ,23.9 ,23.91 ,23.91 ,23.87 ,23.86 ,23.83 ,23.81 ,23.82 ,23.89 ,23.86 ,23.85 ,23.87 ,23.87 ,23.91 ,23.87 ,23.83 ,23.86 ,23.86 ,23.86 ,23.84 ,23.84 ,23.83 ,23.8 ,23.74 ,23.58 ,23.62 ,23.68 ,23.69 ,23.58 ,23.55 ,23.58 ,23.6 ,23.66 ,23.64 ,23.65 ,23.52 ,23.58 ,23.58 ,23.58 ,23.5 ,23.64 ,23.68 ,23.64 ,23.73 ,23.79 ,23.82 ,23.8 ,23.83 ,23.77 ,23.77 ,23.85 ,23.78 ,23.77 ,23.78 ,23.86 ,23.94 ,23.96 ,23.73 ,23.76 ,23.77 ,23.81 ,23.86 ,23.87 ,23.81 ,23.84 ,23.79 ,23.85 ,23.86 ,23.82 ,23.82 ,23.9 ,23.79 ,23.82 ,23.81 ,23.83 ,23.79 ,23.8 ,23.83 ,23.83 ,23.83 ,23.89 ,23.9 ,23.77 ,23.82 ,23.78 ,23.8 ,23.89 ,23.84 ,23.79 ,23.82 ,23.82 ,23.79 ,23.75 ,23.88 ,23.86 ,23.82 ,23.71 ,23.81 ,23.81 ,23.79 ,23.88 ,23.79 ,23.67 ,23.65 ,23.77 ,23.86 ,23.71 ,23.73 ,23.71 ,23.71 ,23.71 ,23.72 ,23.71 ,23.71 ,23.61 ,23.64 ,23.74 ,23.72 ,23.67 ,23.64 ,23.69 ,23.58 ,23.46 ,23.55 ,23.61 ,23.51 ,23.44 ,23.41 ,23.43 ,23.43 ,23.49 ,23.44 ,23.44 ,23.47 ,23.39 ,23.45 ,23.37 ,23.35 ,23.32 ,23.3 ,23.37 ,23.43 ,23.41 ,23.32 ,23.3 ,23.25 ,23.17 ,23.22 ,23.32 ,23.33 ,23.31 ,23.17 ,23.15 ,23.31 ,23.42 ,23.42 ,23.4 ,23.39 ,23.35 ,23.33 ,23.39 ,23.36 ,23.28 ,23.38 ,23.37 ,23.41 ,23.33 ,23.32 ,23.34 ,23.38 ,23.35 ,23.31 ,23.38 ,23.41 ,23.34 ,23.33 ,23.36 ,23.37 ,23.27 ,23.2 ,23.21 ,23.28 ,23.34 ,23.35 ,23.33 ,23.35 ,23.36 ,23.34 ,23.3 ,23.32 ,23.3 ,23.26 ,23.19 ,23.12 ,23.19 ,23.11 ,23.05 ,23.05 ,23.08 ,23 ,23.05 ,23.09 ,23.22 ,23.22 ,23.22 ,23.25 ,23.28 ,23.22 ,23.25 ,23.22 ,23.2 ,23.26 ,23.18 ,23.25 ,23.25 ,23.14 ,23.17 ,23.18 ,23.21 ,23.21 ,23.15 ,
303,23.33 ,23.28 ,23.31 ,23.41 ,23.35 ,23.37 ,23.5 ,23.47 ,23.42 ,23.4 ,23.38 ,23.3 ,23.34 ,23.27 ,23.23 ,23.22 ,23.19 ,23.38 ,23.31 ,23.25 ,23.27 ,23.19 ,23.28 ,23.37 ,23.37 ,23.34 ,23.3 ,23.37 ,23.21 ,23.31 ,23.47 ,23.45 ,23.5 ,23.58 ,23.61 ,23.63 ,23.59 ,23.5 ,23.57 ,23.55 ,23.56 ,23.54 ,23.57 ,23.57 ,23.62 ,23.6 ,23.62 ,23.59 ,23.51 ,23.62 ,23.57 ,23.58 ,23.54 ,23.53 ,23.56 ,23.58 ,23.54 ,23.62 ,23.64 ,23.59 ,23.65 ,23.64 ,23.64 ,23.63 ,23.75 ,23.62 ,23.67 ,23.65 ,23.55 ,23.58 ,23.61 ,23.64 ,23.72 ,23.61 ,23.57 ,23.6 ,23.63 ,23.67 ,23.67 ,23.55 ,23.59 ,23.59 ,23.59 ,23.58 ,23.68 ,23.68 ,23.72 ,23.71 ,23.65 ,23.64 ,23.58 ,23.65 ,23.71 ,23.73 ,23.65 ,23.63 ,23.62 ,23.65 ,23.65 ,23.59 ,23.52 ,23.61 ,23.63 ,23.65 ,23.71 ,23.71 ,23.66 ,23.6 ,23.7 ,23.58 ,23.65 ,23.62 ,23.69 ,23.66 ,23.58 ,23.6 ,23.58 ,23.57 ,23.55 ,23.61 ,23.52 ,23.5 ,23.45 ,23.41 ,23.49 ,23.52 ,23.44 ,23.54 ,23.53 ,23.53 ,23.56 ,23.58 ,23.48 ,23.5 ,23.6 ,23.74 ,23.81 ,23.81 ,23.84 ,23.91 ,23.84 ,23.79 ,23.82 ,23.82 ,23.74 ,23.82 ,23.72 ,23.78 ,23.75 ,23.75 ,23.81 ,23.78 ,23.75 ,23.72 ,23.8 ,23.77 ,23.73 ,23.76 ,23.74 ,23.79 ,23.84 ,23.88 ,23.84 ,23.83 ,23.86 ,23.87 ,23.82 ,23.77 ,23.78 ,23.82 ,23.74 ,23.72 ,23.78 ,23.76 ,23.79 ,23.82 ,23.81 ,23.84 ,23.86 ,23.82 ,23.82 ,23.89 ,23.86 ,23.78 ,23.77 ,23.82 ,23.81 ,23.78 ,23.87 ,23.92 ,23.87 ,23.8 ,23.92 ,23.88 ,23.79 ,23.75 ,23.8 ,23.89 ,23.8 ,23.73 ,23.84 ,23.92 ,23.84 ,23.78 ,23.88 ,23.83 ,23.78 ,23.72 ,23.67 ,23.7 ,23.7 ,23.7 ,23.66 ,23.67 ,23.78 ,23.83 ,23.84 ,23.79 ,23.76 ,23.76 ,23.83 ,23.76 ,23.76 ,23.84 ,23.87 ,23.9 ,23.86 ,23.91 ,23.91 ,23.85 ,23.84 ,23.83 ,23.8 ,23.77 ,23.79 ,23.87 ,23.87 ,23.86 ,23.85 ,23.85 ,23.82 ,23.83 ,23.79 ,23.69 ,23.75 ,23.62 ,23.58 ,23.67 ,23.55 ,23.58 ,23.6 ,23.48 ,23.53 ,23.58 ,23.58 ,23.58 ,23.62 ,23.63 ,23.56 ,23.59 ,23.63 ,23.65 ,23.66 ,23.6 ,23.62 ,23.65 ,23.56 ,23.63 ,23.7 ,23.64 ,23.49 ,23.62 ,23.72 ,23.93 ,24.11 ,24.02 ,23.98 ,24.12 ,24.02 ,23.92 ,23.75 ,23.67 ,23.63 ,23.63 ,23.79 ,23.76 ,23.64 ,23.52 ,23.54 ,23.44 ,23.27 ,23.18 ,23.32 ,23.52 ,23.47 ,23.25 ,23.24 ,23.39 ,23.59 ,23.68 ,23.72 ,23.67 ,23.64 ,23.63 ,23.53 ,23.57 ,23.66 ,23.68 ,23.6 ,23.57 ,23.6 ,23.66 ,23.64 ,23.66 ,23.66 ,23.61 ,23.6 ,23.64 ,23.64 ,23.63 ,23.64 ,23.69 ,23.63 ,23.59 ,23.61 ,23.66 ,23.68 ,23.69 ,23.74 ,23.73 ,23.78 ,23.81 ,23.82 ,23.8 ,23.93 ,23.97 ,23.97 ,24.03 ,24.01 ,23.95 ,23.94 ,23.88 ,23.91 ,24 ,23.96 ,24.08 ,24.04 ,24 ,24.03 ,24.01 ,23.99 ,23.99 ,23.98 ,23.92 ,23.96 ,23.99 ,23.94 ,23.94 ,23.99 ,24.01 ,23.99 ,24.03 ,24.06 ,24.02 ,24.05 ,23.97 ,23.99 ,23.99 ,24.02 ,24 ,23.94 ,23.95 ,24 ,24.04 ,23.91 ,23.9 ,23.97 ,24.01 ,24.01 ,24.02 ,23.95 ,23.93 ,23.95 ,23.92 ,23.97 ,24.03 ,24 ,24 ,23.9 ,23.86 ,24.02 ,23.93 ,23.94 ,23.93 ,23.94 ,24.02 ,23.98 ,23.99 ,23.94 ,23.81 ,23.75 ,23.77 ,23.61 ,23.63 ,23.65 ,23.59 ,23.69 ,23.7 ,23.83 ,23.93 ,23.89 ,23.86 ,23.84 ,23.84 ,23.91 ,24.02 ,24 ,23.87 ,23.91 ,23.93 ,23.85 ,23.9 ,23.82 ,23.82 ,23.76 ,23.84 ,23.89 ,23.88 ,23.8 ,23.82 ,23.92 ,23.87 ,23.85 ,23.86 ,23.85 ,23.82 ,23.91 ,23.97 ,23.87 ,23.84 ,23.78 ,23.64 ,23.65 ,23.63 ,23.62 ,23.69 ,23.65 ,23.61 ,23.53 ,23.54 ,23.53 ,23.64 ,23.63 ,23.63 ,23.54 ,23.58 ,23.62 ,23.63 ,23.59 ,23.65 ,23.76 ,23.78 ,23.77 ,23.88 ,23.89 ,23.84 ,23.84 ,23.79 ,23.77 ,23.76 ,23.67 ,23.78 ,23.78 ,23.8 ,23.89 ,23.89 ,23.84 ,23.81 ,23.86 ,23.9 ,23.83 ,23.9 ,23.84 ,23.85 ,23.81 ,23.84 ,23.88 ,23.79 ,23.82 ,23.83 ,23.73 ,23.8 ,23.87 ,23.82 ,23.77 ,23.8 ,23.87 ,23.76 ,23.79 ,23.88 ,23.86 ,23.77 ,23.76 ,23.79 ,23.9 ,23.92 ,23.87 ,23.83 ,23.79 ,23.74 ,23.75 ,23.78 ,23.8 ,23.81 ,23.8 ,23.68 ,23.71 ,23.71 ,23.75 ,23.83 ,23.8 ,23.71 ,23.68 ,23.7 ,23.81 ,23.7 ,23.69 ,23.73 ,23.79 ,23.74 ,23.72 ,23.7 ,23.65 ,23.68 ,23.59 ,23.74 ,23.76 ,23.69 ,23.65 ,23.66 ,23.59 ,23.55 ,23.58 ,23.64 ,23.54 ,23.48 ,23.4 ,23.4 ,23.42 ,23.48 ,23.49 ,23.38 ,23.44 ,23.43 ,23.46 ,23.34 ,23.3 ,23.33 ,23.3 ,23.37 ,23.35 ,23.4 ,23.34 ,23.35 ,23.33 ,23.15 ,23.17 ,23.26 ,23.29 ,23.26 ,23.16 ,23.21 ,23.34 ,23.32 ,23.37 ,23.33 ,23.25 ,23.38 ,23.37 ,23.44 ,23.38 ,23.32 ,23.43 ,23.41 ,23.36 ,23.41 ,23.28 ,23.28 ,23.4 ,23.32 ,23.36 ,23.39 ,23.39 ,23.31 ,23.37 ,23.36 ,23.42 ,23.42 ,23.37 ,23.31 ,23.19 ,23.33 ,23.4 ,23.24 ,23.23 ,23.33 ,23.27 ,23.27 ,23.28 ,23.33 ,23.24 ,23.17 ,23.19 ,23.2 ,23.13 ,22.99 ,23.1 ,23.1 ,23.07 ,23.1 ,23.03 ,23.15 ,23.25 ,23.23 ,23.24 ,23.22 ,23.09 ,23.13 ,23.16 ,23.31 ,23.2 ,23.2 ,23.22 ,23.24 ,23.21 ,23.2 ,23.3 ,23.23 ,23.27 ,23.2 ,
304,23.29 ,23.29 ,23.39 ,23.4 ,23.35 ,23.39 ,23.49 ,23.55 ,23.47 ,23.51 ,23.44 ,23.42 ,23.35 ,23.35 ,23.28 ,23.24 ,23.24 ,23.36 ,23.31 ,23.29 ,23.26 ,23.24 ,23.37 ,23.4 ,23.35 ,23.38 ,23.3 ,23.32 ,23.32 ,23.43 ,23.44 ,23.46 ,23.47 ,23.57 ,23.59 ,23.57 ,23.56 ,23.54 ,23.52 ,23.46 ,23.55 ,23.49 ,23.6 ,23.59 ,23.63 ,23.71 ,23.63 ,23.55 ,23.54 ,23.57 ,23.47 ,23.58 ,23.61 ,23.6 ,23.56 ,23.59 ,23.61 ,23.59 ,23.56 ,23.54 ,23.66 ,23.63 ,23.68 ,23.69 ,23.68 ,23.61 ,23.72 ,23.72 ,23.6 ,23.59 ,23.58 ,23.69 ,23.69 ,23.69 ,23.61 ,23.61 ,23.68 ,23.64 ,23.52 ,23.55 ,23.66 ,23.61 ,23.62 ,23.64 ,23.71 ,23.77 ,23.68 ,23.63 ,23.59 ,23.6 ,23.68 ,23.7 ,23.71 ,23.75 ,23.64 ,23.67 ,23.63 ,23.65 ,23.67 ,23.66 ,23.66 ,23.59 ,23.62 ,23.63 ,23.66 ,23.68 ,23.72 ,23.62 ,23.65 ,23.64 ,23.58 ,23.67 ,23.7 ,23.7 ,23.55 ,23.6 ,23.62 ,23.62 ,23.54 ,23.61 ,23.59 ,23.56 ,23.49 ,23.45 ,23.45 ,23.51 ,23.46 ,23.5 ,23.55 ,23.5 ,23.56 ,23.54 ,23.51 ,23.52 ,23.59 ,23.69 ,23.77 ,23.83 ,23.85 ,23.84 ,23.76 ,23.77 ,23.85 ,23.82 ,23.79 ,23.78 ,23.8 ,23.75 ,23.81 ,23.82 ,23.9 ,23.86 ,23.8 ,23.73 ,23.8 ,23.75 ,23.69 ,23.73 ,23.74 ,23.8 ,23.77 ,23.81 ,23.83 ,23.86 ,23.88 ,23.84 ,23.78 ,23.78 ,23.76 ,23.84 ,23.84 ,23.86 ,23.86 ,23.84 ,23.81 ,23.78 ,23.77 ,23.81 ,23.9 ,23.91 ,23.8 ,23.85 ,23.89 ,23.78 ,23.79 ,23.79 ,23.83 ,23.82 ,23.81 ,23.86 ,23.91 ,23.88 ,23.88 ,23.87 ,23.78 ,23.77 ,23.76 ,23.78 ,23.89 ,23.87 ,23.92 ,23.86 ,23.8 ,23.81 ,23.86 ,23.9 ,23.77 ,23.73 ,23.69 ,23.74 ,23.72 ,23.74 ,23.67 ,23.65 ,23.69 ,23.81 ,23.84 ,23.84 ,23.83 ,23.74 ,23.83 ,23.86 ,23.87 ,23.83 ,23.86 ,23.86 ,23.78 ,23.84 ,23.92 ,23.89 ,23.83 ,23.84 ,23.83 ,23.77 ,23.81 ,23.86 ,23.82 ,23.89 ,23.83 ,23.84 ,23.89 ,23.96 ,23.95 ,23.81 ,23.8 ,23.76 ,23.67 ,23.66 ,23.61 ,23.59 ,23.59 ,23.55 ,23.59 ,23.59 ,23.61 ,23.65 ,23.7 ,23.66 ,23.62 ,23.56 ,23.62 ,23.64 ,23.68 ,23.67 ,23.69 ,23.69 ,23.6 ,23.61 ,23.56 ,23.49 ,23.42 ,23.57 ,23.78 ,23.99 ,24.1 ,24.17 ,24.05 ,24.02 ,24.04 ,23.89 ,23.75 ,23.68 ,23.68 ,23.66 ,23.79 ,23.73 ,23.61 ,23.54 ,23.49 ,23.43 ,23.27 ,23.25 ,23.38 ,23.47 ,23.35 ,23.35 ,23.45 ,23.63 ,23.65 ,23.69 ,23.66 ,23.62 ,23.58 ,23.65 ,23.6 ,23.61 ,23.64 ,23.68 ,23.65 ,23.66 ,23.64 ,23.74 ,23.65 ,23.6 ,23.64 ,23.62 ,23.57 ,23.64 ,23.67 ,23.67 ,23.6 ,23.66 ,23.71 ,23.66 ,23.64 ,23.66 ,23.73 ,23.76 ,23.83 ,23.83 ,23.88 ,23.89 ,23.88 ,23.82 ,23.94 ,23.96 ,23.92 ,24.07 ,24.09 ,24.04 ,23.98 ,23.97 ,23.97 ,23.99 ,24.04 ,23.97 ,24 ,24.04 ,23.99 ,23.95 ,23.95 ,24.02 ,23.97 ,23.98 ,23.93 ,23.95 ,23.99 ,23.96 ,23.92 ,23.98 ,23.94 ,23.98 ,24.06 ,24.06 ,24.01 ,24.03 ,23.99 ,24.01 ,23.98 ,24.02 ,23.99 ,23.87 ,23.98 ,24.06 ,23.96 ,23.94 ,23.99 ,23.96 ,23.97 ,24 ,24 ,23.96 ,23.98 ,24.06 ,23.97 ,23.99 ,24.02 ,23.98 ,23.95 ,23.99 ,24.02 ,23.94 ,23.97 ,23.99 ,23.91 ,23.93 ,23.93 ,23.89 ,23.84 ,23.82 ,23.74 ,23.76 ,23.62 ,23.57 ,23.72 ,23.61 ,23.63 ,23.75 ,23.93 ,24.03 ,23.96 ,23.86 ,23.87 ,23.93 ,23.89 ,23.98 ,24.01 ,23.91 ,23.85 ,23.93 ,23.94 ,23.98 ,23.86 ,23.87 ,23.82 ,23.9 ,23.85 ,23.85 ,23.82 ,23.79 ,23.85 ,23.82 ,23.81 ,23.86 ,23.91 ,23.86 ,23.89 ,23.91 ,23.81 ,23.78 ,23.68 ,23.57 ,23.63 ,23.64 ,23.61 ,23.66 ,23.56 ,23.63 ,23.66 ,23.65 ,23.59 ,23.66 ,23.7 ,23.66 ,23.62 ,23.64 ,23.59 ,23.65 ,23.7 ,23.7 ,23.77 ,23.82 ,23.84 ,23.89 ,23.94 ,23.87 ,23.85 ,23.83 ,23.81 ,23.76 ,23.68 ,23.76 ,23.87 ,23.82 ,23.82 ,23.79 ,23.77 ,23.86 ,23.85 ,23.93 ,23.89 ,23.89 ,23.81 ,23.82 ,23.83 ,23.8 ,23.85 ,23.85 ,23.81 ,23.79 ,23.73 ,23.73 ,23.76 ,23.79 ,23.72 ,23.79 ,23.86 ,23.78 ,23.78 ,23.88 ,23.84 ,23.76 ,23.75 ,23.78 ,23.8 ,23.88 ,23.9 ,23.83 ,23.82 ,23.78 ,23.82 ,23.73 ,23.69 ,23.75 ,23.78 ,23.72 ,23.68 ,23.69 ,23.79 ,23.75 ,23.74 ,23.71 ,23.65 ,23.65 ,23.75 ,23.71 ,23.66 ,23.73 ,23.73 ,23.73 ,23.62 ,23.64 ,23.68 ,23.68 ,23.68 ,23.71 ,23.83 ,23.68 ,23.67 ,23.69 ,23.63 ,23.57 ,23.68 ,23.67 ,23.57 ,23.52 ,23.38 ,23.42 ,23.5 ,23.44 ,23.44 ,23.44 ,23.45 ,23.47 ,23.53 ,23.44 ,23.34 ,23.37 ,23.32 ,23.36 ,23.35 ,23.34 ,23.36 ,23.34 ,23.42 ,23.27 ,23.23 ,23.28 ,23.32 ,23.14 ,23.21 ,23.33 ,23.37 ,23.37 ,23.39 ,23.33 ,23.24 ,23.32 ,23.38 ,23.46 ,23.31 ,23.28 ,23.44 ,23.44 ,23.39 ,23.41 ,23.31 ,23.32 ,23.33 ,23.27 ,23.36 ,23.42 ,23.35 ,23.36 ,23.4 ,23.31 ,23.35 ,23.38 ,23.39 ,23.29 ,23.24 ,23.26 ,23.32 ,23.27 ,23.23 ,23.31 ,23.29 ,23.25 ,23.25 ,23.36 ,23.41 ,23.18 ,23.15 ,23.2 ,23.17 ,23.16 ,23.21 ,23.18 ,23.17 ,23.16 ,23.15 ,23.19 ,23.19 ,23.18 ,23.26 ,23.25 ,23.17 ,23.15 ,23.09 ,23.2 ,23.24 ,23.31 ,23.36 ,23.21 ,23.19 ,23.15 ,23.31 ,23.27 ,23.19 ,23.19 ,
305,23.36 ,23.34 ,23.34 ,23.4 ,23.37 ,23.48 ,23.58 ,23.6 ,23.53 ,23.52 ,23.49 ,23.48 ,23.41 ,23.34 ,23.3 ,23.36 ,23.26 ,23.26 ,23.32 ,23.36 ,23.3 ,23.24 ,23.3 ,23.4 ,23.35 ,23.4 ,23.32 ,23.33 ,23.4 ,23.53 ,23.59 ,23.55 ,23.52 ,23.57 ,23.58 ,23.6 ,23.55 ,23.58 ,23.49 ,23.5 ,23.53 ,23.59 ,23.62 ,23.53 ,23.63 ,23.74 ,23.67 ,23.59 ,23.59 ,23.62 ,23.54 ,23.58 ,23.61 ,23.62 ,23.53 ,23.56 ,23.6 ,23.61 ,23.65 ,23.66 ,23.69 ,23.67 ,23.7 ,23.62 ,23.69 ,23.71 ,23.78 ,23.73 ,23.65 ,23.6 ,23.6 ,23.67 ,23.71 ,23.67 ,23.63 ,23.54 ,23.69 ,23.64 ,23.52 ,23.56 ,23.66 ,23.6 ,23.58 ,23.6 ,23.71 ,23.72 ,23.65 ,23.59 ,23.6 ,23.6 ,23.69 ,23.71 ,23.66 ,23.65 ,23.63 ,23.65 ,23.63 ,23.63 ,23.66 ,23.71 ,23.7 ,23.68 ,23.61 ,23.64 ,23.71 ,23.66 ,23.63 ,23.68 ,23.68 ,23.66 ,23.65 ,23.65 ,23.63 ,23.66 ,23.6 ,23.52 ,23.63 ,23.67 ,23.59 ,23.6 ,23.58 ,23.56 ,23.54 ,23.62 ,23.51 ,23.51 ,23.43 ,23.5 ,23.54 ,23.54 ,23.53 ,23.51 ,23.5 ,23.62 ,23.65 ,23.64 ,23.74 ,23.78 ,23.84 ,23.9 ,23.73 ,23.72 ,23.79 ,23.76 ,23.8 ,23.85 ,23.9 ,23.76 ,23.78 ,23.87 ,23.86 ,23.82 ,23.83 ,23.76 ,23.8 ,23.81 ,23.7 ,23.73 ,23.8 ,23.81 ,23.8 ,23.77 ,23.8 ,23.81 ,23.79 ,23.85 ,23.83 ,23.81 ,23.82 ,23.83 ,23.83 ,23.87 ,23.86 ,23.84 ,23.89 ,23.85 ,23.77 ,23.81 ,23.83 ,23.87 ,23.89 ,23.87 ,23.9 ,23.82 ,23.76 ,23.77 ,23.87 ,23.85 ,23.83 ,23.85 ,23.88 ,23.9 ,23.82 ,23.77 ,23.82 ,23.81 ,23.76 ,23.76 ,23.82 ,23.87 ,23.87 ,23.89 ,23.8 ,23.89 ,23.85 ,23.91 ,23.79 ,23.62 ,23.67 ,23.76 ,23.75 ,23.74 ,23.73 ,23.7 ,23.75 ,23.85 ,23.88 ,23.84 ,23.83 ,23.75 ,23.81 ,23.87 ,23.88 ,23.86 ,23.86 ,23.89 ,23.83 ,23.82 ,23.91 ,23.92 ,23.8 ,23.79 ,23.85 ,23.77 ,23.84 ,23.84 ,23.82 ,23.83 ,23.88 ,23.84 ,23.83 ,23.94 ,24.02 ,23.88 ,23.85 ,23.82 ,23.79 ,23.71 ,23.71 ,23.65 ,23.65 ,23.6 ,23.64 ,23.65 ,23.64 ,23.71 ,23.66 ,23.63 ,23.57 ,23.54 ,23.6 ,23.7 ,23.7 ,23.74 ,23.67 ,23.65 ,23.58 ,23.52 ,23.46 ,23.41 ,23.37 ,23.49 ,23.66 ,24.01 ,24.1 ,24.13 ,24.12 ,24.06 ,23.97 ,23.83 ,23.63 ,23.75 ,23.79 ,23.76 ,23.88 ,23.7 ,23.56 ,23.51 ,23.49 ,23.46 ,23.36 ,23.34 ,23.35 ,23.39 ,23.25 ,23.45 ,23.59 ,23.72 ,23.68 ,23.68 ,23.71 ,23.69 ,23.61 ,23.66 ,23.72 ,23.62 ,23.67 ,23.72 ,23.63 ,23.6 ,23.6 ,23.72 ,23.7 ,23.66 ,23.6 ,23.71 ,23.7 ,23.64 ,23.65 ,23.72 ,23.66 ,23.61 ,23.7 ,23.79 ,23.78 ,23.73 ,23.84 ,23.85 ,23.86 ,23.94 ,23.98 ,23.99 ,23.98 ,23.94 ,23.99 ,23.92 ,23.91 ,23.96 ,24.01 ,24.02 ,23.96 ,23.98 ,23.95 ,23.99 ,23.95 ,23.92 ,23.96 ,24.05 ,24.1 ,23.98 ,23.97 ,24.04 ,24.05 ,24.05 ,23.94 ,23.86 ,23.99 ,23.99 ,23.96 ,23.97 ,23.98 ,23.96 ,24.02 ,24.03 ,24.01 ,23.92 ,23.96 ,23.95 ,23.95 ,23.98 ,24.01 ,23.91 ,24.02 ,24.01 ,23.97 ,23.97 ,23.98 ,23.98 ,23.98 ,24.01 ,23.96 ,23.94 ,23.96 ,24.1 ,24.02 ,24 ,23.97 ,24 ,24 ,23.93 ,24 ,23.94 ,23.96 ,23.98 ,23.94 ,23.86 ,23.93 ,23.83 ,23.78 ,23.75 ,23.71 ,23.65 ,23.59 ,23.65 ,23.71 ,23.66 ,23.73 ,23.83 ,23.9 ,24.01 ,24.03 ,23.94 ,23.88 ,23.98 ,23.93 ,23.93 ,23.95 ,23.84 ,23.82 ,23.91 ,23.94 ,23.85 ,23.87 ,23.87 ,23.9 ,23.93 ,23.9 ,23.9 ,23.89 ,23.91 ,23.88 ,23.83 ,23.86 ,23.9 ,23.89 ,23.88 ,23.82 ,23.84 ,23.86 ,23.78 ,23.71 ,23.68 ,23.6 ,23.62 ,23.63 ,23.67 ,23.62 ,23.58 ,23.66 ,23.71 ,23.59 ,23.62 ,23.68 ,23.57 ,23.59 ,23.62 ,23.63 ,23.7 ,23.69 ,23.74 ,23.74 ,23.82 ,23.78 ,23.76 ,23.87 ,23.9 ,23.88 ,23.8 ,23.81 ,23.81 ,23.84 ,23.8 ,23.86 ,23.92 ,23.87 ,23.85 ,23.84 ,23.76 ,23.77 ,23.84 ,23.9 ,23.86 ,23.8 ,23.85 ,23.86 ,23.78 ,23.82 ,23.91 ,23.89 ,23.81 ,23.83 ,23.81 ,23.77 ,23.85 ,23.79 ,23.8 ,23.8 ,23.75 ,23.78 ,23.95 ,23.86 ,23.75 ,23.84 ,23.78 ,23.75 ,23.74 ,23.78 ,23.77 ,23.78 ,23.8 ,23.82 ,23.79 ,23.7 ,23.84 ,23.76 ,23.74 ,23.72 ,23.79 ,23.83 ,23.73 ,23.67 ,23.74 ,23.71 ,23.62 ,23.65 ,23.71 ,23.71 ,23.63 ,23.67 ,23.79 ,23.62 ,23.63 ,23.71 ,23.76 ,23.7 ,23.64 ,23.8 ,23.72 ,23.67 ,23.67 ,23.6 ,23.65 ,23.71 ,23.61 ,23.5 ,23.49 ,23.36 ,23.45 ,23.52 ,23.51 ,23.4 ,23.45 ,23.49 ,23.4 ,23.43 ,23.36 ,23.32 ,23.34 ,23.32 ,23.35 ,23.36 ,23.32 ,23.29 ,23.21 ,23.34 ,23.3 ,23.25 ,23.32 ,23.32 ,23.25 ,23.17 ,23.3 ,23.34 ,23.32 ,23.43 ,23.39 ,23.35 ,23.32 ,23.34 ,23.37 ,23.29 ,23.27 ,23.33 ,23.31 ,23.32 ,23.39 ,23.36 ,23.35 ,23.3 ,23.3 ,23.34 ,23.42 ,23.37 ,23.38 ,23.37 ,23.33 ,23.28 ,23.26 ,23.35 ,23.33 ,23.24 ,23.25 ,23.33 ,23.32 ,23.29 ,23.3 ,23.31 ,23.28 ,23.2 ,23.3 ,23.35 ,23.24 ,23.17 ,23.14 ,23.15 ,23.12 ,23.1 ,23.18 ,23.21 ,23.21 ,23.21 ,23.26 ,23.27 ,23.19 ,23.07 ,23.24 ,23.23 ,23.25 ,23.19 ,23.17 ,23.31 ,23.44 ,23.42 ,23.28 ,23.19 ,23.13 ,23.26 ,23.28 ,23.25 ,23.27 ,
306,23.32 ,23.33 ,23.36 ,23.37 ,23.35 ,23.5 ,23.6 ,23.57 ,23.57 ,23.51 ,23.47 ,23.45 ,23.5 ,23.27 ,23.24 ,23.33 ,23.35 ,23.27 ,23.36 ,23.44 ,23.29 ,23.25 ,23.31 ,23.29 ,23.41 ,23.38 ,23.38 ,23.32 ,23.33 ,23.49 ,23.63 ,23.48 ,23.49 ,23.53 ,23.51 ,23.48 ,23.5 ,23.54 ,23.5 ,23.51 ,23.58 ,23.53 ,23.56 ,23.51 ,23.57 ,23.64 ,23.55 ,23.56 ,23.56 ,23.66 ,23.56 ,23.61 ,23.62 ,23.52 ,23.52 ,23.58 ,23.64 ,23.64 ,23.61 ,23.68 ,23.64 ,23.57 ,23.63 ,23.58 ,23.65 ,23.64 ,23.71 ,23.69 ,23.64 ,23.61 ,23.57 ,23.63 ,23.67 ,23.66 ,23.56 ,23.58 ,23.63 ,23.59 ,23.55 ,23.66 ,23.7 ,23.61 ,23.63 ,23.64 ,23.74 ,23.67 ,23.66 ,23.59 ,23.54 ,23.62 ,23.61 ,23.63 ,23.66 ,23.67 ,23.63 ,23.68 ,23.7 ,23.63 ,23.67 ,23.74 ,23.66 ,23.59 ,23.6 ,23.63 ,23.69 ,23.64 ,23.66 ,23.68 ,23.72 ,23.66 ,23.67 ,23.77 ,23.7 ,23.65 ,23.62 ,23.64 ,23.64 ,23.63 ,23.6 ,23.58 ,23.58 ,23.6 ,23.55 ,23.61 ,23.58 ,23.49 ,23.51 ,23.5 ,23.46 ,23.5 ,23.48 ,23.48 ,23.45 ,23.51 ,23.62 ,23.61 ,23.64 ,23.73 ,23.76 ,23.79 ,23.76 ,23.74 ,23.76 ,23.75 ,23.78 ,23.83 ,23.85 ,23.81 ,23.77 ,23.89 ,23.87 ,23.69 ,23.76 ,23.77 ,23.75 ,23.75 ,23.74 ,23.77 ,23.71 ,23.77 ,23.8 ,23.8 ,23.81 ,23.77 ,23.76 ,23.8 ,23.76 ,23.78 ,23.82 ,23.85 ,23.83 ,23.8 ,23.8 ,23.84 ,23.88 ,23.87 ,23.8 ,23.76 ,23.78 ,23.78 ,23.87 ,23.84 ,23.81 ,23.85 ,23.76 ,23.77 ,23.81 ,23.77 ,23.75 ,23.75 ,23.82 ,23.93 ,23.85 ,23.78 ,23.84 ,23.84 ,23.86 ,23.87 ,23.87 ,23.82 ,23.82 ,23.88 ,23.89 ,23.84 ,23.81 ,23.77 ,23.78 ,23.68 ,23.64 ,23.78 ,23.74 ,23.71 ,23.72 ,23.72 ,23.76 ,23.78 ,23.87 ,23.8 ,23.79 ,23.82 ,23.81 ,23.83 ,23.86 ,23.88 ,23.91 ,23.92 ,23.88 ,23.91 ,23.89 ,23.86 ,23.81 ,23.85 ,23.93 ,23.81 ,23.87 ,23.94 ,23.85 ,23.84 ,23.92 ,23.93 ,23.88 ,23.93 ,23.97 ,23.81 ,23.83 ,23.91 ,23.83 ,23.74 ,23.74 ,23.68 ,23.66 ,23.69 ,23.68 ,23.63 ,23.7 ,23.73 ,23.63 ,23.6 ,23.53 ,23.52 ,23.59 ,23.64 ,23.68 ,23.68 ,23.72 ,23.67 ,23.61 ,23.5 ,23.45 ,23.44 ,23.38 ,23.46 ,23.65 ,24.03 ,24.12 ,24.04 ,24.08 ,24.07 ,23.96 ,23.81 ,23.72 ,23.8 ,23.95 ,23.87 ,23.88 ,23.76 ,23.58 ,23.61 ,23.58 ,23.54 ,23.45 ,23.4 ,23.28 ,23.25 ,23.27 ,23.48 ,23.63 ,23.7 ,23.7 ,23.64 ,23.71 ,23.71 ,23.64 ,23.58 ,23.68 ,23.66 ,23.67 ,23.64 ,23.63 ,23.59 ,23.62 ,23.72 ,23.67 ,23.66 ,23.66 ,23.66 ,23.74 ,23.67 ,23.59 ,23.72 ,23.73 ,23.69 ,23.76 ,23.78 ,23.83 ,23.86 ,23.92 ,23.9 ,23.9 ,23.93 ,23.96 ,23.97 ,24 ,23.98 ,24.05 ,24.03 ,23.96 ,23.95 ,23.98 ,23.91 ,24.02 ,23.96 ,23.93 ,24.03 ,23.93 ,23.96 ,24.04 ,24.02 ,24.02 ,24 ,23.94 ,23.97 ,23.99 ,23.99 ,24.02 ,23.97 ,23.96 ,24.03 ,24 ,23.96 ,23.99 ,24.03 ,24.05 ,24.02 ,24.01 ,23.95 ,23.9 ,23.95 ,23.93 ,23.99 ,24.02 ,24 ,24.04 ,23.99 ,24 ,23.96 ,23.99 ,23.98 ,24.02 ,23.97 ,23.95 ,24.01 ,24.05 ,24.02 ,23.99 ,23.96 ,23.94 ,23.98 ,23.99 ,23.92 ,23.96 ,23.97 ,24 ,23.94 ,23.93 ,23.91 ,23.9 ,23.87 ,23.76 ,23.69 ,23.62 ,23.63 ,23.54 ,23.66 ,23.76 ,23.75 ,23.81 ,23.93 ,23.92 ,23.94 ,24.01 ,23.9 ,23.85 ,23.92 ,24 ,23.93 ,23.91 ,23.84 ,23.77 ,23.92 ,23.9 ,23.79 ,23.81 ,23.91 ,23.8 ,23.83 ,23.86 ,23.89 ,23.92 ,23.88 ,23.93 ,23.81 ,23.8 ,23.85 ,23.91 ,23.88 ,23.84 ,23.79 ,23.74 ,23.67 ,23.65 ,23.61 ,23.61 ,23.57 ,23.63 ,23.72 ,23.65 ,23.54 ,23.53 ,23.67 ,23.62 ,23.55 ,23.67 ,23.57 ,23.63 ,23.66 ,23.63 ,23.7 ,23.71 ,23.72 ,23.7 ,23.75 ,23.8 ,23.76 ,23.76 ,23.82 ,23.87 ,23.82 ,23.78 ,23.8 ,23.83 ,23.84 ,23.84 ,23.9 ,23.9 ,23.88 ,23.85 ,23.84 ,23.78 ,23.85 ,23.87 ,23.87 ,23.83 ,23.81 ,23.78 ,23.8 ,23.82 ,23.85 ,23.84 ,23.82 ,23.85 ,23.9 ,23.85 ,23.9 ,23.79 ,23.78 ,23.8 ,23.82 ,23.86 ,23.89 ,23.9 ,23.79 ,23.88 ,23.81 ,23.78 ,23.83 ,23.86 ,23.83 ,23.77 ,23.74 ,23.81 ,23.84 ,23.77 ,23.85 ,23.86 ,23.76 ,23.73 ,23.78 ,23.73 ,23.75 ,23.71 ,23.69 ,23.71 ,23.69 ,23.66 ,23.67 ,23.71 ,23.66 ,23.68 ,23.8 ,23.63 ,23.56 ,23.67 ,23.7 ,23.69 ,23.62 ,23.72 ,23.73 ,23.62 ,23.61 ,23.6 ,23.62 ,23.61 ,23.57 ,23.45 ,23.51 ,23.39 ,23.47 ,23.53 ,23.43 ,23.32 ,23.32 ,23.35 ,23.32 ,23.28 ,23.27 ,23.24 ,23.3 ,23.28 ,23.35 ,23.31 ,23.31 ,23.29 ,23.16 ,23.26 ,23.28 ,23.25 ,23.25 ,23.31 ,23.28 ,23.13 ,23.18 ,23.26 ,23.28 ,23.29 ,23.32 ,23.37 ,23.34 ,23.29 ,23.29 ,23.28 ,23.2 ,23.29 ,23.29 ,23.3 ,23.35 ,23.33 ,23.33 ,23.33 ,23.3 ,23.36 ,23.36 ,23.38 ,23.36 ,23.44 ,23.36 ,23.36 ,23.31 ,23.3 ,23.37 ,23.3 ,23.29 ,23.32 ,23.37 ,23.38 ,23.34 ,23.32 ,23.29 ,23.21 ,23.29 ,23.27 ,23.24 ,23.22 ,23.12 ,23.11 ,23.12 ,23.07 ,23.14 ,23.15 ,23.13 ,23.16 ,23.23 ,23.27 ,23.26 ,23.17 ,23.22 ,23.21 ,23.32 ,23.25 ,23.17 ,23.22 ,23.34 ,23.32 ,23.35 ,23.29 ,23.21 ,23.27 ,23.35 ,23.23 ,23.24 ,
307,23.36 ,23.34 ,23.47 ,23.5 ,23.37 ,23.51 ,23.61 ,23.65 ,23.6 ,23.53 ,23.46 ,23.44 ,23.52 ,23.38 ,23.27 ,23.36 ,23.32 ,23.35 ,23.29 ,23.36 ,23.26 ,23.3 ,23.27 ,23.27 ,23.33 ,23.35 ,23.33 ,23.33 ,23.31 ,23.43 ,23.58 ,23.51 ,23.57 ,23.56 ,23.52 ,23.49 ,23.44 ,23.49 ,23.49 ,23.52 ,23.59 ,23.57 ,23.51 ,23.57 ,23.53 ,23.61 ,23.59 ,23.52 ,23.58 ,23.6 ,23.6 ,23.64 ,23.73 ,23.61 ,23.47 ,23.6 ,23.66 ,23.64 ,23.55 ,23.64 ,23.59 ,23.57 ,23.66 ,23.61 ,23.6 ,23.58 ,23.73 ,23.71 ,23.66 ,23.67 ,23.64 ,23.63 ,23.65 ,23.69 ,23.65 ,23.62 ,23.55 ,23.59 ,23.57 ,23.63 ,23.73 ,23.64 ,23.64 ,23.66 ,23.71 ,23.69 ,23.66 ,23.71 ,23.59 ,23.55 ,23.58 ,23.62 ,23.64 ,23.71 ,23.65 ,23.66 ,23.72 ,23.68 ,23.68 ,23.59 ,23.61 ,23.63 ,23.61 ,23.61 ,23.7 ,23.67 ,23.71 ,23.71 ,23.7 ,23.68 ,23.63 ,23.7 ,23.74 ,23.67 ,23.6 ,23.62 ,23.63 ,23.63 ,23.59 ,23.64 ,23.58 ,23.62 ,23.59 ,23.62 ,23.63 ,23.53 ,23.47 ,23.55 ,23.47 ,23.44 ,23.44 ,23.44 ,23.4 ,23.5 ,23.56 ,23.61 ,23.6 ,23.69 ,23.77 ,23.74 ,23.7 ,23.72 ,23.78 ,23.75 ,23.75 ,23.82 ,23.8 ,23.73 ,23.78 ,23.83 ,23.82 ,23.76 ,23.75 ,23.79 ,23.81 ,23.79 ,23.77 ,23.75 ,23.78 ,23.86 ,23.86 ,23.84 ,23.87 ,23.78 ,23.77 ,23.83 ,23.78 ,23.7 ,23.74 ,23.87 ,23.89 ,23.84 ,23.83 ,23.86 ,23.89 ,23.83 ,23.79 ,23.76 ,23.77 ,23.82 ,23.9 ,23.88 ,23.84 ,23.83 ,23.75 ,23.74 ,23.81 ,23.69 ,23.76 ,23.78 ,23.82 ,23.87 ,23.87 ,23.83 ,23.85 ,23.86 ,23.81 ,23.85 ,23.85 ,23.83 ,23.76 ,23.84 ,23.87 ,23.83 ,23.77 ,23.8 ,23.76 ,23.72 ,23.66 ,23.72 ,23.75 ,23.72 ,23.74 ,23.74 ,23.77 ,23.78 ,23.86 ,23.91 ,23.82 ,23.9 ,23.91 ,23.83 ,23.81 ,23.91 ,23.89 ,23.86 ,23.93 ,23.9 ,23.86 ,23.86 ,23.86 ,23.83 ,23.9 ,23.91 ,23.84 ,23.97 ,23.96 ,23.93 ,23.9 ,23.93 ,23.9 ,23.96 ,24 ,23.84 ,23.84 ,23.92 ,23.86 ,23.73 ,23.62 ,23.57 ,23.69 ,23.8 ,23.84 ,23.77 ,23.72 ,23.78 ,23.69 ,23.65 ,23.6 ,23.61 ,23.58 ,23.65 ,23.66 ,23.6 ,23.66 ,23.71 ,23.65 ,23.53 ,23.52 ,23.44 ,23.45 ,23.54 ,23.7 ,24.01 ,24.04 ,23.95 ,23.86 ,23.95 ,23.86 ,23.95 ,24 ,24 ,24 ,23.93 ,23.85 ,23.73 ,23.64 ,23.55 ,23.59 ,23.58 ,23.54 ,23.36 ,23.3 ,23.18 ,23.26 ,23.56 ,23.66 ,23.69 ,23.72 ,23.69 ,23.65 ,23.65 ,23.64 ,23.61 ,23.59 ,23.65 ,23.61 ,23.66 ,23.65 ,23.62 ,23.61 ,23.72 ,23.71 ,23.65 ,23.66 ,23.69 ,23.74 ,23.79 ,23.83 ,23.81 ,23.78 ,23.9 ,23.98 ,23.92 ,23.91 ,23.87 ,23.9 ,23.93 ,23.95 ,23.91 ,24.04 ,24 ,23.99 ,23.99 ,24.08 ,24.04 ,23.99 ,23.99 ,23.96 ,23.94 ,24.01 ,23.99 ,23.93 ,23.99 ,23.94 ,23.94 ,23.99 ,24.02 ,24.04 ,24.01 ,23.94 ,23.97 ,23.92 ,23.95 ,23.99 ,24 ,23.91 ,23.96 ,23.94 ,23.89 ,23.96 ,24.04 ,24.04 ,24.01 ,24 ,23.99 ,23.97 ,24.02 ,23.96 ,24 ,24.05 ,24.06 ,24.12 ,24.06 ,23.95 ,23.96 ,23.94 ,23.97 ,24.03 ,23.96 ,23.96 ,23.95 ,23.99 ,24.04 ,24 ,23.96 ,23.94 ,23.92 ,23.97 ,23.93 ,23.93 ,24.02 ,23.97 ,23.85 ,23.77 ,23.81 ,23.83 ,23.79 ,23.81 ,23.66 ,23.62 ,23.72 ,23.65 ,23.72 ,23.84 ,23.82 ,23.77 ,23.91 ,23.91 ,23.91 ,23.96 ,23.85 ,23.77 ,23.84 ,23.97 ,23.95 ,23.94 ,23.94 ,23.93 ,23.88 ,23.86 ,23.86 ,23.87 ,23.86 ,23.84 ,23.81 ,23.85 ,23.83 ,23.83 ,23.9 ,23.9 ,23.9 ,23.86 ,23.77 ,23.87 ,23.88 ,23.82 ,23.77 ,23.66 ,23.63 ,23.57 ,23.53 ,23.64 ,23.66 ,23.64 ,23.74 ,23.63 ,23.5 ,23.49 ,23.56 ,23.56 ,23.65 ,23.69 ,23.61 ,23.63 ,23.66 ,23.61 ,23.7 ,23.82 ,23.79 ,23.64 ,23.71 ,23.74 ,23.8 ,23.76 ,23.85 ,23.85 ,23.79 ,23.83 ,23.85 ,23.87 ,23.86 ,23.81 ,23.86 ,23.88 ,23.85 ,23.8 ,23.84 ,23.85 ,23.86 ,23.87 ,23.85 ,23.83 ,23.84 ,23.78 ,23.81 ,23.82 ,23.84 ,23.82 ,23.83 ,23.8 ,23.83 ,23.88 ,23.92 ,23.83 ,23.8 ,23.9 ,23.9 ,23.9 ,23.87 ,23.89 ,23.81 ,23.91 ,23.79 ,23.81 ,23.85 ,23.82 ,23.88 ,23.78 ,23.7 ,23.69 ,23.68 ,23.74 ,23.78 ,23.84 ,23.75 ,23.71 ,23.68 ,23.65 ,23.7 ,23.72 ,23.74 ,23.72 ,23.73 ,23.86 ,23.66 ,23.64 ,23.69 ,23.72 ,23.71 ,23.67 ,23.61 ,23.57 ,23.65 ,23.7 ,23.66 ,23.65 ,23.75 ,23.68 ,23.6 ,23.6 ,23.64 ,23.68 ,23.63 ,23.53 ,23.47 ,23.41 ,23.42 ,23.48 ,23.36 ,23.32 ,23.36 ,23.35 ,23.28 ,23.34 ,23.35 ,23.34 ,23.34 ,23.3 ,23.33 ,23.31 ,23.21 ,23.24 ,23.22 ,23.29 ,23.26 ,23.3 ,23.34 ,23.3 ,23.28 ,23.15 ,23.04 ,23.28 ,23.4 ,23.34 ,23.38 ,23.34 ,23.34 ,23.39 ,23.29 ,23.32 ,23.29 ,23.31 ,23.32 ,23.32 ,23.39 ,23.31 ,23.3 ,23.32 ,23.29 ,23.3 ,23.31 ,23.35 ,23.39 ,23.35 ,23.32 ,23.3 ,23.3 ,23.3 ,23.34 ,23.33 ,23.37 ,23.32 ,23.35 ,23.39 ,23.39 ,23.36 ,23.29 ,23.28 ,23.35 ,23.16 ,23.19 ,23.18 ,23.14 ,23.17 ,23.22 ,23.14 ,23.08 ,23.01 ,23.11 ,23.12 ,23.1 ,23.21 ,23.18 ,23.19 ,23.26 ,23.12 ,23.25 ,23.25 ,23.2 ,23.2 ,23.28 ,23.32 ,23.37 ,23.21 ,23.26 ,23.29 ,23.28 ,23.19 ,23.1 ,
308,23.39 ,23.35 ,23.5 ,23.61 ,23.47 ,23.54 ,23.62 ,23.6 ,23.6 ,23.6 ,23.44 ,23.49 ,23.45 ,23.33 ,23.28 ,23.34 ,23.33 ,23.35 ,23.39 ,23.23 ,23.32 ,23.32 ,23.35 ,23.34 ,23.37 ,23.32 ,23.32 ,23.37 ,23.33 ,23.38 ,23.55 ,23.55 ,23.54 ,23.6 ,23.63 ,23.57 ,23.55 ,23.53 ,23.47 ,23.55 ,23.51 ,23.51 ,23.55 ,23.59 ,23.58 ,23.59 ,23.61 ,23.57 ,23.55 ,23.55 ,23.55 ,23.68 ,23.74 ,23.61 ,23.62 ,23.59 ,23.64 ,23.65 ,23.57 ,23.56 ,23.67 ,23.54 ,23.57 ,23.68 ,23.6 ,23.57 ,23.73 ,23.68 ,23.63 ,23.62 ,23.69 ,23.73 ,23.7 ,23.69 ,23.64 ,23.64 ,23.64 ,23.56 ,23.58 ,23.67 ,23.74 ,23.63 ,23.61 ,23.65 ,23.74 ,23.58 ,23.61 ,23.64 ,23.68 ,23.61 ,23.57 ,23.66 ,23.73 ,23.73 ,23.66 ,23.64 ,23.73 ,23.71 ,23.76 ,23.56 ,23.55 ,23.72 ,23.62 ,23.69 ,23.71 ,23.71 ,23.69 ,23.68 ,23.69 ,23.62 ,23.55 ,23.65 ,23.68 ,23.61 ,23.62 ,23.61 ,23.6 ,23.62 ,23.62 ,23.64 ,23.63 ,23.66 ,23.6 ,23.59 ,23.63 ,23.52 ,23.49 ,23.55 ,23.55 ,23.48 ,23.41 ,23.53 ,23.56 ,23.57 ,23.59 ,23.59 ,23.58 ,23.64 ,23.69 ,23.7 ,23.76 ,23.71 ,23.7 ,23.82 ,23.76 ,23.82 ,23.8 ,23.75 ,23.74 ,23.8 ,23.8 ,23.78 ,23.81 ,23.81 ,23.8 ,23.86 ,23.82 ,23.77 ,23.82 ,23.83 ,23.88 ,23.86 ,23.85 ,23.78 ,23.77 ,23.82 ,23.86 ,23.79 ,23.75 ,23.82 ,23.87 ,23.82 ,23.82 ,23.89 ,23.94 ,23.88 ,23.83 ,23.84 ,23.82 ,23.82 ,23.88 ,23.85 ,23.77 ,23.82 ,23.75 ,23.75 ,23.86 ,23.75 ,23.8 ,23.87 ,23.86 ,23.8 ,23.78 ,23.87 ,23.83 ,23.8 ,23.81 ,23.81 ,23.86 ,23.84 ,23.79 ,23.87 ,23.86 ,23.8 ,23.83 ,23.87 ,23.76 ,23.67 ,23.68 ,23.74 ,23.71 ,23.76 ,23.82 ,23.79 ,23.74 ,23.85 ,23.93 ,23.92 ,23.91 ,23.84 ,23.97 ,23.91 ,23.78 ,23.8 ,23.9 ,23.86 ,23.85 ,23.94 ,23.87 ,23.89 ,23.87 ,23.81 ,23.87 ,23.92 ,23.79 ,23.87 ,23.99 ,23.93 ,23.85 ,23.86 ,23.89 ,23.89 ,23.99 ,23.9 ,23.87 ,23.85 ,23.83 ,23.67 ,23.59 ,23.61 ,23.78 ,23.85 ,23.81 ,23.84 ,23.86 ,23.91 ,23.85 ,23.78 ,23.75 ,23.74 ,23.75 ,23.74 ,23.82 ,23.76 ,23.67 ,23.72 ,23.7 ,23.56 ,23.6 ,23.55 ,23.5 ,23.55 ,23.71 ,23.99 ,23.93 ,23.83 ,23.67 ,23.75 ,23.87 ,23.96 ,24.05 ,24 ,23.99 ,23.95 ,23.78 ,23.72 ,23.7 ,23.53 ,23.55 ,23.64 ,23.63 ,23.37 ,23.23 ,23.26 ,23.46 ,23.7 ,23.69 ,23.62 ,23.69 ,23.72 ,23.65 ,23.63 ,23.6 ,23.61 ,23.6 ,23.58 ,23.62 ,23.67 ,23.7 ,23.66 ,23.69 ,23.76 ,23.73 ,23.75 ,23.74 ,23.77 ,23.84 ,23.91 ,23.97 ,23.96 ,23.84 ,23.94 ,24.03 ,23.99 ,24.01 ,23.97 ,24.01 ,24.04 ,24 ,23.93 ,24.02 ,24.02 ,23.95 ,24.02 ,24.08 ,24.03 ,23.98 ,24.03 ,24.02 ,23.95 ,23.98 ,23.96 ,23.93 ,24.02 ,24.05 ,24 ,23.98 ,23.96 ,24.02 ,24.06 ,24.02 ,24.03 ,23.99 ,23.99 ,23.98 ,23.99 ,23.92 ,23.98 ,24.01 ,23.93 ,23.98 ,24.02 ,24.02 ,24.02 ,24.05 ,23.94 ,23.92 ,24.01 ,24.05 ,24.02 ,24.07 ,24.02 ,24.11 ,24.08 ,24.01 ,23.99 ,23.94 ,24 ,24.02 ,23.98 ,23.93 ,23.97 ,24 ,24.03 ,24.01 ,24.04 ,24.03 ,24.01 ,23.99 ,23.95 ,23.89 ,23.93 ,23.95 ,23.8 ,23.83 ,23.77 ,23.75 ,23.8 ,23.75 ,23.68 ,23.63 ,23.72 ,23.7 ,23.74 ,23.86 ,23.85 ,23.86 ,23.89 ,23.89 ,23.92 ,23.91 ,23.89 ,23.86 ,23.86 ,23.9 ,23.89 ,23.95 ,23.91 ,23.95 ,23.99 ,23.86 ,23.91 ,23.92 ,23.86 ,23.81 ,23.88 ,23.81 ,23.81 ,23.81 ,23.84 ,23.95 ,23.94 ,23.87 ,23.78 ,23.8 ,23.87 ,23.8 ,23.73 ,23.62 ,23.67 ,23.63 ,23.58 ,23.62 ,23.64 ,23.71 ,23.73 ,23.62 ,23.55 ,23.59 ,23.54 ,23.53 ,23.58 ,23.65 ,23.56 ,23.55 ,23.65 ,23.65 ,23.72 ,23.72 ,23.8 ,23.7 ,23.72 ,23.76 ,23.8 ,23.83 ,23.75 ,23.84 ,23.85 ,23.83 ,23.8 ,23.82 ,23.81 ,23.8 ,23.87 ,23.88 ,23.86 ,23.85 ,23.84 ,23.75 ,23.85 ,23.88 ,23.87 ,23.92 ,23.88 ,23.77 ,23.87 ,23.87 ,23.87 ,23.82 ,23.87 ,23.79 ,23.85 ,23.92 ,23.93 ,23.83 ,23.79 ,23.82 ,23.85 ,23.84 ,23.85 ,23.83 ,23.75 ,23.85 ,23.85 ,23.78 ,23.82 ,23.87 ,23.85 ,23.91 ,23.79 ,23.72 ,23.65 ,23.77 ,23.8 ,23.72 ,23.69 ,23.77 ,23.79 ,23.72 ,23.73 ,23.79 ,23.83 ,23.76 ,23.75 ,23.82 ,23.73 ,23.72 ,23.66 ,23.69 ,23.68 ,23.66 ,23.56 ,23.63 ,23.7 ,23.7 ,23.64 ,23.76 ,23.72 ,23.66 ,23.58 ,23.63 ,23.65 ,23.73 ,23.74 ,23.57 ,23.48 ,23.44 ,23.41 ,23.37 ,23.35 ,23.33 ,23.4 ,23.44 ,23.34 ,23.41 ,23.46 ,23.38 ,23.42 ,23.33 ,23.35 ,23.4 ,23.29 ,23.29 ,23.28 ,23.29 ,23.22 ,23.39 ,23.41 ,23.42 ,23.32 ,23.19 ,23.07 ,23.25 ,23.42 ,23.37 ,23.41 ,23.45 ,23.3 ,23.33 ,23.34 ,23.22 ,23.36 ,23.39 ,23.35 ,23.39 ,23.45 ,23.37 ,23.29 ,23.33 ,23.27 ,23.25 ,23.33 ,23.25 ,23.33 ,23.28 ,23.38 ,23.32 ,23.34 ,23.4 ,23.34 ,23.21 ,23.31 ,23.34 ,23.27 ,23.4 ,23.31 ,23.29 ,23.24 ,23.2 ,23.27 ,23.19 ,23.14 ,23.26 ,23.2 ,23.2 ,23.25 ,23.17 ,23.22 ,23.13 ,23.2 ,23.18 ,23.2 ,23.19 ,23.18 ,23.26 ,23.23 ,23.22 ,23.28 ,23.19 ,23.19 ,23.29 ,23.34 ,23.39 ,23.33 ,23.28 ,23.33 ,23.36 ,23.25 ,23.2 ,23.18 ,
309,23.46 ,23.43 ,23.56 ,23.62 ,23.56 ,23.47 ,23.61 ,23.61 ,23.53 ,23.61 ,23.42 ,23.47 ,23.43 ,23.22 ,23.21 ,23.28 ,23.37 ,23.38 ,23.45 ,23.35 ,23.24 ,23.34 ,23.31 ,23.34 ,23.39 ,23.39 ,23.37 ,23.36 ,23.45 ,23.41 ,23.49 ,23.49 ,23.57 ,23.6 ,23.65 ,23.55 ,23.6 ,23.57 ,23.55 ,23.56 ,23.56 ,23.49 ,23.59 ,23.61 ,23.63 ,23.62 ,23.55 ,23.55 ,23.56 ,23.53 ,23.57 ,23.66 ,23.63 ,23.57 ,23.63 ,23.61 ,23.65 ,23.64 ,23.6 ,23.61 ,23.57 ,23.6 ,23.51 ,23.63 ,23.66 ,23.59 ,23.71 ,23.65 ,23.61 ,23.56 ,23.61 ,23.65 ,23.65 ,23.68 ,23.63 ,23.73 ,23.72 ,23.61 ,23.61 ,23.63 ,23.72 ,23.66 ,23.62 ,23.66 ,23.72 ,23.6 ,23.52 ,23.64 ,23.64 ,23.63 ,23.64 ,23.64 ,23.68 ,23.71 ,23.66 ,23.65 ,23.69 ,23.71 ,23.71 ,23.66 ,23.62 ,23.75 ,23.66 ,23.65 ,23.75 ,23.66 ,23.7 ,23.65 ,23.7 ,23.55 ,23.59 ,23.63 ,23.67 ,23.61 ,23.61 ,23.61 ,23.66 ,23.69 ,23.61 ,23.57 ,23.64 ,23.62 ,23.59 ,23.59 ,23.56 ,23.6 ,23.59 ,23.6 ,23.53 ,23.45 ,23.4 ,23.49 ,23.55 ,23.51 ,23.52 ,23.49 ,23.52 ,23.63 ,23.58 ,23.69 ,23.72 ,23.72 ,23.76 ,23.76 ,23.8 ,23.78 ,23.76 ,23.75 ,23.73 ,23.73 ,23.78 ,23.77 ,23.75 ,23.76 ,23.76 ,23.78 ,23.77 ,23.72 ,23.77 ,23.74 ,23.82 ,23.89 ,23.81 ,23.84 ,23.82 ,23.75 ,23.76 ,23.85 ,23.83 ,23.88 ,23.84 ,23.84 ,23.85 ,23.93 ,23.97 ,23.9 ,23.83 ,23.84 ,23.81 ,23.79 ,23.82 ,23.82 ,23.83 ,23.79 ,23.79 ,23.81 ,23.88 ,23.84 ,23.83 ,23.89 ,23.88 ,23.81 ,23.82 ,23.83 ,23.85 ,23.77 ,23.82 ,23.82 ,23.79 ,23.81 ,23.84 ,23.91 ,23.84 ,23.81 ,23.81 ,23.9 ,23.75 ,23.66 ,23.68 ,23.76 ,23.71 ,23.73 ,23.8 ,23.81 ,23.84 ,23.88 ,23.92 ,23.89 ,23.88 ,23.82 ,23.89 ,23.89 ,23.83 ,23.84 ,23.92 ,23.95 ,23.88 ,23.9 ,23.92 ,23.89 ,23.87 ,23.81 ,23.94 ,23.97 ,23.87 ,23.87 ,23.94 ,23.91 ,23.86 ,23.89 ,23.85 ,23.87 ,23.98 ,23.92 ,23.87 ,23.85 ,23.74 ,23.66 ,23.64 ,23.77 ,23.82 ,23.81 ,23.82 ,23.87 ,23.95 ,24.01 ,23.94 ,23.86 ,23.85 ,23.88 ,23.89 ,23.85 ,23.85 ,23.89 ,23.78 ,23.74 ,23.75 ,23.65 ,23.65 ,23.57 ,23.48 ,23.53 ,23.66 ,23.92 ,23.94 ,23.78 ,23.68 ,23.66 ,23.79 ,23.86 ,23.94 ,23.86 ,23.88 ,23.87 ,23.76 ,23.65 ,23.65 ,23.61 ,23.63 ,23.62 ,23.6 ,23.43 ,23.23 ,23.34 ,23.62 ,23.83 ,23.7 ,23.65 ,23.67 ,23.74 ,23.7 ,23.6 ,23.62 ,23.67 ,23.68 ,23.67 ,23.73 ,23.7 ,23.77 ,23.75 ,23.78 ,23.83 ,23.9 ,23.97 ,23.92 ,23.83 ,23.87 ,23.99 ,24.03 ,23.95 ,23.91 ,23.99 ,24 ,23.93 ,23.97 ,23.93 ,23.99 ,24.08 ,23.99 ,23.98 ,24.01 ,24.09 ,23.99 ,23.99 ,24.09 ,23.99 ,24.01 ,23.95 ,23.98 ,24.02 ,24.02 ,23.99 ,24.03 ,24.06 ,24.08 ,24.06 ,24.04 ,24.07 ,23.99 ,23.98 ,23.97 ,24.01 ,24.09 ,24.05 ,24.01 ,23.99 ,23.96 ,24.01 ,23.97 ,23.91 ,23.94 ,24 ,24.01 ,23.98 ,24.03 ,23.98 ,23.91 ,23.97 ,24.11 ,24.09 ,23.97 ,23.99 ,24.06 ,24.07 ,24 ,23.98 ,23.91 ,23.94 ,23.98 ,24.04 ,23.97 ,23.98 ,24.02 ,24.08 ,24.02 ,24.02 ,23.97 ,23.96 ,23.98 ,23.95 ,23.88 ,23.85 ,23.87 ,23.83 ,23.77 ,23.72 ,23.75 ,23.74 ,23.67 ,23.65 ,23.61 ,23.76 ,23.82 ,23.88 ,23.95 ,23.93 ,23.9 ,23.9 ,23.88 ,23.94 ,23.94 ,23.89 ,23.89 ,23.96 ,23.86 ,23.82 ,23.87 ,23.91 ,23.87 ,24.01 ,23.93 ,23.87 ,23.87 ,23.88 ,23.85 ,23.84 ,23.8 ,23.81 ,23.84 ,23.85 ,23.8 ,23.8 ,23.79 ,23.81 ,23.8 ,23.83 ,23.84 ,23.74 ,23.63 ,23.62 ,23.67 ,23.63 ,23.72 ,23.65 ,23.63 ,23.63 ,23.65 ,23.62 ,23.56 ,23.67 ,23.56 ,23.57 ,23.56 ,23.62 ,23.66 ,23.75 ,23.73 ,23.76 ,23.74 ,23.73 ,23.8 ,23.81 ,23.75 ,23.84 ,23.87 ,23.84 ,23.81 ,23.83 ,23.78 ,23.78 ,23.77 ,23.82 ,23.81 ,23.87 ,23.79 ,23.8 ,23.84 ,23.84 ,23.78 ,23.86 ,23.85 ,23.87 ,23.86 ,23.89 ,23.78 ,23.84 ,23.88 ,23.85 ,23.83 ,23.81 ,23.81 ,23.86 ,23.94 ,23.96 ,23.86 ,23.83 ,23.82 ,23.81 ,23.8 ,23.86 ,23.85 ,23.78 ,23.84 ,23.85 ,23.89 ,23.86 ,23.84 ,23.86 ,23.92 ,23.88 ,23.8 ,23.74 ,23.76 ,23.82 ,23.67 ,23.7 ,23.8 ,23.8 ,23.87 ,23.73 ,23.84 ,23.79 ,23.69 ,23.74 ,23.77 ,23.72 ,23.74 ,23.65 ,23.59 ,23.64 ,23.72 ,23.65 ,23.58 ,23.68 ,23.72 ,23.67 ,23.74 ,23.67 ,23.68 ,23.55 ,23.64 ,23.59 ,23.54 ,23.59 ,23.53 ,23.46 ,23.33 ,23.42 ,23.44 ,23.45 ,23.39 ,23.37 ,23.37 ,23.36 ,23.44 ,23.43 ,23.39 ,23.34 ,23.27 ,23.36 ,23.36 ,23.38 ,23.31 ,23.28 ,23.38 ,23.25 ,23.27 ,23.43 ,23.51 ,23.37 ,23.16 ,23.21 ,23.2 ,23.33 ,23.44 ,23.36 ,23.36 ,23.35 ,23.37 ,23.41 ,23.29 ,23.19 ,23.33 ,23.36 ,23.39 ,23.36 ,23.3 ,23.31 ,23.38 ,23.32 ,23.29 ,23.33 ,23.32 ,23.34 ,23.39 ,23.35 ,23.4 ,23.36 ,23.33 ,23.33 ,23.27 ,23.36 ,23.36 ,23.35 ,23.21 ,23.37 ,23.3 ,23.19 ,23.17 ,23.35 ,23.22 ,23.19 ,23.15 ,23.27 ,23.24 ,23.16 ,23.18 ,23.27 ,23.27 ,23.16 ,23.12 ,23.18 ,23.28 ,23.18 ,23.29 ,23.29 ,23.24 ,23.32 ,23.24 ,23.24 ,23.29 ,23.3 ,23.41 ,23.32 ,23.3 ,23.32 ,23.33 ,23.29 ,23.25 ,23.15 ,
310,23.34 ,23.33 ,23.39 ,23.57 ,23.56 ,23.46 ,23.59 ,23.54 ,23.56 ,23.57 ,23.46 ,23.42 ,23.46 ,23.29 ,23.23 ,23.31 ,23.35 ,23.42 ,23.5 ,23.39 ,23.27 ,23.27 ,23.37 ,23.33 ,23.39 ,23.4 ,23.41 ,23.3 ,23.38 ,23.45 ,23.55 ,23.5 ,23.52 ,23.6 ,23.61 ,23.55 ,23.6 ,23.67 ,23.66 ,23.66 ,23.6 ,23.56 ,23.54 ,23.59 ,23.62 ,23.63 ,23.57 ,23.61 ,23.65 ,23.61 ,23.55 ,23.55 ,23.62 ,23.55 ,23.61 ,23.58 ,23.62 ,23.55 ,23.55 ,23.63 ,23.52 ,23.53 ,23.66 ,23.71 ,23.66 ,23.61 ,23.65 ,23.55 ,23.56 ,23.57 ,23.57 ,23.61 ,23.66 ,23.56 ,23.57 ,23.69 ,23.75 ,23.68 ,23.63 ,23.6 ,23.68 ,23.62 ,23.62 ,23.59 ,23.68 ,23.69 ,23.6 ,23.61 ,23.56 ,23.58 ,23.63 ,23.55 ,23.59 ,23.63 ,23.6 ,23.65 ,23.66 ,23.58 ,23.63 ,23.72 ,23.7 ,23.69 ,23.65 ,23.6 ,23.65 ,23.66 ,23.67 ,23.68 ,23.67 ,23.58 ,23.58 ,23.63 ,23.66 ,23.64 ,23.58 ,23.62 ,23.64 ,23.61 ,23.66 ,23.62 ,23.65 ,23.6 ,23.59 ,23.64 ,23.53 ,23.55 ,23.57 ,23.52 ,23.48 ,23.4 ,23.41 ,23.49 ,23.4 ,23.45 ,23.49 ,23.54 ,23.45 ,23.5 ,23.58 ,23.69 ,23.67 ,23.72 ,23.84 ,23.77 ,23.82 ,23.84 ,23.81 ,23.8 ,23.78 ,23.81 ,23.85 ,23.81 ,23.8 ,23.81 ,23.79 ,23.85 ,23.81 ,23.79 ,23.74 ,23.81 ,23.79 ,23.86 ,23.79 ,23.73 ,23.86 ,23.78 ,23.67 ,23.76 ,23.77 ,23.88 ,23.9 ,23.81 ,23.8 ,23.91 ,23.92 ,23.84 ,23.81 ,23.83 ,23.84 ,23.79 ,23.78 ,23.77 ,23.8 ,23.76 ,23.83 ,23.83 ,23.75 ,23.76 ,23.8 ,23.81 ,23.84 ,23.87 ,23.82 ,23.85 ,23.83 ,23.78 ,23.84 ,23.88 ,23.81 ,23.74 ,23.85 ,23.88 ,23.89 ,23.83 ,23.72 ,23.85 ,23.73 ,23.63 ,23.73 ,23.75 ,23.67 ,23.63 ,23.69 ,23.83 ,23.91 ,23.84 ,23.86 ,23.92 ,23.91 ,23.81 ,23.82 ,23.8 ,23.78 ,23.79 ,23.89 ,23.91 ,23.86 ,23.83 ,23.81 ,23.85 ,23.82 ,23.8 ,23.96 ,23.94 ,23.87 ,23.91 ,23.86 ,23.94 ,23.88 ,23.85 ,23.92 ,23.99 ,23.98 ,23.91 ,23.91 ,23.81 ,23.7 ,23.67 ,23.73 ,23.83 ,23.86 ,23.82 ,23.91 ,23.93 ,23.96 ,24.03 ,23.97 ,23.84 ,23.81 ,23.89 ,23.92 ,23.83 ,23.84 ,23.9 ,24.01 ,23.93 ,23.89 ,23.85 ,23.83 ,23.75 ,23.65 ,23.66 ,23.71 ,23.93 ,23.93 ,23.9 ,23.89 ,23.81 ,23.79 ,23.77 ,23.85 ,23.77 ,23.72 ,23.8 ,23.73 ,23.61 ,23.63 ,23.7 ,23.74 ,23.76 ,23.53 ,23.33 ,23.24 ,23.48 ,23.75 ,23.91 ,23.83 ,23.77 ,23.74 ,23.73 ,23.79 ,23.74 ,23.8 ,23.8 ,23.82 ,23.78 ,23.8 ,23.9 ,23.85 ,23.9 ,23.91 ,23.94 ,23.91 ,24 ,24.03 ,23.95 ,23.91 ,23.98 ,24.07 ,24 ,23.86 ,23.97 ,24 ,23.97 ,24.04 ,23.98 ,23.98 ,24.01 ,24.03 ,23.96 ,24.05 ,24.02 ,24.02 ,24.01 ,24.03 ,23.9 ,23.93 ,23.92 ,23.9 ,23.98 ,24.05 ,24.02 ,24.05 ,24.11 ,24.1 ,24.04 ,23.98 ,24.06 ,24.01 ,23.95 ,23.94 ,23.96 ,24.04 ,24.07 ,24.04 ,24.03 ,24 ,23.97 ,23.94 ,23.95 ,24 ,24.03 ,24 ,23.96 ,24.02 ,23.98 ,23.9 ,23.95 ,23.97 ,24.02 ,24.05 ,24 ,24.03 ,24.06 ,23.99 ,24 ,23.96 ,23.97 ,23.96 ,23.94 ,24 ,23.91 ,23.92 ,23.99 ,24.03 ,24 ,23.97 ,23.9 ,23.9 ,23.92 ,23.93 ,23.89 ,23.84 ,23.79 ,23.72 ,23.66 ,23.72 ,23.72 ,23.67 ,23.62 ,23.67 ,23.76 ,23.83 ,23.97 ,24.01 ,23.96 ,23.87 ,23.9 ,23.91 ,23.96 ,23.95 ,23.93 ,23.87 ,23.9 ,23.95 ,23.9 ,23.89 ,23.92 ,23.9 ,23.89 ,23.92 ,23.88 ,23.87 ,23.88 ,23.83 ,23.86 ,23.87 ,23.87 ,23.88 ,23.86 ,23.83 ,23.82 ,23.81 ,23.81 ,23.83 ,23.72 ,23.78 ,23.75 ,23.68 ,23.7 ,23.6 ,23.66 ,23.63 ,23.65 ,23.65 ,23.65 ,23.63 ,23.61 ,23.55 ,23.57 ,23.58 ,23.56 ,23.64 ,23.65 ,23.67 ,23.79 ,23.78 ,23.78 ,23.8 ,23.77 ,23.78 ,23.85 ,23.85 ,23.86 ,23.87 ,23.85 ,23.78 ,23.76 ,23.76 ,23.75 ,23.71 ,23.81 ,23.81 ,23.89 ,23.86 ,23.79 ,23.79 ,23.82 ,23.78 ,23.86 ,23.88 ,23.88 ,23.85 ,23.9 ,23.82 ,23.81 ,23.87 ,23.86 ,23.84 ,23.84 ,23.82 ,23.8 ,23.88 ,23.92 ,23.83 ,23.82 ,23.86 ,23.85 ,23.81 ,23.88 ,23.85 ,23.87 ,23.89 ,23.82 ,23.86 ,23.9 ,23.87 ,23.84 ,23.87 ,23.82 ,23.79 ,23.77 ,23.77 ,23.85 ,23.74 ,23.85 ,23.84 ,23.76 ,23.84 ,23.84 ,23.84 ,23.79 ,23.68 ,23.7 ,23.8 ,23.71 ,23.68 ,23.65 ,23.62 ,23.66 ,23.75 ,23.67 ,23.62 ,23.68 ,23.78 ,23.7 ,23.67 ,23.61 ,23.64 ,23.63 ,23.59 ,23.66 ,23.55 ,23.57 ,23.59 ,23.5 ,23.32 ,23.47 ,23.39 ,23.39 ,23.37 ,23.29 ,23.3 ,23.29 ,23.38 ,23.31 ,23.24 ,23.27 ,23.22 ,23.3 ,23.31 ,23.34 ,23.28 ,23.26 ,23.27 ,23.24 ,23.31 ,23.41 ,23.5 ,23.3 ,23.21 ,23.19 ,23.3 ,23.21 ,23.38 ,23.34 ,23.32 ,23.35 ,23.42 ,23.38 ,23.33 ,23.26 ,23.3 ,23.42 ,23.35 ,23.36 ,23.25 ,23.28 ,23.41 ,23.32 ,23.26 ,23.33 ,23.4 ,23.43 ,23.4 ,23.31 ,23.34 ,23.28 ,23.21 ,23.28 ,23.32 ,23.34 ,23.31 ,23.31 ,23.16 ,23.25 ,23.42 ,23.32 ,23.24 ,23.32 ,23.26 ,23.24 ,23.15 ,23.2 ,23.27 ,23.21 ,23.17 ,23.26 ,23.19 ,23.07 ,23.13 ,23.24 ,23.35 ,23.26 ,23.19 ,23.29 ,23.21 ,23.27 ,23.27 ,23.17 ,23.26 ,23.27 ,23.3 ,23.38 ,23.26 ,23.18 ,23.32 ,23.33 ,23.24 ,23.22 ,
311,23.38 ,23.34 ,23.38 ,23.38 ,23.49 ,23.54 ,23.59 ,23.53 ,23.51 ,23.59 ,23.42 ,23.34 ,23.41 ,23.25 ,23.25 ,23.27 ,23.33 ,23.43 ,23.47 ,23.42 ,23.32 ,23.28 ,23.39 ,23.35 ,23.3 ,23.38 ,23.47 ,23.4 ,23.35 ,23.45 ,23.53 ,23.57 ,23.57 ,23.62 ,23.63 ,23.63 ,23.62 ,23.68 ,23.68 ,23.63 ,23.64 ,23.59 ,23.59 ,23.53 ,23.61 ,23.6 ,23.59 ,23.63 ,23.66 ,23.65 ,23.53 ,23.48 ,23.63 ,23.63 ,23.63 ,23.64 ,23.6 ,23.61 ,23.57 ,23.62 ,23.57 ,23.56 ,23.64 ,23.63 ,23.67 ,23.69 ,23.68 ,23.58 ,23.57 ,23.59 ,23.64 ,23.69 ,23.69 ,23.56 ,23.57 ,23.7 ,23.73 ,23.66 ,23.57 ,23.6 ,23.73 ,23.73 ,23.55 ,23.53 ,23.63 ,23.63 ,23.59 ,23.62 ,23.56 ,23.57 ,23.66 ,23.62 ,23.58 ,23.64 ,23.5 ,23.68 ,23.64 ,23.51 ,23.55 ,23.6 ,23.71 ,23.72 ,23.63 ,23.58 ,23.66 ,23.7 ,23.77 ,23.7 ,23.58 ,23.57 ,23.65 ,23.66 ,23.64 ,23.65 ,23.62 ,23.66 ,23.61 ,23.62 ,23.69 ,23.66 ,23.64 ,23.63 ,23.58 ,23.62 ,23.56 ,23.46 ,23.44 ,23.43 ,23.52 ,23.49 ,23.47 ,23.54 ,23.5 ,23.52 ,23.5 ,23.57 ,23.52 ,23.46 ,23.52 ,23.59 ,23.63 ,23.68 ,23.74 ,23.73 ,23.79 ,23.83 ,23.85 ,23.9 ,23.89 ,23.83 ,23.83 ,23.83 ,23.83 ,23.78 ,23.79 ,23.85 ,23.83 ,23.81 ,23.87 ,23.88 ,23.82 ,23.83 ,23.84 ,23.86 ,23.81 ,23.81 ,23.73 ,23.78 ,23.79 ,23.88 ,23.91 ,23.82 ,23.74 ,23.82 ,23.86 ,23.82 ,23.8 ,23.9 ,23.85 ,23.77 ,23.76 ,23.79 ,23.75 ,23.75 ,23.84 ,23.86 ,23.78 ,23.74 ,23.77 ,23.82 ,23.78 ,23.81 ,23.84 ,23.92 ,23.88 ,23.84 ,23.81 ,23.87 ,23.86 ,23.8 ,23.89 ,23.86 ,23.93 ,23.89 ,23.77 ,23.8 ,23.68 ,23.62 ,23.69 ,23.72 ,23.65 ,23.66 ,23.74 ,23.76 ,23.8 ,23.77 ,23.79 ,23.91 ,23.92 ,23.82 ,23.81 ,23.81 ,23.76 ,23.83 ,23.85 ,23.9 ,23.87 ,23.83 ,23.74 ,23.78 ,23.79 ,23.87 ,23.97 ,23.85 ,23.84 ,23.94 ,23.9 ,23.93 ,23.87 ,23.85 ,23.93 ,24.04 ,24 ,23.89 ,23.87 ,23.77 ,23.71 ,23.68 ,23.75 ,23.83 ,23.81 ,23.79 ,23.91 ,24.01 ,23.98 ,23.94 ,23.99 ,23.86 ,23.86 ,23.88 ,23.97 ,23.93 ,23.86 ,23.91 ,24.04 ,24.02 ,23.92 ,23.83 ,23.85 ,23.91 ,23.87 ,23.92 ,23.9 ,24.05 ,23.95 ,23.91 ,23.94 ,23.94 ,23.84 ,23.82 ,23.88 ,23.85 ,23.77 ,23.82 ,23.78 ,23.67 ,23.74 ,23.76 ,23.78 ,23.77 ,23.58 ,23.29 ,23.27 ,23.61 ,23.85 ,23.89 ,23.87 ,23.84 ,23.84 ,23.81 ,23.87 ,23.91 ,23.93 ,23.91 ,23.86 ,23.86 ,23.82 ,23.92 ,23.99 ,23.93 ,23.99 ,24.03 ,24.03 ,24.01 ,24.01 ,23.97 ,23.93 ,23.94 ,23.99 ,23.98 ,23.86 ,23.89 ,23.96 ,23.98 ,24.06 ,24.04 ,24.03 ,24 ,23.96 ,24.01 ,24.06 ,24.01 ,23.99 ,23.98 ,23.97 ,23.93 ,23.91 ,24.02 ,23.93 ,23.94 ,24.01 ,24.09 ,24.06 ,24.07 ,24.01 ,24.01 ,23.98 ,24.06 ,24.13 ,24.01 ,23.94 ,23.99 ,24.05 ,24.11 ,24 ,23.96 ,23.98 ,23.98 ,23.98 ,23.93 ,24 ,24.04 ,24.04 ,23.98 ,24.04 ,24 ,23.97 ,23.99 ,23.93 ,23.95 ,24.05 ,23.96 ,23.93 ,24.01 ,23.97 ,23.97 ,23.98 ,24 ,23.97 ,23.92 ,23.94 ,23.98 ,23.91 ,23.98 ,24 ,24.04 ,23.97 ,23.92 ,23.93 ,23.9 ,23.91 ,23.82 ,23.76 ,23.64 ,23.64 ,23.66 ,23.7 ,23.7 ,23.74 ,23.7 ,23.68 ,23.86 ,23.86 ,23.95 ,23.95 ,23.97 ,23.95 ,23.92 ,23.9 ,23.9 ,23.92 ,23.95 ,23.96 ,23.94 ,23.92 ,23.86 ,23.87 ,23.85 ,23.87 ,23.9 ,23.9 ,23.9 ,23.86 ,23.83 ,23.86 ,23.89 ,23.97 ,23.91 ,23.96 ,23.87 ,23.88 ,23.87 ,23.82 ,23.83 ,23.78 ,23.63 ,23.72 ,23.75 ,23.7 ,23.64 ,23.54 ,23.61 ,23.57 ,23.51 ,23.62 ,23.65 ,23.61 ,23.58 ,23.62 ,23.66 ,23.62 ,23.67 ,23.72 ,23.65 ,23.66 ,23.73 ,23.76 ,23.77 ,23.76 ,23.7 ,23.75 ,23.78 ,23.75 ,23.89 ,23.82 ,23.78 ,23.81 ,23.8 ,23.81 ,23.79 ,23.73 ,23.81 ,23.82 ,23.88 ,23.89 ,23.89 ,23.79 ,23.87 ,23.83 ,23.77 ,23.81 ,23.79 ,23.88 ,23.88 ,23.83 ,23.82 ,23.9 ,23.89 ,23.83 ,23.8 ,23.81 ,23.74 ,23.83 ,23.93 ,23.85 ,23.92 ,23.89 ,23.85 ,23.8 ,23.86 ,23.83 ,23.84 ,23.9 ,23.79 ,23.76 ,23.86 ,23.89 ,23.89 ,23.84 ,23.84 ,23.77 ,23.72 ,23.77 ,23.78 ,23.8 ,23.78 ,23.8 ,23.74 ,23.8 ,23.82 ,23.88 ,23.87 ,23.73 ,23.7 ,23.75 ,23.73 ,23.65 ,23.71 ,23.71 ,23.73 ,23.72 ,23.73 ,23.69 ,23.67 ,23.72 ,23.64 ,23.66 ,23.64 ,23.66 ,23.61 ,23.55 ,23.55 ,23.54 ,23.57 ,23.57 ,23.52 ,23.38 ,23.41 ,23.4 ,23.4 ,23.34 ,23.3 ,23.34 ,23.33 ,23.4 ,23.42 ,23.3 ,23.26 ,23.25 ,23.36 ,23.31 ,23.29 ,23.28 ,23.3 ,23.2 ,23.14 ,23.29 ,23.4 ,23.39 ,23.29 ,23.25 ,23.24 ,23.23 ,23.3 ,23.41 ,23.41 ,23.34 ,23.35 ,23.41 ,23.36 ,23.3 ,23.4 ,23.26 ,23.28 ,23.29 ,23.3 ,23.34 ,23.33 ,23.38 ,23.33 ,23.23 ,23.29 ,23.32 ,23.41 ,23.26 ,23.32 ,23.41 ,23.29 ,23.28 ,23.3 ,23.32 ,23.31 ,23.35 ,23.21 ,23.14 ,23.27 ,23.39 ,23.3 ,23.25 ,23.28 ,23.22 ,23.24 ,23.17 ,23.21 ,23.21 ,23.25 ,23.22 ,23.18 ,23.15 ,23.06 ,23.07 ,23.18 ,23.35 ,23.35 ,23.21 ,23.25 ,23.17 ,23.14 ,23.28 ,23.33 ,23.25 ,23.42 ,23.3 ,23.3 ,23.22 ,23.14 ,23.22 ,23.28 ,23.21 ,23.14 ,
312,23.4 ,23.38 ,23.45 ,23.41 ,23.48 ,23.47 ,23.59 ,23.56 ,23.51 ,23.5 ,23.37 ,23.33 ,23.3 ,23.24 ,23.26 ,23.31 ,23.28 ,23.36 ,23.37 ,23.33 ,23.27 ,23.31 ,23.34 ,23.35 ,23.33 ,23.42 ,23.46 ,23.43 ,23.38 ,23.42 ,23.47 ,23.52 ,23.52 ,23.56 ,23.5 ,23.58 ,23.63 ,23.62 ,23.55 ,23.55 ,23.62 ,23.67 ,23.67 ,23.59 ,23.52 ,23.54 ,23.57 ,23.56 ,23.61 ,23.64 ,23.57 ,23.52 ,23.63 ,23.65 ,23.67 ,23.63 ,23.6 ,23.59 ,23.67 ,23.7 ,23.64 ,23.61 ,23.6 ,23.6 ,23.59 ,23.67 ,23.7 ,23.69 ,23.62 ,23.56 ,23.66 ,23.64 ,23.65 ,23.57 ,23.59 ,23.69 ,23.7 ,23.55 ,23.51 ,23.51 ,23.63 ,23.7 ,23.63 ,23.58 ,23.59 ,23.58 ,23.63 ,23.66 ,23.66 ,23.62 ,23.64 ,23.72 ,23.7 ,23.67 ,23.54 ,23.66 ,23.66 ,23.55 ,23.61 ,23.67 ,23.69 ,23.67 ,23.72 ,23.64 ,23.7 ,23.7 ,23.68 ,23.62 ,23.6 ,23.58 ,23.66 ,23.72 ,23.64 ,23.65 ,23.67 ,23.61 ,23.59 ,23.59 ,23.67 ,23.65 ,23.59 ,23.59 ,23.52 ,23.58 ,23.63 ,23.58 ,23.54 ,23.47 ,23.45 ,23.46 ,23.47 ,23.51 ,23.49 ,23.53 ,23.5 ,23.43 ,23.53 ,23.49 ,23.5 ,23.58 ,23.57 ,23.62 ,23.69 ,23.78 ,23.81 ,23.79 ,23.74 ,23.81 ,23.79 ,23.81 ,23.85 ,23.81 ,23.79 ,23.82 ,23.81 ,23.8 ,23.84 ,23.8 ,23.85 ,23.89 ,23.77 ,23.78 ,23.85 ,23.92 ,23.83 ,23.8 ,23.77 ,23.83 ,23.79 ,23.82 ,23.8 ,23.73 ,23.74 ,23.79 ,23.79 ,23.82 ,23.81 ,23.84 ,23.87 ,23.78 ,23.78 ,23.79 ,23.81 ,23.77 ,23.86 ,23.85 ,23.8 ,23.77 ,23.72 ,23.76 ,23.85 ,23.82 ,23.84 ,23.86 ,23.9 ,23.84 ,23.84 ,23.91 ,23.84 ,23.78 ,23.86 ,23.88 ,23.82 ,23.81 ,23.82 ,23.83 ,23.64 ,23.68 ,23.73 ,23.71 ,23.67 ,23.66 ,23.72 ,23.8 ,23.74 ,23.74 ,23.79 ,23.83 ,23.82 ,23.8 ,23.8 ,23.77 ,23.78 ,23.83 ,23.92 ,23.9 ,23.94 ,23.86 ,23.86 ,23.8 ,23.85 ,23.88 ,23.94 ,23.85 ,23.86 ,23.95 ,23.93 ,23.91 ,23.9 ,23.87 ,23.88 ,23.93 ,24 ,23.86 ,23.79 ,23.7 ,23.68 ,23.74 ,23.78 ,23.88 ,23.88 ,23.82 ,23.81 ,23.95 ,24.03 ,23.97 ,23.96 ,24.01 ,23.91 ,23.95 ,23.91 ,24.01 ,24 ,23.93 ,23.95 ,23.93 ,23.9 ,23.9 ,23.86 ,23.92 ,23.94 ,24 ,23.99 ,24.02 ,24 ,23.9 ,23.85 ,23.96 ,23.91 ,23.97 ,24 ,23.94 ,23.85 ,23.88 ,23.95 ,23.84 ,23.84 ,23.83 ,23.77 ,23.74 ,23.56 ,23.31 ,23.46 ,23.8 ,23.97 ,23.9 ,23.96 ,23.96 ,23.92 ,23.9 ,23.95 ,23.98 ,24.04 ,23.98 ,23.95 ,23.93 ,23.92 ,23.93 ,24.04 ,24 ,24 ,24.08 ,24.11 ,24.11 ,24.07 ,23.98 ,24 ,24.04 ,24.03 ,23.97 ,23.96 ,24.03 ,24.03 ,23.98 ,24.01 ,24 ,23.99 ,23.99 ,24 ,23.96 ,23.99 ,23.97 ,24 ,23.96 ,23.99 ,23.95 ,23.99 ,24.04 ,24.01 ,23.98 ,24.07 ,24.05 ,24.03 ,23.99 ,23.96 ,24.05 ,24.06 ,24.02 ,24.05 ,24.05 ,23.93 ,23.94 ,23.94 ,24.08 ,23.97 ,23.93 ,23.97 ,23.95 ,24.01 ,23.88 ,23.94 ,23.96 ,24.06 ,23.96 ,24.05 ,24.09 ,24.02 ,24 ,24.04 ,23.96 ,24 ,24.02 ,23.93 ,23.95 ,23.97 ,23.97 ,23.94 ,23.94 ,23.94 ,23.95 ,23.96 ,23.94 ,23.96 ,23.97 ,23.97 ,24 ,23.98 ,23.94 ,23.92 ,23.9 ,23.79 ,23.77 ,23.75 ,23.63 ,23.61 ,23.68 ,23.69 ,23.78 ,23.78 ,23.75 ,23.8 ,23.95 ,23.91 ,23.88 ,23.95 ,23.95 ,23.96 ,23.92 ,23.92 ,23.95 ,23.88 ,23.89 ,23.88 ,24.03 ,23.89 ,23.89 ,23.89 ,23.9 ,23.9 ,23.94 ,23.98 ,23.93 ,23.86 ,23.84 ,23.84 ,23.91 ,23.87 ,23.95 ,23.92 ,23.86 ,23.82 ,23.94 ,23.93 ,23.73 ,23.71 ,23.65 ,23.67 ,23.74 ,23.61 ,23.66 ,23.61 ,23.63 ,23.54 ,23.5 ,23.59 ,23.6 ,23.59 ,23.57 ,23.66 ,23.69 ,23.67 ,23.7 ,23.75 ,23.75 ,23.73 ,23.68 ,23.68 ,23.7 ,23.76 ,23.79 ,23.8 ,23.76 ,23.69 ,23.76 ,23.78 ,23.81 ,23.86 ,23.87 ,23.89 ,23.79 ,23.79 ,23.84 ,23.87 ,23.93 ,23.85 ,23.81 ,23.79 ,23.75 ,23.85 ,23.81 ,23.78 ,23.83 ,23.82 ,23.82 ,23.75 ,23.84 ,23.86 ,23.88 ,23.82 ,23.76 ,23.81 ,23.87 ,23.83 ,23.91 ,23.82 ,23.78 ,23.85 ,23.88 ,23.84 ,23.84 ,23.88 ,23.82 ,23.84 ,23.73 ,23.78 ,23.82 ,23.9 ,23.81 ,23.83 ,23.79 ,23.77 ,23.72 ,23.77 ,23.83 ,23.78 ,23.74 ,23.8 ,23.76 ,23.76 ,23.85 ,23.76 ,23.78 ,23.77 ,23.73 ,23.74 ,23.71 ,23.75 ,23.72 ,23.75 ,23.75 ,23.64 ,23.65 ,23.67 ,23.66 ,23.72 ,23.67 ,23.73 ,23.68 ,23.58 ,23.64 ,23.62 ,23.57 ,23.59 ,23.61 ,23.46 ,23.53 ,23.43 ,23.45 ,23.36 ,23.4 ,23.44 ,23.42 ,23.36 ,23.38 ,23.49 ,23.43 ,23.36 ,23.34 ,23.32 ,23.3 ,23.37 ,23.34 ,23.2 ,23.3 ,23.27 ,23.1 ,23.33 ,23.36 ,23.37 ,23.27 ,23.19 ,23.24 ,23.28 ,23.23 ,23.36 ,23.39 ,23.27 ,23.39 ,23.39 ,23.36 ,23.3 ,23.42 ,23.37 ,23.27 ,23.21 ,23.26 ,23.28 ,23.41 ,23.38 ,23.32 ,23.23 ,23.31 ,23.3 ,23.31 ,23.37 ,23.37 ,23.36 ,23.26 ,23.25 ,23.26 ,23.31 ,23.36 ,23.43 ,23.32 ,23.21 ,23.33 ,23.38 ,23.22 ,23.24 ,23.37 ,23.33 ,23.19 ,23.15 ,23.16 ,23.21 ,23.26 ,23.25 ,23.21 ,23.14 ,23.18 ,23.11 ,23.09 ,23.16 ,23.22 ,23.26 ,23.23 ,23.17 ,23.23 ,23.29 ,23.33 ,23.32 ,23.39 ,23.31 ,23.27 ,23.29 ,23.16 ,23.18 ,23.21 ,23.23 ,23.22 ,
313,23.37 ,23.36 ,23.41 ,23.45 ,23.43 ,23.47 ,23.54 ,23.52 ,23.46 ,23.51 ,23.4 ,23.35 ,23.39 ,23.32 ,23.26 ,23.34 ,23.37 ,23.43 ,23.44 ,23.32 ,23.22 ,23.34 ,23.35 ,23.28 ,23.31 ,23.33 ,23.39 ,23.37 ,23.43 ,23.35 ,23.41 ,23.53 ,23.44 ,23.51 ,23.56 ,23.52 ,23.57 ,23.56 ,23.61 ,23.51 ,23.55 ,23.71 ,23.72 ,23.58 ,23.59 ,23.56 ,23.57 ,23.51 ,23.53 ,23.62 ,23.49 ,23.49 ,23.57 ,23.59 ,23.63 ,23.6 ,23.58 ,23.63 ,23.65 ,23.63 ,23.65 ,23.6 ,23.55 ,23.59 ,23.63 ,23.54 ,23.73 ,23.7 ,23.67 ,23.56 ,23.58 ,23.59 ,23.55 ,23.57 ,23.53 ,23.53 ,23.72 ,23.58 ,23.55 ,23.52 ,23.56 ,23.6 ,23.61 ,23.64 ,23.62 ,23.65 ,23.65 ,23.68 ,23.72 ,23.66 ,23.61 ,23.6 ,23.66 ,23.64 ,23.63 ,23.67 ,23.64 ,23.58 ,23.72 ,23.71 ,23.69 ,23.64 ,23.66 ,23.65 ,23.66 ,23.68 ,23.74 ,23.67 ,23.66 ,23.62 ,23.53 ,23.63 ,23.67 ,23.6 ,23.6 ,23.65 ,23.63 ,23.65 ,23.63 ,23.61 ,23.55 ,23.53 ,23.52 ,23.58 ,23.63 ,23.63 ,23.61 ,23.56 ,23.44 ,23.39 ,23.46 ,23.51 ,23.51 ,23.42 ,23.44 ,23.4 ,23.47 ,23.53 ,23.56 ,23.62 ,23.64 ,23.68 ,23.64 ,23.75 ,23.76 ,23.8 ,23.76 ,23.73 ,23.8 ,23.78 ,23.78 ,23.77 ,23.73 ,23.82 ,23.81 ,23.79 ,23.7 ,23.73 ,23.73 ,23.75 ,23.79 ,23.74 ,23.78 ,23.81 ,23.83 ,23.86 ,23.83 ,23.77 ,23.85 ,23.84 ,23.83 ,23.75 ,23.74 ,23.77 ,23.77 ,23.83 ,23.89 ,23.82 ,23.86 ,23.77 ,23.79 ,23.87 ,23.83 ,23.83 ,23.91 ,23.89 ,23.89 ,23.79 ,23.79 ,23.81 ,23.88 ,23.82 ,23.79 ,23.77 ,23.84 ,23.81 ,23.77 ,23.89 ,23.84 ,23.75 ,23.85 ,23.86 ,23.79 ,23.73 ,23.82 ,23.83 ,23.66 ,23.62 ,23.64 ,23.69 ,23.68 ,23.77 ,23.75 ,23.84 ,23.83 ,23.76 ,23.82 ,23.86 ,23.82 ,23.88 ,23.83 ,23.81 ,23.81 ,23.85 ,23.93 ,23.89 ,23.89 ,23.94 ,23.93 ,23.96 ,23.85 ,23.85 ,23.92 ,23.86 ,23.81 ,23.92 ,24 ,23.87 ,23.94 ,23.79 ,23.76 ,23.92 ,23.89 ,23.74 ,23.73 ,23.75 ,23.68 ,23.77 ,23.87 ,23.92 ,24 ,23.97 ,23.92 ,23.94 ,24 ,24.01 ,23.96 ,23.96 ,23.98 ,23.97 ,23.96 ,23.94 ,23.99 ,23.92 ,23.86 ,23.9 ,23.97 ,23.97 ,24.03 ,23.93 ,23.86 ,23.92 ,23.99 ,23.97 ,23.96 ,24 ,23.9 ,23.89 ,23.9 ,23.92 ,23.98 ,23.94 ,23.94 ,23.91 ,23.87 ,23.95 ,23.84 ,23.82 ,23.83 ,23.6 ,23.33 ,23.28 ,23.57 ,23.88 ,24 ,24.04 ,23.98 ,23.99 ,23.9 ,23.94 ,24.04 ,23.97 ,23.97 ,24 ,23.95 ,24 ,24.02 ,24.07 ,24.02 ,23.94 ,24.01 ,24.01 ,24.04 ,24.08 ,24.03 ,24.02 ,24 ,24 ,24.02 ,23.96 ,23.98 ,24.1 ,24.04 ,23.96 ,24.01 ,24 ,23.95 ,24 ,24.02 ,23.96 ,23.97 ,23.94 ,23.94 ,23.96 ,24.03 ,23.99 ,23.98 ,23.98 ,24 ,24 ,23.99 ,23.97 ,23.95 ,23.99 ,24 ,24.03 ,24.06 ,24.03 ,23.98 ,24.01 ,23.95 ,23.96 ,23.92 ,24.04 ,24.04 ,23.92 ,23.93 ,24 ,23.99 ,23.94 ,23.92 ,24.01 ,24.03 ,23.97 ,23.98 ,24.06 ,24 ,23.97 ,23.98 ,23.98 ,24.01 ,24.08 ,24.02 ,23.92 ,23.97 ,23.99 ,23.92 ,23.95 ,23.93 ,24 ,23.99 ,23.94 ,23.93 ,24.01 ,23.95 ,24.01 ,23.95 ,23.97 ,23.91 ,23.77 ,23.73 ,23.69 ,23.67 ,23.57 ,23.64 ,23.62 ,23.65 ,23.75 ,23.82 ,23.82 ,23.79 ,23.96 ,23.96 ,23.87 ,23.9 ,23.96 ,23.99 ,23.89 ,23.94 ,23.98 ,23.91 ,23.81 ,23.81 ,23.94 ,23.91 ,23.9 ,23.87 ,23.79 ,23.84 ,23.96 ,24.01 ,23.85 ,23.86 ,23.87 ,23.82 ,23.83 ,23.88 ,23.89 ,23.91 ,23.89 ,23.81 ,23.83 ,23.86 ,23.67 ,23.57 ,23.72 ,23.73 ,23.65 ,23.59 ,23.56 ,23.55 ,23.64 ,23.58 ,23.52 ,23.63 ,23.67 ,23.55 ,23.57 ,23.59 ,23.69 ,23.67 ,23.74 ,23.76 ,23.72 ,23.79 ,23.81 ,23.76 ,23.74 ,23.82 ,23.89 ,23.88 ,23.8 ,23.8 ,23.8 ,23.78 ,23.86 ,23.81 ,23.73 ,23.8 ,23.8 ,23.78 ,23.86 ,23.89 ,23.89 ,23.84 ,23.74 ,23.78 ,23.79 ,23.79 ,23.79 ,23.84 ,23.84 ,23.86 ,23.8 ,23.76 ,23.77 ,23.75 ,23.79 ,23.9 ,23.86 ,23.91 ,23.89 ,23.89 ,23.86 ,23.79 ,23.79 ,23.82 ,23.89 ,23.88 ,23.86 ,23.87 ,23.85 ,23.82 ,23.77 ,23.78 ,23.8 ,23.86 ,23.83 ,23.76 ,23.75 ,23.75 ,23.79 ,23.77 ,23.81 ,23.83 ,23.78 ,23.79 ,23.72 ,23.73 ,23.82 ,23.9 ,23.82 ,23.79 ,23.81 ,23.79 ,23.66 ,23.69 ,23.72 ,23.66 ,23.71 ,23.61 ,23.61 ,23.67 ,23.69 ,23.7 ,23.7 ,23.73 ,23.63 ,23.58 ,23.61 ,23.63 ,23.62 ,23.62 ,23.61 ,23.46 ,23.45 ,23.43 ,23.47 ,23.44 ,23.35 ,23.34 ,23.37 ,23.41 ,23.39 ,23.46 ,23.44 ,23.26 ,23.29 ,23.31 ,23.31 ,23.33 ,23.37 ,23.22 ,23.21 ,23.21 ,23.17 ,23.33 ,23.4 ,23.44 ,23.29 ,23.13 ,23.2 ,23.24 ,23.21 ,23.37 ,23.43 ,23.31 ,23.3 ,23.29 ,23.28 ,23.37 ,23.4 ,23.37 ,23.29 ,23.25 ,23.29 ,23.24 ,23.33 ,23.35 ,23.35 ,23.29 ,23.35 ,23.37 ,23.27 ,23.36 ,23.39 ,23.26 ,23.17 ,23.19 ,23.3 ,23.31 ,23.38 ,23.5 ,23.37 ,23.25 ,23.24 ,23.27 ,23.26 ,23.21 ,23.35 ,23.38 ,23.2 ,23.16 ,23.16 ,23.09 ,23.24 ,23.24 ,23.18 ,23.1 ,23.09 ,23.03 ,23.12 ,23.19 ,23.11 ,23.22 ,23.27 ,23.06 ,23.18 ,23.28 ,23.19 ,23.24 ,23.35 ,23.22 ,23.23 ,23.26 ,23.25 ,23.14 ,23.21 ,23.33 ,23.28 ,
314,23.32 ,23.26 ,23.43 ,23.49 ,23.48 ,23.48 ,23.48 ,23.45 ,23.44 ,23.45 ,23.45 ,23.32 ,23.34 ,23.3 ,23.33 ,23.34 ,23.38 ,23.47 ,23.43 ,23.38 ,23.26 ,23.3 ,23.4 ,23.29 ,23.34 ,23.32 ,23.35 ,23.38 ,23.4 ,23.42 ,23.42 ,23.52 ,23.45 ,23.53 ,23.67 ,23.65 ,23.57 ,23.61 ,23.64 ,23.55 ,23.56 ,23.62 ,23.65 ,23.58 ,23.57 ,23.68 ,23.63 ,23.54 ,23.53 ,23.65 ,23.54 ,23.48 ,23.62 ,23.54 ,23.53 ,23.59 ,23.57 ,23.53 ,23.63 ,23.65 ,23.68 ,23.67 ,23.59 ,23.54 ,23.67 ,23.57 ,23.72 ,23.7 ,23.55 ,23.53 ,23.56 ,23.67 ,23.68 ,23.65 ,23.57 ,23.54 ,23.62 ,23.63 ,23.62 ,23.65 ,23.64 ,23.59 ,23.57 ,23.67 ,23.65 ,23.69 ,23.65 ,23.65 ,23.64 ,23.65 ,23.64 ,23.59 ,23.6 ,23.56 ,23.58 ,23.69 ,23.64 ,23.48 ,23.65 ,23.72 ,23.65 ,23.6 ,23.61 ,23.63 ,23.66 ,23.67 ,23.75 ,23.75 ,23.74 ,23.61 ,23.55 ,23.58 ,23.64 ,23.63 ,23.58 ,23.61 ,23.69 ,23.74 ,23.72 ,23.7 ,23.62 ,23.61 ,23.57 ,23.63 ,23.63 ,23.62 ,23.57 ,23.61 ,23.56 ,23.43 ,23.43 ,23.52 ,23.53 ,23.49 ,23.42 ,23.46 ,23.46 ,23.58 ,23.6 ,23.57 ,23.55 ,23.52 ,23.52 ,23.59 ,23.76 ,23.76 ,23.73 ,23.74 ,23.82 ,23.84 ,23.75 ,23.76 ,23.78 ,23.77 ,23.79 ,23.86 ,23.79 ,23.73 ,23.73 ,23.73 ,23.78 ,23.75 ,23.81 ,23.8 ,23.84 ,23.85 ,23.88 ,23.83 ,23.87 ,23.89 ,23.84 ,23.75 ,23.83 ,23.8 ,23.8 ,23.81 ,23.83 ,23.82 ,23.8 ,23.79 ,23.82 ,23.83 ,23.78 ,23.85 ,23.89 ,23.86 ,23.93 ,23.87 ,23.86 ,23.86 ,23.88 ,23.86 ,23.83 ,23.74 ,23.79 ,23.76 ,23.75 ,23.84 ,23.79 ,23.76 ,23.82 ,23.84 ,23.87 ,23.77 ,23.74 ,23.69 ,23.61 ,23.58 ,23.63 ,23.67 ,23.69 ,23.68 ,23.81 ,23.83 ,23.81 ,23.84 ,23.87 ,23.92 ,23.9 ,23.89 ,23.82 ,23.83 ,23.89 ,23.84 ,23.82 ,23.78 ,23.88 ,23.9 ,23.86 ,23.9 ,23.88 ,23.82 ,23.95 ,23.88 ,23.8 ,23.89 ,23.91 ,23.87 ,23.91 ,23.88 ,23.83 ,23.9 ,23.9 ,23.72 ,23.64 ,23.75 ,23.8 ,23.82 ,23.86 ,23.91 ,23.97 ,23.92 ,23.91 ,23.96 ,24.01 ,23.96 ,23.89 ,23.91 ,23.99 ,23.99 ,24.02 ,23.96 ,23.95 ,23.95 ,23.99 ,23.98 ,23.99 ,24.06 ,24.07 ,23.99 ,23.94 ,23.94 ,24.01 ,24 ,23.96 ,24.05 ,24 ,23.96 ,23.96 ,23.91 ,23.99 ,23.99 ,23.96 ,23.91 ,23.91 ,23.98 ,23.99 ,23.81 ,23.76 ,23.57 ,23.35 ,23.41 ,23.69 ,23.92 ,23.99 ,24.08 ,24 ,24.02 ,23.94 ,23.96 ,24.07 ,24.03 ,24.01 ,23.98 ,23.91 ,23.92 ,23.95 ,24.03 ,24.04 ,23.98 ,23.97 ,24.05 ,24.01 ,23.99 ,24.11 ,24.05 ,24 ,23.96 ,23.99 ,24.03 ,23.98 ,24.06 ,24.03 ,23.95 ,24.02 ,23.99 ,23.94 ,24.01 ,23.99 ,24.02 ,24.02 ,23.9 ,23.91 ,23.97 ,23.97 ,23.97 ,23.98 ,24.01 ,23.92 ,23.99 ,23.98 ,23.97 ,23.93 ,24 ,24.04 ,24.04 ,24.02 ,23.93 ,23.96 ,24.01 ,23.97 ,24.04 ,23.99 ,24 ,24.04 ,23.97 ,23.96 ,23.97 ,23.94 ,23.93 ,23.91 ,23.98 ,24.01 ,24.06 ,24.06 ,24.05 ,24.02 ,23.96 ,23.89 ,24 ,24.05 ,24.09 ,24.05 ,23.98 ,23.93 ,23.96 ,23.99 ,24.04 ,23.94 ,23.99 ,23.97 ,23.97 ,23.94 ,24.05 ,23.97 ,23.94 ,23.92 ,23.9 ,23.92 ,23.73 ,23.62 ,23.68 ,23.68 ,23.54 ,23.64 ,23.72 ,23.76 ,23.76 ,23.84 ,23.86 ,23.82 ,23.96 ,23.96 ,23.9 ,23.88 ,23.91 ,23.91 ,23.87 ,23.93 ,23.97 ,23.9 ,23.83 ,23.83 ,23.91 ,23.89 ,23.91 ,23.85 ,23.82 ,23.78 ,23.88 ,23.94 ,23.91 ,23.91 ,23.94 ,23.84 ,23.86 ,23.91 ,23.86 ,23.91 ,23.9 ,23.9 ,23.83 ,23.78 ,23.64 ,23.64 ,23.71 ,23.75 ,23.66 ,23.6 ,23.55 ,23.54 ,23.59 ,23.65 ,23.58 ,23.65 ,23.79 ,23.69 ,23.63 ,23.65 ,23.78 ,23.74 ,23.79 ,23.73 ,23.73 ,23.83 ,23.87 ,23.81 ,23.75 ,23.81 ,23.75 ,23.77 ,23.84 ,23.85 ,23.84 ,23.78 ,23.87 ,23.8 ,23.69 ,23.84 ,23.88 ,23.83 ,23.89 ,23.92 ,23.86 ,23.79 ,23.75 ,23.73 ,23.8 ,23.79 ,23.78 ,23.88 ,23.89 ,23.85 ,23.81 ,23.75 ,23.78 ,23.78 ,23.85 ,23.88 ,23.83 ,23.96 ,23.94 ,23.89 ,23.87 ,23.79 ,23.79 ,23.83 ,23.87 ,23.86 ,23.81 ,23.84 ,23.78 ,23.84 ,23.8 ,23.83 ,23.82 ,23.87 ,23.9 ,23.8 ,23.77 ,23.77 ,23.84 ,23.86 ,23.77 ,23.76 ,23.79 ,23.79 ,23.74 ,23.79 ,23.78 ,23.83 ,23.9 ,23.78 ,23.76 ,23.79 ,23.68 ,23.69 ,23.7 ,23.66 ,23.68 ,23.66 ,23.71 ,23.69 ,23.65 ,23.65 ,23.74 ,23.71 ,23.66 ,23.6 ,23.63 ,23.58 ,23.56 ,23.63 ,23.56 ,23.53 ,23.49 ,23.4 ,23.37 ,23.42 ,23.4 ,23.31 ,23.31 ,23.41 ,23.42 ,23.39 ,23.38 ,23.35 ,23.3 ,23.29 ,23.28 ,23.26 ,23.32 ,23.31 ,23.28 ,23.26 ,23.21 ,23.33 ,23.41 ,23.38 ,23.3 ,23.11 ,23.07 ,23.21 ,23.29 ,23.41 ,23.33 ,23.26 ,23.34 ,23.32 ,23.28 ,23.3 ,23.42 ,23.38 ,23.4 ,23.28 ,23.28 ,23.3 ,23.3 ,23.36 ,23.33 ,23.34 ,23.31 ,23.39 ,23.32 ,23.33 ,23.41 ,23.31 ,23.3 ,23.29 ,23.25 ,23.28 ,23.36 ,23.35 ,23.32 ,23.3 ,23.24 ,23.22 ,23.18 ,23.21 ,23.34 ,23.31 ,23.28 ,23.23 ,23.24 ,23.17 ,23.12 ,23.17 ,23.15 ,23.09 ,23.01 ,23.17 ,23.26 ,23.37 ,23.22 ,23.16 ,23.23 ,23.13 ,23.21 ,23.21 ,23.21 ,23.21 ,23.3 ,23.34 ,23.3 ,23.25 ,23.21 ,23.21 ,23.32 ,23.38 ,23.31 ,
315,23.35 ,23.38 ,23.44 ,23.48 ,23.42 ,23.44 ,23.51 ,23.44 ,23.48 ,23.38 ,23.33 ,23.37 ,23.35 ,23.22 ,23.35 ,23.39 ,23.37 ,23.47 ,23.37 ,23.32 ,23.18 ,23.27 ,23.45 ,23.39 ,23.34 ,23.4 ,23.41 ,23.42 ,23.38 ,23.44 ,23.46 ,23.47 ,23.5 ,23.55 ,23.69 ,23.55 ,23.54 ,23.67 ,23.65 ,23.55 ,23.58 ,23.53 ,23.58 ,23.53 ,23.51 ,23.7 ,23.62 ,23.58 ,23.57 ,23.54 ,23.59 ,23.57 ,23.68 ,23.58 ,23.5 ,23.62 ,23.53 ,23.56 ,23.64 ,23.7 ,23.65 ,23.65 ,23.6 ,23.57 ,23.65 ,23.67 ,23.76 ,23.64 ,23.52 ,23.53 ,23.57 ,23.58 ,23.67 ,23.6 ,23.57 ,23.63 ,23.62 ,23.57 ,23.64 ,23.64 ,23.64 ,23.6 ,23.61 ,23.63 ,23.58 ,23.62 ,23.68 ,23.66 ,23.63 ,23.58 ,23.64 ,23.61 ,23.63 ,23.6 ,23.56 ,23.66 ,23.59 ,23.51 ,23.64 ,23.74 ,23.71 ,23.58 ,23.62 ,23.66 ,23.71 ,23.68 ,23.66 ,23.68 ,23.71 ,23.67 ,23.64 ,23.69 ,23.68 ,23.57 ,23.59 ,23.67 ,23.65 ,23.67 ,23.76 ,23.76 ,23.72 ,23.7 ,23.59 ,23.56 ,23.59 ,23.61 ,23.58 ,23.59 ,23.62 ,23.51 ,23.48 ,23.56 ,23.46 ,23.49 ,23.61 ,23.52 ,23.47 ,23.52 ,23.53 ,23.5 ,23.43 ,23.37 ,23.43 ,23.47 ,23.66 ,23.75 ,23.72 ,23.77 ,23.79 ,23.86 ,23.84 ,23.77 ,23.81 ,23.82 ,23.78 ,23.78 ,23.76 ,23.72 ,23.8 ,23.8 ,23.83 ,23.84 ,23.84 ,23.77 ,23.79 ,23.78 ,23.85 ,23.86 ,23.82 ,23.89 ,23.82 ,23.7 ,23.76 ,23.82 ,23.84 ,23.84 ,23.82 ,23.79 ,23.82 ,23.82 ,23.87 ,23.82 ,23.71 ,23.82 ,23.85 ,23.87 ,23.88 ,23.85 ,23.85 ,23.84 ,23.84 ,23.78 ,23.86 ,23.77 ,23.79 ,23.74 ,23.83 ,23.85 ,23.87 ,23.79 ,23.81 ,23.81 ,23.8 ,23.76 ,23.7 ,23.73 ,23.66 ,23.64 ,23.7 ,23.78 ,23.71 ,23.82 ,23.82 ,23.82 ,23.74 ,23.86 ,23.92 ,23.9 ,23.87 ,23.86 ,23.79 ,23.79 ,23.86 ,23.82 ,23.85 ,23.85 ,23.91 ,23.88 ,23.89 ,23.91 ,23.88 ,23.86 ,23.94 ,23.92 ,23.83 ,23.9 ,23.91 ,23.86 ,23.87 ,23.89 ,23.9 ,23.97 ,23.93 ,23.74 ,23.74 ,23.73 ,23.86 ,23.86 ,23.88 ,23.95 ,23.9 ,23.78 ,23.91 ,23.96 ,23.98 ,23.96 ,23.92 ,23.91 ,23.95 ,23.95 ,23.91 ,23.98 ,23.94 ,23.92 ,24.01 ,24 ,23.93 ,23.9 ,23.97 ,23.97 ,23.91 ,23.95 ,24.05 ,24.03 ,23.9 ,23.91 ,23.98 ,24.01 ,23.99 ,23.95 ,24.01 ,24.06 ,24.03 ,23.96 ,23.9 ,23.98 ,23.95 ,23.87 ,23.76 ,23.52 ,23.44 ,23.58 ,23.78 ,23.94 ,24.02 ,24.11 ,24.02 ,24.03 ,24 ,23.97 ,24.01 ,24.03 ,24.07 ,24.05 ,23.9 ,23.88 ,23.92 ,24.04 ,24.01 ,24.03 ,24.05 ,24.07 ,23.96 ,23.98 ,24.06 ,24.06 ,24.03 ,24.07 ,24.06 ,23.94 ,23.93 ,24.03 ,24.05 ,24.04 ,24.04 ,24.04 ,23.95 ,23.97 ,24.02 ,24.04 ,24.02 ,23.95 ,23.95 ,23.96 ,24 ,23.92 ,23.96 ,23.98 ,23.95 ,23.97 ,24.06 ,24.04 ,23.96 ,24.02 ,24.01 ,23.99 ,24 ,23.99 ,24 ,24.02 ,24.03 ,24.03 ,24.06 ,24.06 ,24.03 ,23.97 ,23.99 ,24.02 ,23.93 ,23.92 ,23.98 ,23.96 ,23.99 ,24 ,24.04 ,24 ,24.03 ,24 ,24.02 ,24.04 ,24.05 ,23.99 ,24.01 ,24 ,23.91 ,23.99 ,24.03 ,24.06 ,24.02 ,23.98 ,24.01 ,23.92 ,23.93 ,24.02 ,23.98 ,23.94 ,23.9 ,23.83 ,23.84 ,23.71 ,23.67 ,23.64 ,23.67 ,23.61 ,23.65 ,23.79 ,23.81 ,23.83 ,23.96 ,23.92 ,23.87 ,23.88 ,23.93 ,23.89 ,23.88 ,23.84 ,23.92 ,23.92 ,23.96 ,24.01 ,23.99 ,23.9 ,23.82 ,23.86 ,23.84 ,23.85 ,23.87 ,23.87 ,23.85 ,23.88 ,23.85 ,23.86 ,23.97 ,23.94 ,23.81 ,23.87 ,23.91 ,23.85 ,23.94 ,23.97 ,23.93 ,23.8 ,23.66 ,23.61 ,23.57 ,23.67 ,23.74 ,23.68 ,23.6 ,23.53 ,23.61 ,23.65 ,23.71 ,23.61 ,23.6 ,23.7 ,23.7 ,23.61 ,23.71 ,23.76 ,23.68 ,23.69 ,23.78 ,23.77 ,23.8 ,23.87 ,23.78 ,23.74 ,23.73 ,23.78 ,23.78 ,23.84 ,23.8 ,23.78 ,23.83 ,23.82 ,23.82 ,23.81 ,23.88 ,23.79 ,23.81 ,23.92 ,23.95 ,23.91 ,23.79 ,23.79 ,23.76 ,23.81 ,23.8 ,23.81 ,23.89 ,23.88 ,23.88 ,23.87 ,23.77 ,23.8 ,23.87 ,23.84 ,23.77 ,23.76 ,23.78 ,23.84 ,23.79 ,23.82 ,23.81 ,23.74 ,23.79 ,23.85 ,23.85 ,23.8 ,23.8 ,23.78 ,23.78 ,23.75 ,23.82 ,23.82 ,23.88 ,23.91 ,23.86 ,23.87 ,23.81 ,23.75 ,23.81 ,23.86 ,23.85 ,23.78 ,23.71 ,23.67 ,23.73 ,23.79 ,23.82 ,23.84 ,23.77 ,23.75 ,23.8 ,23.77 ,23.74 ,23.72 ,23.71 ,23.66 ,23.68 ,23.69 ,23.68 ,23.66 ,23.69 ,23.75 ,23.66 ,23.65 ,23.68 ,23.59 ,23.51 ,23.6 ,23.61 ,23.61 ,23.54 ,23.53 ,23.4 ,23.35 ,23.43 ,23.4 ,23.33 ,23.32 ,23.3 ,23.36 ,23.43 ,23.33 ,23.33 ,23.36 ,23.35 ,23.29 ,23.3 ,23.33 ,23.28 ,23.29 ,23.29 ,23.23 ,23.26 ,23.34 ,23.35 ,23.33 ,23.24 ,23.08 ,23.2 ,23.32 ,23.35 ,23.27 ,23.28 ,23.31 ,23.34 ,23.27 ,23.26 ,23.38 ,23.41 ,23.34 ,23.29 ,23.22 ,23.25 ,23.26 ,23.28 ,23.26 ,23.27 ,23.31 ,23.38 ,23.35 ,23.25 ,23.37 ,23.35 ,23.3 ,23.2 ,23.21 ,23.29 ,23.43 ,23.39 ,23.26 ,23.3 ,23.35 ,23.28 ,23.16 ,23.24 ,23.33 ,23.3 ,23.29 ,23.17 ,23.27 ,23.23 ,23.17 ,23.18 ,23.11 ,23.07 ,23.04 ,23.1 ,23.18 ,23.17 ,23.15 ,23.16 ,23.14 ,23.27 ,23.28 ,23.19 ,23.22 ,23.34 ,23.33 ,23.37 ,23.43 ,23.31 ,23.23 ,23.23 ,23.26 ,23.27 ,23.23 ,
316,23.36 ,23.43 ,23.52 ,23.41 ,23.41 ,23.39 ,23.42 ,23.42 ,23.41 ,23.39 ,23.27 ,23.31 ,23.41 ,23.27 ,23.29 ,23.4 ,23.31 ,23.38 ,23.34 ,23.33 ,23.27 ,23.33 ,23.46 ,23.39 ,23.35 ,23.33 ,23.37 ,23.37 ,23.39 ,23.44 ,23.43 ,23.47 ,23.53 ,23.49 ,23.5 ,23.46 ,23.45 ,23.58 ,23.55 ,23.43 ,23.61 ,23.63 ,23.61 ,23.49 ,23.53 ,23.66 ,23.58 ,23.5 ,23.53 ,23.55 ,23.68 ,23.67 ,23.62 ,23.58 ,23.54 ,23.55 ,23.52 ,23.54 ,23.62 ,23.64 ,23.64 ,23.69 ,23.61 ,23.54 ,23.64 ,23.6 ,23.67 ,23.69 ,23.64 ,23.61 ,23.57 ,23.57 ,23.62 ,23.62 ,23.61 ,23.63 ,23.68 ,23.59 ,23.6 ,23.54 ,23.59 ,23.68 ,23.61 ,23.58 ,23.62 ,23.59 ,23.7 ,23.77 ,23.68 ,23.63 ,23.58 ,23.59 ,23.68 ,23.67 ,23.57 ,23.6 ,23.62 ,23.54 ,23.59 ,23.73 ,23.66 ,23.62 ,23.55 ,23.57 ,23.63 ,23.66 ,23.68 ,23.64 ,23.67 ,23.62 ,23.61 ,23.68 ,23.66 ,23.62 ,23.64 ,23.67 ,23.65 ,23.6 ,23.63 ,23.69 ,23.62 ,23.66 ,23.59 ,23.59 ,23.55 ,23.62 ,23.62 ,23.65 ,23.54 ,23.47 ,23.55 ,23.62 ,23.43 ,23.43 ,23.56 ,23.5 ,23.42 ,23.37 ,23.41 ,23.47 ,23.43 ,23.42 ,23.43 ,23.48 ,23.54 ,23.56 ,23.73 ,23.82 ,23.79 ,23.86 ,23.85 ,23.84 ,23.82 ,23.79 ,23.69 ,23.78 ,23.78 ,23.69 ,23.79 ,23.83 ,23.78 ,23.7 ,23.79 ,23.74 ,23.73 ,23.74 ,23.8 ,23.8 ,23.79 ,23.84 ,23.8 ,23.73 ,23.68 ,23.79 ,23.82 ,23.84 ,23.85 ,23.78 ,23.81 ,23.83 ,23.82 ,23.76 ,23.81 ,23.85 ,23.85 ,23.82 ,23.93 ,23.8 ,23.75 ,23.79 ,23.84 ,23.81 ,23.8 ,23.79 ,23.81 ,23.84 ,23.87 ,23.85 ,23.86 ,23.86 ,23.82 ,23.79 ,23.79 ,23.75 ,23.75 ,23.76 ,23.7 ,23.66 ,23.74 ,23.69 ,23.69 ,23.76 ,23.83 ,23.8 ,23.71 ,23.83 ,23.94 ,23.91 ,23.81 ,23.81 ,23.85 ,23.87 ,23.89 ,23.89 ,23.85 ,23.87 ,23.85 ,23.85 ,23.94 ,23.95 ,23.83 ,23.88 ,23.9 ,23.94 ,23.82 ,23.86 ,23.86 ,23.88 ,23.84 ,23.86 ,23.87 ,23.88 ,23.85 ,23.67 ,23.71 ,23.78 ,23.83 ,23.89 ,23.91 ,23.94 ,23.94 ,23.86 ,23.97 ,23.99 ,23.93 ,23.92 ,23.99 ,23.97 ,23.89 ,23.94 ,23.96 ,23.97 ,23.97 ,23.95 ,23.92 ,23.89 ,23.98 ,23.91 ,23.94 ,23.97 ,23.93 ,23.94 ,23.94 ,23.99 ,23.93 ,23.88 ,23.91 ,24.03 ,23.97 ,24.05 ,24.04 ,24.04 ,24.01 ,23.98 ,23.92 ,23.91 ,23.96 ,23.81 ,23.58 ,23.54 ,23.53 ,23.71 ,23.89 ,23.92 ,23.99 ,24.11 ,23.99 ,23.98 ,24.03 ,23.99 ,24.04 ,24.01 ,24.01 ,23.98 ,23.91 ,23.89 ,23.95 ,23.99 ,24.06 ,24.01 ,24.06 ,24.06 ,24 ,24 ,24.04 ,24.03 ,24.01 ,24.06 ,24.03 ,23.96 ,23.93 ,23.93 ,24 ,24.05 ,24.14 ,24.05 ,24.04 ,24.02 ,24.03 ,24.02 ,24 ,24.01 ,23.98 ,23.98 ,24 ,23.92 ,23.98 ,24.07 ,24.02 ,24.05 ,24.01 ,24.03 ,23.89 ,23.98 ,24.04 ,23.99 ,24 ,24.06 ,24.08 ,24.09 ,24.05 ,24.01 ,24.01 ,24.05 ,23.89 ,23.92 ,23.98 ,23.99 ,23.98 ,23.99 ,24.06 ,23.98 ,24 ,23.98 ,23.99 ,24 ,23.92 ,23.92 ,23.96 ,24.01 ,24.03 ,23.98 ,23.94 ,23.98 ,23.84 ,23.92 ,23.91 ,23.97 ,24.04 ,23.99 ,23.96 ,23.93 ,23.92 ,23.97 ,23.99 ,23.97 ,23.84 ,23.8 ,23.77 ,23.66 ,23.69 ,23.71 ,23.64 ,23.69 ,23.73 ,23.8 ,23.84 ,23.88 ,23.96 ,23.94 ,23.93 ,23.87 ,23.9 ,23.95 ,23.89 ,23.85 ,23.88 ,23.98 ,24.01 ,24 ,23.99 ,23.88 ,23.84 ,23.88 ,23.88 ,23.92 ,23.89 ,23.89 ,23.79 ,23.78 ,23.81 ,23.78 ,23.85 ,23.89 ,23.84 ,23.84 ,23.85 ,23.84 ,23.9 ,23.89 ,23.8 ,23.66 ,23.55 ,23.56 ,23.6 ,23.63 ,23.7 ,23.72 ,23.65 ,23.61 ,23.58 ,23.61 ,23.62 ,23.61 ,23.59 ,23.66 ,23.65 ,23.59 ,23.67 ,23.81 ,23.66 ,23.69 ,23.84 ,23.81 ,23.78 ,23.86 ,23.83 ,23.72 ,23.71 ,23.84 ,23.88 ,23.85 ,23.8 ,23.75 ,23.83 ,23.83 ,23.76 ,23.8 ,23.79 ,23.72 ,23.81 ,23.9 ,23.93 ,23.92 ,23.82 ,23.88 ,23.8 ,23.81 ,23.85 ,23.82 ,23.87 ,23.95 ,23.84 ,23.85 ,23.85 ,23.84 ,23.83 ,23.86 ,23.85 ,23.77 ,23.75 ,23.78 ,23.82 ,23.87 ,23.89 ,23.83 ,23.79 ,23.84 ,23.86 ,23.9 ,23.87 ,23.82 ,23.82 ,23.78 ,23.78 ,23.85 ,23.86 ,23.83 ,23.78 ,23.77 ,23.84 ,23.75 ,23.79 ,23.88 ,23.85 ,23.82 ,23.77 ,23.64 ,23.68 ,23.81 ,23.85 ,23.85 ,23.79 ,23.74 ,23.7 ,23.68 ,23.72 ,23.71 ,23.8 ,23.68 ,23.58 ,23.62 ,23.63 ,23.7 ,23.74 ,23.75 ,23.72 ,23.67 ,23.64 ,23.65 ,23.53 ,23.57 ,23.61 ,23.59 ,23.54 ,23.38 ,23.41 ,23.43 ,23.41 ,23.46 ,23.32 ,23.37 ,23.39 ,23.42 ,23.38 ,23.29 ,23.28 ,23.34 ,23.23 ,23.32 ,23.38 ,23.35 ,23.21 ,23.21 ,23.26 ,23.27 ,23.24 ,23.31 ,23.35 ,23.24 ,23.23 ,23.13 ,23.2 ,23.31 ,23.31 ,23.33 ,23.35 ,23.31 ,23.35 ,23.34 ,23.3 ,23.31 ,23.36 ,23.35 ,23.27 ,23.23 ,23.23 ,23.26 ,23.29 ,23.26 ,23.31 ,23.33 ,23.4 ,23.36 ,23.24 ,23.26 ,23.31 ,23.28 ,23.25 ,23.22 ,23.33 ,23.41 ,23.35 ,23.28 ,23.18 ,23.27 ,23.33 ,23.17 ,23.17 ,23.35 ,23.4 ,23.26 ,23.16 ,23.19 ,23.22 ,23.18 ,23.17 ,23.16 ,23.1 ,23.06 ,22.99 ,23.06 ,23.17 ,23.08 ,23.17 ,23.16 ,23.21 ,23.28 ,23.22 ,23.24 ,23.28 ,23.3 ,23.32 ,23.32 ,23.32 ,23.17 ,23.19 ,23.27 ,23.24 ,23.23 ,
317,23.39 ,23.39 ,23.43 ,23.43 ,23.38 ,23.4 ,23.39 ,23.33 ,23.31 ,23.33 ,23.21 ,23.31 ,23.39 ,23.26 ,23.31 ,23.45 ,23.36 ,23.39 ,23.36 ,23.37 ,23.39 ,23.36 ,23.38 ,23.38 ,23.31 ,23.28 ,23.33 ,23.25 ,23.36 ,23.48 ,23.52 ,23.49 ,23.5 ,23.49 ,23.51 ,23.54 ,23.54 ,23.56 ,23.49 ,23.46 ,23.5 ,23.57 ,23.58 ,23.51 ,23.56 ,23.64 ,23.62 ,23.6 ,23.58 ,23.55 ,23.56 ,23.63 ,23.6 ,23.63 ,23.56 ,23.56 ,23.5 ,23.5 ,23.62 ,23.65 ,23.61 ,23.64 ,23.59 ,23.56 ,23.6 ,23.6 ,23.61 ,23.69 ,23.68 ,23.62 ,23.57 ,23.61 ,23.59 ,23.54 ,23.64 ,23.68 ,23.77 ,23.67 ,23.65 ,23.53 ,23.58 ,23.67 ,23.6 ,23.58 ,23.67 ,23.6 ,23.61 ,23.73 ,23.68 ,23.63 ,23.62 ,23.64 ,23.65 ,23.7 ,23.64 ,23.63 ,23.65 ,23.59 ,23.55 ,23.61 ,23.61 ,23.68 ,23.69 ,23.53 ,23.6 ,23.62 ,23.71 ,23.74 ,23.66 ,23.62 ,23.61 ,23.62 ,23.58 ,23.58 ,23.6 ,23.64 ,23.63 ,23.6 ,23.66 ,23.68 ,23.63 ,23.61 ,23.59 ,23.59 ,23.58 ,23.62 ,23.71 ,23.68 ,23.57 ,23.49 ,23.55 ,23.6 ,23.59 ,23.53 ,23.53 ,23.51 ,23.45 ,23.39 ,23.43 ,23.49 ,23.49 ,23.46 ,23.46 ,23.46 ,23.5 ,23.48 ,23.69 ,23.77 ,23.76 ,23.79 ,23.84 ,23.8 ,23.79 ,23.75 ,23.73 ,23.84 ,23.81 ,23.71 ,23.74 ,23.83 ,23.8 ,23.77 ,23.8 ,23.75 ,23.85 ,23.82 ,23.83 ,23.84 ,23.8 ,23.82 ,23.82 ,23.72 ,23.69 ,23.72 ,23.82 ,23.77 ,23.78 ,23.79 ,23.83 ,23.85 ,23.84 ,23.85 ,23.84 ,23.89 ,23.92 ,23.81 ,23.88 ,23.86 ,23.8 ,23.8 ,23.81 ,23.83 ,23.86 ,23.83 ,23.81 ,23.8 ,23.82 ,23.89 ,23.84 ,23.85 ,23.76 ,23.81 ,23.86 ,23.8 ,23.77 ,23.75 ,23.7 ,23.66 ,23.66 ,23.67 ,23.67 ,23.77 ,23.85 ,23.83 ,23.76 ,23.8 ,23.92 ,23.9 ,23.85 ,23.85 ,23.94 ,23.9 ,23.88 ,23.88 ,23.94 ,23.86 ,23.86 ,23.83 ,23.86 ,23.87 ,23.83 ,23.88 ,23.87 ,23.82 ,23.79 ,23.79 ,23.93 ,23.9 ,23.89 ,23.88 ,23.87 ,23.75 ,23.75 ,23.74 ,23.71 ,23.9 ,23.91 ,23.89 ,23.88 ,23.88 ,23.92 ,23.82 ,23.92 ,24.01 ,23.99 ,23.94 ,24 ,24.02 ,23.86 ,23.93 ,24.01 ,24 ,24.01 ,23.95 ,23.95 ,23.89 ,23.95 ,23.97 ,23.99 ,24.04 ,23.93 ,23.92 ,23.94 ,24.01 ,23.95 ,23.94 ,23.96 ,23.99 ,23.96 ,24.07 ,24 ,24.03 ,23.95 ,23.93 ,23.89 ,23.88 ,23.95 ,23.73 ,23.36 ,23.38 ,23.59 ,23.73 ,23.88 ,23.97 ,23.97 ,23.99 ,23.89 ,23.89 ,23.98 ,23.96 ,24.07 ,24.04 ,24.02 ,23.97 ,23.9 ,23.95 ,23.94 ,23.97 ,23.96 ,23.97 ,23.97 ,24.06 ,24.1 ,24.11 ,24.06 ,23.99 ,23.9 ,23.96 ,23.94 ,23.97 ,24.01 ,23.99 ,23.97 ,23.98 ,24.03 ,23.99 ,24.02 ,24.1 ,24.05 ,24.04 ,24.06 ,23.99 ,23.93 ,23.98 ,24.02 ,23.93 ,23.96 ,24.06 ,24.07 ,23.98 ,23.99 ,23.96 ,23.88 ,23.98 ,24.08 ,24.06 ,23.97 ,24.01 ,24.08 ,24.08 ,24.02 ,24.05 ,23.95 ,23.96 ,23.94 ,23.98 ,23.96 ,23.94 ,23.93 ,24.05 ,24.06 ,24.07 ,24.02 ,24.01 ,23.96 ,23.95 ,24.01 ,23.95 ,23.94 ,24 ,24.08 ,23.92 ,23.97 ,23.97 ,23.96 ,23.93 ,23.95 ,23.94 ,24 ,23.97 ,23.96 ,23.94 ,23.91 ,23.89 ,23.85 ,23.91 ,23.73 ,23.66 ,23.64 ,23.64 ,23.66 ,23.7 ,23.62 ,23.69 ,23.81 ,23.85 ,23.91 ,23.91 ,23.94 ,23.96 ,23.9 ,23.84 ,23.85 ,23.94 ,23.93 ,23.84 ,23.86 ,23.91 ,23.96 ,23.92 ,23.87 ,23.81 ,23.83 ,23.9 ,23.92 ,24.01 ,23.92 ,23.92 ,23.86 ,23.86 ,23.85 ,23.85 ,23.89 ,23.85 ,23.88 ,23.83 ,23.88 ,23.82 ,23.87 ,23.74 ,23.68 ,23.58 ,23.56 ,23.58 ,23.6 ,23.61 ,23.58 ,23.59 ,23.61 ,23.65 ,23.61 ,23.6 ,23.52 ,23.53 ,23.58 ,23.63 ,23.64 ,23.67 ,23.67 ,23.72 ,23.73 ,23.7 ,23.78 ,23.76 ,23.81 ,23.83 ,23.8 ,23.74 ,23.73 ,23.78 ,23.83 ,23.8 ,23.82 ,23.78 ,23.79 ,23.77 ,23.8 ,23.81 ,23.79 ,23.78 ,23.86 ,23.85 ,23.82 ,23.89 ,23.95 ,23.92 ,23.83 ,23.83 ,23.81 ,23.78 ,23.83 ,23.94 ,23.84 ,23.81 ,23.76 ,23.85 ,23.9 ,23.87 ,23.89 ,23.84 ,23.77 ,23.79 ,23.85 ,23.87 ,23.91 ,23.91 ,23.85 ,23.77 ,23.79 ,23.77 ,23.85 ,23.86 ,23.8 ,23.78 ,23.75 ,23.88 ,23.87 ,23.81 ,23.81 ,23.73 ,23.81 ,23.81 ,23.8 ,23.85 ,23.84 ,23.82 ,23.74 ,23.74 ,23.82 ,23.8 ,23.8 ,23.82 ,23.76 ,23.74 ,23.73 ,23.71 ,23.7 ,23.7 ,23.81 ,23.86 ,23.67 ,23.66 ,23.69 ,23.75 ,23.73 ,23.64 ,23.69 ,23.7 ,23.67 ,23.57 ,23.62 ,23.62 ,23.63 ,23.55 ,23.41 ,23.3 ,23.3 ,23.45 ,23.45 ,23.41 ,23.35 ,23.34 ,23.44 ,23.48 ,23.42 ,23.33 ,23.32 ,23.32 ,23.28 ,23.31 ,23.36 ,23.25 ,23.2 ,23.2 ,23.28 ,23.19 ,23.24 ,23.29 ,23.35 ,23.27 ,23.15 ,23.15 ,23.2 ,23.3 ,23.29 ,23.3 ,23.24 ,23.26 ,23.29 ,23.37 ,23.27 ,23.26 ,23.33 ,23.38 ,23.3 ,23.37 ,23.28 ,23.28 ,23.26 ,23.38 ,23.34 ,23.35 ,23.4 ,23.39 ,23.3 ,23.32 ,23.32 ,23.29 ,23.25 ,23.21 ,23.24 ,23.31 ,23.28 ,23.33 ,23.27 ,23.28 ,23.25 ,23.17 ,23.23 ,23.3 ,23.4 ,23.23 ,23.16 ,23.26 ,23.16 ,23.14 ,23.16 ,23.28 ,23.1 ,23.11 ,23.13 ,23.14 ,23.23 ,23.23 ,23.16 ,23.21 ,23.22 ,23.33 ,23.26 ,23.23 ,23.28 ,23.37 ,23.38 ,23.35 ,23.29 ,23.24 ,23.25 ,23.3 ,23.28 ,23.23 ,
318,23.34 ,23.28 ,23.43 ,23.46 ,23.42 ,23.33 ,23.41 ,23.36 ,23.32 ,23.37 ,23.27 ,23.33 ,23.35 ,23.27 ,23.33 ,23.4 ,23.34 ,23.43 ,23.45 ,23.36 ,23.35 ,23.33 ,23.38 ,23.37 ,23.39 ,23.42 ,23.4 ,23.32 ,23.34 ,23.44 ,23.6 ,23.57 ,23.53 ,23.52 ,23.48 ,23.54 ,23.63 ,23.6 ,23.5 ,23.48 ,23.56 ,23.61 ,23.57 ,23.56 ,23.66 ,23.65 ,23.6 ,23.69 ,23.67 ,23.64 ,23.53 ,23.55 ,23.63 ,23.62 ,23.56 ,23.53 ,23.51 ,23.54 ,23.6 ,23.66 ,23.58 ,23.63 ,23.59 ,23.57 ,23.59 ,23.57 ,23.59 ,23.56 ,23.6 ,23.61 ,23.54 ,23.58 ,23.65 ,23.59 ,23.61 ,23.54 ,23.73 ,23.69 ,23.64 ,23.5 ,23.57 ,23.63 ,23.62 ,23.61 ,23.7 ,23.62 ,23.57 ,23.63 ,23.67 ,23.64 ,23.64 ,23.64 ,23.72 ,23.71 ,23.7 ,23.67 ,23.59 ,23.62 ,23.62 ,23.59 ,23.57 ,23.68 ,23.73 ,23.65 ,23.71 ,23.65 ,23.67 ,23.76 ,23.72 ,23.63 ,23.57 ,23.64 ,23.67 ,23.62 ,23.57 ,23.58 ,23.57 ,23.6 ,23.66 ,23.72 ,23.75 ,23.68 ,23.64 ,23.66 ,23.63 ,23.62 ,23.63 ,23.62 ,23.69 ,23.61 ,23.52 ,23.54 ,23.56 ,23.57 ,23.54 ,23.52 ,23.47 ,23.48 ,23.55 ,23.53 ,23.47 ,23.42 ,23.48 ,23.53 ,23.61 ,23.54 ,23.61 ,23.63 ,23.67 ,23.74 ,23.79 ,23.79 ,23.79 ,23.74 ,23.7 ,23.79 ,23.79 ,23.76 ,23.72 ,23.75 ,23.83 ,23.8 ,23.86 ,23.84 ,23.9 ,23.84 ,23.85 ,23.85 ,23.81 ,23.77 ,23.83 ,23.84 ,23.71 ,23.76 ,23.78 ,23.76 ,23.82 ,23.85 ,23.85 ,23.77 ,23.85 ,23.87 ,23.85 ,23.84 ,23.84 ,23.82 ,23.78 ,23.81 ,23.78 ,23.86 ,23.85 ,23.79 ,23.86 ,23.82 ,23.78 ,23.79 ,23.79 ,23.89 ,23.87 ,23.9 ,23.83 ,23.8 ,23.84 ,23.78 ,23.75 ,23.72 ,23.78 ,23.72 ,23.65 ,23.68 ,23.76 ,23.77 ,23.9 ,23.88 ,23.74 ,23.8 ,23.83 ,23.88 ,23.84 ,23.87 ,23.92 ,23.92 ,23.89 ,23.89 ,23.96 ,23.96 ,23.92 ,23.92 ,23.83 ,23.91 ,23.94 ,23.88 ,23.96 ,23.88 ,23.85 ,23.84 ,23.9 ,23.89 ,23.85 ,23.86 ,23.8 ,23.68 ,23.73 ,23.77 ,23.89 ,23.97 ,23.96 ,23.99 ,23.98 ,23.91 ,23.93 ,23.89 ,23.85 ,23.97 ,23.99 ,23.98 ,23.9 ,24.01 ,23.93 ,23.94 ,23.92 ,23.95 ,24.01 ,23.97 ,23.99 ,23.9 ,23.96 ,23.95 ,24 ,24.06 ,23.94 ,23.89 ,23.95 ,24.02 ,24 ,23.99 ,24 ,24 ,23.95 ,24.02 ,24.02 ,24.04 ,24.04 ,23.97 ,23.95 ,24 ,23.92 ,23.66 ,23.4 ,23.54 ,23.71 ,23.82 ,23.89 ,24.02 ,24.03 ,24.03 ,23.96 ,23.93 ,23.96 ,23.94 ,23.95 ,24.02 ,23.99 ,24.01 ,23.98 ,24.01 ,23.96 ,23.96 ,24.01 ,24.02 ,24.1 ,24.09 ,24.03 ,24.08 ,24.02 ,24.02 ,23.94 ,23.95 ,24 ,24 ,24.01 ,24.08 ,24.05 ,24 ,24.07 ,23.96 ,23.97 ,24.06 ,24.06 ,24.01 ,24.07 ,23.99 ,23.94 ,24 ,24.06 ,23.91 ,23.96 ,23.99 ,24 ,23.94 ,23.94 ,23.95 ,23.94 ,24.03 ,24.06 ,24.06 ,24.01 ,24.05 ,24.04 ,24 ,23.87 ,23.97 ,24.01 ,24.03 ,24.03 ,24.03 ,23.96 ,23.93 ,23.96 ,24.05 ,23.97 ,24 ,24.05 ,23.95 ,23.99 ,23.96 ,23.97 ,24 ,24.01 ,24.02 ,24.08 ,23.91 ,24.03 ,24.06 ,24 ,23.96 ,23.99 ,23.93 ,23.9 ,23.92 ,23.98 ,23.93 ,23.86 ,23.82 ,23.8 ,23.73 ,23.73 ,23.71 ,23.64 ,23.6 ,23.64 ,23.7 ,23.66 ,23.71 ,23.94 ,23.88 ,23.86 ,23.93 ,23.96 ,23.91 ,23.95 ,23.84 ,23.85 ,23.91 ,23.94 ,23.86 ,23.89 ,23.87 ,23.87 ,23.91 ,23.88 ,23.8 ,23.89 ,23.88 ,23.94 ,23.95 ,23.92 ,23.89 ,23.94 ,23.91 ,23.89 ,23.92 ,23.91 ,23.92 ,23.82 ,23.82 ,23.88 ,23.81 ,23.7 ,23.69 ,23.6 ,23.63 ,23.66 ,23.65 ,23.62 ,23.57 ,23.56 ,23.66 ,23.67 ,23.61 ,23.59 ,23.63 ,23.59 ,23.51 ,23.56 ,23.67 ,23.67 ,23.69 ,23.74 ,23.71 ,23.71 ,23.89 ,23.89 ,23.81 ,23.78 ,23.84 ,23.85 ,23.76 ,23.74 ,23.77 ,23.85 ,23.88 ,23.92 ,23.82 ,23.83 ,23.78 ,23.72 ,23.8 ,23.82 ,23.83 ,23.79 ,23.83 ,23.77 ,23.87 ,23.89 ,23.97 ,23.84 ,23.84 ,23.8 ,23.78 ,23.82 ,23.92 ,23.81 ,23.81 ,23.74 ,23.72 ,23.86 ,23.81 ,23.79 ,23.81 ,23.82 ,23.83 ,23.82 ,23.8 ,23.85 ,23.87 ,23.86 ,23.79 ,23.7 ,23.74 ,23.9 ,23.87 ,23.77 ,23.69 ,23.82 ,23.87 ,23.89 ,23.86 ,23.83 ,23.72 ,23.79 ,23.8 ,23.83 ,23.83 ,23.84 ,23.83 ,23.74 ,23.7 ,23.82 ,23.81 ,23.77 ,23.74 ,23.75 ,23.81 ,23.73 ,23.72 ,23.81 ,23.83 ,23.79 ,23.79 ,23.68 ,23.66 ,23.71 ,23.81 ,23.74 ,23.72 ,23.61 ,23.64 ,23.69 ,23.63 ,23.59 ,23.55 ,23.57 ,23.52 ,23.44 ,23.34 ,23.32 ,23.37 ,23.41 ,23.43 ,23.37 ,23.38 ,23.46 ,23.46 ,23.43 ,23.35 ,23.3 ,23.37 ,23.33 ,23.28 ,23.31 ,23.26 ,23.21 ,23.22 ,23.29 ,23.23 ,23.19 ,23.32 ,23.34 ,23.3 ,23.17 ,23.11 ,23.25 ,23.26 ,23.33 ,23.34 ,23.17 ,23.23 ,23.31 ,23.41 ,23.26 ,23.31 ,23.35 ,23.42 ,23.32 ,23.34 ,23.32 ,23.27 ,23.27 ,23.29 ,23.28 ,23.3 ,23.36 ,23.33 ,23.32 ,23.37 ,23.43 ,23.31 ,23.24 ,23.23 ,23.29 ,23.32 ,23.41 ,23.39 ,23.32 ,23.37 ,23.33 ,23.17 ,23.19 ,23.31 ,23.37 ,23.29 ,23.14 ,23.2 ,23.16 ,23.2 ,23.22 ,23.15 ,23.07 ,23.14 ,23.12 ,23.23 ,23.2 ,23.19 ,23.21 ,23.24 ,23.31 ,23.35 ,23.33 ,23.21 ,23.26 ,23.41 ,23.47 ,23.34 ,23.31 ,23.21 ,23.26 ,23.29 ,23.29 ,23.28 ,
319,23.38 ,23.36 ,23.35 ,23.37 ,23.41 ,23.33 ,23.41 ,23.43 ,23.34 ,23.39 ,23.36 ,23.41 ,23.36 ,23.28 ,23.39 ,23.41 ,23.31 ,23.39 ,23.4 ,23.36 ,23.3 ,23.36 ,23.43 ,23.35 ,23.35 ,23.46 ,23.34 ,23.37 ,23.37 ,23.38 ,23.56 ,23.53 ,23.56 ,23.54 ,23.59 ,23.55 ,23.54 ,23.56 ,23.59 ,23.61 ,23.55 ,23.53 ,23.55 ,23.45 ,23.6 ,23.57 ,23.6 ,23.61 ,23.6 ,23.59 ,23.62 ,23.54 ,23.53 ,23.58 ,23.64 ,23.57 ,23.54 ,23.59 ,23.58 ,23.57 ,23.6 ,23.54 ,23.56 ,23.61 ,23.69 ,23.65 ,23.61 ,23.56 ,23.6 ,23.65 ,23.59 ,23.62 ,23.71 ,23.69 ,23.71 ,23.6 ,23.65 ,23.69 ,23.6 ,23.49 ,23.53 ,23.56 ,23.58 ,23.62 ,23.61 ,23.63 ,23.58 ,23.67 ,23.7 ,23.64 ,23.66 ,23.68 ,23.72 ,23.8 ,23.68 ,23.66 ,23.68 ,23.7 ,23.66 ,23.62 ,23.62 ,23.59 ,23.66 ,23.63 ,23.67 ,23.7 ,23.69 ,23.69 ,23.67 ,23.58 ,23.64 ,23.68 ,23.64 ,23.73 ,23.66 ,23.55 ,23.54 ,23.57 ,23.54 ,23.64 ,23.73 ,23.69 ,23.63 ,23.64 ,23.63 ,23.58 ,23.58 ,23.62 ,23.64 ,23.6 ,23.5 ,23.51 ,23.55 ,23.54 ,23.48 ,23.5 ,23.43 ,23.43 ,23.53 ,23.5 ,23.44 ,23.4 ,23.42 ,23.52 ,23.61 ,23.62 ,23.51 ,23.54 ,23.63 ,23.72 ,23.86 ,23.73 ,23.76 ,23.83 ,23.82 ,23.79 ,23.74 ,23.85 ,23.83 ,23.84 ,23.85 ,23.83 ,23.87 ,23.87 ,23.88 ,23.74 ,23.72 ,23.79 ,23.8 ,23.84 ,23.83 ,23.78 ,23.8 ,23.81 ,23.79 ,23.78 ,23.87 ,23.82 ,23.86 ,23.84 ,23.8 ,23.82 ,23.82 ,23.82 ,23.83 ,23.85 ,23.89 ,23.77 ,23.73 ,23.81 ,23.89 ,23.88 ,23.88 ,23.84 ,23.89 ,23.83 ,23.81 ,23.88 ,23.85 ,23.87 ,23.9 ,23.82 ,23.88 ,23.77 ,23.72 ,23.75 ,23.7 ,23.7 ,23.69 ,23.71 ,23.78 ,23.81 ,23.83 ,23.83 ,23.79 ,23.79 ,23.89 ,23.88 ,23.84 ,23.82 ,23.94 ,23.92 ,23.88 ,23.8 ,23.93 ,23.95 ,23.94 ,23.92 ,23.93 ,23.94 ,23.93 ,23.95 ,24.06 ,23.99 ,23.87 ,23.84 ,23.83 ,23.84 ,23.88 ,23.81 ,23.76 ,23.75 ,23.86 ,23.82 ,23.91 ,23.95 ,23.9 ,23.91 ,23.91 ,23.92 ,23.94 ,23.98 ,23.93 ,23.92 ,24.01 ,24.03 ,24.03 ,23.95 ,23.93 ,23.93 ,23.97 ,23.98 ,24.03 ,23.96 ,24.02 ,24 ,23.93 ,24.01 ,23.97 ,24 ,23.95 ,23.96 ,24.02 ,24.01 ,23.96 ,24.01 ,24 ,24.01 ,23.99 ,23.99 ,24 ,24.04 ,24.02 ,24.02 ,23.95 ,23.99 ,23.78 ,23.47 ,23.46 ,23.63 ,23.87 ,23.89 ,23.95 ,24.04 ,24.12 ,24.09 ,24.05 ,23.96 ,24.02 ,24.03 ,23.98 ,23.94 ,23.99 ,24 ,24.03 ,24.03 ,24.03 ,23.99 ,24.07 ,24.04 ,24.16 ,24.15 ,24.04 ,24.08 ,24.11 ,24.04 ,24.02 ,24.01 ,23.98 ,23.99 ,23.97 ,24.01 ,23.97 ,23.93 ,24.02 ,23.96 ,23.92 ,24.07 ,24.04 ,23.97 ,24.07 ,24.06 ,23.95 ,24.01 ,24.08 ,23.95 ,23.96 ,24 ,23.99 ,23.91 ,23.95 ,23.93 ,23.93 ,23.97 ,23.99 ,24.02 ,24.08 ,24.08 ,23.97 ,23.93 ,23.91 ,23.95 ,24.1 ,24.03 ,24.07 ,24.09 ,24.01 ,24.01 ,23.97 ,23.97 ,24.01 ,24.06 ,24.03 ,23.95 ,24 ,24.05 ,23.97 ,23.91 ,24 ,23.96 ,23.96 ,24.01 ,24.04 ,24.05 ,23.91 ,23.83 ,23.94 ,24 ,23.96 ,23.96 ,23.99 ,23.9 ,23.78 ,23.84 ,23.75 ,23.72 ,23.71 ,23.78 ,23.63 ,23.55 ,23.6 ,23.68 ,23.82 ,23.81 ,23.92 ,23.92 ,23.85 ,23.96 ,23.97 ,23.88 ,23.91 ,23.89 ,23.78 ,23.91 ,23.94 ,23.84 ,23.85 ,23.81 ,23.89 ,23.98 ,23.97 ,23.85 ,23.86 ,23.87 ,23.88 ,23.9 ,23.85 ,23.91 ,23.82 ,23.89 ,23.88 ,23.91 ,23.86 ,23.93 ,23.84 ,23.74 ,23.81 ,23.79 ,23.72 ,23.67 ,23.57 ,23.62 ,23.66 ,23.63 ,23.68 ,23.66 ,23.62 ,23.67 ,23.72 ,23.72 ,23.6 ,23.64 ,23.64 ,23.53 ,23.59 ,23.72 ,23.73 ,23.72 ,23.7 ,23.78 ,23.74 ,23.79 ,23.94 ,23.93 ,23.82 ,23.82 ,23.77 ,23.79 ,23.76 ,23.85 ,23.9 ,23.89 ,23.92 ,23.9 ,23.83 ,23.84 ,23.74 ,23.74 ,23.77 ,23.85 ,23.81 ,23.85 ,23.92 ,23.92 ,23.83 ,23.87 ,23.86 ,23.83 ,23.8 ,23.9 ,23.83 ,23.9 ,23.87 ,23.85 ,23.85 ,23.8 ,23.78 ,23.73 ,23.78 ,23.78 ,23.86 ,23.92 ,23.87 ,23.88 ,23.81 ,23.79 ,23.79 ,23.8 ,23.74 ,23.8 ,23.92 ,23.92 ,23.86 ,23.71 ,23.75 ,23.84 ,23.79 ,23.86 ,23.9 ,23.72 ,23.7 ,23.71 ,23.84 ,23.86 ,23.83 ,23.75 ,23.77 ,23.76 ,23.82 ,23.84 ,23.82 ,23.8 ,23.78 ,23.88 ,23.84 ,23.71 ,23.75 ,23.76 ,23.76 ,23.77 ,23.67 ,23.67 ,23.71 ,23.7 ,23.7 ,23.74 ,23.7 ,23.66 ,23.67 ,23.6 ,23.57 ,23.6 ,23.55 ,23.6 ,23.51 ,23.43 ,23.34 ,23.45 ,23.37 ,23.34 ,23.36 ,23.45 ,23.51 ,23.48 ,23.42 ,23.4 ,23.37 ,23.43 ,23.35 ,23.3 ,23.33 ,23.3 ,23.27 ,23.24 ,23.2 ,23.18 ,23.17 ,23.31 ,23.34 ,23.3 ,23.14 ,23.22 ,23.31 ,23.31 ,23.4 ,23.35 ,23.23 ,23.25 ,23.39 ,23.4 ,23.24 ,23.29 ,23.29 ,23.38 ,23.4 ,23.36 ,23.34 ,23.3 ,23.3 ,23.3 ,23.25 ,23.3 ,23.38 ,23.36 ,23.37 ,23.48 ,23.42 ,23.32 ,23.26 ,23.29 ,23.34 ,23.37 ,23.41 ,23.39 ,23.34 ,23.27 ,23.35 ,23.22 ,23.21 ,23.27 ,23.33 ,23.3 ,23.17 ,23.12 ,23.08 ,23.2 ,23.26 ,23.16 ,23.01 ,23.13 ,23.09 ,23.16 ,23.27 ,23.12 ,23.13 ,23.22 ,23.3 ,23.41 ,23.35 ,23.33 ,23.21 ,23.27 ,23.34 ,23.36 ,23.3 ,23.29 ,23.25 ,23.32 ,23.33 ,23.3 ,
320,23.39 ,23.34 ,23.34 ,23.29 ,23.4 ,23.34 ,23.38 ,23.37 ,23.38 ,23.45 ,23.37 ,23.27 ,23.41 ,23.35 ,23.34 ,23.42 ,23.4 ,23.4 ,23.35 ,23.34 ,23.34 ,23.31 ,23.41 ,23.37 ,23.3 ,23.49 ,23.47 ,23.36 ,23.47 ,23.42 ,23.37 ,23.49 ,23.51 ,23.57 ,23.54 ,23.56 ,23.6 ,23.64 ,23.63 ,23.67 ,23.61 ,23.51 ,23.56 ,23.54 ,23.64 ,23.66 ,23.63 ,23.6 ,23.59 ,23.6 ,23.58 ,23.57 ,23.58 ,23.55 ,23.56 ,23.63 ,23.58 ,23.65 ,23.59 ,23.66 ,23.63 ,23.57 ,23.51 ,23.53 ,23.64 ,23.62 ,23.67 ,23.62 ,23.59 ,23.64 ,23.64 ,23.63 ,23.68 ,23.68 ,23.69 ,23.67 ,23.66 ,23.67 ,23.64 ,23.53 ,23.59 ,23.57 ,23.61 ,23.6 ,23.64 ,23.62 ,23.58 ,23.63 ,23.62 ,23.57 ,23.64 ,23.65 ,23.66 ,23.71 ,23.65 ,23.58 ,23.7 ,23.72 ,23.69 ,23.69 ,23.68 ,23.61 ,23.58 ,23.56 ,23.62 ,23.69 ,23.72 ,23.65 ,23.62 ,23.6 ,23.61 ,23.72 ,23.69 ,23.64 ,23.69 ,23.63 ,23.56 ,23.54 ,23.58 ,23.63 ,23.67 ,23.65 ,23.63 ,23.62 ,23.66 ,23.59 ,23.59 ,23.65 ,23.59 ,23.61 ,23.57 ,23.59 ,23.59 ,23.58 ,23.61 ,23.57 ,23.48 ,23.47 ,23.49 ,23.51 ,23.46 ,23.4 ,23.49 ,23.5 ,23.56 ,23.58 ,23.48 ,23.44 ,23.58 ,23.76 ,23.8 ,23.79 ,23.82 ,23.87 ,23.83 ,23.82 ,23.71 ,23.81 ,23.81 ,23.83 ,23.88 ,23.85 ,23.8 ,23.85 ,23.82 ,23.74 ,23.75 ,23.76 ,23.81 ,23.81 ,23.82 ,23.78 ,23.77 ,23.85 ,23.84 ,23.85 ,23.86 ,23.82 ,23.86 ,23.89 ,23.84 ,23.8 ,23.78 ,23.73 ,23.83 ,23.85 ,23.88 ,23.85 ,23.74 ,23.74 ,23.75 ,23.82 ,23.89 ,23.84 ,23.86 ,23.86 ,23.85 ,23.87 ,23.84 ,23.9 ,23.86 ,23.8 ,23.85 ,23.81 ,23.71 ,23.8 ,23.66 ,23.7 ,23.73 ,23.77 ,23.78 ,23.86 ,23.85 ,23.85 ,23.87 ,23.89 ,23.83 ,23.85 ,23.86 ,23.84 ,23.81 ,23.84 ,23.88 ,23.82 ,23.91 ,23.96 ,23.94 ,23.94 ,23.89 ,23.93 ,23.94 ,23.93 ,23.99 ,23.94 ,23.85 ,23.91 ,23.93 ,23.84 ,23.86 ,23.82 ,23.72 ,23.75 ,23.88 ,23.88 ,23.92 ,23.97 ,23.88 ,23.85 ,23.86 ,23.86 ,23.84 ,23.88 ,23.9 ,23.98 ,23.93 ,23.99 ,24.05 ,23.94 ,23.91 ,23.94 ,23.91 ,24.08 ,24.08 ,24.02 ,23.96 ,23.97 ,24 ,24.02 ,24.03 ,24.01 ,23.95 ,24.03 ,24.02 ,24.03 ,23.93 ,23.97 ,24 ,23.95 ,23.98 ,24 ,23.95 ,24 ,24 ,23.95 ,23.94 ,23.89 ,23.68 ,23.41 ,23.5 ,23.79 ,23.89 ,23.84 ,23.94 ,24.02 ,24.06 ,24.16 ,24.02 ,24.01 ,24.03 ,24.11 ,24.05 ,23.97 ,24.01 ,24.03 ,24.01 ,24.04 ,24 ,23.98 ,23.95 ,24.01 ,24.04 ,24.08 ,24 ,24.01 ,24.12 ,24.04 ,23.97 ,24.04 ,24.02 ,24 ,24.03 ,24.08 ,24.01 ,23.97 ,24.02 ,23.99 ,23.95 ,23.98 ,23.97 ,23.9 ,24 ,24.06 ,23.99 ,23.99 ,24.06 ,23.99 ,24.03 ,23.97 ,23.99 ,23.99 ,24.04 ,23.99 ,23.88 ,23.96 ,24.02 ,23.98 ,24.03 ,24.01 ,23.95 ,23.94 ,23.99 ,24.01 ,24.03 ,23.97 ,23.94 ,24.06 ,23.96 ,23.95 ,23.93 ,23.89 ,23.98 ,24 ,23.98 ,23.95 ,24.02 ,24.01 ,23.91 ,23.97 ,23.96 ,24 ,24.02 ,24.02 ,24.06 ,24.06 ,24.02 ,23.89 ,23.94 ,24.02 ,24.02 ,23.95 ,23.95 ,23.84 ,23.73 ,23.73 ,23.68 ,23.68 ,23.75 ,23.73 ,23.59 ,23.56 ,23.63 ,23.73 ,23.86 ,23.84 ,23.88 ,23.92 ,23.94 ,23.95 ,23.97 ,23.92 ,23.89 ,23.9 ,23.85 ,23.96 ,23.98 ,23.91 ,23.88 ,23.85 ,23.91 ,24 ,24.04 ,23.84 ,23.83 ,23.93 ,23.9 ,23.87 ,23.91 ,23.91 ,23.86 ,23.9 ,23.88 ,23.84 ,23.89 ,23.87 ,23.85 ,23.78 ,23.74 ,23.7 ,23.69 ,23.67 ,23.56 ,23.56 ,23.56 ,23.64 ,23.62 ,23.65 ,23.63 ,23.64 ,23.72 ,23.7 ,23.65 ,23.58 ,23.63 ,23.58 ,23.6 ,23.74 ,23.8 ,23.73 ,23.69 ,23.81 ,23.81 ,23.78 ,23.79 ,23.87 ,23.83 ,23.79 ,23.71 ,23.73 ,23.84 ,23.82 ,23.85 ,23.78 ,23.8 ,23.87 ,23.89 ,23.89 ,23.92 ,23.78 ,23.72 ,23.8 ,23.79 ,23.78 ,23.88 ,23.96 ,23.84 ,23.78 ,23.82 ,23.9 ,23.83 ,23.85 ,23.87 ,23.89 ,23.87 ,23.83 ,23.79 ,23.8 ,23.78 ,23.74 ,23.79 ,23.78 ,23.77 ,23.89 ,23.83 ,23.91 ,23.85 ,23.79 ,23.79 ,23.76 ,23.85 ,23.93 ,23.86 ,23.94 ,23.87 ,23.79 ,23.8 ,23.87 ,23.81 ,23.82 ,23.87 ,23.76 ,23.8 ,23.79 ,23.86 ,23.93 ,23.77 ,23.73 ,23.79 ,23.73 ,23.79 ,23.91 ,23.82 ,23.79 ,23.77 ,23.78 ,23.87 ,23.84 ,23.75 ,23.7 ,23.81 ,23.82 ,23.69 ,23.63 ,23.66 ,23.65 ,23.67 ,23.72 ,23.75 ,23.7 ,23.66 ,23.56 ,23.59 ,23.61 ,23.54 ,23.55 ,23.48 ,23.34 ,23.26 ,23.39 ,23.4 ,23.35 ,23.4 ,23.4 ,23.49 ,23.46 ,23.49 ,23.39 ,23.32 ,23.38 ,23.27 ,23.32 ,23.33 ,23.28 ,23.28 ,23.2 ,23.21 ,23.08 ,23.2 ,23.36 ,23.31 ,23.27 ,23.19 ,23.23 ,23.33 ,23.39 ,23.42 ,23.35 ,23.23 ,23.36 ,23.4 ,23.32 ,23.29 ,23.31 ,23.23 ,23.36 ,23.36 ,23.32 ,23.38 ,23.32 ,23.32 ,23.34 ,23.2 ,23.32 ,23.38 ,23.31 ,23.32 ,23.39 ,23.37 ,23.32 ,23.28 ,23.33 ,23.34 ,23.34 ,23.29 ,23.33 ,23.28 ,23.31 ,23.38 ,23.28 ,23.18 ,23.27 ,23.31 ,23.28 ,23.24 ,23.24 ,23.08 ,23.15 ,23.19 ,23.22 ,23.16 ,23.17 ,23.14 ,23.23 ,23.25 ,23.11 ,23.16 ,23.26 ,23.3 ,23.41 ,23.31 ,23.28 ,23.25 ,23.24 ,23.28 ,23.3 ,23.38 ,23.38 ,23.31 ,23.39 ,23.31 ,23.28 ,
321,23.35 ,23.2 ,23.32 ,23.39 ,23.3 ,23.39 ,23.36 ,23.34 ,23.37 ,23.34 ,23.29 ,23.29 ,23.37 ,23.3 ,23.27 ,23.34 ,23.46 ,23.4 ,23.27 ,23.31 ,23.32 ,23.42 ,23.45 ,23.4 ,23.38 ,23.49 ,23.5 ,23.34 ,23.42 ,23.45 ,23.42 ,23.47 ,23.48 ,23.53 ,23.54 ,23.48 ,23.61 ,23.65 ,23.62 ,23.59 ,23.65 ,23.67 ,23.58 ,23.62 ,23.63 ,23.68 ,23.6 ,23.51 ,23.59 ,23.54 ,23.53 ,23.57 ,23.57 ,23.65 ,23.63 ,23.66 ,23.52 ,23.65 ,23.64 ,23.68 ,23.62 ,23.6 ,23.59 ,23.55 ,23.65 ,23.67 ,23.72 ,23.69 ,23.59 ,23.57 ,23.68 ,23.7 ,23.59 ,23.69 ,23.74 ,23.65 ,23.69 ,23.71 ,23.63 ,23.56 ,23.58 ,23.65 ,23.67 ,23.57 ,23.6 ,23.69 ,23.65 ,23.63 ,23.62 ,23.54 ,23.56 ,23.66 ,23.68 ,23.63 ,23.65 ,23.57 ,23.54 ,23.57 ,23.56 ,23.65 ,23.65 ,23.61 ,23.66 ,23.66 ,23.71 ,23.72 ,23.77 ,23.7 ,23.63 ,23.63 ,23.67 ,23.71 ,23.77 ,23.67 ,23.61 ,23.61 ,23.61 ,23.65 ,23.67 ,23.63 ,23.6 ,23.61 ,23.62 ,23.64 ,23.66 ,23.64 ,23.66 ,23.68 ,23.56 ,23.59 ,23.65 ,23.66 ,23.64 ,23.59 ,23.6 ,23.56 ,23.47 ,23.51 ,23.55 ,23.48 ,23.45 ,23.41 ,23.5 ,23.47 ,23.48 ,23.6 ,23.52 ,23.44 ,23.52 ,23.67 ,23.77 ,23.82 ,23.9 ,23.9 ,23.82 ,23.74 ,23.69 ,23.7 ,23.7 ,23.86 ,23.89 ,23.83 ,23.79 ,23.81 ,23.83 ,23.79 ,23.79 ,23.88 ,23.82 ,23.8 ,23.78 ,23.75 ,23.72 ,23.82 ,23.88 ,23.77 ,23.78 ,23.81 ,23.83 ,23.91 ,23.88 ,23.81 ,23.77 ,23.78 ,23.83 ,23.93 ,23.82 ,23.82 ,23.79 ,23.76 ,23.78 ,23.81 ,23.82 ,23.89 ,23.8 ,23.76 ,23.86 ,23.89 ,23.86 ,23.81 ,23.82 ,23.83 ,23.8 ,23.76 ,23.77 ,23.82 ,23.71 ,23.7 ,23.67 ,23.74 ,23.82 ,23.87 ,23.88 ,23.83 ,23.92 ,23.88 ,23.87 ,23.75 ,23.82 ,23.85 ,23.8 ,23.81 ,23.88 ,23.87 ,23.87 ,23.93 ,23.94 ,23.88 ,23.9 ,23.92 ,23.93 ,23.93 ,23.94 ,23.83 ,23.81 ,23.94 ,23.98 ,23.9 ,23.75 ,23.71 ,23.71 ,23.84 ,23.83 ,23.82 ,23.9 ,23.96 ,23.91 ,23.92 ,23.95 ,23.94 ,23.88 ,23.78 ,23.87 ,23.91 ,23.93 ,23.93 ,23.98 ,23.97 ,23.93 ,23.93 ,23.89 ,23.97 ,24.03 ,23.97 ,23.95 ,23.98 ,24.07 ,24.01 ,24.02 ,24.02 ,23.99 ,24 ,23.99 ,23.97 ,23.98 ,23.91 ,23.93 ,23.94 ,23.97 ,23.91 ,23.94 ,23.98 ,23.93 ,23.95 ,23.96 ,23.78 ,23.61 ,23.59 ,23.68 ,23.87 ,23.9 ,23.88 ,23.97 ,24.12 ,24.09 ,24.14 ,24.04 ,24.02 ,24.01 ,24.06 ,24.05 ,23.98 ,24.03 ,24.08 ,24.08 ,24 ,23.97 ,24.01 ,24.05 ,23.96 ,24.01 ,24.03 ,24.05 ,24.01 ,24.11 ,23.98 ,23.9 ,23.95 ,24.04 ,24.01 ,23.99 ,24.03 ,24.02 ,24.04 ,24.06 ,24.02 ,24.01 ,23.99 ,23.93 ,23.97 ,24.03 ,23.96 ,24.01 ,23.98 ,24 ,23.95 ,23.96 ,23.99 ,23.98 ,24.02 ,24.03 ,24.01 ,23.85 ,24.01 ,24.09 ,23.99 ,23.97 ,23.99 ,23.99 ,23.97 ,23.92 ,24.01 ,24.05 ,23.99 ,23.96 ,24.02 ,23.96 ,23.92 ,23.87 ,23.93 ,24.02 ,24 ,24.04 ,23.96 ,23.96 ,23.98 ,23.95 ,23.95 ,23.98 ,24.02 ,24.04 ,24.06 ,24.09 ,24.1 ,24.06 ,24 ,23.87 ,23.91 ,24 ,23.84 ,23.84 ,23.73 ,23.62 ,23.66 ,23.59 ,23.66 ,23.68 ,23.65 ,23.61 ,23.63 ,23.68 ,23.78 ,23.88 ,23.84 ,23.93 ,23.92 ,23.96 ,23.9 ,23.91 ,23.89 ,23.9 ,23.92 ,23.94 ,24 ,23.97 ,23.84 ,23.84 ,23.86 ,23.99 ,23.98 ,23.95 ,23.79 ,23.8 ,23.93 ,23.91 ,23.84 ,23.92 ,23.92 ,23.85 ,23.86 ,23.88 ,23.87 ,23.95 ,23.87 ,23.69 ,23.79 ,23.79 ,23.63 ,23.64 ,23.68 ,23.64 ,23.6 ,23.58 ,23.56 ,23.6 ,23.64 ,23.63 ,23.65 ,23.69 ,23.62 ,23.59 ,23.63 ,23.68 ,23.71 ,23.67 ,23.69 ,23.76 ,23.77 ,23.75 ,23.81 ,23.82 ,23.79 ,23.82 ,23.81 ,23.76 ,23.85 ,23.75 ,23.66 ,23.8 ,23.85 ,23.78 ,23.77 ,23.81 ,23.89 ,23.95 ,23.92 ,23.86 ,23.82 ,23.78 ,23.75 ,23.81 ,23.88 ,23.85 ,23.94 ,23.85 ,23.87 ,23.82 ,23.88 ,23.86 ,23.84 ,23.8 ,23.87 ,23.83 ,23.83 ,23.81 ,23.76 ,23.82 ,23.83 ,23.78 ,23.82 ,23.76 ,23.85 ,23.81 ,23.89 ,23.81 ,23.78 ,23.78 ,23.88 ,23.83 ,23.96 ,23.83 ,23.85 ,23.89 ,23.78 ,23.83 ,23.92 ,23.84 ,23.83 ,23.84 ,23.88 ,23.82 ,23.82 ,23.85 ,23.9 ,23.81 ,23.7 ,23.78 ,23.68 ,23.76 ,23.88 ,23.8 ,23.78 ,23.64 ,23.76 ,23.85 ,23.86 ,23.78 ,23.73 ,23.83 ,23.83 ,23.7 ,23.63 ,23.67 ,23.73 ,23.78 ,23.74 ,23.7 ,23.72 ,23.6 ,23.53 ,23.57 ,23.6 ,23.58 ,23.53 ,23.39 ,23.4 ,23.26 ,23.33 ,23.28 ,23.3 ,23.39 ,23.39 ,23.42 ,23.38 ,23.45 ,23.38 ,23.35 ,23.31 ,23.25 ,23.3 ,23.31 ,23.29 ,23.29 ,23.19 ,23.24 ,23.15 ,23.23 ,23.4 ,23.4 ,23.27 ,23.21 ,23.23 ,23.22 ,23.28 ,23.38 ,23.32 ,23.3 ,23.37 ,23.35 ,23.31 ,23.33 ,23.35 ,23.33 ,23.3 ,23.31 ,23.28 ,23.28 ,23.29 ,23.29 ,23.34 ,23.27 ,23.36 ,23.45 ,23.32 ,23.35 ,23.37 ,23.3 ,23.31 ,23.35 ,23.34 ,23.33 ,23.31 ,23.25 ,23.27 ,23.26 ,23.3 ,23.49 ,23.37 ,23.2 ,23.3 ,23.3 ,23.3 ,23.21 ,23.35 ,23.15 ,23.07 ,23.14 ,23.16 ,23.14 ,23.16 ,23.13 ,23.21 ,23.21 ,23.18 ,23.26 ,23.35 ,23.3 ,23.27 ,23.26 ,23.31 ,23.33 ,23.3 ,23.26 ,23.23 ,23.33 ,23.4 ,23.39 ,23.35 ,23.31 ,23.26 ,
322,23.34 ,23.32 ,23.31 ,23.39 ,23.33 ,23.27 ,23.4 ,23.36 ,23.33 ,23.39 ,23.32 ,23.34 ,23.49 ,23.37 ,23.32 ,23.23 ,23.32 ,23.37 ,23.21 ,23.27 ,23.23 ,23.39 ,23.49 ,23.43 ,23.4 ,23.52 ,23.46 ,23.41 ,23.35 ,23.42 ,23.53 ,23.46 ,23.47 ,23.51 ,23.51 ,23.55 ,23.58 ,23.61 ,23.64 ,23.62 ,23.59 ,23.71 ,23.59 ,23.61 ,23.68 ,23.66 ,23.58 ,23.55 ,23.57 ,23.61 ,23.47 ,23.48 ,23.54 ,23.6 ,23.59 ,23.65 ,23.57 ,23.55 ,23.59 ,23.6 ,23.62 ,23.61 ,23.58 ,23.56 ,23.6 ,23.63 ,23.7 ,23.63 ,23.65 ,23.54 ,23.62 ,23.67 ,23.59 ,23.57 ,23.69 ,23.68 ,23.65 ,23.64 ,23.59 ,23.56 ,23.58 ,23.63 ,23.65 ,23.71 ,23.64 ,23.71 ,23.69 ,23.64 ,23.68 ,23.63 ,23.55 ,23.63 ,23.65 ,23.68 ,23.62 ,23.59 ,23.59 ,23.53 ,23.5 ,23.55 ,23.62 ,23.58 ,23.65 ,23.72 ,23.75 ,23.74 ,23.71 ,23.64 ,23.6 ,23.57 ,23.67 ,23.69 ,23.69 ,23.68 ,23.63 ,23.61 ,23.59 ,23.64 ,23.71 ,23.68 ,23.66 ,23.68 ,23.71 ,23.69 ,23.68 ,23.59 ,23.59 ,23.67 ,23.65 ,23.56 ,23.64 ,23.72 ,23.62 ,23.59 ,23.52 ,23.47 ,23.52 ,23.53 ,23.49 ,23.5 ,23.46 ,23.41 ,23.46 ,23.47 ,23.5 ,23.55 ,23.55 ,23.54 ,23.57 ,23.61 ,23.68 ,23.72 ,23.82 ,23.86 ,23.76 ,23.75 ,23.64 ,23.66 ,23.7 ,23.8 ,23.87 ,23.82 ,23.79 ,23.8 ,23.86 ,23.87 ,23.81 ,23.88 ,23.88 ,23.81 ,23.85 ,23.81 ,23.78 ,23.87 ,23.88 ,23.75 ,23.73 ,23.86 ,23.87 ,23.86 ,23.83 ,23.84 ,23.91 ,23.84 ,23.82 ,23.94 ,23.85 ,23.78 ,23.83 ,23.82 ,23.86 ,23.84 ,23.86 ,23.84 ,23.93 ,23.79 ,23.76 ,23.87 ,23.83 ,23.79 ,23.81 ,23.83 ,23.86 ,23.81 ,23.7 ,23.74 ,23.75 ,23.71 ,23.71 ,23.68 ,23.77 ,23.81 ,23.82 ,23.83 ,23.89 ,23.88 ,23.87 ,23.83 ,23.84 ,23.87 ,23.86 ,23.82 ,23.83 ,23.8 ,23.82 ,23.82 ,23.83 ,23.81 ,23.82 ,23.91 ,23.87 ,23.84 ,23.97 ,23.89 ,23.78 ,23.89 ,23.91 ,23.84 ,23.79 ,23.73 ,23.69 ,23.85 ,23.91 ,23.85 ,23.82 ,23.94 ,23.9 ,23.88 ,23.93 ,23.88 ,23.91 ,23.94 ,23.93 ,23.88 ,23.89 ,23.92 ,23.94 ,23.92 ,23.86 ,23.92 ,23.99 ,23.98 ,23.95 ,23.89 ,23.98 ,24.02 ,24.02 ,24.05 ,24.01 ,23.94 ,23.9 ,23.95 ,23.94 ,23.98 ,24.02 ,23.94 ,23.89 ,23.99 ,23.97 ,23.91 ,23.92 ,23.97 ,23.85 ,23.87 ,23.82 ,23.62 ,23.56 ,23.59 ,23.79 ,23.92 ,23.95 ,23.98 ,23.96 ,24.03 ,24.01 ,23.98 ,24.01 ,24.04 ,24.03 ,24.01 ,24.02 ,23.99 ,23.98 ,24.03 ,24.05 ,24.04 ,23.96 ,24.06 ,24.1 ,24.01 ,23.93 ,24.07 ,24.05 ,24.02 ,24.02 ,23.95 ,23.9 ,23.94 ,23.97 ,24.03 ,23.97 ,23.95 ,23.98 ,24.05 ,24.09 ,24 ,24 ,24.02 ,23.95 ,24.02 ,24.08 ,23.95 ,24 ,23.97 ,23.98 ,23.96 ,23.96 ,24.05 ,24.03 ,24.02 ,23.98 ,24 ,23.91 ,24 ,24.05 ,24.02 ,24 ,23.94 ,24.01 ,24.04 ,23.98 ,24.04 ,24.06 ,24.06 ,23.97 ,23.97 ,24.01 ,23.99 ,23.9 ,23.98 ,24.05 ,24.04 ,24.08 ,24.08 ,24.01 ,24.01 ,23.93 ,23.95 ,23.96 ,23.99 ,24.01 ,24.08 ,24.1 ,24.04 ,23.95 ,23.9 ,23.94 ,23.97 ,23.95 ,23.79 ,23.71 ,23.63 ,23.61 ,23.74 ,23.64 ,23.64 ,23.63 ,23.6 ,23.66 ,23.77 ,23.8 ,23.88 ,23.86 ,23.81 ,23.91 ,23.96 ,23.99 ,23.94 ,23.89 ,23.91 ,23.88 ,23.97 ,23.98 ,23.97 ,23.95 ,23.8 ,23.79 ,23.88 ,23.91 ,23.98 ,23.93 ,23.87 ,23.85 ,23.9 ,23.91 ,23.88 ,23.86 ,23.9 ,23.85 ,23.86 ,23.89 ,23.85 ,23.81 ,23.88 ,23.7 ,23.65 ,23.8 ,23.65 ,23.6 ,23.68 ,23.67 ,23.67 ,23.61 ,23.6 ,23.6 ,23.69 ,23.63 ,23.6 ,23.65 ,23.65 ,23.59 ,23.66 ,23.72 ,23.73 ,23.68 ,23.82 ,23.78 ,23.77 ,23.83 ,23.88 ,23.83 ,23.84 ,23.87 ,23.82 ,23.76 ,23.77 ,23.81 ,23.72 ,23.77 ,23.81 ,23.76 ,23.8 ,23.87 ,23.9 ,23.91 ,23.84 ,23.83 ,23.82 ,23.86 ,23.79 ,23.71 ,23.85 ,23.91 ,23.94 ,23.89 ,23.84 ,23.86 ,23.85 ,23.8 ,23.86 ,23.82 ,23.79 ,23.83 ,23.86 ,23.92 ,23.89 ,23.83 ,23.86 ,23.85 ,23.84 ,23.78 ,23.84 ,23.85 ,23.89 ,23.81 ,23.81 ,23.84 ,23.85 ,23.82 ,23.9 ,23.94 ,23.84 ,23.88 ,23.82 ,23.83 ,23.95 ,23.88 ,23.88 ,23.87 ,23.9 ,23.87 ,23.84 ,23.91 ,23.9 ,23.89 ,23.76 ,23.77 ,23.76 ,23.81 ,23.86 ,23.81 ,23.79 ,23.81 ,23.79 ,23.82 ,23.77 ,23.75 ,23.82 ,23.79 ,23.77 ,23.74 ,23.66 ,23.65 ,23.66 ,23.74 ,23.72 ,23.7 ,23.61 ,23.65 ,23.57 ,23.63 ,23.61 ,23.58 ,23.57 ,23.47 ,23.39 ,23.32 ,23.31 ,23.27 ,23.28 ,23.39 ,23.45 ,23.46 ,23.42 ,23.39 ,23.28 ,23.29 ,23.43 ,23.28 ,23.29 ,23.37 ,23.37 ,23.25 ,23.18 ,23.18 ,23.24 ,23.28 ,23.38 ,23.46 ,23.32 ,23.17 ,23.23 ,23.27 ,23.27 ,23.3 ,23.4 ,23.33 ,23.42 ,23.32 ,23.28 ,23.32 ,23.31 ,23.35 ,23.41 ,23.34 ,23.3 ,23.34 ,23.29 ,23.32 ,23.32 ,23.34 ,23.37 ,23.44 ,23.36 ,23.23 ,23.34 ,23.31 ,23.31 ,23.31 ,23.3 ,23.18 ,23.23 ,23.27 ,23.24 ,23.27 ,23.22 ,23.31 ,23.29 ,23.21 ,23.33 ,23.27 ,23.23 ,23.26 ,23.29 ,23.22 ,23.06 ,23.11 ,23.19 ,23.06 ,23.14 ,23.13 ,23.23 ,23.28 ,23.22 ,23.29 ,23.27 ,23.18 ,23.25 ,23.23 ,23.28 ,23.28 ,23.22 ,23.3 ,23.27 ,23.31 ,23.31 ,23.36 ,23.41 ,23.28 ,23.26 ,
323,23.48 ,23.35 ,23.41 ,23.39 ,23.4 ,23.35 ,23.41 ,23.43 ,23.39 ,23.38 ,23.4 ,23.4 ,23.47 ,23.37 ,23.49 ,23.41 ,23.32 ,23.37 ,23.29 ,23.26 ,23.23 ,23.35 ,23.51 ,23.44 ,23.38 ,23.52 ,23.52 ,23.42 ,23.39 ,23.46 ,23.57 ,23.53 ,23.5 ,23.51 ,23.48 ,23.53 ,23.65 ,23.58 ,23.64 ,23.68 ,23.62 ,23.62 ,23.66 ,23.53 ,23.6 ,23.68 ,23.63 ,23.65 ,23.63 ,23.62 ,23.54 ,23.57 ,23.62 ,23.59 ,23.63 ,23.62 ,23.65 ,23.55 ,23.55 ,23.59 ,23.59 ,23.54 ,23.48 ,23.51 ,23.63 ,23.59 ,23.63 ,23.62 ,23.65 ,23.6 ,23.53 ,23.58 ,23.6 ,23.6 ,23.68 ,23.7 ,23.58 ,23.57 ,23.55 ,23.59 ,23.66 ,23.58 ,23.58 ,23.66 ,23.68 ,23.66 ,23.71 ,23.66 ,23.63 ,23.65 ,23.61 ,23.66 ,23.61 ,23.58 ,23.61 ,23.61 ,23.57 ,23.59 ,23.6 ,23.59 ,23.56 ,23.56 ,23.62 ,23.69 ,23.77 ,23.72 ,23.73 ,23.67 ,23.59 ,23.54 ,23.63 ,23.68 ,23.7 ,23.71 ,23.69 ,23.66 ,23.6 ,23.57 ,23.56 ,23.65 ,23.71 ,23.68 ,23.67 ,23.69 ,23.71 ,23.68 ,23.66 ,23.61 ,23.65 ,23.55 ,23.64 ,23.67 ,23.66 ,23.64 ,23.65 ,23.6 ,23.48 ,23.5 ,23.51 ,23.54 ,23.47 ,23.46 ,23.43 ,23.48 ,23.57 ,23.58 ,23.56 ,23.57 ,23.61 ,23.62 ,23.59 ,23.58 ,23.73 ,23.77 ,23.65 ,23.73 ,23.65 ,23.64 ,23.77 ,23.79 ,23.77 ,23.8 ,23.8 ,23.8 ,23.88 ,23.88 ,23.89 ,23.88 ,23.8 ,23.83 ,23.88 ,23.86 ,23.87 ,23.84 ,23.89 ,23.82 ,23.76 ,23.76 ,23.81 ,23.78 ,23.8 ,23.89 ,23.87 ,23.88 ,23.86 ,23.82 ,23.79 ,23.73 ,23.78 ,23.87 ,23.88 ,23.84 ,23.83 ,23.88 ,23.9 ,23.83 ,23.75 ,23.84 ,23.86 ,23.84 ,23.9 ,23.87 ,23.85 ,23.85 ,23.76 ,23.73 ,23.78 ,23.7 ,23.7 ,23.75 ,23.73 ,23.76 ,23.73 ,23.85 ,23.9 ,23.89 ,23.85 ,23.84 ,23.83 ,23.89 ,23.89 ,23.84 ,23.83 ,23.73 ,23.78 ,23.8 ,23.84 ,23.86 ,23.9 ,23.94 ,23.9 ,23.87 ,23.93 ,23.99 ,23.88 ,23.86 ,23.85 ,23.79 ,23.7 ,23.77 ,23.72 ,23.87 ,23.9 ,23.9 ,23.9 ,23.9 ,23.97 ,23.92 ,23.94 ,23.94 ,23.91 ,23.94 ,23.97 ,23.95 ,23.93 ,23.97 ,23.97 ,23.95 ,23.83 ,23.89 ,23.99 ,24 ,23.97 ,23.98 ,24.01 ,23.98 ,24 ,24.09 ,24.07 ,23.97 ,23.94 ,23.97 ,23.99 ,24 ,23.99 ,23.92 ,24 ,24.03 ,23.97 ,23.96 ,23.97 ,23.98 ,23.98 ,23.91 ,23.71 ,23.54 ,23.65 ,23.72 ,23.82 ,23.97 ,23.98 ,23.99 ,23.91 ,23.92 ,24 ,24.08 ,24.08 ,24.1 ,24.02 ,24.02 ,23.96 ,23.93 ,24 ,24.01 ,24.03 ,23.98 ,23.97 ,24.03 ,24.01 ,23.97 ,23.88 ,24.04 ,24.03 ,24.03 ,23.99 ,23.97 ,24.01 ,23.96 ,23.98 ,24.01 ,24.01 ,23.95 ,23.97 ,24.01 ,24.05 ,23.97 ,23.99 ,24.02 ,23.95 ,24.05 ,24.1 ,23.99 ,23.98 ,23.97 ,24.01 ,23.95 ,23.97 ,24.07 ,24.05 ,23.94 ,24 ,24.04 ,23.97 ,24 ,23.93 ,24.02 ,24.04 ,23.93 ,24.09 ,24.11 ,24.06 ,23.99 ,24.06 ,24.04 ,23.93 ,23.96 ,23.98 ,23.98 ,23.96 ,23.98 ,24.01 ,23.98 ,24.01 ,24.01 ,24.05 ,23.94 ,23.94 ,23.92 ,23.92 ,23.97 ,24.02 ,24.05 ,24.01 ,24 ,23.89 ,23.83 ,23.9 ,23.93 ,23.86 ,23.71 ,23.68 ,23.62 ,23.59 ,23.68 ,23.61 ,23.63 ,23.67 ,23.7 ,23.77 ,23.91 ,23.96 ,23.98 ,23.92 ,23.78 ,23.87 ,23.96 ,23.91 ,23.92 ,23.91 ,23.97 ,23.99 ,23.92 ,23.84 ,23.86 ,23.87 ,23.87 ,23.85 ,23.88 ,23.98 ,23.96 ,23.96 ,23.83 ,23.87 ,23.92 ,23.9 ,23.88 ,23.91 ,23.82 ,23.81 ,23.88 ,23.96 ,23.84 ,23.75 ,23.76 ,23.71 ,23.61 ,23.66 ,23.62 ,23.61 ,23.74 ,23.67 ,23.64 ,23.55 ,23.63 ,23.63 ,23.66 ,23.66 ,23.63 ,23.69 ,23.68 ,23.69 ,23.68 ,23.77 ,23.7 ,23.68 ,23.8 ,23.85 ,23.81 ,23.8 ,23.87 ,23.86 ,23.85 ,23.91 ,23.81 ,23.73 ,23.81 ,23.79 ,23.85 ,23.85 ,23.83 ,23.78 ,23.87 ,23.91 ,23.94 ,23.87 ,23.82 ,23.87 ,23.87 ,23.82 ,23.88 ,23.76 ,23.75 ,23.87 ,23.94 ,23.88 ,23.89 ,23.8 ,23.89 ,23.89 ,23.86 ,23.88 ,23.86 ,23.83 ,23.84 ,23.85 ,23.9 ,23.82 ,23.85 ,23.8 ,23.78 ,23.77 ,23.78 ,23.84 ,23.9 ,23.89 ,23.89 ,23.85 ,23.79 ,23.71 ,23.91 ,23.9 ,23.83 ,23.89 ,23.82 ,23.79 ,23.86 ,23.89 ,23.88 ,23.88 ,23.84 ,23.82 ,23.76 ,23.81 ,23.9 ,23.86 ,23.77 ,23.74 ,23.76 ,23.84 ,23.82 ,23.9 ,23.84 ,23.78 ,23.88 ,23.81 ,23.68 ,23.69 ,23.78 ,23.74 ,23.75 ,23.72 ,23.69 ,23.69 ,23.67 ,23.67 ,23.7 ,23.77 ,23.69 ,23.63 ,23.6 ,23.6 ,23.67 ,23.52 ,23.51 ,23.53 ,23.47 ,23.37 ,23.37 ,23.28 ,23.34 ,23.44 ,23.47 ,23.48 ,23.42 ,23.5 ,23.35 ,23.31 ,23.36 ,23.3 ,23.34 ,23.34 ,23.37 ,23.28 ,23.19 ,23.14 ,23.15 ,23.28 ,23.35 ,23.44 ,23.33 ,23.18 ,23.27 ,23.34 ,23.38 ,23.4 ,23.37 ,23.31 ,23.28 ,23.33 ,23.33 ,23.29 ,23.3 ,23.31 ,23.38 ,23.35 ,23.32 ,23.33 ,23.34 ,23.29 ,23.31 ,23.36 ,23.38 ,23.4 ,23.36 ,23.31 ,23.27 ,23.35 ,23.3 ,23.33 ,23.28 ,23.31 ,23.29 ,23.29 ,23.3 ,23.27 ,23.25 ,23.27 ,23.2 ,23.23 ,23.28 ,23.23 ,23.27 ,23.2 ,23.22 ,23.2 ,23.23 ,23.2 ,23.23 ,23.11 ,23.14 ,23.18 ,23.26 ,23.29 ,23.23 ,23.29 ,23.28 ,23.16 ,23.29 ,23.27 ,23.19 ,23.29 ,23.26 ,23.27 ,23.29 ,23.26 ,23.3 ,23.32 ,23.37 ,23.3 ,23.33 ,
324,23.41 ,23.39 ,23.41 ,23.4 ,23.32 ,23.28 ,23.37 ,23.39 ,23.37 ,23.42 ,23.37 ,23.41 ,23.44 ,23.39 ,23.39 ,23.39 ,23.36 ,23.41 ,23.38 ,23.41 ,23.35 ,23.36 ,23.46 ,23.46 ,23.44 ,23.49 ,23.45 ,23.33 ,23.39 ,23.46 ,23.59 ,23.59 ,23.54 ,23.51 ,23.42 ,23.51 ,23.6 ,23.58 ,23.58 ,23.64 ,23.59 ,23.56 ,23.64 ,23.62 ,23.59 ,23.69 ,23.61 ,23.61 ,23.66 ,23.67 ,23.59 ,23.57 ,23.7 ,23.65 ,23.56 ,23.57 ,23.6 ,23.59 ,23.57 ,23.65 ,23.63 ,23.64 ,23.52 ,23.46 ,23.62 ,23.66 ,23.68 ,23.63 ,23.64 ,23.67 ,23.6 ,23.6 ,23.64 ,23.64 ,23.68 ,23.71 ,23.57 ,23.49 ,23.59 ,23.52 ,23.6 ,23.59 ,23.48 ,23.58 ,23.58 ,23.61 ,23.69 ,23.72 ,23.67 ,23.57 ,23.64 ,23.71 ,23.63 ,23.57 ,23.63 ,23.68 ,23.66 ,23.69 ,23.69 ,23.69 ,23.59 ,23.58 ,23.67 ,23.63 ,23.71 ,23.74 ,23.74 ,23.67 ,23.64 ,23.59 ,23.59 ,23.65 ,23.67 ,23.7 ,23.72 ,23.64 ,23.63 ,23.68 ,23.64 ,23.64 ,23.73 ,23.69 ,23.63 ,23.7 ,23.69 ,23.72 ,23.73 ,23.67 ,23.63 ,23.6 ,23.72 ,23.72 ,23.69 ,23.71 ,23.63 ,23.62 ,23.57 ,23.55 ,23.59 ,23.58 ,23.42 ,23.42 ,23.43 ,23.45 ,23.59 ,23.61 ,23.48 ,23.47 ,23.6 ,23.6 ,23.55 ,23.6 ,23.63 ,23.71 ,23.7 ,23.83 ,23.69 ,23.71 ,23.83 ,23.83 ,23.75 ,23.82 ,23.82 ,23.83 ,23.78 ,23.86 ,23.87 ,23.81 ,23.7 ,23.78 ,23.88 ,23.83 ,23.83 ,23.88 ,23.92 ,23.91 ,23.84 ,23.74 ,23.8 ,23.8 ,23.75 ,23.88 ,23.91 ,23.79 ,23.81 ,23.8 ,23.8 ,23.77 ,23.72 ,23.86 ,23.89 ,23.83 ,23.83 ,23.82 ,23.86 ,23.83 ,23.83 ,23.81 ,23.88 ,23.85 ,23.79 ,23.9 ,23.88 ,23.76 ,23.76 ,23.76 ,23.76 ,23.71 ,23.68 ,23.71 ,23.7 ,23.76 ,23.77 ,23.78 ,23.9 ,23.84 ,23.81 ,23.81 ,23.85 ,23.79 ,23.9 ,23.86 ,23.86 ,23.86 ,23.9 ,23.85 ,23.85 ,23.82 ,23.91 ,23.94 ,23.89 ,23.9 ,23.98 ,23.94 ,23.9 ,23.91 ,23.85 ,23.75 ,23.69 ,23.76 ,23.81 ,23.91 ,23.96 ,23.9 ,23.93 ,23.94 ,23.9 ,23.89 ,23.91 ,24 ,23.96 ,23.94 ,23.97 ,24.06 ,24 ,23.89 ,23.96 ,23.97 ,23.88 ,23.95 ,23.92 ,23.95 ,23.93 ,23.91 ,23.99 ,23.94 ,24.01 ,24.04 ,24.07 ,23.97 ,23.96 ,24.03 ,24.02 ,23.98 ,23.9 ,23.94 ,23.92 ,24.02 ,24 ,23.98 ,24.06 ,24 ,24.02 ,23.93 ,23.74 ,23.68 ,23.73 ,23.86 ,23.93 ,24.01 ,24.01 ,23.98 ,23.95 ,23.96 ,24.02 ,24.12 ,24.08 ,24.05 ,24.04 ,24.05 ,24.05 ,23.97 ,24.03 ,24.06 ,24.03 ,24.01 ,24 ,24.08 ,24.07 ,24.04 ,24.03 ,24.11 ,24.06 ,24.1 ,24.1 ,24.1 ,24.1 ,24.01 ,23.94 ,23.94 ,24 ,24.06 ,23.99 ,24.04 ,24.03 ,23.91 ,23.98 ,24.15 ,24.05 ,24.03 ,24.11 ,23.99 ,23.92 ,23.97 ,24.04 ,24.03 ,24.01 ,24.05 ,24.06 ,23.95 ,23.98 ,24.03 ,23.97 ,24.05 ,23.94 ,23.96 ,24.05 ,24.02 ,24.06 ,24.02 ,24.05 ,24.02 ,24.03 ,24.03 ,23.91 ,23.94 ,23.98 ,23.95 ,24 ,23.97 ,23.94 ,24.01 ,24.02 ,24 ,24.06 ,23.94 ,23.95 ,24 ,23.91 ,24.02 ,24.01 ,23.97 ,23.91 ,23.94 ,23.95 ,23.9 ,23.86 ,23.82 ,23.71 ,23.65 ,23.64 ,23.63 ,23.58 ,23.62 ,23.59 ,23.62 ,23.69 ,23.73 ,23.84 ,23.9 ,23.95 ,23.93 ,23.99 ,23.84 ,23.91 ,23.93 ,23.92 ,23.98 ,23.93 ,23.93 ,24.02 ,23.99 ,23.92 ,23.87 ,23.92 ,23.88 ,23.9 ,23.91 ,23.95 ,23.95 ,23.88 ,23.8 ,23.82 ,23.93 ,23.87 ,23.86 ,23.93 ,23.92 ,23.85 ,23.79 ,23.84 ,23.77 ,23.69 ,23.68 ,23.6 ,23.6 ,23.67 ,23.68 ,23.62 ,23.72 ,23.72 ,23.64 ,23.61 ,23.68 ,23.66 ,23.64 ,23.65 ,23.67 ,23.67 ,23.66 ,23.69 ,23.71 ,23.77 ,23.68 ,23.71 ,23.82 ,23.91 ,23.86 ,23.81 ,23.78 ,23.86 ,23.89 ,23.88 ,23.81 ,23.73 ,23.85 ,23.93 ,23.94 ,23.9 ,23.84 ,23.84 ,23.89 ,23.89 ,23.92 ,23.89 ,23.86 ,23.89 ,23.91 ,23.81 ,23.86 ,23.83 ,23.79 ,23.78 ,23.93 ,23.86 ,23.87 ,23.86 ,23.93 ,23.96 ,23.91 ,23.91 ,23.96 ,23.88 ,23.82 ,23.81 ,23.82 ,23.81 ,23.85 ,23.85 ,23.86 ,23.86 ,23.75 ,23.84 ,23.99 ,23.88 ,23.86 ,23.81 ,23.76 ,23.76 ,23.92 ,23.94 ,23.89 ,23.88 ,23.77 ,23.85 ,23.88 ,23.87 ,23.88 ,23.87 ,23.82 ,23.71 ,23.73 ,23.8 ,23.82 ,23.83 ,23.76 ,23.78 ,23.75 ,23.83 ,23.82 ,23.88 ,23.9 ,23.79 ,23.83 ,23.85 ,23.77 ,23.77 ,23.78 ,23.77 ,23.8 ,23.77 ,23.67 ,23.66 ,23.71 ,23.67 ,23.68 ,23.79 ,23.71 ,23.7 ,23.65 ,23.55 ,23.56 ,23.6 ,23.54 ,23.47 ,23.43 ,23.39 ,23.38 ,23.3 ,23.3 ,23.3 ,23.45 ,23.51 ,23.39 ,23.46 ,23.44 ,23.21 ,23.25 ,23.29 ,23.42 ,23.35 ,23.28 ,23.19 ,23.27 ,23.27 ,23.15 ,23.21 ,23.38 ,23.37 ,23.26 ,23.15 ,23.3 ,23.42 ,23.46 ,23.41 ,23.35 ,23.32 ,23.31 ,23.33 ,23.29 ,23.27 ,23.25 ,23.29 ,23.31 ,23.34 ,23.32 ,23.26 ,23.31 ,23.27 ,23.29 ,23.38 ,23.39 ,23.4 ,23.31 ,23.33 ,23.39 ,23.35 ,23.31 ,23.29 ,23.31 ,23.38 ,23.36 ,23.22 ,23.2 ,23.19 ,23.29 ,23.38 ,23.24 ,23.28 ,23.28 ,23.22 ,23.25 ,23.18 ,23.23 ,23.18 ,23.22 ,23.2 ,23.22 ,23.2 ,23.2 ,23.17 ,23.24 ,23.25 ,23.15 ,23.32 ,23.35 ,23.32 ,23.34 ,23.32 ,23.25 ,23.35 ,23.32 ,23.28 ,23.3 ,23.27 ,23.22 ,23.31 ,23.27 ,23.24 ,23.19 ,
325,23.41 ,23.34 ,23.4 ,23.35 ,23.25 ,23.25 ,23.28 ,23.31 ,23.35 ,23.39 ,23.32 ,23.28 ,23.43 ,23.33 ,23.36 ,23.44 ,23.28 ,23.37 ,23.36 ,23.34 ,23.36 ,23.28 ,23.43 ,23.41 ,23.4 ,23.5 ,23.39 ,23.29 ,23.34 ,23.5 ,23.51 ,23.56 ,23.51 ,23.55 ,23.54 ,23.52 ,23.55 ,23.53 ,23.58 ,23.55 ,23.59 ,23.63 ,23.65 ,23.61 ,23.59 ,23.67 ,23.6 ,23.57 ,23.68 ,23.65 ,23.53 ,23.52 ,23.6 ,23.58 ,23.48 ,23.5 ,23.56 ,23.56 ,23.61 ,23.62 ,23.59 ,23.6 ,23.55 ,23.48 ,23.61 ,23.58 ,23.65 ,23.66 ,23.66 ,23.65 ,23.65 ,23.61 ,23.6 ,23.55 ,23.54 ,23.63 ,23.59 ,23.48 ,23.48 ,23.51 ,23.66 ,23.66 ,23.56 ,23.54 ,23.52 ,23.57 ,23.71 ,23.75 ,23.75 ,23.63 ,23.59 ,23.68 ,23.68 ,23.68 ,23.66 ,23.63 ,23.69 ,23.67 ,23.67 ,23.58 ,23.6 ,23.58 ,23.6 ,23.64 ,23.65 ,23.68 ,23.67 ,23.58 ,23.64 ,23.57 ,23.58 ,23.61 ,23.69 ,23.7 ,23.68 ,23.65 ,23.62 ,23.69 ,23.67 ,23.72 ,23.77 ,23.73 ,23.65 ,23.72 ,23.69 ,23.68 ,23.68 ,23.68 ,23.63 ,23.58 ,23.63 ,23.69 ,23.65 ,23.65 ,23.58 ,23.62 ,23.61 ,23.56 ,23.48 ,23.52 ,23.46 ,23.41 ,23.42 ,23.35 ,23.52 ,23.56 ,23.44 ,23.4 ,23.6 ,23.59 ,23.54 ,23.56 ,23.61 ,23.68 ,23.74 ,23.85 ,23.75 ,23.71 ,23.77 ,23.79 ,23.8 ,23.78 ,23.85 ,23.86 ,23.8 ,23.77 ,23.81 ,23.79 ,23.72 ,23.78 ,23.9 ,23.8 ,23.78 ,23.83 ,23.85 ,23.86 ,23.85 ,23.79 ,23.84 ,23.78 ,23.74 ,23.81 ,23.88 ,23.83 ,23.77 ,23.79 ,23.84 ,23.83 ,23.8 ,23.7 ,23.78 ,23.79 ,23.85 ,23.85 ,23.8 ,23.76 ,23.72 ,23.8 ,23.82 ,23.82 ,23.75 ,23.81 ,23.89 ,23.79 ,23.74 ,23.77 ,23.78 ,23.74 ,23.71 ,23.67 ,23.77 ,23.8 ,23.84 ,23.86 ,23.83 ,23.83 ,23.86 ,23.87 ,23.9 ,23.83 ,23.91 ,23.94 ,23.93 ,23.82 ,23.91 ,23.87 ,23.82 ,23.79 ,23.81 ,23.92 ,23.85 ,23.93 ,23.93 ,23.85 ,23.81 ,23.76 ,23.69 ,23.66 ,23.76 ,23.81 ,23.86 ,23.93 ,23.92 ,23.83 ,23.92 ,23.94 ,23.92 ,23.87 ,23.88 ,23.87 ,23.96 ,23.92 ,23.95 ,24.02 ,24.02 ,23.93 ,23.91 ,23.94 ,23.87 ,23.98 ,23.96 ,23.94 ,24.01 ,23.91 ,23.99 ,23.93 ,24.01 ,24.02 ,24.01 ,23.95 ,23.93 ,24.01 ,23.95 ,23.91 ,23.92 ,23.91 ,23.87 ,23.96 ,23.99 ,23.96 ,24.03 ,24.01 ,23.89 ,23.73 ,23.58 ,23.66 ,23.81 ,23.87 ,23.93 ,24.02 ,23.95 ,23.93 ,23.95 ,24.05 ,24.06 ,24.13 ,24.02 ,24.07 ,24.02 ,23.96 ,24.05 ,24.08 ,24.05 ,24.06 ,23.98 ,24.01 ,24.05 ,24.18 ,24.16 ,24.05 ,24.05 ,24.09 ,24.05 ,24.06 ,24.12 ,24.09 ,23.98 ,23.98 ,23.98 ,23.95 ,23.98 ,24.04 ,24 ,24.03 ,24 ,23.94 ,23.93 ,24.07 ,24.06 ,24 ,24.08 ,24.04 ,23.96 ,23.99 ,24.04 ,24.02 ,24.03 ,24.09 ,24.09 ,24.06 ,24.04 ,24.02 ,23.97 ,24.01 ,24.05 ,24.01 ,24.02 ,23.99 ,24.03 ,23.95 ,23.97 ,23.98 ,23.98 ,23.97 ,23.96 ,23.95 ,23.97 ,23.97 ,24.03 ,24.01 ,23.95 ,23.96 ,24.01 ,24 ,24.1 ,24.02 ,23.94 ,23.97 ,23.92 ,24.01 ,24.07 ,23.93 ,24.01 ,23.98 ,23.89 ,23.9 ,23.95 ,23.82 ,23.76 ,23.58 ,23.66 ,23.6 ,23.56 ,23.68 ,23.73 ,23.78 ,23.8 ,23.8 ,23.81 ,23.89 ,23.92 ,23.94 ,23.99 ,23.92 ,23.91 ,23.91 ,23.94 ,23.97 ,23.95 ,23.88 ,23.97 ,24.03 ,23.98 ,23.97 ,24.01 ,23.89 ,23.83 ,23.89 ,23.89 ,23.86 ,23.88 ,23.8 ,23.81 ,23.93 ,23.91 ,23.86 ,23.82 ,23.85 ,23.91 ,23.92 ,23.84 ,23.7 ,23.55 ,23.58 ,23.55 ,23.6 ,23.63 ,23.67 ,23.6 ,23.6 ,23.66 ,23.66 ,23.68 ,23.72 ,23.68 ,23.64 ,23.67 ,23.56 ,23.64 ,23.64 ,23.69 ,23.79 ,23.77 ,23.74 ,23.75 ,23.81 ,23.86 ,23.87 ,23.83 ,23.74 ,23.84 ,23.91 ,23.87 ,23.8 ,23.75 ,23.87 ,23.89 ,23.91 ,23.89 ,23.9 ,23.85 ,23.82 ,23.85 ,23.89 ,23.84 ,23.89 ,23.94 ,23.88 ,23.81 ,23.9 ,23.86 ,23.77 ,23.85 ,23.94 ,23.82 ,23.83 ,23.8 ,23.82 ,23.86 ,23.84 ,23.9 ,23.99 ,23.93 ,23.81 ,23.76 ,23.84 ,23.85 ,23.85 ,23.83 ,23.81 ,23.81 ,23.77 ,23.81 ,23.97 ,23.85 ,23.79 ,23.78 ,23.85 ,23.87 ,23.9 ,23.91 ,23.92 ,23.9 ,23.78 ,23.91 ,23.87 ,23.87 ,23.97 ,23.87 ,23.85 ,23.81 ,23.74 ,23.83 ,23.93 ,23.9 ,23.76 ,23.78 ,23.75 ,23.82 ,23.84 ,23.82 ,23.85 ,23.87 ,23.87 ,23.8 ,23.75 ,23.89 ,23.8 ,23.73 ,23.73 ,23.71 ,23.78 ,23.73 ,23.74 ,23.7 ,23.65 ,23.77 ,23.75 ,23.72 ,23.7 ,23.6 ,23.6 ,23.61 ,23.62 ,23.54 ,23.37 ,23.28 ,23.38 ,23.33 ,23.27 ,23.34 ,23.38 ,23.51 ,23.42 ,23.36 ,23.36 ,23.16 ,23.19 ,23.33 ,23.34 ,23.29 ,23.22 ,23.12 ,23.15 ,23.19 ,23.15 ,23.23 ,23.39 ,23.29 ,23.19 ,23.13 ,23.2 ,23.35 ,23.48 ,23.5 ,23.32 ,23.32 ,23.3 ,23.3 ,23.31 ,23.26 ,23.33 ,23.32 ,23.25 ,23.28 ,23.22 ,23.17 ,23.24 ,23.29 ,23.27 ,23.34 ,23.32 ,23.28 ,23.3 ,23.21 ,23.28 ,23.36 ,23.33 ,23.27 ,23.2 ,23.33 ,23.36 ,23.31 ,23.23 ,23.24 ,23.3 ,23.4 ,23.24 ,23.26 ,23.32 ,23.22 ,23.19 ,23.17 ,23.26 ,23.2 ,23.27 ,23.11 ,23.09 ,23.29 ,23.25 ,23.14 ,23.21 ,23.27 ,23.14 ,23.17 ,23.25 ,23.3 ,23.48 ,23.34 ,23.25 ,23.26 ,23.32 ,23.24 ,23.3 ,23.21 ,23.16 ,23.39 ,23.35 ,23.22 ,23.15 ,
326,23.37 ,23.4 ,23.45 ,23.42 ,23.23 ,23.25 ,23.33 ,23.35 ,23.34 ,23.29 ,23.28 ,23.24 ,23.42 ,23.37 ,23.44 ,23.41 ,23.32 ,23.32 ,23.35 ,23.28 ,23.29 ,23.27 ,23.34 ,23.35 ,23.38 ,23.45 ,23.4 ,23.28 ,23.34 ,23.47 ,23.55 ,23.52 ,23.48 ,23.56 ,23.59 ,23.59 ,23.53 ,23.52 ,23.61 ,23.65 ,23.67 ,23.6 ,23.6 ,23.64 ,23.59 ,23.58 ,23.67 ,23.59 ,23.63 ,23.72 ,23.49 ,23.47 ,23.57 ,23.58 ,23.48 ,23.51 ,23.56 ,23.56 ,23.57 ,23.6 ,23.6 ,23.62 ,23.59 ,23.6 ,23.71 ,23.62 ,23.69 ,23.65 ,23.64 ,23.63 ,23.63 ,23.66 ,23.61 ,23.57 ,23.62 ,23.59 ,23.61 ,23.6 ,23.49 ,23.48 ,23.65 ,23.65 ,23.55 ,23.53 ,23.65 ,23.64 ,23.68 ,23.66 ,23.66 ,23.64 ,23.55 ,23.65 ,23.73 ,23.75 ,23.6 ,23.67 ,23.67 ,23.62 ,23.66 ,23.6 ,23.59 ,23.63 ,23.68 ,23.71 ,23.66 ,23.68 ,23.69 ,23.63 ,23.69 ,23.67 ,23.62 ,23.61 ,23.62 ,23.71 ,23.71 ,23.63 ,23.59 ,23.58 ,23.64 ,23.68 ,23.72 ,23.69 ,23.69 ,23.77 ,23.75 ,23.66 ,23.66 ,23.64 ,23.69 ,23.65 ,23.7 ,23.63 ,23.62 ,23.66 ,23.62 ,23.6 ,23.61 ,23.58 ,23.52 ,23.55 ,23.49 ,23.43 ,23.47 ,23.44 ,23.45 ,23.49 ,23.44 ,23.45 ,23.51 ,23.57 ,23.55 ,23.61 ,23.54 ,23.53 ,23.64 ,23.72 ,23.68 ,23.7 ,23.7 ,23.82 ,23.83 ,23.79 ,23.79 ,23.83 ,23.76 ,23.83 ,23.85 ,23.86 ,23.83 ,23.77 ,23.82 ,23.79 ,23.76 ,23.81 ,23.83 ,23.82 ,23.82 ,23.81 ,23.83 ,23.82 ,23.81 ,23.81 ,23.8 ,23.79 ,23.83 ,23.85 ,23.87 ,23.83 ,23.84 ,23.77 ,23.84 ,23.81 ,23.75 ,23.83 ,23.81 ,23.71 ,23.69 ,23.72 ,23.74 ,23.83 ,23.76 ,23.81 ,23.85 ,23.86 ,23.8 ,23.8 ,23.76 ,23.73 ,23.74 ,23.76 ,23.81 ,23.84 ,23.9 ,23.89 ,23.88 ,23.87 ,23.91 ,23.91 ,23.84 ,23.86 ,23.89 ,23.93 ,23.83 ,23.82 ,23.89 ,23.88 ,23.82 ,23.8 ,23.82 ,23.87 ,23.88 ,23.89 ,23.91 ,23.81 ,23.81 ,23.76 ,23.67 ,23.68 ,23.82 ,23.86 ,23.85 ,24.03 ,24.01 ,23.88 ,23.92 ,23.96 ,23.88 ,23.89 ,23.95 ,23.94 ,23.97 ,23.93 ,23.92 ,23.91 ,23.97 ,23.92 ,23.9 ,23.93 ,23.86 ,23.93 ,23.94 ,23.91 ,24.05 ,23.99 ,24.03 ,24 ,23.96 ,23.97 ,24.01 ,23.93 ,23.96 ,23.98 ,23.93 ,23.93 ,23.83 ,23.87 ,23.91 ,23.98 ,23.92 ,23.89 ,23.99 ,23.91 ,23.78 ,23.61 ,23.52 ,23.64 ,23.86 ,23.82 ,23.84 ,23.97 ,23.84 ,23.87 ,23.95 ,24.01 ,24.04 ,24.04 ,23.99 ,24.03 ,23.96 ,23.96 ,24.09 ,24.09 ,24.02 ,23.94 ,23.93 ,23.94 ,24.08 ,24.11 ,24.08 ,24 ,24.04 ,24.11 ,24.06 ,24.06 ,24.09 ,24.04 ,24 ,23.96 ,23.99 ,23.97 ,24 ,23.98 ,24.01 ,23.97 ,24.01 ,23.95 ,23.94 ,23.96 ,23.97 ,23.97 ,24.02 ,24.06 ,24.04 ,24.02 ,24.05 ,24.02 ,24.03 ,24.07 ,24.07 ,24.09 ,24.06 ,24.01 ,24 ,23.96 ,24.06 ,24.01 ,24.01 ,24.02 ,24.02 ,24.03 ,24 ,23.99 ,24.02 ,23.97 ,23.96 ,23.97 ,23.93 ,23.98 ,24 ,23.95 ,23.99 ,23.98 ,23.96 ,24.01 ,23.98 ,23.96 ,23.92 ,23.94 ,23.95 ,24.02 ,24.03 ,23.99 ,24.03 ,24.04 ,23.97 ,23.92 ,23.92 ,23.87 ,23.7 ,23.6 ,23.58 ,23.65 ,23.61 ,23.73 ,23.78 ,23.84 ,23.86 ,23.9 ,23.91 ,23.89 ,23.97 ,24 ,23.95 ,23.96 ,23.95 ,23.92 ,23.89 ,23.85 ,23.96 ,23.86 ,23.92 ,24 ,23.93 ,23.94 ,24 ,23.92 ,23.85 ,23.86 ,23.98 ,23.95 ,23.9 ,23.78 ,23.76 ,23.92 ,23.89 ,23.91 ,23.86 ,23.81 ,23.84 ,23.92 ,23.85 ,23.7 ,23.56 ,23.7 ,23.59 ,23.62 ,23.64 ,23.65 ,23.56 ,23.55 ,23.59 ,23.63 ,23.7 ,23.65 ,23.69 ,23.68 ,23.72 ,23.59 ,23.64 ,23.68 ,23.68 ,23.72 ,23.75 ,23.76 ,23.78 ,23.87 ,23.81 ,23.81 ,23.84 ,23.83 ,23.78 ,23.82 ,23.82 ,23.83 ,23.74 ,23.84 ,23.91 ,23.82 ,23.81 ,23.85 ,23.79 ,23.84 ,23.81 ,23.87 ,23.77 ,23.83 ,23.94 ,23.88 ,23.84 ,23.8 ,23.82 ,23.79 ,23.89 ,23.87 ,23.85 ,23.84 ,23.81 ,23.83 ,23.81 ,23.82 ,23.89 ,23.91 ,23.85 ,23.83 ,23.73 ,23.83 ,23.85 ,23.77 ,23.8 ,23.71 ,23.77 ,23.85 ,23.81 ,23.92 ,23.87 ,23.81 ,23.75 ,23.89 ,23.85 ,23.88 ,23.94 ,23.88 ,23.87 ,23.8 ,23.89 ,23.93 ,23.96 ,23.93 ,23.89 ,23.91 ,23.92 ,23.79 ,23.79 ,23.94 ,23.87 ,23.83 ,23.85 ,23.73 ,23.84 ,23.82 ,23.85 ,23.81 ,23.78 ,23.85 ,23.85 ,23.82 ,23.82 ,23.79 ,23.74 ,23.7 ,23.76 ,23.81 ,23.79 ,23.78 ,23.73 ,23.68 ,23.73 ,23.73 ,23.69 ,23.68 ,23.61 ,23.6 ,23.58 ,23.54 ,23.49 ,23.38 ,23.26 ,23.33 ,23.37 ,23.33 ,23.35 ,23.41 ,23.53 ,23.47 ,23.37 ,23.36 ,23.3 ,23.28 ,23.33 ,23.3 ,23.32 ,23.31 ,23.21 ,23.23 ,23.22 ,23.19 ,23.22 ,23.38 ,23.37 ,23.21 ,23.25 ,23.34 ,23.35 ,23.38 ,23.43 ,23.38 ,23.35 ,23.34 ,23.35 ,23.36 ,23.24 ,23.29 ,23.32 ,23.26 ,23.22 ,23.27 ,23.24 ,23.25 ,23.29 ,23.33 ,23.37 ,23.3 ,23.29 ,23.33 ,23.3 ,23.24 ,23.31 ,23.41 ,23.29 ,23.26 ,23.31 ,23.36 ,23.45 ,23.37 ,23.32 ,23.22 ,23.36 ,23.31 ,23.31 ,23.38 ,23.34 ,23.24 ,23.2 ,23.29 ,23.17 ,23.23 ,23.18 ,23.13 ,23.2 ,23.24 ,23.1 ,23.32 ,23.29 ,23.19 ,23.17 ,23.23 ,23.23 ,23.35 ,23.21 ,23.22 ,23.24 ,23.38 ,23.28 ,23.3 ,23.27 ,23.27 ,23.45 ,23.43 ,23.27 ,23.18 ,
327,23.36 ,23.36 ,23.44 ,23.49 ,23.31 ,23.31 ,23.43 ,23.37 ,23.31 ,23.28 ,23.27 ,23.41 ,23.42 ,23.41 ,23.41 ,23.45 ,23.31 ,23.32 ,23.3 ,23.35 ,23.41 ,23.39 ,23.42 ,23.35 ,23.43 ,23.49 ,23.34 ,23.35 ,23.35 ,23.51 ,23.59 ,23.57 ,23.57 ,23.6 ,23.64 ,23.68 ,23.56 ,23.52 ,23.61 ,23.65 ,23.64 ,23.61 ,23.51 ,23.56 ,23.6 ,23.63 ,23.67 ,23.66 ,23.57 ,23.62 ,23.57 ,23.41 ,23.53 ,23.55 ,23.45 ,23.47 ,23.53 ,23.61 ,23.6 ,23.62 ,23.61 ,23.67 ,23.66 ,23.69 ,23.68 ,23.66 ,23.69 ,23.65 ,23.53 ,23.62 ,23.59 ,23.64 ,23.67 ,23.63 ,23.64 ,23.69 ,23.69 ,23.68 ,23.62 ,23.56 ,23.61 ,23.58 ,23.52 ,23.58 ,23.71 ,23.69 ,23.66 ,23.65 ,23.66 ,23.62 ,23.6 ,23.62 ,23.75 ,23.66 ,23.58 ,23.7 ,23.69 ,23.63 ,23.72 ,23.66 ,23.64 ,23.68 ,23.74 ,23.72 ,23.76 ,23.75 ,23.7 ,23.66 ,23.71 ,23.68 ,23.66 ,23.64 ,23.7 ,23.68 ,23.66 ,23.67 ,23.64 ,23.63 ,23.69 ,23.74 ,23.7 ,23.65 ,23.63 ,23.85 ,23.81 ,23.7 ,23.66 ,23.71 ,23.71 ,23.67 ,23.73 ,23.69 ,23.63 ,23.61 ,23.59 ,23.57 ,23.54 ,23.58 ,23.59 ,23.63 ,23.52 ,23.5 ,23.5 ,23.46 ,23.47 ,23.5 ,23.44 ,23.47 ,23.52 ,23.55 ,23.61 ,23.59 ,23.57 ,23.53 ,23.51 ,23.65 ,23.65 ,23.64 ,23.74 ,23.8 ,23.82 ,23.78 ,23.74 ,23.76 ,23.73 ,23.72 ,23.79 ,23.84 ,23.89 ,23.86 ,23.87 ,23.76 ,23.74 ,23.82 ,23.83 ,23.82 ,23.74 ,23.77 ,23.83 ,23.91 ,23.9 ,23.91 ,23.79 ,23.78 ,23.86 ,23.86 ,23.77 ,23.79 ,23.87 ,23.86 ,23.92 ,23.85 ,23.76 ,23.81 ,23.83 ,23.74 ,23.83 ,23.82 ,23.85 ,23.89 ,23.82 ,23.77 ,23.85 ,23.79 ,23.75 ,23.79 ,23.79 ,23.7 ,23.71 ,23.79 ,23.79 ,23.85 ,23.84 ,23.88 ,23.91 ,23.93 ,23.91 ,23.94 ,23.77 ,23.81 ,23.92 ,23.89 ,23.84 ,23.83 ,23.91 ,23.88 ,23.83 ,23.85 ,23.9 ,23.93 ,23.87 ,23.86 ,23.89 ,23.83 ,23.76 ,23.72 ,23.66 ,23.77 ,23.86 ,23.9 ,23.86 ,24.01 ,24.02 ,23.91 ,23.97 ,23.94 ,23.91 ,23.86 ,23.9 ,24 ,24.01 ,23.93 ,23.98 ,23.99 ,23.97 ,23.96 ,23.94 ,23.95 ,23.82 ,23.91 ,23.92 ,23.88 ,24.03 ,24.04 ,24 ,23.98 ,23.92 ,23.91 ,24.01 ,23.99 ,23.92 ,23.99 ,23.94 ,23.97 ,23.99 ,23.91 ,24.01 ,24.05 ,24.01 ,23.94 ,23.96 ,23.91 ,23.74 ,23.6 ,23.65 ,23.85 ,23.97 ,23.86 ,23.84 ,23.95 ,23.91 ,23.94 ,24.03 ,24.07 ,24.04 ,24.04 ,23.97 ,23.98 ,23.96 ,23.9 ,23.99 ,24.03 ,24.03 ,24 ,23.98 ,24.06 ,24.03 ,24.02 ,23.99 ,24.01 ,24 ,24.05 ,24.07 ,24.09 ,24.08 ,24.07 ,24.07 ,23.99 ,24.04 ,24.01 ,23.96 ,24 ,24.07 ,24.05 ,24 ,23.99 ,24.04 ,23.99 ,24 ,24.04 ,24.04 ,24.04 ,24.05 ,24.02 ,24.05 ,24.02 ,24.05 ,24.06 ,24 ,24.02 ,23.9 ,23.95 ,24.1 ,24.06 ,24.05 ,24.05 ,24.04 ,24 ,24.03 ,24.05 ,23.96 ,23.98 ,24.05 ,24.05 ,24.01 ,23.99 ,23.9 ,24.02 ,24.04 ,23.99 ,24 ,23.98 ,24.01 ,23.97 ,23.99 ,23.96 ,23.93 ,23.92 ,23.95 ,24 ,24.01 ,23.92 ,23.92 ,23.96 ,23.89 ,23.89 ,23.82 ,23.75 ,23.64 ,23.63 ,23.59 ,23.65 ,23.72 ,23.86 ,23.82 ,23.87 ,23.92 ,23.9 ,23.86 ,23.91 ,23.9 ,23.99 ,23.92 ,23.89 ,23.92 ,23.9 ,23.89 ,23.87 ,23.91 ,23.97 ,23.93 ,23.99 ,23.94 ,23.84 ,23.92 ,23.95 ,23.85 ,23.89 ,23.97 ,23.96 ,23.96 ,23.89 ,23.88 ,23.94 ,23.92 ,23.87 ,23.93 ,23.85 ,23.8 ,23.77 ,23.76 ,23.72 ,23.66 ,23.68 ,23.63 ,23.51 ,23.69 ,23.69 ,23.61 ,23.61 ,23.6 ,23.63 ,23.64 ,23.6 ,23.69 ,23.74 ,23.68 ,23.65 ,23.71 ,23.79 ,23.73 ,23.72 ,23.76 ,23.75 ,23.78 ,23.86 ,23.84 ,23.81 ,23.76 ,23.83 ,23.83 ,23.89 ,23.8 ,23.87 ,23.78 ,23.85 ,23.89 ,23.82 ,23.8 ,23.84 ,23.79 ,23.85 ,23.85 ,23.88 ,23.87 ,23.84 ,23.93 ,23.99 ,23.87 ,23.81 ,23.75 ,23.77 ,23.8 ,23.85 ,23.86 ,23.92 ,23.87 ,23.83 ,23.89 ,23.78 ,23.88 ,23.88 ,23.85 ,23.9 ,23.81 ,23.78 ,23.79 ,23.71 ,23.76 ,23.83 ,23.79 ,23.88 ,23.84 ,23.93 ,23.93 ,23.86 ,23.79 ,23.89 ,23.9 ,23.86 ,23.9 ,23.93 ,23.95 ,23.8 ,23.75 ,23.89 ,24.01 ,23.98 ,23.8 ,23.87 ,23.9 ,23.87 ,23.85 ,23.9 ,23.9 ,23.87 ,23.88 ,23.8 ,23.77 ,23.83 ,23.78 ,23.8 ,23.83 ,23.78 ,23.79 ,23.79 ,23.75 ,23.83 ,23.81 ,23.79 ,23.79 ,23.87 ,23.73 ,23.76 ,23.82 ,23.81 ,23.76 ,23.73 ,23.74 ,23.73 ,23.67 ,23.64 ,23.57 ,23.48 ,23.44 ,23.4 ,23.33 ,23.45 ,23.46 ,23.36 ,23.32 ,23.41 ,23.47 ,23.33 ,23.29 ,23.32 ,23.3 ,23.32 ,23.32 ,23.35 ,23.43 ,23.39 ,23.26 ,23.19 ,23.24 ,23.19 ,23.22 ,23.27 ,23.37 ,23.28 ,23.2 ,23.28 ,23.39 ,23.38 ,23.45 ,23.32 ,23.29 ,23.3 ,23.38 ,23.44 ,23.24 ,23.19 ,23.34 ,23.36 ,23.27 ,23.34 ,23.34 ,23.31 ,23.25 ,23.3 ,23.38 ,23.44 ,23.37 ,23.29 ,23.3 ,23.28 ,23.34 ,23.36 ,23.32 ,23.36 ,23.43 ,23.42 ,23.46 ,23.36 ,23.2 ,23.21 ,23.28 ,23.37 ,23.4 ,23.41 ,23.39 ,23.36 ,23.31 ,23.31 ,23.18 ,23.12 ,23.12 ,23.2 ,23.21 ,23.17 ,23.23 ,23.37 ,23.29 ,23.24 ,23.28 ,23.31 ,23.27 ,23.31 ,23.26 ,23.2 ,23.27 ,23.36 ,23.26 ,23.22 ,23.23 ,23.25 ,23.32 ,23.31 ,23.26 ,23.2 ,
328,23.42 ,23.34 ,23.38 ,23.46 ,23.35 ,23.36 ,23.34 ,23.36 ,23.31 ,23.3 ,23.33 ,23.44 ,23.5 ,23.39 ,23.39 ,23.41 ,23.34 ,23.36 ,23.29 ,23.39 ,23.42 ,23.46 ,23.4 ,23.41 ,23.44 ,23.46 ,23.41 ,23.34 ,23.39 ,23.46 ,23.57 ,23.59 ,23.54 ,23.54 ,23.56 ,23.58 ,23.55 ,23.53 ,23.58 ,23.58 ,23.52 ,23.54 ,23.56 ,23.48 ,23.61 ,23.65 ,23.65 ,23.59 ,23.53 ,23.54 ,23.48 ,23.48 ,23.5 ,23.6 ,23.58 ,23.5 ,23.53 ,23.6 ,23.57 ,23.57 ,23.62 ,23.63 ,23.61 ,23.61 ,23.64 ,23.67 ,23.65 ,23.68 ,23.56 ,23.6 ,23.65 ,23.58 ,23.6 ,23.58 ,23.59 ,23.62 ,23.7 ,23.72 ,23.64 ,23.65 ,23.67 ,23.59 ,23.58 ,23.72 ,23.72 ,23.63 ,23.65 ,23.63 ,23.68 ,23.57 ,23.52 ,23.57 ,23.69 ,23.6 ,23.5 ,23.69 ,23.65 ,23.59 ,23.73 ,23.69 ,23.59 ,23.65 ,23.67 ,23.65 ,23.7 ,23.73 ,23.69 ,23.56 ,23.63 ,23.57 ,23.58 ,23.59 ,23.72 ,23.77 ,23.67 ,23.68 ,23.7 ,23.71 ,23.72 ,23.67 ,23.62 ,23.59 ,23.63 ,23.77 ,23.69 ,23.64 ,23.64 ,23.71 ,23.71 ,23.66 ,23.65 ,23.72 ,23.7 ,23.64 ,23.58 ,23.58 ,23.57 ,23.6 ,23.68 ,23.69 ,23.6 ,23.59 ,23.5 ,23.44 ,23.48 ,23.45 ,23.46 ,23.54 ,23.51 ,23.58 ,23.57 ,23.52 ,23.6 ,23.57 ,23.56 ,23.59 ,23.6 ,23.61 ,23.75 ,23.81 ,23.88 ,23.87 ,23.84 ,23.77 ,23.74 ,23.78 ,23.74 ,23.83 ,23.83 ,23.9 ,23.89 ,23.8 ,23.75 ,23.85 ,23.88 ,23.86 ,23.81 ,23.77 ,23.79 ,23.8 ,23.88 ,23.81 ,23.9 ,23.79 ,23.8 ,23.84 ,23.76 ,23.77 ,23.78 ,23.82 ,23.86 ,23.81 ,23.78 ,23.84 ,23.9 ,23.76 ,23.92 ,23.86 ,23.79 ,23.85 ,23.82 ,23.85 ,23.82 ,23.71 ,23.73 ,23.7 ,23.72 ,23.77 ,23.7 ,23.79 ,23.8 ,23.82 ,23.83 ,23.82 ,23.9 ,23.88 ,23.91 ,23.89 ,23.79 ,23.77 ,23.87 ,23.88 ,23.94 ,23.9 ,23.92 ,23.9 ,23.88 ,23.87 ,23.91 ,23.88 ,23.81 ,23.83 ,23.85 ,23.87 ,23.77 ,23.75 ,23.76 ,23.79 ,23.85 ,23.88 ,23.88 ,23.98 ,23.99 ,23.91 ,23.92 ,23.97 ,23.92 ,23.83 ,23.85 ,23.88 ,23.94 ,23.87 ,23.96 ,23.96 ,23.98 ,23.95 ,23.96 ,23.93 ,23.85 ,23.92 ,23.94 ,23.94 ,23.99 ,23.95 ,23.93 ,24.02 ,23.92 ,23.93 ,23.99 ,24.02 ,23.94 ,23.94 ,23.89 ,23.97 ,23.96 ,23.96 ,24.02 ,24.04 ,24.05 ,23.92 ,23.94 ,23.84 ,23.65 ,23.56 ,23.69 ,23.88 ,24.01 ,23.94 ,23.96 ,23.99 ,24.01 ,23.98 ,24.02 ,24.05 ,24.02 ,24.1 ,24.08 ,24.07 ,24.08 ,23.96 ,23.94 ,24 ,24.01 ,24.05 ,24.06 ,24.13 ,24.05 ,24 ,24.01 ,23.99 ,23.92 ,24 ,24.02 ,24.05 ,24.05 ,23.96 ,24.06 ,24.04 ,23.99 ,23.99 ,23.95 ,23.97 ,24.13 ,24.07 ,24.01 ,23.96 ,24.01 ,24.03 ,24.03 ,24.04 ,24 ,24.04 ,24.01 ,24.04 ,24.08 ,23.97 ,23.97 ,24 ,24.03 ,24.01 ,23.94 ,23.95 ,23.98 ,24.03 ,24.03 ,23.99 ,23.99 ,23.95 ,24.07 ,24.05 ,24 ,23.97 ,24 ,24.01 ,24.06 ,24.01 ,23.99 ,24.03 ,24.04 ,24.09 ,24.03 ,23.93 ,23.96 ,24.02 ,24 ,24 ,23.9 ,23.95 ,23.98 ,23.98 ,23.98 ,23.96 ,23.94 ,23.94 ,23.8 ,23.75 ,23.81 ,23.73 ,23.67 ,23.69 ,23.74 ,23.73 ,23.77 ,23.91 ,23.93 ,23.98 ,24 ,23.97 ,23.86 ,23.89 ,23.92 ,23.94 ,23.96 ,23.84 ,23.88 ,23.84 ,23.87 ,23.92 ,23.9 ,23.93 ,23.99 ,23.99 ,23.99 ,23.9 ,23.86 ,23.82 ,23.85 ,23.9 ,23.9 ,23.86 ,23.98 ,23.93 ,23.86 ,23.92 ,23.83 ,23.89 ,23.85 ,23.74 ,23.71 ,23.74 ,23.65 ,23.55 ,23.55 ,23.67 ,23.64 ,23.56 ,23.59 ,23.69 ,23.64 ,23.63 ,23.67 ,23.69 ,23.62 ,23.54 ,23.62 ,23.6 ,23.68 ,23.65 ,23.75 ,23.78 ,23.76 ,23.75 ,23.75 ,23.77 ,23.76 ,23.87 ,23.88 ,23.84 ,23.81 ,23.85 ,23.89 ,23.89 ,23.84 ,23.83 ,23.8 ,23.9 ,23.9 ,23.88 ,23.85 ,23.83 ,23.79 ,23.82 ,23.85 ,23.9 ,23.92 ,23.85 ,23.88 ,23.87 ,23.86 ,23.78 ,23.77 ,23.78 ,23.8 ,23.86 ,23.92 ,23.92 ,23.81 ,23.75 ,23.83 ,23.85 ,23.86 ,23.91 ,23.85 ,23.86 ,23.82 ,23.85 ,23.79 ,23.75 ,23.78 ,23.88 ,23.82 ,23.8 ,23.88 ,23.88 ,23.82 ,23.81 ,23.76 ,23.86 ,23.9 ,23.82 ,23.86 ,23.81 ,23.89 ,23.82 ,23.77 ,23.91 ,23.92 ,23.95 ,23.85 ,23.8 ,23.85 ,23.81 ,23.81 ,23.87 ,23.9 ,23.88 ,23.86 ,23.74 ,23.8 ,23.82 ,23.81 ,23.79 ,23.82 ,23.75 ,23.77 ,23.84 ,23.76 ,23.82 ,23.88 ,23.83 ,23.72 ,23.79 ,23.75 ,23.71 ,23.77 ,23.8 ,23.77 ,23.67 ,23.69 ,23.7 ,23.7 ,23.6 ,23.59 ,23.52 ,23.45 ,23.46 ,23.39 ,23.41 ,23.4 ,23.42 ,23.4 ,23.43 ,23.47 ,23.33 ,23.27 ,23.25 ,23.34 ,23.34 ,23.27 ,23.28 ,23.27 ,23.34 ,23.25 ,23.22 ,23.25 ,23.2 ,23.23 ,23.29 ,23.29 ,23.23 ,23.18 ,23.2 ,23.27 ,23.44 ,23.46 ,23.32 ,23.29 ,23.26 ,23.29 ,23.43 ,23.31 ,23.29 ,23.38 ,23.45 ,23.34 ,23.37 ,23.28 ,23.23 ,23.23 ,23.22 ,23.27 ,23.34 ,23.31 ,23.23 ,23.26 ,23.37 ,23.33 ,23.31 ,23.3 ,23.29 ,23.29 ,23.33 ,23.36 ,23.29 ,23.22 ,23.15 ,23.26 ,23.31 ,23.3 ,23.48 ,23.37 ,23.27 ,23.33 ,23.4 ,23.2 ,23.23 ,23.13 ,23.11 ,23.16 ,23.1 ,23.13 ,23.2 ,23.28 ,23.23 ,23.32 ,23.34 ,23.16 ,23.27 ,23.23 ,23.31 ,23.35 ,23.42 ,23.29 ,23.21 ,23.29 ,23.21 ,23.23 ,23.23 ,23.26 ,23.27 ,
329,23.31 ,23.35 ,23.41 ,23.35 ,23.31 ,23.33 ,23.28 ,23.26 ,23.33 ,23.33 ,23.33 ,23.38 ,23.4 ,23.4 ,23.29 ,23.3 ,23.29 ,23.34 ,23.31 ,23.35 ,23.39 ,23.38 ,23.38 ,23.41 ,23.42 ,23.39 ,23.39 ,23.39 ,23.43 ,23.45 ,23.57 ,23.54 ,23.36 ,23.46 ,23.54 ,23.54 ,23.57 ,23.6 ,23.59 ,23.6 ,23.52 ,23.49 ,23.58 ,23.63 ,23.59 ,23.55 ,23.61 ,23.56 ,23.51 ,23.47 ,23.46 ,23.49 ,23.54 ,23.59 ,23.61 ,23.59 ,23.6 ,23.59 ,23.53 ,23.54 ,23.6 ,23.61 ,23.57 ,23.53 ,23.59 ,23.66 ,23.67 ,23.64 ,23.53 ,23.6 ,23.69 ,23.63 ,23.56 ,23.57 ,23.56 ,23.56 ,23.64 ,23.64 ,23.56 ,23.56 ,23.63 ,23.63 ,23.68 ,23.8 ,23.72 ,23.61 ,23.63 ,23.61 ,23.65 ,23.59 ,23.59 ,23.65 ,23.61 ,23.68 ,23.57 ,23.66 ,23.62 ,23.58 ,23.66 ,23.72 ,23.62 ,23.62 ,23.64 ,23.57 ,23.58 ,23.62 ,23.65 ,23.54 ,23.56 ,23.57 ,23.57 ,23.68 ,23.69 ,23.74 ,23.74 ,23.71 ,23.71 ,23.7 ,23.73 ,23.61 ,23.65 ,23.61 ,23.66 ,23.69 ,23.65 ,23.64 ,23.65 ,23.66 ,23.71 ,23.65 ,23.67 ,23.73 ,23.73 ,23.65 ,23.6 ,23.64 ,23.68 ,23.64 ,23.7 ,23.68 ,23.59 ,23.63 ,23.49 ,23.4 ,23.51 ,23.48 ,23.43 ,23.52 ,23.55 ,23.54 ,23.53 ,23.48 ,23.49 ,23.53 ,23.48 ,23.45 ,23.47 ,23.6 ,23.71 ,23.78 ,23.79 ,23.83 ,23.83 ,23.78 ,23.79 ,23.81 ,23.8 ,23.84 ,23.83 ,23.81 ,23.85 ,23.81 ,23.76 ,23.84 ,23.91 ,23.89 ,23.81 ,23.83 ,23.78 ,23.79 ,23.82 ,23.8 ,23.84 ,23.82 ,23.81 ,23.85 ,23.79 ,23.74 ,23.72 ,23.76 ,23.77 ,23.72 ,23.72 ,23.79 ,23.88 ,23.85 ,23.89 ,23.91 ,23.75 ,23.8 ,23.84 ,23.87 ,23.83 ,23.7 ,23.73 ,23.73 ,23.69 ,23.74 ,23.72 ,23.8 ,23.81 ,23.72 ,23.85 ,23.83 ,23.8 ,23.88 ,23.9 ,23.93 ,23.85 ,23.82 ,23.91 ,23.88 ,23.88 ,23.85 ,23.86 ,23.93 ,23.92 ,23.86 ,23.84 ,23.87 ,23.79 ,23.83 ,23.85 ,23.8 ,23.7 ,23.74 ,23.84 ,23.89 ,23.9 ,23.87 ,23.87 ,23.96 ,24.01 ,23.95 ,23.93 ,23.96 ,23.93 ,23.82 ,23.9 ,23.88 ,23.88 ,23.9 ,23.91 ,23.92 ,23.95 ,23.96 ,23.93 ,23.92 ,23.88 ,23.88 ,23.89 ,23.96 ,24 ,23.93 ,23.93 ,24.07 ,24.04 ,23.96 ,23.96 ,23.96 ,23.85 ,23.86 ,23.93 ,23.94 ,23.91 ,23.94 ,23.98 ,24 ,23.94 ,23.96 ,23.86 ,23.67 ,23.55 ,23.6 ,23.72 ,23.92 ,23.95 ,23.92 ,23.94 ,24.01 ,24.04 ,23.95 ,24 ,24 ,23.99 ,24.08 ,24.07 ,24.13 ,24.04 ,23.93 ,23.89 ,23.93 ,23.94 ,23.99 ,24.07 ,23.99 ,23.99 ,24.03 ,24.05 ,23.94 ,23.97 ,24.09 ,24.07 ,24.1 ,24.07 ,23.99 ,24.04 ,24.11 ,23.98 ,23.94 ,23.93 ,24.01 ,24.06 ,24.02 ,23.98 ,23.91 ,23.99 ,24.05 ,24.04 ,23.97 ,24.01 ,24 ,24.04 ,24.07 ,24.07 ,23.97 ,23.96 ,24.07 ,24.04 ,24.03 ,23.99 ,23.97 ,23.92 ,24.03 ,24.05 ,23.96 ,23.95 ,23.95 ,24.04 ,23.94 ,23.95 ,23.98 ,23.97 ,24 ,24.01 ,23.99 ,23.95 ,23.98 ,23.97 ,24.02 ,24.05 ,23.96 ,23.99 ,24.03 ,24.04 ,23.94 ,23.86 ,23.88 ,23.96 ,23.98 ,24 ,23.93 ,23.96 ,23.9 ,23.71 ,23.66 ,23.76 ,23.79 ,23.79 ,23.72 ,23.85 ,23.87 ,23.83 ,23.89 ,23.86 ,23.95 ,23.92 ,23.99 ,23.92 ,23.95 ,23.99 ,23.96 ,23.93 ,23.86 ,23.85 ,23.85 ,23.94 ,23.95 ,23.94 ,23.83 ,23.85 ,23.91 ,23.99 ,23.88 ,23.89 ,23.77 ,23.76 ,23.94 ,23.92 ,23.86 ,23.86 ,23.9 ,23.87 ,23.95 ,23.86 ,23.87 ,23.84 ,23.65 ,23.61 ,23.67 ,23.6 ,23.53 ,23.5 ,23.6 ,23.58 ,23.61 ,23.6 ,23.59 ,23.62 ,23.62 ,23.59 ,23.59 ,23.59 ,23.54 ,23.56 ,23.63 ,23.7 ,23.72 ,23.72 ,23.75 ,23.72 ,23.74 ,23.74 ,23.78 ,23.77 ,23.85 ,23.8 ,23.85 ,23.8 ,23.87 ,23.86 ,23.87 ,23.94 ,23.9 ,23.83 ,23.9 ,23.91 ,23.87 ,23.8 ,23.76 ,23.82 ,23.85 ,23.8 ,23.92 ,23.94 ,23.88 ,23.83 ,23.82 ,23.82 ,23.79 ,23.74 ,23.82 ,23.81 ,23.87 ,23.87 ,23.85 ,23.78 ,23.85 ,23.83 ,23.79 ,23.83 ,23.86 ,23.87 ,23.8 ,23.75 ,23.86 ,23.82 ,23.78 ,23.88 ,23.9 ,23.88 ,23.85 ,23.84 ,23.91 ,23.8 ,23.76 ,23.74 ,23.81 ,23.77 ,23.75 ,23.8 ,23.75 ,23.81 ,23.86 ,23.82 ,23.85 ,23.88 ,23.86 ,23.87 ,23.82 ,23.93 ,23.92 ,23.78 ,23.86 ,23.84 ,23.83 ,23.83 ,23.82 ,23.78 ,23.83 ,23.83 ,23.83 ,23.78 ,23.79 ,23.79 ,23.85 ,23.77 ,23.8 ,23.89 ,23.81 ,23.65 ,23.73 ,23.73 ,23.67 ,23.74 ,23.81 ,23.86 ,23.75 ,23.66 ,23.75 ,23.67 ,23.59 ,23.61 ,23.63 ,23.52 ,23.38 ,23.35 ,23.36 ,23.36 ,23.39 ,23.46 ,23.43 ,23.41 ,23.33 ,23.32 ,23.25 ,23.22 ,23.37 ,23.35 ,23.3 ,23.32 ,23.22 ,23.18 ,23.21 ,23.3 ,23.16 ,23.21 ,23.27 ,23.23 ,23.21 ,23.2 ,23.35 ,23.35 ,23.44 ,23.43 ,23.37 ,23.26 ,23.29 ,23.29 ,23.28 ,23.22 ,23.32 ,23.41 ,23.39 ,23.34 ,23.35 ,23.25 ,23.17 ,23.2 ,23.25 ,23.24 ,23.28 ,23.25 ,23.26 ,23.25 ,23.35 ,23.3 ,23.24 ,23.27 ,23.35 ,23.38 ,23.34 ,23.24 ,23.31 ,23.25 ,23.23 ,23.21 ,23.23 ,23.25 ,23.42 ,23.33 ,23.22 ,23.23 ,23.26 ,23.23 ,23.27 ,23.2 ,23.14 ,23.09 ,23.14 ,23.17 ,23.14 ,23.25 ,23.14 ,23.19 ,23.29 ,23.21 ,23.28 ,23.24 ,23.3 ,23.32 ,23.36 ,23.34 ,23.25 ,23.32 ,23.28 ,23.26 ,23.25 ,23.23 ,23.22 ,
330,23.35 ,23.37 ,23.4 ,23.37 ,23.24 ,23.29 ,23.36 ,23.24 ,23.26 ,23.28 ,23.32 ,23.32 ,23.35 ,23.32 ,23.35 ,23.3 ,23.24 ,23.25 ,23.21 ,23.29 ,23.35 ,23.39 ,23.41 ,23.36 ,23.42 ,23.47 ,23.38 ,23.36 ,23.45 ,23.46 ,23.58 ,23.57 ,23.41 ,23.49 ,23.6 ,23.57 ,23.54 ,23.62 ,23.62 ,23.58 ,23.56 ,23.49 ,23.65 ,23.67 ,23.6 ,23.55 ,23.47 ,23.43 ,23.53 ,23.54 ,23.43 ,23.59 ,23.64 ,23.61 ,23.54 ,23.56 ,23.6 ,23.63 ,23.58 ,23.58 ,23.68 ,23.65 ,23.59 ,23.52 ,23.64 ,23.64 ,23.63 ,23.6 ,23.56 ,23.58 ,23.63 ,23.62 ,23.53 ,23.58 ,23.49 ,23.54 ,23.64 ,23.6 ,23.55 ,23.56 ,23.57 ,23.5 ,23.6 ,23.67 ,23.76 ,23.64 ,23.6 ,23.64 ,23.67 ,23.6 ,23.58 ,23.62 ,23.55 ,23.6 ,23.64 ,23.67 ,23.59 ,23.53 ,23.59 ,23.6 ,23.57 ,23.57 ,23.59 ,23.65 ,23.68 ,23.65 ,23.63 ,23.59 ,23.6 ,23.59 ,23.65 ,23.65 ,23.67 ,23.69 ,23.65 ,23.67 ,23.67 ,23.67 ,23.7 ,23.67 ,23.69 ,23.63 ,23.64 ,23.66 ,23.61 ,23.61 ,23.63 ,23.64 ,23.7 ,23.7 ,23.7 ,23.73 ,23.67 ,23.62 ,23.56 ,23.56 ,23.61 ,23.65 ,23.65 ,23.67 ,23.58 ,23.54 ,23.57 ,23.55 ,23.5 ,23.48 ,23.47 ,23.47 ,23.45 ,23.48 ,23.5 ,23.45 ,23.44 ,23.43 ,23.44 ,23.44 ,23.5 ,23.52 ,23.67 ,23.71 ,23.7 ,23.8 ,23.75 ,23.7 ,23.81 ,23.79 ,23.76 ,23.85 ,23.8 ,23.84 ,23.87 ,23.76 ,23.72 ,23.8 ,23.82 ,23.83 ,23.81 ,23.8 ,23.81 ,23.82 ,23.78 ,23.81 ,23.8 ,23.83 ,23.87 ,23.85 ,23.74 ,23.68 ,23.74 ,23.8 ,23.81 ,23.75 ,23.8 ,23.86 ,23.89 ,23.86 ,23.8 ,23.87 ,23.79 ,23.78 ,23.82 ,23.77 ,23.75 ,23.69 ,23.68 ,23.65 ,23.55 ,23.72 ,23.71 ,23.8 ,23.85 ,23.84 ,23.83 ,23.85 ,23.76 ,23.89 ,23.94 ,23.93 ,23.91 ,23.97 ,23.97 ,23.93 ,23.88 ,23.85 ,23.82 ,23.82 ,23.81 ,23.77 ,23.76 ,23.91 ,23.93 ,23.85 ,23.85 ,23.72 ,23.6 ,23.7 ,23.82 ,23.91 ,23.96 ,23.88 ,23.81 ,23.84 ,23.89 ,23.88 ,23.91 ,23.94 ,23.91 ,23.82 ,23.85 ,23.88 ,23.94 ,23.89 ,23.93 ,23.92 ,23.93 ,23.96 ,23.95 ,23.91 ,23.9 ,23.83 ,23.88 ,23.96 ,24 ,23.87 ,23.89 ,23.99 ,23.99 ,24.01 ,23.99 ,23.86 ,23.79 ,23.81 ,24.01 ,24.05 ,23.94 ,23.86 ,23.91 ,23.91 ,24.05 ,23.97 ,23.81 ,23.59 ,23.54 ,23.73 ,23.81 ,23.91 ,24.03 ,23.93 ,23.97 ,24.06 ,23.98 ,23.96 ,24.01 ,24.08 ,24.03 ,24.1 ,24.12 ,23.97 ,23.95 ,23.94 ,23.98 ,23.95 ,24.01 ,23.98 ,24 ,23.97 ,23.95 ,23.99 ,23.99 ,23.94 ,23.95 ,24.13 ,24.06 ,24.03 ,23.97 ,23.97 ,24.09 ,24.15 ,24.01 ,23.93 ,24.01 ,24.08 ,24.05 ,23.98 ,24.01 ,23.94 ,23.97 ,23.98 ,23.96 ,23.99 ,24.08 ,23.96 ,23.95 ,23.94 ,24 ,23.91 ,24.02 ,24.02 ,23.99 ,23.99 ,24.02 ,23.98 ,23.96 ,23.98 ,24 ,23.95 ,23.96 ,23.99 ,24.04 ,23.95 ,23.92 ,23.91 ,23.98 ,24.04 ,24.03 ,23.95 ,23.94 ,23.92 ,23.91 ,23.96 ,24.02 ,24 ,24.04 ,23.98 ,23.96 ,23.88 ,23.88 ,23.95 ,23.86 ,23.88 ,23.86 ,23.82 ,23.87 ,23.78 ,23.63 ,23.69 ,23.76 ,23.85 ,23.91 ,23.88 ,23.85 ,23.88 ,23.89 ,23.93 ,23.89 ,23.87 ,23.88 ,23.91 ,23.93 ,23.99 ,23.94 ,23.96 ,23.91 ,23.86 ,23.88 ,23.82 ,23.9 ,23.96 ,24 ,23.84 ,23.87 ,23.92 ,23.89 ,23.86 ,23.87 ,23.86 ,23.84 ,23.91 ,23.89 ,23.89 ,23.94 ,23.87 ,23.85 ,23.97 ,23.85 ,23.77 ,23.79 ,23.67 ,23.6 ,23.6 ,23.65 ,23.62 ,23.59 ,23.58 ,23.61 ,23.65 ,23.71 ,23.59 ,23.62 ,23.57 ,23.56 ,23.63 ,23.62 ,23.6 ,23.57 ,23.66 ,23.78 ,23.75 ,23.79 ,23.77 ,23.78 ,23.75 ,23.79 ,23.84 ,23.83 ,23.86 ,23.76 ,23.75 ,23.8 ,23.86 ,23.78 ,23.8 ,23.85 ,23.88 ,23.84 ,23.83 ,23.83 ,23.82 ,23.76 ,23.76 ,23.78 ,23.83 ,23.82 ,23.9 ,23.93 ,23.93 ,23.87 ,23.81 ,23.85 ,23.87 ,23.87 ,23.88 ,23.87 ,23.8 ,23.8 ,23.86 ,23.75 ,23.77 ,23.81 ,23.78 ,23.81 ,23.86 ,23.94 ,23.8 ,23.77 ,23.85 ,23.8 ,23.79 ,23.87 ,23.92 ,23.89 ,23.9 ,23.82 ,23.8 ,23.76 ,23.81 ,23.82 ,23.91 ,23.79 ,23.79 ,23.83 ,23.7 ,23.77 ,23.82 ,23.86 ,23.8 ,23.8 ,23.83 ,23.74 ,23.84 ,23.79 ,23.83 ,23.8 ,23.81 ,23.79 ,23.81 ,23.83 ,23.81 ,23.78 ,23.73 ,23.81 ,23.72 ,23.78 ,23.81 ,23.83 ,23.86 ,23.78 ,23.71 ,23.83 ,23.87 ,23.69 ,23.77 ,23.74 ,23.67 ,23.66 ,23.78 ,23.92 ,23.77 ,23.68 ,23.67 ,23.65 ,23.6 ,23.65 ,23.6 ,23.48 ,23.41 ,23.33 ,23.27 ,23.34 ,23.35 ,23.34 ,23.34 ,23.37 ,23.39 ,23.38 ,23.28 ,23.23 ,23.26 ,23.31 ,23.4 ,23.34 ,23.25 ,23.17 ,23.14 ,23.25 ,23.14 ,23.25 ,23.33 ,23.25 ,23.22 ,23.21 ,23.34 ,23.41 ,23.31 ,23.36 ,23.41 ,23.28 ,23.18 ,23.28 ,23.28 ,23.25 ,23.25 ,23.31 ,23.34 ,23.3 ,23.27 ,23.28 ,23.27 ,23.25 ,23.23 ,23.32 ,23.32 ,23.31 ,23.28 ,23.3 ,23.31 ,23.34 ,23.27 ,23.27 ,23.3 ,23.31 ,23.27 ,23.31 ,23.24 ,23.17 ,23.18 ,23.18 ,23.15 ,23.26 ,23.41 ,23.29 ,23.25 ,23.23 ,23.08 ,23.13 ,23.22 ,23.2 ,23.11 ,23.06 ,23.04 ,23.1 ,23.16 ,23.32 ,23.23 ,23.16 ,23.2 ,23.16 ,23.26 ,23.16 ,23.17 ,23.28 ,23.36 ,23.27 ,23.3 ,23.16 ,23.17 ,23.27 ,23.23 ,23.18 ,23.16 ,
331,23.34 ,23.26 ,23.34 ,23.35 ,23.19 ,23.18 ,23.36 ,23.33 ,23.21 ,23.33 ,23.38 ,23.32 ,23.3 ,23.3 ,23.33 ,23.39 ,23.25 ,23.31 ,23.27 ,23.33 ,23.34 ,23.33 ,23.35 ,23.35 ,23.29 ,23.34 ,23.43 ,23.35 ,23.39 ,23.44 ,23.47 ,23.52 ,23.57 ,23.52 ,23.58 ,23.61 ,23.55 ,23.54 ,23.62 ,23.53 ,23.54 ,23.54 ,23.61 ,23.6 ,23.53 ,23.63 ,23.62 ,23.61 ,23.49 ,23.58 ,23.58 ,23.57 ,23.66 ,23.56 ,23.6 ,23.68 ,23.67 ,23.62 ,23.62 ,23.55 ,23.63 ,23.67 ,23.59 ,23.65 ,23.68 ,23.63 ,23.59 ,23.61 ,23.56 ,23.67 ,23.68 ,23.63 ,23.58 ,23.61 ,23.59 ,23.57 ,23.68 ,23.57 ,23.62 ,23.56 ,23.53 ,23.5 ,23.53 ,23.58 ,23.63 ,23.65 ,23.65 ,23.61 ,23.66 ,23.6 ,23.58 ,23.51 ,23.58 ,23.68 ,23.66 ,23.73 ,23.58 ,23.53 ,23.62 ,23.64 ,23.62 ,23.7 ,23.69 ,23.65 ,23.74 ,23.72 ,23.68 ,23.65 ,23.67 ,23.63 ,23.65 ,23.71 ,23.69 ,23.65 ,23.64 ,23.64 ,23.64 ,23.57 ,23.65 ,23.66 ,23.69 ,23.66 ,23.69 ,23.72 ,23.73 ,23.62 ,23.61 ,23.71 ,23.73 ,23.77 ,23.74 ,23.72 ,23.66 ,23.67 ,23.7 ,23.55 ,23.57 ,23.63 ,23.69 ,23.68 ,23.55 ,23.54 ,23.61 ,23.63 ,23.56 ,23.56 ,23.52 ,23.47 ,23.49 ,23.4 ,23.5 ,23.43 ,23.45 ,23.47 ,23.45 ,23.52 ,23.58 ,23.52 ,23.59 ,23.58 ,23.64 ,23.82 ,23.84 ,23.71 ,23.79 ,23.78 ,23.87 ,23.91 ,23.86 ,23.9 ,23.9 ,23.78 ,23.7 ,23.79 ,23.8 ,23.75 ,23.87 ,23.9 ,23.89 ,23.86 ,23.81 ,23.77 ,23.72 ,23.83 ,23.81 ,23.82 ,23.76 ,23.79 ,23.83 ,23.85 ,23.85 ,23.82 ,23.82 ,23.87 ,23.87 ,23.82 ,23.87 ,23.88 ,23.76 ,23.76 ,23.8 ,23.83 ,23.81 ,23.78 ,23.66 ,23.64 ,23.64 ,23.66 ,23.74 ,23.83 ,23.91 ,23.88 ,23.85 ,23.81 ,23.84 ,23.88 ,23.96 ,23.96 ,23.93 ,23.97 ,24.01 ,23.95 ,23.92 ,23.92 ,23.83 ,23.91 ,23.9 ,23.78 ,23.76 ,23.87 ,23.99 ,23.81 ,23.79 ,23.72 ,23.71 ,23.75 ,23.84 ,23.85 ,23.87 ,23.87 ,23.88 ,23.88 ,23.93 ,23.9 ,23.92 ,23.9 ,23.82 ,23.89 ,23.93 ,23.89 ,23.85 ,23.84 ,23.93 ,23.96 ,23.92 ,23.88 ,23.93 ,23.97 ,23.94 ,23.92 ,23.95 ,23.95 ,23.98 ,23.97 ,23.94 ,23.95 ,23.94 ,23.97 ,23.97 ,23.93 ,23.85 ,23.9 ,23.99 ,24.01 ,23.97 ,23.92 ,23.95 ,23.95 ,24.03 ,23.95 ,23.68 ,23.55 ,23.67 ,23.86 ,23.91 ,23.93 ,24.06 ,24.03 ,23.93 ,24.02 ,23.98 ,23.94 ,23.97 ,24.04 ,24.03 ,24.03 ,24.02 ,24.03 ,23.99 ,24.07 ,24.09 ,24 ,24 ,24.05 ,23.96 ,24.05 ,24.07 ,24.08 ,24.03 ,23.95 ,24.02 ,24.1 ,24.07 ,23.99 ,23.99 ,23.96 ,24.05 ,24.09 ,24.1 ,23.98 ,23.94 ,24.07 ,24.07 ,24.07 ,24.05 ,24.04 ,24.04 ,23.97 ,23.94 ,24 ,24.1 ,24.02 ,23.94 ,23.91 ,23.92 ,24 ,24 ,24.03 ,23.91 ,23.94 ,23.97 ,23.95 ,23.89 ,23.95 ,23.99 ,23.98 ,23.98 ,24.03 ,24.09 ,24.05 ,23.88 ,23.87 ,23.98 ,24.08 ,24.02 ,23.9 ,23.98 ,24.01 ,23.92 ,23.99 ,23.99 ,23.96 ,24 ,24.04 ,23.96 ,23.92 ,23.9 ,23.97 ,23.89 ,23.79 ,23.77 ,23.71 ,23.72 ,23.75 ,23.73 ,23.77 ,23.85 ,23.89 ,23.88 ,23.95 ,23.92 ,23.91 ,23.9 ,23.91 ,23.96 ,23.95 ,23.84 ,23.94 ,23.92 ,23.92 ,23.93 ,23.91 ,23.91 ,23.86 ,23.9 ,23.87 ,23.83 ,23.88 ,23.94 ,23.93 ,23.88 ,23.92 ,23.86 ,23.81 ,23.85 ,23.88 ,23.9 ,23.85 ,23.89 ,23.88 ,23.98 ,23.9 ,23.83 ,23.84 ,23.79 ,23.77 ,23.72 ,23.63 ,23.58 ,23.61 ,23.63 ,23.63 ,23.58 ,23.58 ,23.65 ,23.71 ,23.63 ,23.58 ,23.6 ,23.56 ,23.48 ,23.66 ,23.72 ,23.73 ,23.7 ,23.66 ,23.74 ,23.76 ,23.76 ,23.76 ,23.85 ,23.86 ,23.8 ,23.78 ,23.88 ,23.85 ,23.82 ,23.8 ,23.79 ,23.84 ,23.86 ,23.85 ,23.88 ,23.89 ,23.9 ,23.87 ,23.83 ,23.78 ,23.8 ,23.85 ,23.78 ,23.89 ,23.87 ,23.91 ,23.94 ,23.9 ,23.89 ,23.92 ,23.87 ,23.86 ,23.85 ,23.86 ,23.86 ,23.92 ,23.89 ,23.89 ,23.7 ,23.75 ,23.78 ,23.83 ,23.87 ,23.97 ,23.91 ,23.87 ,23.79 ,23.84 ,23.79 ,23.83 ,23.87 ,23.85 ,23.88 ,23.96 ,23.81 ,23.76 ,23.82 ,23.87 ,23.89 ,23.95 ,23.84 ,23.78 ,23.84 ,23.81 ,23.81 ,23.89 ,23.94 ,23.88 ,23.69 ,23.79 ,23.77 ,23.85 ,23.8 ,23.77 ,23.78 ,23.87 ,23.79 ,23.79 ,23.85 ,23.75 ,23.72 ,23.73 ,23.81 ,23.82 ,23.77 ,23.83 ,23.85 ,23.82 ,23.83 ,23.78 ,23.79 ,23.81 ,23.73 ,23.74 ,23.72 ,23.71 ,23.73 ,23.71 ,23.76 ,23.74 ,23.73 ,23.63 ,23.67 ,23.66 ,23.61 ,23.58 ,23.45 ,23.43 ,23.27 ,23.26 ,23.32 ,23.34 ,23.33 ,23.29 ,23.3 ,23.4 ,23.4 ,23.28 ,23.34 ,23.26 ,23.22 ,23.36 ,23.46 ,23.33 ,23.25 ,23.18 ,23.22 ,23.21 ,23.31 ,23.46 ,23.33 ,23.18 ,23.19 ,23.24 ,23.36 ,23.35 ,23.33 ,23.34 ,23.28 ,23.28 ,23.33 ,23.41 ,23.26 ,23.2 ,23.18 ,23.25 ,23.23 ,23.21 ,23.28 ,23.29 ,23.3 ,23.29 ,23.3 ,23.34 ,23.28 ,23.32 ,23.27 ,23.26 ,23.35 ,23.27 ,23.31 ,23.37 ,23.32 ,23.26 ,23.26 ,23.28 ,23.25 ,23.25 ,23.25 ,23.26 ,23.29 ,23.28 ,23.28 ,23.25 ,23.2 ,23.18 ,23.14 ,23.17 ,23.24 ,23.13 ,23.13 ,23.04 ,23.14 ,23.15 ,23.26 ,23.27 ,23.22 ,23.18 ,23.21 ,23.28 ,23.18 ,23.27 ,23.3 ,23.33 ,23.25 ,23.24 ,23.22 ,23.23 ,23.34 ,23.29 ,23.2 ,23.18 ,
332,23.42 ,23.35 ,23.33 ,23.4 ,23.25 ,23.24 ,23.39 ,23.35 ,23.26 ,23.35 ,23.46 ,23.34 ,23.43 ,23.3 ,23.34 ,23.47 ,23.21 ,23.34 ,23.29 ,23.27 ,23.27 ,23.31 ,23.31 ,23.3 ,23.31 ,23.27 ,23.36 ,23.42 ,23.45 ,23.45 ,23.43 ,23.51 ,23.53 ,23.54 ,23.55 ,23.6 ,23.53 ,23.47 ,23.57 ,23.55 ,23.52 ,23.56 ,23.64 ,23.58 ,23.61 ,23.66 ,23.67 ,23.71 ,23.63 ,23.55 ,23.6 ,23.62 ,23.6 ,23.62 ,23.59 ,23.72 ,23.74 ,23.61 ,23.56 ,23.62 ,23.6 ,23.62 ,23.57 ,23.61 ,23.68 ,23.63 ,23.67 ,23.65 ,23.58 ,23.66 ,23.69 ,23.65 ,23.63 ,23.63 ,23.65 ,23.58 ,23.75 ,23.63 ,23.58 ,23.49 ,23.56 ,23.56 ,23.59 ,23.63 ,23.72 ,23.65 ,23.74 ,23.66 ,23.63 ,23.64 ,23.59 ,23.55 ,23.59 ,23.6 ,23.64 ,23.72 ,23.65 ,23.53 ,23.65 ,23.72 ,23.63 ,23.62 ,23.63 ,23.58 ,23.67 ,23.72 ,23.64 ,23.65 ,23.7 ,23.62 ,23.58 ,23.64 ,23.61 ,23.59 ,23.62 ,23.64 ,23.71 ,23.68 ,23.68 ,23.71 ,23.71 ,23.71 ,23.65 ,23.77 ,23.78 ,23.66 ,23.63 ,23.63 ,23.73 ,23.71 ,23.78 ,23.69 ,23.6 ,23.63 ,23.75 ,23.69 ,23.58 ,23.66 ,23.7 ,23.68 ,23.58 ,23.56 ,23.6 ,23.58 ,23.57 ,23.6 ,23.49 ,23.47 ,23.5 ,23.49 ,23.59 ,23.54 ,23.51 ,23.5 ,23.44 ,23.52 ,23.6 ,23.53 ,23.6 ,23.58 ,23.65 ,23.79 ,23.78 ,23.76 ,23.79 ,23.77 ,23.85 ,23.96 ,23.87 ,23.86 ,23.91 ,23.87 ,23.73 ,23.81 ,23.79 ,23.72 ,23.86 ,23.85 ,23.83 ,23.83 ,23.87 ,23.8 ,23.77 ,23.79 ,23.77 ,23.81 ,23.75 ,23.78 ,23.83 ,23.81 ,23.78 ,23.8 ,23.84 ,23.8 ,23.84 ,23.78 ,23.81 ,23.92 ,23.86 ,23.77 ,23.77 ,23.79 ,23.77 ,23.71 ,23.63 ,23.68 ,23.72 ,23.66 ,23.63 ,23.82 ,23.84 ,23.81 ,23.84 ,23.88 ,23.83 ,23.81 ,23.88 ,23.85 ,23.87 ,23.91 ,23.87 ,23.87 ,23.82 ,23.87 ,23.88 ,23.9 ,23.9 ,23.81 ,23.77 ,23.85 ,23.88 ,23.78 ,23.78 ,23.7 ,23.71 ,23.79 ,23.82 ,23.81 ,23.84 ,23.85 ,23.86 ,23.98 ,23.95 ,23.92 ,23.92 ,23.86 ,23.8 ,23.88 ,23.88 ,23.85 ,23.88 ,23.89 ,23.93 ,23.96 ,23.96 ,23.92 ,23.87 ,23.94 ,23.96 ,23.94 ,23.91 ,23.92 ,23.97 ,24.01 ,24.04 ,23.96 ,23.91 ,23.95 ,23.95 ,24.02 ,23.98 ,23.91 ,23.95 ,23.97 ,23.93 ,23.96 ,24.03 ,24.01 ,23.94 ,23.83 ,23.7 ,23.65 ,23.76 ,23.96 ,23.95 ,23.96 ,24.05 ,24.04 ,24.01 ,24.02 ,24.04 ,23.94 ,23.92 ,23.97 ,23.96 ,24.01 ,24 ,24.08 ,24.07 ,23.98 ,24 ,23.96 ,23.94 ,24 ,24.02 ,24.01 ,24.02 ,24.04 ,24.03 ,23.99 ,24.04 ,24.15 ,24.11 ,24.02 ,24.08 ,24.11 ,24.06 ,24.01 ,24.01 ,24.05 ,23.94 ,24 ,24.02 ,24.03 ,24.05 ,24.04 ,24.1 ,24.02 ,23.98 ,24.04 ,24.1 ,24.04 ,23.93 ,23.93 ,23.98 ,24 ,24.04 ,24.05 ,24.01 ,23.97 ,23.98 ,23.99 ,23.89 ,23.98 ,24 ,23.94 ,23.91 ,24.02 ,24 ,24 ,23.99 ,23.95 ,24 ,24.07 ,24.07 ,23.95 ,23.98 ,24.06 ,23.98 ,23.99 ,24 ,23.99 ,23.94 ,23.9 ,24.04 ,23.97 ,23.85 ,23.82 ,23.85 ,23.82 ,23.77 ,23.75 ,23.78 ,23.82 ,23.81 ,23.81 ,23.89 ,23.85 ,23.89 ,23.93 ,23.94 ,23.91 ,23.93 ,23.95 ,24 ,24.02 ,23.97 ,23.99 ,23.96 ,23.91 ,23.88 ,23.95 ,23.91 ,23.85 ,23.87 ,23.86 ,23.92 ,23.91 ,23.93 ,23.9 ,23.96 ,23.9 ,23.85 ,23.87 ,23.92 ,23.87 ,23.92 ,23.91 ,23.94 ,23.98 ,23.99 ,23.88 ,23.81 ,23.79 ,23.69 ,23.67 ,23.65 ,23.59 ,23.53 ,23.64 ,23.63 ,23.58 ,23.58 ,23.59 ,23.61 ,23.62 ,23.59 ,23.58 ,23.6 ,23.62 ,23.56 ,23.59 ,23.71 ,23.74 ,23.79 ,23.79 ,23.74 ,23.79 ,23.78 ,23.85 ,23.87 ,23.85 ,23.9 ,23.84 ,23.82 ,23.79 ,23.8 ,23.84 ,23.8 ,23.81 ,23.84 ,23.92 ,23.87 ,23.87 ,23.87 ,23.93 ,23.86 ,23.81 ,23.86 ,23.88 ,23.79 ,23.81 ,23.84 ,23.86 ,23.88 ,23.91 ,23.91 ,23.87 ,23.87 ,23.84 ,23.86 ,23.81 ,23.84 ,23.89 ,23.86 ,23.83 ,23.74 ,23.76 ,23.81 ,23.89 ,23.85 ,23.96 ,23.9 ,23.86 ,23.82 ,23.81 ,23.81 ,23.77 ,23.85 ,23.83 ,23.85 ,23.92 ,23.87 ,23.82 ,23.78 ,23.81 ,23.89 ,23.88 ,23.86 ,23.87 ,23.85 ,23.79 ,23.84 ,23.85 ,23.89 ,23.9 ,23.77 ,23.82 ,23.87 ,23.88 ,23.83 ,23.78 ,23.79 ,23.85 ,23.85 ,23.81 ,23.84 ,23.71 ,23.75 ,23.76 ,23.78 ,23.77 ,23.8 ,23.81 ,23.82 ,23.85 ,23.8 ,23.79 ,23.8 ,23.79 ,23.78 ,23.69 ,23.67 ,23.7 ,23.86 ,23.7 ,23.68 ,23.68 ,23.72 ,23.67 ,23.7 ,23.66 ,23.55 ,23.56 ,23.5 ,23.4 ,23.32 ,23.29 ,23.25 ,23.43 ,23.38 ,23.33 ,23.35 ,23.29 ,23.41 ,23.32 ,23.33 ,23.36 ,23.27 ,23.36 ,23.35 ,23.29 ,23.25 ,23.18 ,23.25 ,23.25 ,23.32 ,23.3 ,23.18 ,23.1 ,23.27 ,23.35 ,23.25 ,23.31 ,23.31 ,23.3 ,23.3 ,23.37 ,23.47 ,23.46 ,23.29 ,23.27 ,23.31 ,23.26 ,23.24 ,23.27 ,23.31 ,23.32 ,23.27 ,23.3 ,23.28 ,23.37 ,23.29 ,23.25 ,23.26 ,23.25 ,23.35 ,23.41 ,23.25 ,23.31 ,23.35 ,23.29 ,23.3 ,23.3 ,23.3 ,23.27 ,23.28 ,23.24 ,23.36 ,23.22 ,23.17 ,23.16 ,23.16 ,23.17 ,23.16 ,23.17 ,23.11 ,23.11 ,23.13 ,23.07 ,23.14 ,23.2 ,23.19 ,23.29 ,23.25 ,23.21 ,23.25 ,23.26 ,23.16 ,23.29 ,23.28 ,23.19 ,23.22 ,23.22 ,23.3 ,23.33 ,23.33 ,23.25 ,23.36 ,23.31 ,
333,23.39 ,23.36 ,23.35 ,23.46 ,23.32 ,23.35 ,23.46 ,23.4 ,23.31 ,23.34 ,23.37 ,23.34 ,23.34 ,23.3 ,23.37 ,23.47 ,23.39 ,23.36 ,23.3 ,23.23 ,23.27 ,23.35 ,23.38 ,23.36 ,23.35 ,23.33 ,23.36 ,23.4 ,23.39 ,23.41 ,23.44 ,23.47 ,23.49 ,23.53 ,23.55 ,23.56 ,23.5 ,23.51 ,23.63 ,23.57 ,23.6 ,23.6 ,23.67 ,23.62 ,23.57 ,23.65 ,23.64 ,23.62 ,23.63 ,23.59 ,23.53 ,23.57 ,23.64 ,23.64 ,23.58 ,23.68 ,23.71 ,23.68 ,23.58 ,23.58 ,23.61 ,23.65 ,23.58 ,23.58 ,23.71 ,23.6 ,23.7 ,23.68 ,23.52 ,23.59 ,23.58 ,23.6 ,23.61 ,23.61 ,23.66 ,23.64 ,23.78 ,23.66 ,23.55 ,23.59 ,23.65 ,23.6 ,23.51 ,23.56 ,23.67 ,23.64 ,23.71 ,23.7 ,23.64 ,23.57 ,23.61 ,23.61 ,23.6 ,23.56 ,23.55 ,23.7 ,23.61 ,23.53 ,23.66 ,23.7 ,23.58 ,23.62 ,23.47 ,23.53 ,23.73 ,23.67 ,23.62 ,23.64 ,23.67 ,23.69 ,23.63 ,23.59 ,23.52 ,23.58 ,23.64 ,23.64 ,23.71 ,23.74 ,23.74 ,23.71 ,23.7 ,23.64 ,23.64 ,23.69 ,23.69 ,23.66 ,23.67 ,23.74 ,23.69 ,23.68 ,23.67 ,23.72 ,23.68 ,23.67 ,23.73 ,23.65 ,23.67 ,23.68 ,23.63 ,23.64 ,23.57 ,23.51 ,23.58 ,23.56 ,23.66 ,23.66 ,23.48 ,23.45 ,23.54 ,23.49 ,23.6 ,23.56 ,23.52 ,23.53 ,23.49 ,23.48 ,23.51 ,23.49 ,23.65 ,23.65 ,23.65 ,23.73 ,23.77 ,23.73 ,23.71 ,23.77 ,23.83 ,23.92 ,23.79 ,23.83 ,23.85 ,23.87 ,23.78 ,23.77 ,23.8 ,23.78 ,23.82 ,23.81 ,23.77 ,23.79 ,23.88 ,23.79 ,23.76 ,23.78 ,23.76 ,23.84 ,23.79 ,23.72 ,23.74 ,23.88 ,23.9 ,23.82 ,23.88 ,23.82 ,23.81 ,23.89 ,23.82 ,23.81 ,23.82 ,23.77 ,23.8 ,23.73 ,23.72 ,23.63 ,23.62 ,23.68 ,23.79 ,23.79 ,23.78 ,23.83 ,23.91 ,23.87 ,23.78 ,23.9 ,23.88 ,23.81 ,23.84 ,23.87 ,23.83 ,23.86 ,23.82 ,23.8 ,23.72 ,23.83 ,23.88 ,23.9 ,23.88 ,23.78 ,23.79 ,23.82 ,23.8 ,23.64 ,23.76 ,23.85 ,23.74 ,23.81 ,23.83 ,23.81 ,23.84 ,23.86 ,23.84 ,23.96 ,24 ,23.85 ,23.86 ,23.9 ,23.87 ,23.93 ,23.94 ,23.78 ,23.89 ,23.98 ,23.95 ,23.95 ,23.91 ,23.93 ,23.95 ,23.94 ,23.85 ,23.94 ,23.89 ,23.92 ,24.03 ,24.01 ,24.05 ,24.02 ,23.97 ,23.95 ,23.93 ,24.04 ,23.97 ,24 ,23.96 ,23.98 ,23.89 ,23.91 ,24 ,23.95 ,23.77 ,23.71 ,23.64 ,23.71 ,23.81 ,23.99 ,24.04 ,24.03 ,23.96 ,23.92 ,23.99 ,24.06 ,24.01 ,23.98 ,23.94 ,24.01 ,23.98 ,24.05 ,24.08 ,24.02 ,24.07 ,23.98 ,23.98 ,24.03 ,24.02 ,23.97 ,24.05 ,24.09 ,24 ,23.96 ,24 ,23.96 ,24.08 ,24.11 ,24.02 ,24 ,24.08 ,24.15 ,24.05 ,23.97 ,24.04 ,24.05 ,24 ,23.97 ,23.99 ,24.01 ,24.01 ,24.03 ,24.08 ,24.06 ,24.03 ,23.96 ,24.01 ,23.94 ,23.87 ,23.91 ,24.08 ,24.02 ,24.04 ,24.06 ,24.04 ,23.99 ,24.02 ,23.96 ,23.96 ,24.04 ,24 ,24 ,23.96 ,23.96 ,23.9 ,23.95 ,23.96 ,23.99 ,24.01 ,24.01 ,24.01 ,24.03 ,23.97 ,23.99 ,24.01 ,24.02 ,24.04 ,23.98 ,23.95 ,23.94 ,23.95 ,23.86 ,23.73 ,23.76 ,23.69 ,23.66 ,23.76 ,23.78 ,23.88 ,23.96 ,23.78 ,23.83 ,23.88 ,23.91 ,23.95 ,23.92 ,23.87 ,23.86 ,23.88 ,23.95 ,23.96 ,24.01 ,23.96 ,23.88 ,23.9 ,23.91 ,23.89 ,23.93 ,23.95 ,23.84 ,23.91 ,23.86 ,23.86 ,23.89 ,23.98 ,23.96 ,23.87 ,23.84 ,23.82 ,23.85 ,23.97 ,23.86 ,23.86 ,23.97 ,23.97 ,23.96 ,23.95 ,23.87 ,23.78 ,23.66 ,23.64 ,23.61 ,23.64 ,23.63 ,23.56 ,23.6 ,23.61 ,23.64 ,23.59 ,23.65 ,23.68 ,23.69 ,23.61 ,23.56 ,23.58 ,23.58 ,23.65 ,23.72 ,23.7 ,23.76 ,23.81 ,23.82 ,23.74 ,23.74 ,23.75 ,23.9 ,23.87 ,23.85 ,23.87 ,23.85 ,23.76 ,23.85 ,23.82 ,23.76 ,23.8 ,23.79 ,23.84 ,23.87 ,23.86 ,23.83 ,23.72 ,23.8 ,23.83 ,23.88 ,23.87 ,23.79 ,23.8 ,23.83 ,23.85 ,23.84 ,23.86 ,23.83 ,23.87 ,23.86 ,23.87 ,23.89 ,23.82 ,23.81 ,23.84 ,23.88 ,23.87 ,23.77 ,23.77 ,23.84 ,23.8 ,23.83 ,23.83 ,23.9 ,23.87 ,23.9 ,23.86 ,23.78 ,23.79 ,23.8 ,23.83 ,23.82 ,23.92 ,23.97 ,23.91 ,23.87 ,23.84 ,23.75 ,23.76 ,23.81 ,23.87 ,23.95 ,23.85 ,23.79 ,23.91 ,23.89 ,23.85 ,23.88 ,23.79 ,23.83 ,23.88 ,23.89 ,23.82 ,23.71 ,23.74 ,23.86 ,23.82 ,23.86 ,23.79 ,23.7 ,23.74 ,23.83 ,23.83 ,23.74 ,23.65 ,23.75 ,23.81 ,23.84 ,23.71 ,23.79 ,23.8 ,23.7 ,23.72 ,23.71 ,23.68 ,23.77 ,23.8 ,23.68 ,23.6 ,23.58 ,23.64 ,23.59 ,23.63 ,23.59 ,23.57 ,23.53 ,23.54 ,23.44 ,23.32 ,23.26 ,23.23 ,23.34 ,23.33 ,23.35 ,23.31 ,23.28 ,23.34 ,23.32 ,23.35 ,23.36 ,23.35 ,23.37 ,23.28 ,23.26 ,23.24 ,23.08 ,23.11 ,23.28 ,23.34 ,23.35 ,23.23 ,23.14 ,23.17 ,23.4 ,23.42 ,23.27 ,23.31 ,23.31 ,23.32 ,23.33 ,23.41 ,23.45 ,23.3 ,23.28 ,23.41 ,23.31 ,23.26 ,23.31 ,23.28 ,23.28 ,23.22 ,23.22 ,23.25 ,23.4 ,23.41 ,23.38 ,23.27 ,23.25 ,23.38 ,23.42 ,23.3 ,23.15 ,23.29 ,23.25 ,23.3 ,23.31 ,23.26 ,23.23 ,23.27 ,23.15 ,23.23 ,23.28 ,23.27 ,23.26 ,23.15 ,23.2 ,23.08 ,23.13 ,23.13 ,23.1 ,23.07 ,23.15 ,23.16 ,23.25 ,23.29 ,23.25 ,23.27 ,23.28 ,23.29 ,23.31 ,23.19 ,23.3 ,23.26 ,23.29 ,23.32 ,23.26 ,23.25 ,23.23 ,23.23 ,23.23 ,23.27 ,23.37 ,
334,23.3 ,23.29 ,23.31 ,23.39 ,23.33 ,23.36 ,23.43 ,23.35 ,23.32 ,23.32 ,23.3 ,23.33 ,23.41 ,23.28 ,23.35 ,23.45 ,23.4 ,23.34 ,23.31 ,23.17 ,23.27 ,23.39 ,23.37 ,23.32 ,23.36 ,23.43 ,23.38 ,23.41 ,23.45 ,23.41 ,23.51 ,23.55 ,23.52 ,23.53 ,23.49 ,23.58 ,23.56 ,23.49 ,23.65 ,23.52 ,23.63 ,23.65 ,23.6 ,23.62 ,23.57 ,23.58 ,23.63 ,23.63 ,23.58 ,23.61 ,23.55 ,23.42 ,23.55 ,23.66 ,23.57 ,23.58 ,23.66 ,23.67 ,23.66 ,23.63 ,23.59 ,23.63 ,23.6 ,23.54 ,23.64 ,23.67 ,23.65 ,23.7 ,23.53 ,23.57 ,23.59 ,23.63 ,23.61 ,23.6 ,23.6 ,23.73 ,23.73 ,23.69 ,23.61 ,23.61 ,23.64 ,23.68 ,23.63 ,23.58 ,23.55 ,23.57 ,23.63 ,23.65 ,23.61 ,23.56 ,23.52 ,23.52 ,23.56 ,23.62 ,23.55 ,23.64 ,23.61 ,23.54 ,23.68 ,23.63 ,23.6 ,23.66 ,23.54 ,23.53 ,23.69 ,23.64 ,23.64 ,23.63 ,23.64 ,23.63 ,23.68 ,23.62 ,23.57 ,23.63 ,23.65 ,23.66 ,23.64 ,23.68 ,23.69 ,23.71 ,23.7 ,23.64 ,23.57 ,23.66 ,23.67 ,23.68 ,23.75 ,23.77 ,23.65 ,23.65 ,23.63 ,23.67 ,23.68 ,23.74 ,23.76 ,23.65 ,23.64 ,23.78 ,23.67 ,23.59 ,23.53 ,23.52 ,23.57 ,23.54 ,23.6 ,23.67 ,23.45 ,23.45 ,23.54 ,23.6 ,23.52 ,23.5 ,23.5 ,23.5 ,23.5 ,23.51 ,23.44 ,23.44 ,23.61 ,23.6 ,23.61 ,23.62 ,23.63 ,23.65 ,23.65 ,23.71 ,23.82 ,23.86 ,23.8 ,23.79 ,23.82 ,23.82 ,23.77 ,23.77 ,23.77 ,23.86 ,23.85 ,23.79 ,23.82 ,23.73 ,23.86 ,23.83 ,23.84 ,23.72 ,23.69 ,23.86 ,23.83 ,23.78 ,23.74 ,23.81 ,23.92 ,23.81 ,23.77 ,23.82 ,23.77 ,23.77 ,23.83 ,23.83 ,23.79 ,23.82 ,23.84 ,23.79 ,23.68 ,23.7 ,23.65 ,23.7 ,23.71 ,23.8 ,23.87 ,23.92 ,23.86 ,23.9 ,23.8 ,23.77 ,23.83 ,23.8 ,23.89 ,23.96 ,23.9 ,23.85 ,23.95 ,23.88 ,23.79 ,23.76 ,23.9 ,23.88 ,23.94 ,23.92 ,23.83 ,23.8 ,23.71 ,23.69 ,23.73 ,23.86 ,23.84 ,23.84 ,23.89 ,23.88 ,23.89 ,23.85 ,23.88 ,24 ,23.92 ,23.85 ,23.84 ,23.97 ,23.91 ,23.91 ,23.9 ,23.85 ,23.9 ,23.91 ,23.97 ,23.92 ,23.91 ,23.91 ,23.95 ,23.96 ,23.85 ,23.96 ,23.94 ,23.97 ,24.02 ,24.03 ,23.99 ,23.93 ,23.92 ,23.95 ,23.89 ,23.91 ,23.95 ,23.95 ,23.95 ,23.92 ,23.98 ,23.91 ,23.95 ,23.95 ,23.69 ,23.56 ,23.63 ,23.75 ,23.85 ,23.99 ,24.08 ,24.09 ,24.06 ,23.97 ,23.92 ,23.97 ,24.02 ,23.93 ,23.93 ,24 ,24 ,24.06 ,24.06 ,24.07 ,24.07 ,24.02 ,24.07 ,24.02 ,24.01 ,24.02 ,24.03 ,24.06 ,24.06 ,24.07 ,24.08 ,24.04 ,24.04 ,24.11 ,24.02 ,24.01 ,24.04 ,24.03 ,23.92 ,23.98 ,24.02 ,24.04 ,24.01 ,24.02 ,24.05 ,24.01 ,24.01 ,23.97 ,24.02 ,23.99 ,23.97 ,23.95 ,23.96 ,23.93 ,23.92 ,23.96 ,24.07 ,24.03 ,23.99 ,23.99 ,24.01 ,23.9 ,23.99 ,23.96 ,23.93 ,24.04 ,24.06 ,24 ,23.96 ,23.96 ,23.96 ,23.99 ,23.92 ,23.94 ,23.97 ,24.03 ,23.99 ,23.93 ,24.03 ,23.95 ,23.96 ,23.95 ,23.96 ,23.95 ,23.89 ,23.91 ,23.88 ,23.74 ,23.64 ,23.7 ,23.74 ,23.71 ,23.78 ,23.79 ,23.88 ,23.94 ,23.86 ,23.81 ,23.92 ,23.97 ,23.98 ,23.93 ,23.89 ,23.91 ,23.92 ,23.91 ,23.92 ,24.03 ,23.98 ,23.88 ,23.86 ,23.9 ,23.87 ,23.93 ,23.95 ,23.88 ,23.9 ,23.83 ,23.89 ,23.86 ,23.93 ,23.94 ,23.94 ,23.87 ,23.95 ,23.9 ,23.94 ,23.93 ,23.89 ,23.97 ,23.97 ,23.92 ,23.87 ,23.73 ,23.72 ,23.67 ,23.64 ,23.62 ,23.64 ,23.64 ,23.55 ,23.57 ,23.59 ,23.6 ,23.62 ,23.66 ,23.69 ,23.63 ,23.61 ,23.57 ,23.54 ,23.6 ,23.62 ,23.67 ,23.73 ,23.79 ,23.76 ,23.74 ,23.74 ,23.78 ,23.76 ,23.83 ,23.86 ,23.82 ,23.86 ,23.88 ,23.85 ,23.75 ,23.85 ,23.73 ,23.7 ,23.84 ,23.87 ,23.88 ,23.92 ,23.96 ,23.77 ,23.87 ,23.82 ,23.86 ,23.85 ,23.81 ,23.76 ,23.85 ,23.81 ,23.84 ,23.9 ,23.88 ,23.89 ,23.9 ,23.81 ,23.89 ,23.81 ,23.87 ,23.79 ,23.83 ,23.88 ,23.84 ,23.81 ,23.82 ,23.85 ,23.87 ,23.88 ,23.91 ,23.79 ,23.7 ,23.75 ,23.79 ,23.8 ,23.81 ,23.8 ,23.77 ,23.8 ,23.9 ,23.91 ,23.88 ,23.88 ,23.83 ,23.76 ,23.8 ,23.89 ,23.94 ,23.83 ,23.71 ,23.86 ,23.81 ,23.83 ,23.87 ,23.83 ,23.79 ,23.81 ,23.77 ,23.79 ,23.69 ,23.65 ,23.86 ,23.83 ,23.72 ,23.71 ,23.61 ,23.7 ,23.87 ,23.9 ,23.84 ,23.65 ,23.7 ,23.74 ,23.76 ,23.68 ,23.75 ,23.78 ,23.74 ,23.68 ,23.7 ,23.73 ,23.76 ,23.75 ,23.7 ,23.67 ,23.7 ,23.61 ,23.59 ,23.58 ,23.5 ,23.59 ,23.59 ,23.47 ,23.45 ,23.38 ,23.29 ,23.27 ,23.34 ,23.31 ,23.4 ,23.41 ,23.29 ,23.3 ,23.28 ,23.32 ,23.37 ,23.33 ,23.47 ,23.38 ,23.32 ,23.22 ,23.11 ,23.15 ,23.23 ,23.34 ,23.34 ,23.27 ,23.18 ,23.13 ,23.25 ,23.37 ,23.39 ,23.37 ,23.3 ,23.31 ,23.27 ,23.33 ,23.34 ,23.24 ,23.25 ,23.37 ,23.33 ,23.36 ,23.41 ,23.22 ,23.22 ,23.22 ,23.21 ,23.26 ,23.36 ,23.44 ,23.35 ,23.25 ,23.21 ,23.31 ,23.3 ,23.25 ,23.26 ,23.26 ,23.24 ,23.23 ,23.32 ,23.2 ,23.11 ,23.22 ,23.19 ,23.19 ,23.31 ,23.33 ,23.26 ,23.21 ,23.25 ,23.19 ,23.14 ,23.19 ,23.11 ,23.13 ,23.12 ,23.17 ,23.16 ,23.26 ,23.25 ,23.25 ,23.28 ,23.21 ,23.27 ,23.24 ,23.3 ,23.26 ,23.37 ,23.31 ,23.26 ,23.25 ,23.21 ,23.23 ,23.29 ,23.32 ,23.31 ,
335,23.3 ,23.29 ,23.33 ,23.33 ,23.32 ,23.28 ,23.34 ,23.28 ,23.23 ,23.38 ,23.31 ,23.3 ,23.45 ,23.34 ,23.32 ,23.38 ,23.29 ,23.36 ,23.31 ,23.28 ,23.24 ,23.39 ,23.41 ,23.31 ,23.3 ,23.41 ,23.39 ,23.33 ,23.48 ,23.49 ,23.5 ,23.58 ,23.51 ,23.49 ,23.5 ,23.56 ,23.6 ,23.52 ,23.63 ,23.59 ,23.63 ,23.56 ,23.58 ,23.57 ,23.61 ,23.59 ,23.64 ,23.62 ,23.58 ,23.62 ,23.63 ,23.54 ,23.57 ,23.73 ,23.64 ,23.56 ,23.54 ,23.6 ,23.72 ,23.79 ,23.65 ,23.63 ,23.66 ,23.67 ,23.63 ,23.69 ,23.66 ,23.66 ,23.61 ,23.63 ,23.62 ,23.54 ,23.57 ,23.54 ,23.58 ,23.63 ,23.71 ,23.66 ,23.65 ,23.6 ,23.64 ,23.78 ,23.75 ,23.61 ,23.63 ,23.68 ,23.69 ,23.68 ,23.64 ,23.67 ,23.57 ,23.53 ,23.65 ,23.67 ,23.54 ,23.64 ,23.65 ,23.62 ,23.66 ,23.73 ,23.67 ,23.7 ,23.66 ,23.62 ,23.62 ,23.62 ,23.65 ,23.61 ,23.67 ,23.63 ,23.6 ,23.69 ,23.65 ,23.63 ,23.67 ,23.68 ,23.69 ,23.69 ,23.69 ,23.73 ,23.79 ,23.74 ,23.58 ,23.57 ,23.77 ,23.76 ,23.77 ,23.74 ,23.65 ,23.66 ,23.7 ,23.7 ,23.66 ,23.66 ,23.79 ,23.7 ,23.68 ,23.7 ,23.67 ,23.63 ,23.61 ,23.65 ,23.66 ,23.59 ,23.63 ,23.6 ,23.57 ,23.56 ,23.64 ,23.6 ,23.5 ,23.51 ,23.49 ,23.5 ,23.52 ,23.61 ,23.5 ,23.49 ,23.59 ,23.6 ,23.55 ,23.6 ,23.63 ,23.54 ,23.66 ,23.68 ,23.75 ,23.84 ,23.84 ,23.88 ,23.88 ,23.78 ,23.66 ,23.76 ,23.87 ,23.86 ,23.84 ,23.84 ,23.87 ,23.79 ,23.8 ,23.86 ,23.82 ,23.76 ,23.71 ,23.83 ,23.89 ,23.77 ,23.76 ,23.76 ,23.91 ,23.8 ,23.76 ,23.84 ,23.9 ,23.85 ,23.82 ,23.86 ,23.83 ,23.84 ,23.87 ,23.81 ,23.76 ,23.77 ,23.72 ,23.74 ,23.79 ,23.73 ,23.82 ,23.92 ,23.82 ,23.87 ,23.83 ,23.76 ,23.84 ,23.84 ,23.94 ,23.94 ,23.87 ,23.87 ,23.97 ,23.91 ,23.83 ,23.85 ,23.96 ,23.95 ,23.93 ,23.95 ,23.82 ,23.79 ,23.73 ,23.73 ,23.82 ,23.84 ,23.88 ,23.94 ,23.93 ,23.91 ,23.98 ,23.82 ,23.84 ,23.98 ,23.95 ,23.94 ,23.89 ,24 ,23.93 ,23.88 ,23.85 ,23.87 ,23.98 ,23.95 ,23.94 ,23.92 ,23.87 ,23.85 ,23.86 ,23.9 ,23.86 ,23.94 ,23.96 ,23.95 ,23.99 ,23.95 ,23.99 ,23.99 ,23.95 ,23.93 ,23.91 ,23.82 ,23.91 ,24.02 ,23.99 ,23.93 ,23.99 ,23.96 ,23.88 ,23.87 ,23.63 ,23.58 ,23.71 ,23.91 ,23.92 ,24 ,24.06 ,24 ,24 ,23.97 ,23.91 ,23.99 ,24.03 ,23.98 ,23.91 ,24.01 ,24.1 ,24.09 ,24.02 ,24.03 ,24.07 ,24.03 ,24.07 ,24.01 ,24 ,24.02 ,24.09 ,24 ,23.96 ,24.06 ,24.11 ,24.06 ,24 ,24.03 ,23.99 ,24.05 ,24.12 ,23.98 ,23.86 ,23.98 ,24.08 ,24.04 ,24.06 ,24.1 ,24.18 ,24.06 ,24.02 ,23.99 ,24.02 ,24.03 ,24.04 ,24.01 ,24.01 ,23.97 ,23.97 ,24.03 ,24.03 ,23.99 ,23.94 ,23.94 ,24 ,23.92 ,23.93 ,24.01 ,24.03 ,23.99 ,24.06 ,24.03 ,23.97 ,23.96 ,23.94 ,24 ,24.03 ,23.97 ,23.91 ,23.98 ,23.98 ,23.95 ,23.99 ,24.04 ,23.98 ,23.93 ,23.87 ,23.83 ,23.91 ,23.79 ,23.72 ,23.7 ,23.72 ,23.82 ,23.87 ,23.91 ,24 ,23.94 ,23.91 ,23.94 ,23.92 ,23.95 ,23.89 ,23.96 ,23.97 ,23.85 ,23.9 ,24.01 ,23.97 ,23.9 ,23.8 ,23.98 ,24.02 ,24.01 ,23.88 ,23.92 ,23.89 ,23.89 ,23.92 ,23.97 ,23.94 ,23.87 ,23.92 ,23.89 ,23.81 ,23.84 ,23.93 ,23.93 ,24.02 ,23.98 ,23.86 ,23.85 ,23.88 ,23.91 ,23.88 ,23.77 ,23.74 ,23.58 ,23.66 ,23.7 ,23.65 ,23.62 ,23.64 ,23.62 ,23.57 ,23.55 ,23.62 ,23.68 ,23.64 ,23.69 ,23.63 ,23.61 ,23.62 ,23.63 ,23.6 ,23.63 ,23.68 ,23.73 ,23.74 ,23.8 ,23.82 ,23.76 ,23.78 ,23.81 ,23.76 ,23.74 ,23.86 ,23.83 ,23.81 ,23.78 ,23.86 ,23.85 ,23.8 ,23.88 ,23.82 ,23.91 ,23.92 ,23.88 ,23.9 ,23.9 ,23.83 ,23.87 ,23.84 ,23.84 ,23.8 ,23.87 ,23.82 ,23.78 ,23.8 ,23.88 ,23.93 ,23.93 ,23.88 ,23.89 ,23.81 ,23.8 ,23.83 ,23.87 ,23.85 ,23.83 ,23.88 ,23.93 ,23.92 ,23.84 ,23.81 ,23.92 ,23.9 ,23.9 ,23.78 ,23.73 ,23.77 ,23.77 ,23.82 ,23.86 ,23.84 ,23.82 ,23.79 ,23.76 ,23.81 ,23.91 ,23.82 ,23.77 ,23.77 ,23.84 ,23.84 ,23.87 ,23.82 ,23.69 ,23.69 ,23.74 ,23.79 ,23.82 ,23.87 ,23.83 ,23.8 ,23.81 ,23.78 ,23.75 ,23.7 ,23.87 ,23.85 ,23.71 ,23.72 ,23.73 ,23.76 ,23.77 ,23.86 ,23.83 ,23.71 ,23.75 ,23.72 ,23.77 ,23.68 ,23.76 ,23.78 ,23.75 ,23.8 ,23.76 ,23.78 ,23.69 ,23.68 ,23.75 ,23.69 ,23.68 ,23.71 ,23.64 ,23.63 ,23.6 ,23.63 ,23.57 ,23.48 ,23.38 ,23.33 ,23.32 ,23.33 ,23.42 ,23.32 ,23.41 ,23.41 ,23.24 ,23.21 ,23.3 ,23.31 ,23.37 ,23.31 ,23.38 ,23.43 ,23.39 ,23.23 ,23.13 ,23.23 ,23.24 ,23.27 ,23.39 ,23.19 ,23.19 ,23.22 ,23.28 ,23.35 ,23.42 ,23.43 ,23.35 ,23.33 ,23.36 ,23.37 ,23.34 ,23.33 ,23.34 ,23.33 ,23.43 ,23.41 ,23.42 ,23.35 ,23.31 ,23.29 ,23.14 ,23.25 ,23.3 ,23.33 ,23.29 ,23.32 ,23.25 ,23.3 ,23.35 ,23.25 ,23.28 ,23.3 ,23.27 ,23.28 ,23.27 ,23.24 ,23.19 ,23.2 ,23.15 ,23.25 ,23.32 ,23.38 ,23.23 ,23.14 ,23.29 ,23.28 ,23.26 ,23.36 ,23.25 ,23.17 ,23.14 ,23.1 ,23.23 ,23.24 ,23.21 ,23.23 ,23.28 ,23.17 ,23.28 ,23.34 ,23.3 ,23.28 ,23.3 ,23.31 ,23.28 ,23.3 ,23.29 ,23.3 ,23.29 ,23.33 ,23.33 ,
336,23.35 ,23.28 ,23.3 ,23.35 ,23.25 ,23.32 ,23.33 ,23.32 ,23.28 ,23.39 ,23.36 ,23.3 ,23.4 ,23.33 ,23.32 ,23.36 ,23.27 ,23.32 ,23.36 ,23.36 ,23.37 ,23.36 ,23.38 ,23.37 ,23.36 ,23.41 ,23.4 ,23.29 ,23.4 ,23.5 ,23.58 ,23.47 ,23.53 ,23.52 ,23.45 ,23.49 ,23.52 ,23.49 ,23.61 ,23.58 ,23.6 ,23.55 ,23.54 ,23.54 ,23.55 ,23.58 ,23.57 ,23.58 ,23.57 ,23.53 ,23.58 ,23.59 ,23.52 ,23.6 ,23.63 ,23.55 ,23.58 ,23.54 ,23.62 ,23.63 ,23.58 ,23.63 ,23.65 ,23.63 ,23.64 ,23.63 ,23.66 ,23.68 ,23.6 ,23.62 ,23.57 ,23.62 ,23.62 ,23.61 ,23.62 ,23.61 ,23.67 ,23.6 ,23.58 ,23.62 ,23.65 ,23.7 ,23.66 ,23.51 ,23.6 ,23.7 ,23.67 ,23.65 ,23.66 ,23.68 ,23.71 ,23.63 ,23.69 ,23.67 ,23.6 ,23.63 ,23.64 ,23.63 ,23.7 ,23.61 ,23.63 ,23.59 ,23.66 ,23.7 ,23.68 ,23.65 ,23.65 ,23.63 ,23.63 ,23.64 ,23.58 ,23.69 ,23.62 ,23.58 ,23.64 ,23.68 ,23.64 ,23.71 ,23.71 ,23.73 ,23.71 ,23.76 ,23.62 ,23.62 ,23.8 ,23.73 ,23.68 ,23.74 ,23.76 ,23.67 ,23.71 ,23.69 ,23.75 ,23.66 ,23.7 ,23.72 ,23.76 ,23.7 ,23.7 ,23.76 ,23.65 ,23.65 ,23.67 ,23.6 ,23.65 ,23.7 ,23.63 ,23.61 ,23.64 ,23.59 ,23.57 ,23.58 ,23.53 ,23.52 ,23.54 ,23.48 ,23.47 ,23.5 ,23.51 ,23.46 ,23.48 ,23.6 ,23.6 ,23.57 ,23.65 ,23.69 ,23.66 ,23.75 ,23.82 ,23.82 ,23.89 ,23.8 ,23.74 ,23.74 ,23.83 ,23.85 ,23.79 ,23.8 ,23.88 ,23.87 ,23.87 ,23.86 ,23.78 ,23.74 ,23.78 ,23.85 ,23.92 ,23.83 ,23.72 ,23.82 ,23.87 ,23.8 ,23.77 ,23.84 ,23.88 ,23.91 ,23.8 ,23.84 ,23.88 ,23.83 ,23.82 ,23.74 ,23.75 ,23.78 ,23.79 ,23.83 ,23.82 ,23.8 ,23.77 ,23.89 ,23.84 ,23.85 ,23.87 ,23.84 ,23.91 ,23.93 ,23.98 ,23.95 ,23.77 ,23.83 ,23.94 ,23.9 ,23.83 ,23.89 ,23.97 ,23.91 ,23.89 ,23.81 ,23.72 ,23.73 ,23.78 ,23.82 ,23.9 ,23.92 ,23.92 ,23.92 ,23.94 ,23.94 ,23.95 ,23.97 ,23.87 ,23.93 ,23.95 ,23.93 ,23.96 ,23.99 ,23.94 ,23.84 ,23.88 ,23.92 ,23.96 ,24 ,23.94 ,24 ,23.95 ,23.89 ,23.91 ,23.91 ,23.83 ,23.89 ,23.97 ,23.91 ,23.94 ,23.92 ,23.97 ,24 ,23.96 ,23.92 ,23.9 ,23.9 ,23.85 ,23.91 ,23.95 ,23.9 ,23.95 ,23.97 ,23.91 ,23.76 ,23.65 ,23.67 ,23.84 ,23.97 ,23.94 ,23.96 ,24.01 ,23.99 ,23.98 ,23.93 ,23.87 ,23.99 ,24.08 ,23.98 ,23.93 ,24.03 ,24.07 ,24.13 ,24.02 ,24.01 ,24.01 ,24 ,23.99 ,23.95 ,23.95 ,24.01 ,24 ,24.01 ,24.06 ,24.03 ,24.04 ,23.99 ,23.94 ,23.98 ,23.95 ,23.96 ,24.04 ,24.09 ,23.99 ,24.01 ,24.09 ,24.04 ,24.06 ,24.09 ,24.05 ,23.99 ,23.98 ,23.97 ,24.01 ,24.07 ,24.02 ,23.96 ,24.07 ,23.99 ,23.99 ,24.04 ,24.05 ,24.01 ,24 ,23.96 ,23.98 ,24 ,23.98 ,23.96 ,23.93 ,23.97 ,24.01 ,24.05 ,24.03 ,23.99 ,23.97 ,24 ,24.05 ,24.05 ,23.99 ,23.96 ,23.98 ,23.95 ,23.97 ,23.99 ,23.92 ,23.84 ,23.79 ,23.76 ,23.77 ,23.77 ,23.69 ,23.76 ,23.86 ,23.97 ,23.96 ,23.93 ,23.96 ,23.99 ,23.97 ,23.97 ,23.93 ,23.93 ,23.87 ,23.97 ,24.04 ,23.94 ,23.9 ,23.88 ,23.91 ,23.97 ,23.89 ,23.97 ,23.96 ,23.95 ,23.89 ,23.85 ,23.9 ,23.87 ,23.88 ,23.83 ,23.96 ,23.92 ,23.96 ,23.91 ,23.9 ,23.8 ,23.91 ,23.95 ,23.99 ,24 ,23.88 ,23.81 ,23.78 ,23.79 ,23.81 ,23.73 ,23.67 ,23.56 ,23.62 ,23.68 ,23.59 ,23.65 ,23.62 ,23.63 ,23.57 ,23.56 ,23.63 ,23.68 ,23.66 ,23.69 ,23.65 ,23.63 ,23.62 ,23.64 ,23.72 ,23.73 ,23.78 ,23.8 ,23.81 ,23.84 ,23.83 ,23.84 ,23.82 ,23.81 ,23.8 ,23.81 ,23.89 ,23.88 ,23.82 ,23.8 ,23.83 ,23.9 ,23.84 ,23.86 ,23.9 ,23.86 ,23.94 ,23.96 ,23.92 ,23.8 ,23.79 ,23.91 ,23.81 ,23.86 ,23.81 ,23.86 ,23.95 ,23.88 ,23.84 ,23.85 ,23.92 ,23.94 ,23.93 ,23.85 ,23.8 ,23.85 ,23.82 ,23.87 ,23.89 ,23.86 ,23.87 ,23.88 ,23.89 ,23.91 ,23.86 ,23.85 ,23.94 ,24 ,23.86 ,23.88 ,23.82 ,23.83 ,23.79 ,23.78 ,23.82 ,23.88 ,23.87 ,23.83 ,23.77 ,23.82 ,23.79 ,23.81 ,23.84 ,23.87 ,23.82 ,23.91 ,23.94 ,23.8 ,23.77 ,23.75 ,23.79 ,23.79 ,23.83 ,23.91 ,23.81 ,23.81 ,23.87 ,23.81 ,23.73 ,23.76 ,23.8 ,23.83 ,23.81 ,23.78 ,23.77 ,23.74 ,23.82 ,23.77 ,23.67 ,23.74 ,23.78 ,23.8 ,23.81 ,23.84 ,23.74 ,23.77 ,23.78 ,23.7 ,23.64 ,23.64 ,23.65 ,23.75 ,23.7 ,23.68 ,23.68 ,23.72 ,23.72 ,23.6 ,23.6 ,23.46 ,23.43 ,23.33 ,23.26 ,23.37 ,23.48 ,23.47 ,23.31 ,23.39 ,23.37 ,23.25 ,23.18 ,23.29 ,23.3 ,23.32 ,23.31 ,23.38 ,23.47 ,23.4 ,23.27 ,23.15 ,23.21 ,23.2 ,23.22 ,23.32 ,23.28 ,23.24 ,23.22 ,23.28 ,23.36 ,23.37 ,23.36 ,23.38 ,23.31 ,23.36 ,23.43 ,23.41 ,23.27 ,23.29 ,23.29 ,23.41 ,23.35 ,23.35 ,23.37 ,23.38 ,23.42 ,23.35 ,23.32 ,23.31 ,23.29 ,23.26 ,23.27 ,23.24 ,23.21 ,23.35 ,23.27 ,23.21 ,23.3 ,23.34 ,23.24 ,23.19 ,23.26 ,23.23 ,23.27 ,23.14 ,23.1 ,23.21 ,23.22 ,23.15 ,23.09 ,23.24 ,23.26 ,23.24 ,23.16 ,23.14 ,23.18 ,23.12 ,23.13 ,23.21 ,23.31 ,23.27 ,23.23 ,23.23 ,23.17 ,23.29 ,23.27 ,23.23 ,23.34 ,23.35 ,23.28 ,23.33 ,23.32 ,23.28 ,23.3 ,23.3 ,23.25 ,23.27 ,
337,23.31 ,23.29 ,23.27 ,23.3 ,23.22 ,23.27 ,23.32 ,23.21 ,23.26 ,23.29 ,23.28 ,23.16 ,23.27 ,23.35 ,23.33 ,23.33 ,23.29 ,23.31 ,23.39 ,23.42 ,23.32 ,23.33 ,23.36 ,23.37 ,23.39 ,23.42 ,23.33 ,23.32 ,23.4 ,23.48 ,23.53 ,23.44 ,23.54 ,23.65 ,23.54 ,23.49 ,23.52 ,23.5 ,23.58 ,23.58 ,23.51 ,23.54 ,23.58 ,23.52 ,23.6 ,23.7 ,23.52 ,23.59 ,23.62 ,23.61 ,23.52 ,23.56 ,23.59 ,23.52 ,23.59 ,23.56 ,23.5 ,23.52 ,23.57 ,23.64 ,23.53 ,23.61 ,23.66 ,23.59 ,23.6 ,23.66 ,23.74 ,23.69 ,23.59 ,23.55 ,23.53 ,23.66 ,23.76 ,23.64 ,23.62 ,23.73 ,23.65 ,23.51 ,23.47 ,23.51 ,23.63 ,23.56 ,23.56 ,23.49 ,23.64 ,23.68 ,23.66 ,23.64 ,23.68 ,23.61 ,23.68 ,23.66 ,23.66 ,23.68 ,23.64 ,23.66 ,23.64 ,23.61 ,23.63 ,23.63 ,23.59 ,23.6 ,23.68 ,23.75 ,23.71 ,23.67 ,23.67 ,23.66 ,23.66 ,23.61 ,23.57 ,23.67 ,23.61 ,23.61 ,23.67 ,23.62 ,23.7 ,23.75 ,23.77 ,23.73 ,23.72 ,23.66 ,23.6 ,23.67 ,23.68 ,23.67 ,23.62 ,23.68 ,23.78 ,23.7 ,23.68 ,23.69 ,23.73 ,23.74 ,23.75 ,23.78 ,23.83 ,23.75 ,23.74 ,23.79 ,23.68 ,23.57 ,23.6 ,23.65 ,23.64 ,23.69 ,23.67 ,23.61 ,23.64 ,23.55 ,23.55 ,23.57 ,23.52 ,23.47 ,23.45 ,23.5 ,23.49 ,23.53 ,23.49 ,23.49 ,23.52 ,23.53 ,23.64 ,23.62 ,23.66 ,23.62 ,23.62 ,23.71 ,23.68 ,23.83 ,23.84 ,23.84 ,23.82 ,23.78 ,23.77 ,23.78 ,23.79 ,23.75 ,23.76 ,23.84 ,23.77 ,23.83 ,23.84 ,23.79 ,23.82 ,23.87 ,23.8 ,23.73 ,23.75 ,23.83 ,23.84 ,23.75 ,23.86 ,23.9 ,23.89 ,23.87 ,23.81 ,23.81 ,23.88 ,23.86 ,23.92 ,23.84 ,23.72 ,23.74 ,23.76 ,23.83 ,23.83 ,23.81 ,23.76 ,23.78 ,23.86 ,23.82 ,23.82 ,23.86 ,23.89 ,23.87 ,23.88 ,23.81 ,23.82 ,23.94 ,23.86 ,23.85 ,23.83 ,23.9 ,23.93 ,23.92 ,23.89 ,23.81 ,23.69 ,23.72 ,23.79 ,23.92 ,23.99 ,23.94 ,23.87 ,23.91 ,23.95 ,23.87 ,23.9 ,23.95 ,23.86 ,23.87 ,23.93 ,23.83 ,23.87 ,24 ,23.94 ,23.82 ,23.85 ,23.92 ,24 ,23.86 ,23.93 ,23.97 ,23.93 ,23.92 ,24.03 ,23.99 ,23.86 ,23.87 ,23.96 ,23.93 ,23.98 ,23.99 ,23.95 ,23.94 ,23.91 ,23.87 ,23.89 ,23.83 ,23.94 ,23.93 ,23.92 ,23.92 ,23.91 ,23.98 ,23.92 ,23.73 ,23.61 ,23.68 ,23.9 ,23.94 ,23.96 ,24 ,23.95 ,24.01 ,24.09 ,23.98 ,23.94 ,23.97 ,24.02 ,23.96 ,23.93 ,24.03 ,24 ,24.05 ,24.07 ,23.99 ,23.98 ,23.96 ,24.04 ,24 ,23.97 ,23.94 ,23.92 ,24.03 ,24.03 ,24.12 ,24.07 ,24 ,24 ,24.13 ,24.1 ,23.96 ,24.02 ,24.09 ,24.03 ,24.01 ,24.01 ,24 ,24.07 ,24.12 ,24.09 ,23.97 ,24.01 ,23.99 ,24.03 ,24.05 ,24.02 ,23.93 ,23.98 ,23.99 ,23.98 ,24.06 ,24.09 ,24 ,23.94 ,24.02 ,23.97 ,24.02 ,24.04 ,23.96 ,23.97 ,23.97 ,23.95 ,23.96 ,24.02 ,23.94 ,23.97 ,23.97 ,24.02 ,24.07 ,23.99 ,23.93 ,23.92 ,23.91 ,23.91 ,23.84 ,23.77 ,23.74 ,23.68 ,23.72 ,23.75 ,23.79 ,23.82 ,23.79 ,23.88 ,24.04 ,24.02 ,23.96 ,23.96 ,24.01 ,24.04 ,23.95 ,23.93 ,23.95 ,23.97 ,23.92 ,23.95 ,23.94 ,23.84 ,23.88 ,23.88 ,23.99 ,23.98 ,23.93 ,23.96 ,23.94 ,23.95 ,23.92 ,23.88 ,23.93 ,23.92 ,23.82 ,23.9 ,23.91 ,23.98 ,23.99 ,23.96 ,23.92 ,23.96 ,23.97 ,23.91 ,23.92 ,23.91 ,23.9 ,23.77 ,23.73 ,23.73 ,23.68 ,23.71 ,23.6 ,23.55 ,23.63 ,23.58 ,23.63 ,23.68 ,23.63 ,23.54 ,23.56 ,23.66 ,23.63 ,23.54 ,23.67 ,23.61 ,23.6 ,23.65 ,23.65 ,23.72 ,23.75 ,23.8 ,23.83 ,23.83 ,23.79 ,23.8 ,23.84 ,23.82 ,23.78 ,23.84 ,23.85 ,23.86 ,23.86 ,23.87 ,23.86 ,23.77 ,23.91 ,23.88 ,23.82 ,23.8 ,23.78 ,23.87 ,23.95 ,23.93 ,23.78 ,23.8 ,23.89 ,23.81 ,23.78 ,23.78 ,23.81 ,23.9 ,23.91 ,23.92 ,23.91 ,23.92 ,23.98 ,23.9 ,23.86 ,23.79 ,23.77 ,23.76 ,23.87 ,23.93 ,23.84 ,23.83 ,23.89 ,23.83 ,23.84 ,23.84 ,23.82 ,23.87 ,23.93 ,23.86 ,23.85 ,23.79 ,23.87 ,23.85 ,23.78 ,23.8 ,23.92 ,23.85 ,23.85 ,23.77 ,23.76 ,23.8 ,23.82 ,23.86 ,23.84 ,23.78 ,23.89 ,23.91 ,23.82 ,23.78 ,23.73 ,23.71 ,23.74 ,23.82 ,23.83 ,23.79 ,23.8 ,23.83 ,23.74 ,23.68 ,23.82 ,23.8 ,23.72 ,23.77 ,23.72 ,23.75 ,23.78 ,23.79 ,23.78 ,23.75 ,23.73 ,23.8 ,23.72 ,23.72 ,23.81 ,23.69 ,23.68 ,23.67 ,23.74 ,23.65 ,23.68 ,23.69 ,23.71 ,23.65 ,23.7 ,23.68 ,23.72 ,23.67 ,23.62 ,23.59 ,23.52 ,23.48 ,23.37 ,23.24 ,23.34 ,23.46 ,23.45 ,23.34 ,23.37 ,23.29 ,23.28 ,23.26 ,23.22 ,23.21 ,23.21 ,23.29 ,23.33 ,23.44 ,23.47 ,23.24 ,23.21 ,23.25 ,23.29 ,23.3 ,23.27 ,23.3 ,23.34 ,23.23 ,23.22 ,23.26 ,23.3 ,23.39 ,23.45 ,23.3 ,23.2 ,23.3 ,23.33 ,23.25 ,23.32 ,23.38 ,23.47 ,23.42 ,23.3 ,23.28 ,23.26 ,23.31 ,23.31 ,23.33 ,23.33 ,23.28 ,23.3 ,23.26 ,23.32 ,23.29 ,23.23 ,23.29 ,23.26 ,23.29 ,23.31 ,23.24 ,23.28 ,23.34 ,23.34 ,23.36 ,23.14 ,23.18 ,23.26 ,23.24 ,23.2 ,23.19 ,23.27 ,23.15 ,23.21 ,23.13 ,23.14 ,23.23 ,23.13 ,23.03 ,23.18 ,23.34 ,23.3 ,23.23 ,23.25 ,23.27 ,23.3 ,23.25 ,23.2 ,23.3 ,23.39 ,23.23 ,23.24 ,23.27 ,23.29 ,23.3 ,23.27 ,23.32 ,23.35 ,
338,23.44 ,23.32 ,23.3 ,23.32 ,23.3 ,23.27 ,23.31 ,23.25 ,23.19 ,23.29 ,23.24 ,23.23 ,23.25 ,23.27 ,23.31 ,23.32 ,23.26 ,23.33 ,23.34 ,23.34 ,23.17 ,23.3 ,23.44 ,23.32 ,23.31 ,23.38 ,23.35 ,23.36 ,23.37 ,23.45 ,23.59 ,23.54 ,23.53 ,23.54 ,23.56 ,23.54 ,23.5 ,23.55 ,23.62 ,23.68 ,23.56 ,23.51 ,23.5 ,23.48 ,23.61 ,23.62 ,23.5 ,23.6 ,23.6 ,23.61 ,23.51 ,23.51 ,23.64 ,23.65 ,23.63 ,23.57 ,23.53 ,23.47 ,23.57 ,23.61 ,23.6 ,23.59 ,23.57 ,23.65 ,23.63 ,23.63 ,23.73 ,23.72 ,23.66 ,23.58 ,23.55 ,23.63 ,23.68 ,23.62 ,23.61 ,23.69 ,23.62 ,23.46 ,23.52 ,23.56 ,23.7 ,23.62 ,23.57 ,23.6 ,23.67 ,23.73 ,23.64 ,23.64 ,23.69 ,23.61 ,23.71 ,23.74 ,23.65 ,23.65 ,23.58 ,23.69 ,23.64 ,23.56 ,23.59 ,23.67 ,23.69 ,23.56 ,23.61 ,23.69 ,23.74 ,23.72 ,23.67 ,23.62 ,23.57 ,23.58 ,23.56 ,23.62 ,23.56 ,23.61 ,23.68 ,23.64 ,23.63 ,23.71 ,23.73 ,23.75 ,23.69 ,23.64 ,23.57 ,23.69 ,23.69 ,23.66 ,23.67 ,23.7 ,23.73 ,23.66 ,23.67 ,23.78 ,23.72 ,23.68 ,23.7 ,23.68 ,23.68 ,23.6 ,23.59 ,23.63 ,23.66 ,23.67 ,23.66 ,23.66 ,23.7 ,23.69 ,23.7 ,23.68 ,23.68 ,23.6 ,23.6 ,23.69 ,23.61 ,23.53 ,23.46 ,23.45 ,23.46 ,23.52 ,23.58 ,23.56 ,23.57 ,23.56 ,23.56 ,23.61 ,23.66 ,23.6 ,23.62 ,23.71 ,23.6 ,23.65 ,23.8 ,23.75 ,23.77 ,23.8 ,23.79 ,23.84 ,23.81 ,23.82 ,23.79 ,23.74 ,23.78 ,23.85 ,23.81 ,23.78 ,23.81 ,23.86 ,23.86 ,23.73 ,23.68 ,23.77 ,23.81 ,23.8 ,23.81 ,23.87 ,23.85 ,23.85 ,23.83 ,23.87 ,23.85 ,23.86 ,23.81 ,23.82 ,23.76 ,23.68 ,23.68 ,23.84 ,23.81 ,23.75 ,23.8 ,23.82 ,23.8 ,23.81 ,23.85 ,23.77 ,23.75 ,23.82 ,23.82 ,23.79 ,23.72 ,23.87 ,23.84 ,23.81 ,23.87 ,23.9 ,23.88 ,23.81 ,23.79 ,23.79 ,23.76 ,23.76 ,23.76 ,23.79 ,23.91 ,23.93 ,23.86 ,23.93 ,23.95 ,23.93 ,23.81 ,23.83 ,23.78 ,23.81 ,23.87 ,23.89 ,23.89 ,23.88 ,23.91 ,23.89 ,23.92 ,23.94 ,24.01 ,23.87 ,23.8 ,23.98 ,23.95 ,23.98 ,24.02 ,23.95 ,23.91 ,23.91 ,23.92 ,23.94 ,23.97 ,24 ,24.02 ,23.98 ,23.93 ,23.94 ,23.98 ,23.93 ,23.92 ,23.91 ,23.91 ,23.88 ,23.87 ,23.85 ,23.75 ,23.67 ,23.67 ,23.79 ,23.96 ,23.93 ,23.99 ,24.02 ,24 ,24 ,24.11 ,24.05 ,24 ,24.01 ,23.98 ,23.99 ,23.97 ,24.06 ,23.98 ,23.97 ,24.01 ,24.03 ,23.94 ,23.96 ,24.03 ,24.01 ,24.05 ,24 ,23.99 ,24.06 ,24.14 ,24.07 ,24.06 ,24 ,24.01 ,24.04 ,24.09 ,24.04 ,24.02 ,24.06 ,23.99 ,24 ,23.97 ,24.01 ,23.99 ,24.11 ,24.14 ,24.02 ,24.03 ,24.02 ,24.04 ,24.02 ,24.07 ,24.07 ,23.97 ,23.95 ,24 ,24.05 ,24.08 ,24 ,23.9 ,24.02 ,23.96 ,23.94 ,24.08 ,24.05 ,23.98 ,24 ,23.96 ,23.99 ,24 ,24.01 ,23.96 ,23.97 ,23.95 ,23.96 ,23.95 ,23.89 ,23.87 ,23.75 ,23.67 ,23.69 ,23.73 ,23.78 ,23.74 ,23.85 ,23.88 ,23.87 ,23.91 ,23.95 ,23.93 ,23.93 ,23.96 ,24.01 ,23.99 ,24.01 ,24.01 ,23.93 ,23.9 ,23.94 ,23.97 ,23.88 ,23.86 ,23.89 ,23.8 ,23.78 ,23.87 ,24.01 ,23.99 ,23.95 ,23.96 ,23.95 ,23.88 ,23.88 ,23.91 ,23.96 ,23.98 ,23.88 ,23.89 ,23.89 ,23.95 ,23.98 ,23.99 ,23.96 ,23.98 ,24.01 ,23.91 ,23.89 ,23.85 ,23.81 ,23.66 ,23.57 ,23.55 ,23.61 ,23.61 ,23.63 ,23.56 ,23.64 ,23.6 ,23.65 ,23.7 ,23.71 ,23.63 ,23.56 ,23.6 ,23.59 ,23.57 ,23.63 ,23.59 ,23.58 ,23.69 ,23.67 ,23.72 ,23.73 ,23.82 ,23.85 ,23.81 ,23.72 ,23.81 ,23.89 ,23.88 ,23.84 ,23.88 ,23.88 ,23.89 ,23.92 ,23.87 ,23.85 ,23.78 ,23.88 ,23.89 ,23.85 ,23.85 ,23.81 ,23.85 ,23.88 ,23.85 ,23.8 ,23.87 ,23.91 ,23.85 ,23.84 ,23.8 ,23.83 ,23.83 ,23.73 ,23.77 ,23.86 ,23.87 ,23.86 ,23.87 ,23.86 ,23.75 ,23.73 ,23.82 ,23.87 ,23.83 ,23.9 ,23.83 ,23.88 ,23.87 ,23.78 ,23.81 ,23.84 ,23.83 ,23.89 ,23.79 ,23.83 ,23.79 ,23.81 ,23.89 ,23.85 ,23.75 ,23.83 ,23.83 ,23.82 ,23.83 ,23.77 ,23.8 ,23.89 ,23.83 ,23.85 ,23.85 ,23.88 ,23.83 ,23.72 ,23.76 ,23.76 ,23.81 ,23.83 ,23.83 ,23.85 ,23.85 ,23.82 ,23.83 ,23.78 ,23.84 ,23.89 ,23.8 ,23.74 ,23.74 ,23.7 ,23.77 ,23.83 ,23.82 ,23.79 ,23.74 ,23.71 ,23.75 ,23.69 ,23.71 ,23.74 ,23.75 ,23.7 ,23.64 ,23.66 ,23.75 ,23.74 ,23.73 ,23.77 ,23.65 ,23.58 ,23.63 ,23.7 ,23.65 ,23.63 ,23.56 ,23.54 ,23.53 ,23.46 ,23.31 ,23.37 ,23.4 ,23.39 ,23.31 ,23.32 ,23.32 ,23.31 ,23.31 ,23.25 ,23.23 ,23.28 ,23.32 ,23.4 ,23.35 ,23.41 ,23.26 ,23.22 ,23.28 ,23.3 ,23.29 ,23.32 ,23.19 ,23.26 ,23.28 ,23.31 ,23.32 ,23.39 ,23.4 ,23.39 ,23.31 ,23.26 ,23.33 ,23.25 ,23.14 ,23.24 ,23.38 ,23.39 ,23.4 ,23.36 ,23.28 ,23.28 ,23.21 ,23.22 ,23.32 ,23.39 ,23.36 ,23.37 ,23.31 ,23.3 ,23.32 ,23.21 ,23.24 ,23.31 ,23.34 ,23.32 ,23.3 ,23.24 ,23.3 ,23.38 ,23.32 ,23.17 ,23.1 ,23.21 ,23.29 ,23.32 ,23.27 ,23.25 ,23.21 ,23.18 ,23.05 ,23.16 ,23.19 ,23.2 ,23.06 ,23.16 ,23.31 ,23.24 ,23.3 ,23.25 ,23.25 ,23.27 ,23.22 ,23.23 ,23.29 ,23.38 ,23.36 ,23.21 ,23.2 ,23.28 ,23.32 ,23.25 ,23.32 ,23.38 ,
339,23.71 ,23.52 ,23.42 ,23.34 ,23.35 ,23.24 ,23.34 ,23.36 ,23.28 ,23.32 ,23.37 ,23.29 ,23.3 ,23.22 ,23.27 ,23.31 ,23.27 ,23.28 ,23.29 ,23.2 ,23.2 ,23.28 ,23.36 ,23.3 ,23.26 ,23.33 ,23.28 ,23.3 ,23.33 ,23.41 ,23.56 ,23.51 ,23.57 ,23.54 ,23.66 ,23.63 ,23.6 ,23.62 ,23.58 ,23.61 ,23.54 ,23.45 ,23.47 ,23.51 ,23.57 ,23.56 ,23.52 ,23.54 ,23.58 ,23.56 ,23.52 ,23.58 ,23.63 ,23.63 ,23.63 ,23.57 ,23.54 ,23.47 ,23.51 ,23.57 ,23.52 ,23.59 ,23.5 ,23.55 ,23.65 ,23.61 ,23.58 ,23.58 ,23.55 ,23.55 ,23.58 ,23.61 ,23.63 ,23.56 ,23.58 ,23.61 ,23.65 ,23.59 ,23.55 ,23.56 ,23.67 ,23.64 ,23.57 ,23.66 ,23.67 ,23.69 ,23.69 ,23.64 ,23.61 ,23.56 ,23.61 ,23.76 ,23.7 ,23.6 ,23.56 ,23.63 ,23.63 ,23.53 ,23.56 ,23.7 ,23.72 ,23.65 ,23.63 ,23.61 ,23.63 ,23.74 ,23.75 ,23.6 ,23.63 ,23.6 ,23.56 ,23.6 ,23.55 ,23.61 ,23.67 ,23.66 ,23.68 ,23.66 ,23.67 ,23.67 ,23.68 ,23.59 ,23.57 ,23.72 ,23.74 ,23.73 ,23.76 ,23.74 ,23.68 ,23.63 ,23.65 ,23.76 ,23.79 ,23.67 ,23.64 ,23.63 ,23.67 ,23.64 ,23.67 ,23.56 ,23.57 ,23.63 ,23.69 ,23.61 ,23.68 ,23.78 ,23.72 ,23.65 ,23.69 ,23.62 ,23.61 ,23.63 ,23.66 ,23.61 ,23.53 ,23.47 ,23.42 ,23.5 ,23.53 ,23.56 ,23.58 ,23.59 ,23.53 ,23.5 ,23.62 ,23.57 ,23.62 ,23.62 ,23.54 ,23.61 ,23.65 ,23.66 ,23.73 ,23.81 ,23.86 ,23.77 ,23.85 ,23.87 ,23.83 ,23.77 ,23.74 ,23.82 ,23.82 ,23.79 ,23.83 ,23.84 ,23.92 ,23.78 ,23.77 ,23.75 ,23.81 ,23.78 ,23.77 ,23.73 ,23.76 ,23.86 ,23.77 ,23.84 ,23.83 ,23.82 ,23.78 ,23.8 ,23.77 ,23.71 ,23.71 ,23.84 ,23.8 ,23.71 ,23.83 ,23.92 ,23.91 ,23.89 ,23.84 ,23.76 ,23.78 ,23.81 ,23.91 ,23.9 ,23.82 ,23.82 ,23.88 ,23.78 ,23.76 ,23.86 ,23.84 ,23.78 ,23.7 ,23.71 ,23.75 ,23.77 ,23.83 ,23.83 ,23.83 ,23.9 ,23.95 ,23.99 ,23.93 ,23.91 ,23.86 ,23.81 ,23.71 ,23.81 ,23.89 ,23.95 ,23.95 ,23.89 ,23.83 ,23.85 ,23.89 ,23.95 ,23.9 ,23.87 ,23.88 ,23.92 ,23.99 ,23.99 ,24.02 ,23.97 ,23.88 ,23.92 ,23.92 ,23.94 ,23.98 ,23.93 ,23.99 ,23.97 ,23.96 ,23.98 ,24 ,23.93 ,24 ,24.02 ,24 ,23.92 ,23.84 ,23.73 ,23.58 ,23.62 ,23.76 ,23.84 ,24 ,23.95 ,23.92 ,24.02 ,23.98 ,24.01 ,24.07 ,24.05 ,24.06 ,24.02 ,23.98 ,23.99 ,23.94 ,23.96 ,24 ,23.96 ,24.03 ,24.1 ,23.99 ,23.93 ,24.02 ,24.03 ,24.02 ,24.01 ,24 ,24 ,24.12 ,24.09 ,23.95 ,23.96 ,24.01 ,24.04 ,24.04 ,24.01 ,24.05 ,24.11 ,24.05 ,23.96 ,23.99 ,24.01 ,24 ,24.05 ,24.09 ,23.96 ,23.98 ,24 ,23.98 ,23.97 ,24.04 ,24.05 ,24.02 ,23.96 ,23.98 ,23.99 ,24.08 ,23.97 ,23.91 ,23.97 ,23.99 ,23.98 ,24.03 ,24.05 ,24 ,24.03 ,23.99 ,24.02 ,24.03 ,23.99 ,24.02 ,23.97 ,23.89 ,23.92 ,23.87 ,23.84 ,23.8 ,23.71 ,23.62 ,23.68 ,23.74 ,23.83 ,23.82 ,23.98 ,24.02 ,23.95 ,23.94 ,23.93 ,23.91 ,23.95 ,23.96 ,23.96 ,24 ,24 ,24 ,23.92 ,23.9 ,23.91 ,23.92 ,23.87 ,23.95 ,23.93 ,23.89 ,23.86 ,23.88 ,23.97 ,23.96 ,23.94 ,23.91 ,23.96 ,23.85 ,23.89 ,23.9 ,23.95 ,23.9 ,23.87 ,23.89 ,23.87 ,23.92 ,23.91 ,23.8 ,23.87 ,23.87 ,23.92 ,23.88 ,23.82 ,23.72 ,23.73 ,23.63 ,23.57 ,23.56 ,23.55 ,23.59 ,23.62 ,23.54 ,23.58 ,23.6 ,23.59 ,23.66 ,23.65 ,23.64 ,23.6 ,23.6 ,23.6 ,23.64 ,23.57 ,23.55 ,23.58 ,23.64 ,23.72 ,23.67 ,23.77 ,23.77 ,23.85 ,23.86 ,23.83 ,23.86 ,23.93 ,23.96 ,23.96 ,23.87 ,23.84 ,23.84 ,23.87 ,23.86 ,23.82 ,23.8 ,23.82 ,23.74 ,23.84 ,23.93 ,23.9 ,23.81 ,23.83 ,23.89 ,23.89 ,23.81 ,23.88 ,23.91 ,23.86 ,23.83 ,23.75 ,23.75 ,23.78 ,23.8 ,23.82 ,23.87 ,23.85 ,23.87 ,23.92 ,23.77 ,23.66 ,23.75 ,23.87 ,23.85 ,23.9 ,23.81 ,23.8 ,23.88 ,23.86 ,23.84 ,23.84 ,23.78 ,23.83 ,23.88 ,23.84 ,23.79 ,23.86 ,23.78 ,23.74 ,23.73 ,23.75 ,23.81 ,23.81 ,23.81 ,23.86 ,23.77 ,23.85 ,23.84 ,23.87 ,23.91 ,23.91 ,23.87 ,23.79 ,23.84 ,23.79 ,23.85 ,23.87 ,23.83 ,23.82 ,23.82 ,23.86 ,23.82 ,23.8 ,23.86 ,23.9 ,23.82 ,23.75 ,23.79 ,23.7 ,23.77 ,23.74 ,23.76 ,23.77 ,23.76 ,23.72 ,23.73 ,23.77 ,23.79 ,23.71 ,23.74 ,23.71 ,23.62 ,23.64 ,23.68 ,23.7 ,23.69 ,23.73 ,23.66 ,23.64 ,23.66 ,23.62 ,23.58 ,23.66 ,23.63 ,23.55 ,23.48 ,23.43 ,23.43 ,23.44 ,23.43 ,23.43 ,23.31 ,23.27 ,23.3 ,23.31 ,23.27 ,23.31 ,23.31 ,23.34 ,23.38 ,23.45 ,23.42 ,23.42 ,23.29 ,23.22 ,23.26 ,23.3 ,23.29 ,23.32 ,23.32 ,23.23 ,23.2 ,23.29 ,23.42 ,23.37 ,23.34 ,23.43 ,23.31 ,23.24 ,23.35 ,23.31 ,23.24 ,23.34 ,23.28 ,23.31 ,23.4 ,23.37 ,23.34 ,23.34 ,23.24 ,23.21 ,23.25 ,23.34 ,23.34 ,23.24 ,23.23 ,23.18 ,23.2 ,23.23 ,23.34 ,23.29 ,23.25 ,23.27 ,23.24 ,23.11 ,23.15 ,23.32 ,23.35 ,23.25 ,23.19 ,23.26 ,23.25 ,23.3 ,23.18 ,23.06 ,23.1 ,23.17 ,23.07 ,23.14 ,23.28 ,23.21 ,23.07 ,23.12 ,23.26 ,23.25 ,23.27 ,23.31 ,23.24 ,23.23 ,23.16 ,23.21 ,23.24 ,23.32 ,23.34 ,23.37 ,23.24 ,23.21 ,23.15 ,23.17 ,23.31 ,23.36 ,
340,23.65 ,23.59 ,23.57 ,23.49 ,23.35 ,23.29 ,23.37 ,23.43 ,23.39 ,23.4 ,23.44 ,23.46 ,23.41 ,23.28 ,23.31 ,23.4 ,23.34 ,23.25 ,23.33 ,23.24 ,23.17 ,23.21 ,23.32 ,23.22 ,23.18 ,23.28 ,23.26 ,23.26 ,23.29 ,23.32 ,23.46 ,23.49 ,23.37 ,23.54 ,23.62 ,23.68 ,23.64 ,23.59 ,23.56 ,23.62 ,23.55 ,23.5 ,23.52 ,23.58 ,23.57 ,23.64 ,23.6 ,23.58 ,23.6 ,23.62 ,23.53 ,23.55 ,23.58 ,23.64 ,23.58 ,23.65 ,23.64 ,23.57 ,23.56 ,23.63 ,23.54 ,23.65 ,23.56 ,23.53 ,23.71 ,23.68 ,23.67 ,23.69 ,23.56 ,23.54 ,23.61 ,23.68 ,23.57 ,23.56 ,23.59 ,23.61 ,23.73 ,23.73 ,23.57 ,23.56 ,23.67 ,23.63 ,23.56 ,23.62 ,23.7 ,23.69 ,23.74 ,23.66 ,23.59 ,23.58 ,23.6 ,23.74 ,23.75 ,23.67 ,23.6 ,23.6 ,23.62 ,23.55 ,23.58 ,23.66 ,23.69 ,23.68 ,23.69 ,23.64 ,23.65 ,23.64 ,23.7 ,23.64 ,23.67 ,23.66 ,23.6 ,23.6 ,23.58 ,23.64 ,23.72 ,23.71 ,23.71 ,23.71 ,23.74 ,23.71 ,23.69 ,23.65 ,23.71 ,23.76 ,23.75 ,23.65 ,23.79 ,23.83 ,23.79 ,23.65 ,23.64 ,23.73 ,23.73 ,23.72 ,23.7 ,23.71 ,23.76 ,23.69 ,23.74 ,23.71 ,23.61 ,23.63 ,23.62 ,23.59 ,23.67 ,23.81 ,23.75 ,23.64 ,23.65 ,23.69 ,23.57 ,23.57 ,23.6 ,23.66 ,23.66 ,23.53 ,23.5 ,23.49 ,23.53 ,23.51 ,23.59 ,23.54 ,23.53 ,23.55 ,23.56 ,23.55 ,23.59 ,23.61 ,23.52 ,23.64 ,23.67 ,23.6 ,23.69 ,23.84 ,23.81 ,23.71 ,23.83 ,23.85 ,23.81 ,23.8 ,23.79 ,23.79 ,23.87 ,23.84 ,23.76 ,23.83 ,23.89 ,23.85 ,23.86 ,23.8 ,23.83 ,23.79 ,23.81 ,23.8 ,23.79 ,23.83 ,23.8 ,23.8 ,23.87 ,23.82 ,23.74 ,23.73 ,23.84 ,23.78 ,23.72 ,23.89 ,23.87 ,23.83 ,23.82 ,23.86 ,23.85 ,23.9 ,23.89 ,23.83 ,23.79 ,23.81 ,23.9 ,23.84 ,23.83 ,23.85 ,23.88 ,23.91 ,23.8 ,23.78 ,23.81 ,23.81 ,23.72 ,23.67 ,23.81 ,23.8 ,23.88 ,23.96 ,23.91 ,23.87 ,23.93 ,23.96 ,23.93 ,23.86 ,23.87 ,23.87 ,23.82 ,23.88 ,23.96 ,23.89 ,23.89 ,23.88 ,23.84 ,23.78 ,23.87 ,23.91 ,23.89 ,23.83 ,23.86 ,23.9 ,23.95 ,23.97 ,24.01 ,23.92 ,23.86 ,23.9 ,23.93 ,23.99 ,23.99 ,23.94 ,23.99 ,23.98 ,23.95 ,24.02 ,23.94 ,23.94 ,23.96 ,23.96 ,23.95 ,24 ,23.85 ,23.68 ,23.57 ,23.66 ,23.86 ,23.84 ,23.92 ,23.97 ,23.89 ,23.98 ,24.01 ,24 ,24.03 ,23.96 ,24.03 ,24.07 ,24.02 ,23.94 ,23.93 ,23.95 ,24.03 ,24.05 ,24.09 ,24.12 ,23.99 ,24 ,24.08 ,24.07 ,24.01 ,24 ,23.99 ,23.96 ,23.98 ,24.02 ,23.97 ,23.98 ,24.04 ,24.08 ,24.07 ,24 ,23.95 ,24.03 ,24.03 ,24.05 ,24.08 ,24.02 ,23.96 ,24 ,24 ,23.98 ,23.97 ,23.98 ,23.96 ,23.97 ,23.99 ,23.95 ,23.94 ,23.95 ,23.94 ,23.99 ,24.09 ,23.98 ,23.96 ,23.95 ,23.99 ,24.02 ,24 ,24.01 ,24.01 ,24.03 ,24.01 ,23.95 ,23.95 ,23.91 ,23.87 ,23.8 ,23.83 ,23.76 ,23.6 ,23.64 ,23.67 ,23.65 ,23.73 ,23.79 ,23.79 ,23.9 ,23.94 ,24 ,23.98 ,24.02 ,24.01 ,23.92 ,23.87 ,23.88 ,23.97 ,23.96 ,24 ,23.94 ,24.02 ,24 ,23.87 ,23.79 ,23.81 ,23.9 ,23.97 ,23.92 ,23.86 ,23.93 ,23.91 ,23.94 ,23.84 ,23.86 ,23.89 ,23.94 ,23.92 ,23.95 ,23.83 ,23.85 ,23.88 ,23.87 ,23.91 ,23.91 ,23.95 ,23.89 ,23.85 ,23.84 ,23.85 ,23.91 ,23.84 ,23.77 ,23.71 ,23.65 ,23.66 ,23.62 ,23.65 ,23.62 ,23.64 ,23.61 ,23.53 ,23.58 ,23.6 ,23.65 ,23.59 ,23.6 ,23.55 ,23.59 ,23.63 ,23.66 ,23.64 ,23.61 ,23.61 ,23.67 ,23.65 ,23.76 ,23.83 ,23.85 ,23.78 ,23.81 ,23.84 ,23.85 ,23.88 ,23.93 ,23.95 ,23.88 ,23.86 ,23.83 ,23.85 ,23.82 ,23.87 ,23.8 ,23.8 ,23.81 ,23.83 ,23.79 ,23.86 ,23.85 ,23.83 ,23.81 ,23.91 ,23.87 ,23.84 ,23.87 ,23.84 ,23.82 ,23.75 ,23.74 ,23.8 ,23.88 ,23.78 ,23.81 ,23.82 ,23.93 ,23.97 ,23.85 ,23.83 ,23.83 ,23.79 ,23.85 ,23.85 ,23.88 ,23.83 ,23.85 ,23.84 ,23.92 ,23.92 ,23.86 ,23.83 ,23.85 ,23.86 ,23.84 ,23.86 ,23.88 ,23.85 ,23.77 ,23.83 ,23.84 ,23.83 ,23.82 ,23.8 ,23.9 ,23.74 ,23.74 ,23.8 ,23.78 ,23.89 ,23.87 ,23.8 ,23.84 ,23.82 ,23.71 ,23.79 ,23.8 ,23.88 ,23.85 ,23.84 ,23.82 ,23.87 ,23.71 ,23.75 ,23.82 ,23.78 ,23.74 ,23.77 ,23.74 ,23.78 ,23.78 ,23.79 ,23.71 ,23.67 ,23.68 ,23.72 ,23.76 ,23.81 ,23.75 ,23.77 ,23.78 ,23.61 ,23.72 ,23.7 ,23.63 ,23.71 ,23.7 ,23.68 ,23.71 ,23.7 ,23.67 ,23.58 ,23.55 ,23.54 ,23.54 ,23.49 ,23.44 ,23.32 ,23.57 ,23.52 ,23.42 ,23.33 ,23.37 ,23.31 ,23.26 ,23.24 ,23.26 ,23.26 ,23.29 ,23.37 ,23.36 ,23.39 ,23.4 ,23.21 ,23.24 ,23.3 ,23.2 ,23.22 ,23.24 ,23.29 ,23.3 ,23.29 ,23.32 ,23.41 ,23.36 ,23.34 ,23.39 ,23.35 ,23.26 ,23.26 ,23.38 ,23.3 ,23.37 ,23.29 ,23.3 ,23.45 ,23.44 ,23.37 ,23.31 ,23.25 ,23.24 ,23.35 ,23.38 ,23.31 ,23.32 ,23.27 ,23.19 ,23.15 ,23.23 ,23.33 ,23.3 ,23.31 ,23.29 ,23.28 ,23.25 ,23.23 ,23.23 ,23.34 ,23.27 ,23.24 ,23.26 ,23.25 ,23.17 ,23.14 ,23.08 ,23.1 ,23.22 ,23.17 ,23.12 ,23.14 ,23.24 ,23.15 ,23.18 ,23.26 ,23.29 ,23.27 ,23.3 ,23.29 ,23.29 ,23.22 ,23.18 ,23.2 ,23.29 ,23.22 ,23.23 ,23.25 ,23.23 ,23.14 ,23.29 ,23.37 ,23.31 ,
341,23.52 ,23.47 ,23.47 ,23.39 ,23.35 ,23.32 ,23.36 ,23.29 ,23.39 ,23.46 ,23.35 ,23.34 ,23.32 ,23.27 ,23.29 ,23.46 ,23.36 ,23.32 ,23.32 ,23.37 ,23.25 ,23.2 ,23.34 ,23.26 ,23.27 ,23.3 ,23.34 ,23.27 ,23.19 ,23.28 ,23.4 ,23.49 ,23.4 ,23.52 ,23.61 ,23.54 ,23.66 ,23.63 ,23.59 ,23.64 ,23.52 ,23.49 ,23.62 ,23.54 ,23.55 ,23.69 ,23.65 ,23.62 ,23.61 ,23.61 ,23.49 ,23.52 ,23.63 ,23.67 ,23.58 ,23.61 ,23.62 ,23.55 ,23.61 ,23.6 ,23.57 ,23.62 ,23.64 ,23.55 ,23.65 ,23.67 ,23.62 ,23.65 ,23.6 ,23.62 ,23.59 ,23.63 ,23.65 ,23.66 ,23.69 ,23.63 ,23.68 ,23.66 ,23.54 ,23.58 ,23.63 ,23.59 ,23.53 ,23.46 ,23.61 ,23.65 ,23.72 ,23.63 ,23.58 ,23.61 ,23.62 ,23.64 ,23.7 ,23.74 ,23.73 ,23.66 ,23.58 ,23.52 ,23.63 ,23.66 ,23.66 ,23.67 ,23.62 ,23.66 ,23.72 ,23.66 ,23.68 ,23.64 ,23.66 ,23.71 ,23.68 ,23.62 ,23.56 ,23.56 ,23.62 ,23.66 ,23.66 ,23.68 ,23.68 ,23.73 ,23.74 ,23.65 ,23.68 ,23.85 ,23.71 ,23.7 ,23.71 ,23.8 ,23.83 ,23.69 ,23.64 ,23.73 ,23.71 ,23.76 ,23.85 ,23.7 ,23.69 ,23.78 ,23.8 ,23.7 ,23.7 ,23.66 ,23.56 ,23.52 ,23.66 ,23.73 ,23.72 ,23.64 ,23.68 ,23.73 ,23.65 ,23.6 ,23.61 ,23.59 ,23.6 ,23.61 ,23.54 ,23.53 ,23.5 ,23.51 ,23.52 ,23.54 ,23.58 ,23.58 ,23.6 ,23.61 ,23.54 ,23.67 ,23.61 ,23.6 ,23.7 ,23.61 ,23.6 ,23.72 ,23.82 ,23.73 ,23.75 ,23.77 ,23.82 ,23.82 ,23.8 ,23.77 ,23.83 ,23.79 ,23.76 ,23.86 ,23.84 ,23.83 ,23.84 ,23.85 ,23.86 ,23.78 ,23.79 ,23.8 ,23.82 ,23.75 ,23.77 ,23.83 ,23.82 ,23.78 ,23.75 ,23.64 ,23.72 ,23.81 ,23.71 ,23.84 ,23.83 ,23.88 ,23.87 ,23.87 ,23.83 ,23.85 ,23.88 ,23.87 ,23.78 ,23.75 ,23.82 ,23.87 ,23.83 ,23.91 ,23.9 ,23.88 ,23.94 ,23.86 ,23.81 ,23.8 ,23.78 ,23.72 ,23.81 ,23.88 ,23.91 ,23.9 ,23.92 ,23.91 ,23.88 ,23.97 ,23.91 ,23.82 ,23.84 ,23.91 ,23.93 ,23.96 ,23.92 ,23.87 ,23.94 ,23.85 ,23.82 ,23.85 ,23.9 ,23.89 ,23.88 ,23.88 ,23.88 ,23.84 ,23.93 ,23.97 ,23.98 ,23.84 ,23.77 ,23.91 ,23.88 ,23.92 ,23.96 ,23.97 ,23.96 ,23.89 ,23.95 ,23.98 ,23.93 ,23.93 ,23.92 ,23.92 ,23.93 ,23.92 ,23.79 ,23.62 ,23.67 ,23.8 ,23.9 ,23.9 ,23.91 ,23.92 ,23.95 ,23.99 ,23.99 ,23.93 ,23.96 ,23.95 ,23.94 ,23.97 ,23.95 ,23.96 ,23.97 ,23.95 ,24.06 ,24.17 ,23.97 ,24.08 ,24.03 ,24.04 ,24.04 ,24.05 ,23.99 ,23.93 ,23.95 ,23.94 ,23.97 ,23.99 ,23.97 ,23.99 ,24.06 ,24.07 ,24.06 ,24.07 ,24.01 ,23.99 ,24.02 ,24.04 ,24.11 ,24.02 ,23.99 ,23.99 ,24.03 ,24.11 ,24.04 ,23.94 ,23.95 ,24 ,24.04 ,23.97 ,24.02 ,24.08 ,23.87 ,23.99 ,24.07 ,23.99 ,23.99 ,24 ,24.01 ,24.02 ,23.99 ,24.03 ,23.97 ,24.01 ,23.94 ,23.9 ,23.91 ,23.89 ,23.8 ,23.64 ,23.69 ,23.66 ,23.62 ,23.66 ,23.67 ,23.68 ,23.85 ,23.93 ,23.88 ,23.94 ,23.97 ,23.97 ,23.99 ,24.05 ,23.98 ,23.93 ,23.89 ,23.85 ,23.9 ,23.96 ,23.96 ,23.96 ,23.99 ,24.03 ,23.86 ,23.85 ,23.87 ,23.88 ,23.94 ,23.88 ,23.84 ,23.86 ,23.81 ,23.91 ,23.89 ,23.94 ,23.89 ,23.87 ,23.87 ,23.92 ,23.87 ,23.87 ,23.89 ,23.89 ,23.86 ,23.95 ,24 ,23.88 ,23.93 ,23.9 ,23.84 ,23.86 ,23.78 ,23.67 ,23.68 ,23.62 ,23.6 ,23.64 ,23.7 ,23.59 ,23.69 ,23.66 ,23.55 ,23.65 ,23.62 ,23.63 ,23.55 ,23.55 ,23.61 ,23.58 ,23.61 ,23.61 ,23.58 ,23.65 ,23.72 ,23.74 ,23.78 ,23.82 ,23.84 ,23.89 ,23.86 ,23.87 ,23.85 ,23.82 ,23.86 ,23.79 ,23.82 ,23.82 ,23.82 ,23.85 ,23.85 ,23.85 ,23.89 ,23.88 ,23.81 ,23.84 ,23.86 ,23.79 ,23.79 ,23.86 ,23.82 ,23.83 ,23.9 ,23.81 ,23.83 ,23.86 ,23.75 ,23.76 ,23.87 ,23.83 ,23.88 ,23.85 ,23.79 ,23.8 ,23.84 ,23.88 ,23.95 ,23.79 ,23.78 ,23.77 ,23.83 ,23.86 ,23.9 ,23.86 ,23.85 ,23.88 ,23.89 ,23.88 ,23.94 ,23.86 ,23.86 ,23.84 ,23.8 ,23.72 ,23.78 ,23.91 ,23.87 ,23.89 ,23.87 ,23.83 ,23.88 ,23.89 ,23.85 ,23.87 ,23.85 ,23.79 ,23.81 ,23.87 ,23.86 ,23.81 ,23.72 ,23.73 ,23.89 ,23.73 ,23.77 ,23.83 ,23.83 ,23.84 ,23.87 ,23.88 ,23.91 ,23.81 ,23.74 ,23.8 ,23.84 ,23.8 ,23.79 ,23.69 ,23.83 ,23.81 ,23.76 ,23.7 ,23.58 ,23.62 ,23.74 ,23.71 ,23.67 ,23.73 ,23.76 ,23.74 ,23.64 ,23.67 ,23.74 ,23.71 ,23.69 ,23.74 ,23.75 ,23.68 ,23.64 ,23.59 ,23.62 ,23.58 ,23.51 ,23.42 ,23.45 ,23.46 ,23.29 ,23.47 ,23.55 ,23.26 ,23.25 ,23.29 ,23.36 ,23.39 ,23.4 ,23.31 ,23.34 ,23.38 ,23.42 ,23.41 ,23.4 ,23.46 ,23.23 ,23.08 ,23.34 ,23.29 ,23.24 ,23.25 ,23.14 ,23.22 ,23.3 ,23.31 ,23.34 ,23.32 ,23.46 ,23.42 ,23.31 ,23.34 ,23.35 ,23.37 ,23.32 ,23.35 ,23.27 ,23.25 ,23.31 ,23.3 ,23.24 ,23.2 ,23.23 ,23.31 ,23.39 ,23.4 ,23.37 ,23.37 ,23.34 ,23.19 ,23.22 ,23.27 ,23.27 ,23.21 ,23.34 ,23.42 ,23.28 ,23.29 ,23.26 ,23.16 ,23.23 ,23.2 ,23.26 ,23.22 ,23.22 ,23.24 ,23.13 ,23.17 ,23.06 ,23.15 ,23.22 ,23.24 ,23.1 ,23.18 ,23.14 ,23.19 ,23.26 ,23.2 ,23.2 ,23.28 ,23.29 ,23.36 ,23.26 ,23.17 ,23.13 ,23.3 ,23.27 ,23.12 ,23.18 ,23.29 ,23.21 ,23.38 ,23.37 ,23.31 ,
342,23.51 ,23.36 ,23.33 ,23.31 ,23.27 ,23.31 ,23.41 ,23.33 ,23.27 ,23.4 ,23.3 ,23.27 ,23.23 ,23.17 ,23.26 ,23.33 ,23.25 ,23.32 ,23.38 ,23.29 ,23.24 ,23.22 ,23.33 ,23.22 ,23.2 ,23.36 ,23.36 ,23.26 ,23.31 ,23.35 ,23.46 ,23.54 ,23.52 ,23.63 ,23.53 ,23.47 ,23.51 ,23.62 ,23.6 ,23.61 ,23.62 ,23.49 ,23.55 ,23.56 ,23.54 ,23.58 ,23.62 ,23.56 ,23.53 ,23.6 ,23.55 ,23.48 ,23.61 ,23.7 ,23.71 ,23.71 ,23.63 ,23.55 ,23.63 ,23.59 ,23.54 ,23.64 ,23.59 ,23.51 ,23.57 ,23.59 ,23.52 ,23.55 ,23.61 ,23.56 ,23.58 ,23.7 ,23.67 ,23.67 ,23.65 ,23.61 ,23.63 ,23.58 ,23.48 ,23.53 ,23.66 ,23.59 ,23.63 ,23.54 ,23.59 ,23.6 ,23.68 ,23.67 ,23.65 ,23.62 ,23.56 ,23.53 ,23.59 ,23.66 ,23.68 ,23.71 ,23.63 ,23.55 ,23.64 ,23.71 ,23.6 ,23.6 ,23.64 ,23.63 ,23.66 ,23.65 ,23.65 ,23.69 ,23.67 ,23.61 ,23.65 ,23.59 ,23.63 ,23.6 ,23.54 ,23.61 ,23.64 ,23.59 ,23.65 ,23.67 ,23.73 ,23.7 ,23.68 ,23.78 ,23.7 ,23.62 ,23.67 ,23.71 ,23.81 ,23.71 ,23.69 ,23.79 ,23.66 ,23.6 ,23.79 ,23.74 ,23.62 ,23.74 ,23.76 ,23.77 ,23.74 ,23.65 ,23.61 ,23.6 ,23.63 ,23.73 ,23.64 ,23.6 ,23.73 ,23.67 ,23.65 ,23.63 ,23.62 ,23.61 ,23.6 ,23.57 ,23.51 ,23.52 ,23.55 ,23.56 ,23.59 ,23.56 ,23.61 ,23.58 ,23.54 ,23.57 ,23.5 ,23.64 ,23.66 ,23.62 ,23.68 ,23.63 ,23.56 ,23.7 ,23.78 ,23.75 ,23.71 ,23.76 ,23.81 ,23.84 ,23.8 ,23.81 ,23.85 ,23.79 ,23.79 ,23.81 ,23.79 ,23.7 ,23.74 ,23.85 ,23.85 ,23.76 ,23.78 ,23.75 ,23.77 ,23.78 ,23.78 ,23.81 ,23.83 ,23.79 ,23.68 ,23.71 ,23.68 ,23.76 ,23.79 ,23.86 ,23.81 ,23.82 ,23.87 ,23.91 ,23.89 ,23.88 ,23.86 ,23.85 ,23.81 ,23.84 ,23.91 ,23.86 ,23.85 ,23.89 ,23.91 ,23.88 ,23.9 ,23.76 ,23.78 ,23.74 ,23.75 ,23.82 ,23.81 ,23.83 ,23.85 ,23.81 ,23.9 ,23.91 ,23.87 ,23.93 ,23.9 ,23.81 ,23.9 ,23.95 ,23.9 ,23.99 ,23.95 ,23.87 ,23.94 ,23.92 ,23.78 ,23.81 ,23.87 ,23.87 ,23.91 ,23.86 ,23.99 ,23.98 ,23.9 ,23.94 ,23.97 ,23.84 ,23.74 ,23.88 ,23.89 ,23.88 ,23.95 ,23.94 ,23.97 ,23.92 ,23.92 ,23.94 ,23.97 ,23.99 ,23.91 ,23.93 ,23.93 ,23.8 ,23.67 ,23.56 ,23.72 ,23.89 ,23.89 ,23.9 ,23.9 ,23.82 ,23.94 ,24 ,23.98 ,23.94 ,23.94 ,23.94 ,23.94 ,23.94 ,23.94 ,23.9 ,23.92 ,23.98 ,24.06 ,24.16 ,24 ,23.94 ,23.99 ,23.98 ,24.01 ,24.04 ,24.01 ,23.99 ,23.99 ,23.94 ,23.99 ,24.02 ,23.88 ,23.96 ,24 ,24.03 ,23.99 ,24.01 ,24.03 ,24.01 ,23.98 ,24.04 ,24.08 ,24.07 ,24.02 ,24.09 ,24.1 ,24.1 ,24.03 ,23.97 ,23.97 ,24.05 ,24.1 ,24.03 ,23.98 ,23.99 ,24.05 ,23.99 ,24.03 ,23.96 ,24.03 ,23.99 ,23.99 ,24 ,23.92 ,23.92 ,23.9 ,23.84 ,23.81 ,23.84 ,23.82 ,23.73 ,23.75 ,23.72 ,23.68 ,23.74 ,23.83 ,23.84 ,23.83 ,23.82 ,23.87 ,23.93 ,23.88 ,23.91 ,23.97 ,23.95 ,23.95 ,23.96 ,23.99 ,23.96 ,23.92 ,23.94 ,23.88 ,23.88 ,23.96 ,23.97 ,23.97 ,23.9 ,23.9 ,23.9 ,23.93 ,23.92 ,23.9 ,23.88 ,23.86 ,23.87 ,23.83 ,23.96 ,23.99 ,23.98 ,23.94 ,23.93 ,23.94 ,23.91 ,23.85 ,23.86 ,23.92 ,23.94 ,23.88 ,23.94 ,23.97 ,23.91 ,23.86 ,23.78 ,23.76 ,23.69 ,23.62 ,23.59 ,23.58 ,23.6 ,23.53 ,23.6 ,23.66 ,23.63 ,23.62 ,23.68 ,23.61 ,23.69 ,23.67 ,23.57 ,23.51 ,23.55 ,23.62 ,23.67 ,23.64 ,23.62 ,23.59 ,23.7 ,23.76 ,23.88 ,23.84 ,23.86 ,23.85 ,23.77 ,23.79 ,23.83 ,23.84 ,23.79 ,23.88 ,23.81 ,23.76 ,23.79 ,23.83 ,23.81 ,23.81 ,23.78 ,23.88 ,23.92 ,23.89 ,23.94 ,23.86 ,23.83 ,23.81 ,23.86 ,23.86 ,23.91 ,23.88 ,23.82 ,23.81 ,23.83 ,23.75 ,23.73 ,23.88 ,23.93 ,23.83 ,23.76 ,23.78 ,23.87 ,23.88 ,23.89 ,23.84 ,23.87 ,23.83 ,23.75 ,23.74 ,23.86 ,23.87 ,23.86 ,23.82 ,23.88 ,23.74 ,23.78 ,23.77 ,23.81 ,23.89 ,23.9 ,23.83 ,23.72 ,23.78 ,23.88 ,23.93 ,23.8 ,23.81 ,23.81 ,23.89 ,23.92 ,23.89 ,23.84 ,23.81 ,23.83 ,23.88 ,23.89 ,23.8 ,23.79 ,23.73 ,23.72 ,23.78 ,23.8 ,23.76 ,23.83 ,23.83 ,23.84 ,23.91 ,23.89 ,23.84 ,24.01 ,23.78 ,23.8 ,23.79 ,23.77 ,23.74 ,23.67 ,23.74 ,23.79 ,23.75 ,23.71 ,23.69 ,23.72 ,23.82 ,23.74 ,23.6 ,23.67 ,23.75 ,23.67 ,23.63 ,23.69 ,23.65 ,23.67 ,23.72 ,23.72 ,23.76 ,23.67 ,23.6 ,23.57 ,23.55 ,23.56 ,23.49 ,23.44 ,23.38 ,23.32 ,23.28 ,23.44 ,23.46 ,23.25 ,23.15 ,23.28 ,23.42 ,23.48 ,23.51 ,23.45 ,23.35 ,23.42 ,23.5 ,23.55 ,23.56 ,23.43 ,23.26 ,23.07 ,23.29 ,23.32 ,23.34 ,23.28 ,23.17 ,23.21 ,23.31 ,23.34 ,23.25 ,23.26 ,23.47 ,23.53 ,23.31 ,23.31 ,23.34 ,23.44 ,23.24 ,23.28 ,23.29 ,23.25 ,23.26 ,23.3 ,23.23 ,23.24 ,23.23 ,23.26 ,23.31 ,23.41 ,23.34 ,23.3 ,23.22 ,23.24 ,23.23 ,23.24 ,23.28 ,23.25 ,23.26 ,23.37 ,23.31 ,23.2 ,23.28 ,23.21 ,23.15 ,23.14 ,23.18 ,23.26 ,23.15 ,23.17 ,23.16 ,23.12 ,23.04 ,23.13 ,23.25 ,23.14 ,23.07 ,23.07 ,23.14 ,23.15 ,23.22 ,23.01 ,23.1 ,23.24 ,23.3 ,23.3 ,23.17 ,23.24 ,23.35 ,23.35 ,23.33 ,23.29 ,23.18 ,23.26 ,23.24 ,23.3 ,23.26 ,23.21 ,
343,23.47 ,23.33 ,23.24 ,23.26 ,23.28 ,23.34 ,23.5 ,23.48 ,23.34 ,23.34 ,23.39 ,23.31 ,23.31 ,23.28 ,23.31 ,23.37 ,23.27 ,23.33 ,23.36 ,23.19 ,23.16 ,23.28 ,23.28 ,23.16 ,23.07 ,23.26 ,23.39 ,23.33 ,23.34 ,23.48 ,23.65 ,23.61 ,23.55 ,23.59 ,23.57 ,23.51 ,23.55 ,23.65 ,23.65 ,23.54 ,23.63 ,23.59 ,23.52 ,23.53 ,23.5 ,23.57 ,23.56 ,23.55 ,23.54 ,23.58 ,23.6 ,23.56 ,23.64 ,23.58 ,23.65 ,23.72 ,23.62 ,23.57 ,23.59 ,23.61 ,23.57 ,23.63 ,23.61 ,23.56 ,23.64 ,23.63 ,23.66 ,23.62 ,23.64 ,23.62 ,23.62 ,23.71 ,23.69 ,23.64 ,23.59 ,23.61 ,23.69 ,23.59 ,23.57 ,23.58 ,23.64 ,23.54 ,23.54 ,23.53 ,23.62 ,23.66 ,23.72 ,23.74 ,23.69 ,23.6 ,23.51 ,23.52 ,23.5 ,23.55 ,23.57 ,23.66 ,23.63 ,23.6 ,23.59 ,23.62 ,23.66 ,23.6 ,23.66 ,23.68 ,23.71 ,23.7 ,23.68 ,23.66 ,23.68 ,23.68 ,23.62 ,23.57 ,23.65 ,23.6 ,23.56 ,23.59 ,23.65 ,23.62 ,23.66 ,23.67 ,23.72 ,23.7 ,23.63 ,23.79 ,23.77 ,23.68 ,23.65 ,23.73 ,23.64 ,23.66 ,23.69 ,23.73 ,23.69 ,23.68 ,23.68 ,23.76 ,23.73 ,23.67 ,23.72 ,23.77 ,23.73 ,23.67 ,23.64 ,23.66 ,23.77 ,23.77 ,23.67 ,23.58 ,23.74 ,23.7 ,23.71 ,23.63 ,23.65 ,23.67 ,23.64 ,23.66 ,23.55 ,23.55 ,23.6 ,23.65 ,23.63 ,23.58 ,23.57 ,23.62 ,23.6 ,23.57 ,23.53 ,23.59 ,23.53 ,23.59 ,23.64 ,23.51 ,23.57 ,23.56 ,23.62 ,23.75 ,23.79 ,23.75 ,23.79 ,23.78 ,23.75 ,23.82 ,23.84 ,23.82 ,23.76 ,23.85 ,23.84 ,23.67 ,23.8 ,23.87 ,23.85 ,23.81 ,23.84 ,23.81 ,23.83 ,23.87 ,23.81 ,23.82 ,23.9 ,23.88 ,23.77 ,23.76 ,23.81 ,23.79 ,23.83 ,23.88 ,23.73 ,23.73 ,23.81 ,23.84 ,23.85 ,23.88 ,23.88 ,23.82 ,23.84 ,23.88 ,23.96 ,23.94 ,23.83 ,23.85 ,23.88 ,23.93 ,23.88 ,23.78 ,23.72 ,23.8 ,23.81 ,23.77 ,23.81 ,23.86 ,23.81 ,23.82 ,23.9 ,23.89 ,23.84 ,23.89 ,23.89 ,23.88 ,23.84 ,23.89 ,23.85 ,23.95 ,24 ,23.86 ,23.87 ,23.89 ,23.78 ,23.86 ,23.83 ,23.81 ,23.86 ,23.86 ,23.99 ,24.01 ,23.98 ,23.97 ,23.93 ,23.85 ,23.81 ,23.85 ,23.83 ,23.91 ,24 ,23.97 ,23.94 ,23.94 ,23.89 ,23.96 ,23.93 ,23.94 ,23.84 ,23.81 ,23.81 ,23.71 ,23.6 ,23.64 ,23.81 ,23.93 ,23.88 ,23.95 ,23.97 ,23.9 ,23.96 ,24.01 ,23.97 ,24.01 ,23.91 ,23.91 ,23.96 ,24 ,23.96 ,23.94 ,23.9 ,23.94 ,24.09 ,24.1 ,24.02 ,23.96 ,23.96 ,23.95 ,23.98 ,24.01 ,23.99 ,23.95 ,24.04 ,24 ,24.03 ,24.06 ,23.95 ,23.97 ,24 ,24.05 ,24.05 ,23.98 ,23.97 ,24 ,23.95 ,23.97 ,24.01 ,24.05 ,24.04 ,24.09 ,24.03 ,24.05 ,23.98 ,24.02 ,23.96 ,24.01 ,24.09 ,24.05 ,23.98 ,23.93 ,23.95 ,23.98 ,23.93 ,23.96 ,23.93 ,23.9 ,23.87 ,23.85 ,23.77 ,23.77 ,23.76 ,23.78 ,23.7 ,23.77 ,23.7 ,23.73 ,23.76 ,23.85 ,23.82 ,23.88 ,23.95 ,23.92 ,23.85 ,23.89 ,23.97 ,23.93 ,23.91 ,23.96 ,23.96 ,24.03 ,24.05 ,23.95 ,24 ,23.98 ,23.91 ,23.91 ,23.95 ,23.91 ,23.94 ,23.97 ,23.96 ,23.93 ,23.89 ,23.97 ,23.94 ,23.94 ,23.93 ,23.91 ,23.87 ,23.87 ,23.88 ,23.96 ,23.98 ,23.93 ,23.9 ,23.95 ,23.95 ,23.83 ,23.87 ,23.92 ,23.95 ,23.91 ,23.97 ,23.87 ,23.93 ,23.88 ,23.9 ,23.75 ,23.69 ,23.63 ,23.63 ,23.66 ,23.59 ,23.58 ,23.59 ,23.61 ,23.6 ,23.63 ,23.59 ,23.51 ,23.63 ,23.66 ,23.6 ,23.63 ,23.6 ,23.57 ,23.57 ,23.59 ,23.67 ,23.66 ,23.64 ,23.69 ,23.66 ,23.71 ,23.76 ,23.81 ,23.87 ,23.81 ,23.74 ,23.88 ,23.81 ,23.81 ,23.82 ,23.9 ,23.82 ,23.76 ,23.82 ,23.84 ,23.8 ,23.77 ,23.85 ,23.86 ,23.79 ,23.96 ,23.87 ,23.78 ,23.76 ,23.83 ,23.88 ,23.84 ,23.84 ,23.84 ,23.82 ,23.88 ,23.8 ,23.78 ,23.83 ,23.83 ,23.81 ,23.89 ,23.85 ,23.89 ,23.92 ,23.84 ,23.87 ,23.86 ,23.87 ,23.81 ,23.89 ,23.89 ,23.86 ,23.86 ,23.82 ,23.83 ,23.78 ,23.76 ,23.87 ,23.87 ,23.84 ,23.83 ,23.89 ,23.88 ,23.8 ,23.94 ,23.91 ,23.81 ,23.79 ,23.86 ,23.87 ,23.86 ,23.94 ,23.83 ,23.73 ,23.86 ,23.86 ,23.82 ,23.73 ,23.77 ,23.73 ,23.79 ,23.77 ,23.72 ,23.78 ,23.87 ,23.91 ,23.87 ,23.77 ,23.81 ,23.79 ,23.76 ,23.83 ,23.8 ,23.77 ,23.7 ,23.71 ,23.69 ,23.65 ,23.69 ,23.74 ,23.78 ,23.75 ,23.78 ,23.83 ,23.77 ,23.68 ,23.67 ,23.73 ,23.7 ,23.63 ,23.63 ,23.63 ,23.69 ,23.79 ,23.7 ,23.7 ,23.7 ,23.62 ,23.54 ,23.49 ,23.47 ,23.48 ,23.32 ,23.38 ,23.36 ,23.26 ,23.31 ,23.3 ,23.26 ,23.23 ,23.27 ,23.37 ,23.47 ,23.51 ,23.51 ,23.52 ,23.49 ,23.48 ,23.56 ,23.55 ,23.41 ,23.27 ,23.24 ,23.3 ,23.31 ,23.31 ,23.25 ,23.24 ,23.34 ,23.35 ,23.43 ,23.38 ,23.24 ,23.35 ,23.48 ,23.24 ,23.26 ,23.33 ,23.38 ,23.24 ,23.25 ,23.29 ,23.33 ,23.31 ,23.32 ,23.34 ,23.36 ,23.26 ,23.23 ,23.29 ,23.4 ,23.36 ,23.34 ,23.27 ,23.31 ,23.35 ,23.21 ,23.24 ,23.28 ,23.28 ,23.3 ,23.22 ,23.23 ,23.17 ,23.16 ,23.12 ,23.09 ,23.19 ,23.2 ,23.09 ,23.17 ,23.18 ,23.17 ,23.12 ,23.05 ,23.14 ,23.08 ,23.03 ,23.07 ,23.07 ,23.17 ,23.23 ,23.04 ,23.03 ,23.14 ,23.24 ,23.27 ,23.09 ,23.15 ,23.36 ,23.41 ,23.27 ,23.27 ,23.22 ,23.19 ,23.18 ,23.2 ,23.22 ,23.22 ,
344,23.46 ,23.39 ,23.31 ,23.24 ,23.31 ,23.36 ,23.47 ,23.52 ,23.41 ,23.38 ,23.37 ,23.32 ,23.36 ,23.28 ,23.32 ,23.45 ,23.42 ,23.36 ,23.31 ,23.22 ,23.2 ,23.22 ,23.18 ,23.18 ,23.18 ,23.32 ,23.39 ,23.43 ,23.44 ,23.54 ,23.69 ,23.6 ,23.56 ,23.57 ,23.47 ,23.51 ,23.54 ,23.59 ,23.53 ,23.51 ,23.52 ,23.56 ,23.51 ,23.58 ,23.55 ,23.57 ,23.64 ,23.59 ,23.65 ,23.57 ,23.51 ,23.58 ,23.58 ,23.54 ,23.58 ,23.64 ,23.59 ,23.5 ,23.52 ,23.52 ,23.56 ,23.6 ,23.61 ,23.55 ,23.6 ,23.59 ,23.59 ,23.65 ,23.57 ,23.61 ,23.58 ,23.59 ,23.64 ,23.7 ,23.65 ,23.66 ,23.68 ,23.67 ,23.66 ,23.57 ,23.64 ,23.61 ,23.54 ,23.58 ,23.66 ,23.68 ,23.68 ,23.7 ,23.69 ,23.54 ,23.55 ,23.61 ,23.58 ,23.59 ,23.54 ,23.57 ,23.59 ,23.62 ,23.54 ,23.53 ,23.65 ,23.61 ,23.62 ,23.73 ,23.69 ,23.73 ,23.66 ,23.57 ,23.57 ,23.63 ,23.65 ,23.62 ,23.69 ,23.63 ,23.55 ,23.57 ,23.62 ,23.59 ,23.65 ,23.62 ,23.63 ,23.63 ,23.66 ,23.71 ,23.65 ,23.73 ,23.73 ,23.75 ,23.63 ,23.58 ,23.68 ,23.74 ,23.71 ,23.76 ,23.68 ,23.74 ,23.74 ,23.66 ,23.58 ,23.64 ,23.66 ,23.61 ,23.6 ,23.61 ,23.75 ,23.82 ,23.7 ,23.64 ,23.7 ,23.65 ,23.7 ,23.69 ,23.7 ,23.7 ,23.61 ,23.63 ,23.63 ,23.61 ,23.58 ,23.62 ,23.56 ,23.47 ,23.63 ,23.6 ,23.61 ,23.59 ,23.5 ,23.52 ,23.45 ,23.48 ,23.53 ,23.47 ,23.52 ,23.54 ,23.53 ,23.6 ,23.68 ,23.69 ,23.76 ,23.84 ,23.77 ,23.79 ,23.78 ,23.77 ,23.8 ,23.89 ,23.86 ,23.73 ,23.8 ,23.82 ,23.86 ,23.88 ,23.89 ,23.8 ,23.87 ,23.87 ,23.84 ,23.8 ,23.88 ,23.85 ,23.76 ,23.74 ,23.81 ,23.81 ,23.81 ,23.88 ,23.78 ,23.71 ,23.79 ,23.86 ,23.77 ,23.81 ,23.77 ,23.82 ,23.85 ,23.9 ,23.91 ,23.97 ,23.86 ,23.82 ,23.88 ,23.84 ,23.84 ,23.76 ,23.77 ,23.88 ,23.85 ,23.81 ,23.83 ,23.91 ,23.86 ,23.83 ,23.92 ,23.88 ,23.84 ,23.95 ,23.91 ,23.88 ,23.86 ,23.84 ,23.84 ,23.98 ,24 ,23.84 ,23.86 ,23.83 ,23.82 ,23.95 ,23.88 ,23.87 ,23.88 ,23.83 ,23.9 ,23.96 ,23.96 ,24.07 ,23.91 ,23.9 ,23.88 ,23.91 ,23.84 ,23.9 ,24.01 ,24.01 ,24.02 ,23.98 ,23.9 ,23.93 ,23.98 ,23.93 ,23.84 ,23.78 ,23.77 ,23.7 ,23.68 ,23.76 ,23.83 ,23.93 ,23.89 ,23.98 ,24.08 ,24 ,23.97 ,23.98 ,23.94 ,23.93 ,23.87 ,23.95 ,23.97 ,24.02 ,24.02 ,24.03 ,23.9 ,23.91 ,24 ,24.05 ,23.97 ,24 ,24.02 ,24 ,23.95 ,23.99 ,24.02 ,23.94 ,24 ,23.96 ,24.02 ,24.05 ,23.98 ,23.92 ,23.93 ,24.13 ,24.01 ,23.99 ,24 ,24.03 ,23.99 ,23.88 ,23.96 ,24.03 ,24.01 ,24 ,23.96 ,24 ,24 ,24.03 ,24.03 ,23.98 ,24.01 ,23.94 ,23.94 ,23.93 ,23.84 ,23.88 ,23.91 ,23.93 ,23.81 ,23.83 ,23.87 ,23.74 ,23.63 ,23.63 ,23.65 ,23.7 ,23.71 ,23.75 ,23.81 ,23.87 ,23.83 ,23.93 ,23.85 ,23.9 ,23.94 ,23.92 ,23.91 ,23.91 ,23.97 ,23.94 ,23.9 ,24.04 ,24.04 ,24 ,24 ,23.92 ,23.99 ,24 ,23.95 ,23.95 ,23.99 ,24.01 ,23.97 ,23.93 ,23.91 ,23.99 ,23.91 ,23.89 ,23.94 ,23.92 ,23.96 ,23.93 ,23.97 ,23.93 ,23.84 ,23.92 ,23.96 ,23.97 ,23.91 ,23.93 ,23.92 ,23.8 ,23.86 ,23.91 ,23.95 ,23.88 ,23.94 ,23.87 ,23.91 ,23.87 ,23.78 ,23.64 ,23.62 ,23.63 ,23.59 ,23.75 ,23.74 ,23.6 ,23.62 ,23.6 ,23.57 ,23.58 ,23.62 ,23.5 ,23.56 ,23.63 ,23.58 ,23.6 ,23.6 ,23.49 ,23.56 ,23.64 ,23.69 ,23.68 ,23.72 ,23.74 ,23.6 ,23.67 ,23.71 ,23.83 ,23.96 ,23.88 ,23.85 ,23.85 ,23.86 ,23.75 ,23.88 ,23.87 ,23.87 ,23.81 ,23.84 ,23.9 ,23.84 ,23.76 ,23.81 ,23.81 ,23.79 ,23.85 ,23.88 ,23.79 ,23.78 ,23.81 ,23.82 ,23.83 ,23.79 ,23.88 ,23.87 ,23.9 ,23.87 ,23.86 ,23.81 ,23.78 ,23.86 ,23.91 ,23.88 ,23.84 ,23.89 ,23.83 ,23.82 ,23.82 ,23.77 ,23.74 ,23.77 ,23.85 ,23.94 ,23.98 ,23.85 ,23.83 ,23.86 ,23.9 ,23.91 ,23.87 ,23.85 ,23.84 ,23.89 ,23.9 ,23.79 ,23.86 ,23.97 ,23.87 ,23.85 ,23.81 ,23.81 ,23.86 ,23.92 ,23.88 ,23.75 ,23.79 ,23.84 ,23.84 ,23.84 ,23.81 ,23.8 ,23.81 ,23.81 ,23.66 ,23.77 ,23.87 ,23.86 ,23.89 ,23.79 ,23.77 ,23.8 ,23.7 ,23.79 ,23.89 ,23.74 ,23.66 ,23.72 ,23.75 ,23.72 ,23.68 ,23.67 ,23.75 ,23.8 ,23.76 ,23.73 ,23.71 ,23.67 ,23.72 ,23.67 ,23.68 ,23.63 ,23.57 ,23.61 ,23.68 ,23.77 ,23.65 ,23.53 ,23.62 ,23.65 ,23.65 ,23.56 ,23.5 ,23.58 ,23.44 ,23.33 ,23.31 ,23.22 ,23.29 ,23.25 ,23.26 ,23.27 ,23.36 ,23.43 ,23.44 ,23.52 ,23.47 ,23.47 ,23.52 ,23.43 ,23.46 ,23.45 ,23.35 ,23.28 ,23.27 ,23.26 ,23.26 ,23.28 ,23.26 ,23.2 ,23.23 ,23.27 ,23.39 ,23.52 ,23.4 ,23.43 ,23.41 ,23.23 ,23.22 ,23.3 ,23.31 ,23.23 ,23.18 ,23.22 ,23.27 ,23.34 ,23.29 ,23.28 ,23.3 ,23.26 ,23.23 ,23.2 ,23.25 ,23.32 ,23.26 ,23.34 ,23.33 ,23.34 ,23.33 ,23.28 ,23.29 ,23.23 ,23.26 ,23.23 ,23.26 ,23.21 ,23.13 ,23.05 ,23 ,23.15 ,23.21 ,23.14 ,23.19 ,23.14 ,23.03 ,22.98 ,22.97 ,23.04 ,22.94 ,22.88 ,22.97 ,22.92 ,22.99 ,23.11 ,23.07 ,23.09 ,23.19 ,23.26 ,23.25 ,23.15 ,23.18 ,23.28 ,23.29 ,23.18 ,23.22 ,23.17 ,23.19 ,23.24 ,23.29 ,23.27 ,23.23 ,
345,23.28 ,23.33 ,23.38 ,23.31 ,23.31 ,23.35 ,23.43 ,23.47 ,23.43 ,23.34 ,23.36 ,23.37 ,23.41 ,23.29 ,23.33 ,23.46 ,23.49 ,23.51 ,23.44 ,23.23 ,23.21 ,23.3 ,23.23 ,23.32 ,23.34 ,23.41 ,23.42 ,23.46 ,23.61 ,23.58 ,23.66 ,23.55 ,23.49 ,23.56 ,23.53 ,23.48 ,23.5 ,23.56 ,23.54 ,23.57 ,23.62 ,23.53 ,23.48 ,23.46 ,23.56 ,23.6 ,23.67 ,23.63 ,23.68 ,23.59 ,23.52 ,23.56 ,23.6 ,23.61 ,23.61 ,23.71 ,23.7 ,23.59 ,23.53 ,23.53 ,23.47 ,23.55 ,23.56 ,23.52 ,23.59 ,23.57 ,23.55 ,23.61 ,23.62 ,23.6 ,23.54 ,23.57 ,23.66 ,23.7 ,23.65 ,23.68 ,23.62 ,23.61 ,23.71 ,23.69 ,23.71 ,23.65 ,23.58 ,23.67 ,23.69 ,23.67 ,23.74 ,23.64 ,23.66 ,23.69 ,23.66 ,23.62 ,23.62 ,23.68 ,23.67 ,23.64 ,23.65 ,23.64 ,23.56 ,23.61 ,23.62 ,23.58 ,23.66 ,23.68 ,23.68 ,23.71 ,23.69 ,23.56 ,23.59 ,23.64 ,23.68 ,23.65 ,23.67 ,23.68 ,23.6 ,23.59 ,23.62 ,23.58 ,23.64 ,23.63 ,23.59 ,23.68 ,23.68 ,23.78 ,23.74 ,23.64 ,23.72 ,23.77 ,23.69 ,23.57 ,23.63 ,23.76 ,23.68 ,23.65 ,23.64 ,23.68 ,23.77 ,23.69 ,23.6 ,23.62 ,23.6 ,23.67 ,23.61 ,23.55 ,23.69 ,23.74 ,23.74 ,23.72 ,23.67 ,23.69 ,23.73 ,23.68 ,23.71 ,23.7 ,23.67 ,23.67 ,23.66 ,23.58 ,23.57 ,23.63 ,23.6 ,23.45 ,23.54 ,23.59 ,23.58 ,23.57 ,23.58 ,23.56 ,23.51 ,23.57 ,23.56 ,23.48 ,23.5 ,23.6 ,23.64 ,23.52 ,23.58 ,23.68 ,23.75 ,23.8 ,23.8 ,23.81 ,23.82 ,23.76 ,23.79 ,23.86 ,23.83 ,23.83 ,23.77 ,23.77 ,23.84 ,23.82 ,23.89 ,23.88 ,23.86 ,23.87 ,23.89 ,23.81 ,23.88 ,23.86 ,23.78 ,23.79 ,23.81 ,23.8 ,23.82 ,23.88 ,23.82 ,23.8 ,23.86 ,23.88 ,23.72 ,23.82 ,23.88 ,23.86 ,23.91 ,23.93 ,23.95 ,23.94 ,23.88 ,23.79 ,23.86 ,23.8 ,23.78 ,23.83 ,23.8 ,23.87 ,23.9 ,23.93 ,23.87 ,23.94 ,23.93 ,23.9 ,23.92 ,23.89 ,23.84 ,23.91 ,23.9 ,23.89 ,23.91 ,23.87 ,23.83 ,24 ,24.02 ,23.94 ,23.94 ,23.87 ,23.91 ,23.94 ,23.87 ,23.84 ,23.96 ,23.9 ,23.84 ,23.87 ,23.96 ,24.02 ,23.99 ,23.89 ,23.87 ,23.93 ,23.89 ,23.91 ,23.94 ,23.95 ,23.97 ,23.99 ,23.92 ,23.95 ,23.96 ,23.97 ,23.93 ,23.87 ,23.75 ,23.76 ,23.74 ,23.82 ,23.89 ,23.91 ,23.91 ,23.95 ,24.05 ,24.09 ,23.93 ,23.99 ,23.95 ,23.92 ,23.89 ,23.9 ,23.98 ,24.06 ,24.04 ,24.02 ,23.94 ,23.98 ,23.96 ,23.92 ,23.94 ,23.93 ,24 ,23.94 ,24.01 ,24.03 ,24.03 ,23.99 ,23.97 ,23.99 ,24.01 ,24 ,23.98 ,23.89 ,23.93 ,24.05 ,24.05 ,24.03 ,24.04 ,24 ,23.98 ,23.96 ,23.96 ,23.99 ,23.93 ,24.02 ,24.03 ,24.02 ,24.03 ,23.95 ,23.98 ,23.96 ,23.96 ,23.9 ,23.9 ,23.89 ,23.87 ,23.8 ,23.87 ,23.78 ,23.66 ,23.69 ,23.77 ,23.69 ,23.65 ,23.76 ,23.68 ,23.75 ,23.82 ,23.81 ,23.89 ,23.99 ,23.88 ,23.89 ,23.93 ,23.91 ,23.88 ,23.89 ,23.9 ,23.92 ,23.96 ,23.95 ,23.94 ,23.95 ,23.93 ,24.06 ,24.04 ,23.93 ,23.96 ,23.95 ,23.98 ,23.95 ,23.95 ,24.02 ,24.04 ,23.95 ,23.98 ,24.05 ,23.97 ,23.91 ,24 ,23.93 ,23.92 ,23.96 ,23.89 ,23.88 ,23.81 ,23.87 ,23.89 ,23.91 ,23.89 ,23.88 ,23.84 ,23.82 ,23.82 ,23.88 ,23.92 ,23.85 ,23.9 ,23.82 ,23.86 ,23.79 ,23.66 ,23.66 ,23.59 ,23.66 ,23.6 ,23.61 ,23.64 ,23.57 ,23.64 ,23.64 ,23.62 ,23.58 ,23.6 ,23.5 ,23.57 ,23.54 ,23.51 ,23.55 ,23.56 ,23.53 ,23.57 ,23.67 ,23.72 ,23.73 ,23.77 ,23.84 ,23.75 ,23.74 ,23.73 ,23.94 ,23.95 ,23.9 ,23.86 ,23.8 ,23.85 ,23.8 ,23.8 ,23.86 ,23.8 ,23.75 ,23.86 ,23.9 ,23.91 ,23.84 ,23.8 ,23.84 ,23.83 ,23.9 ,23.89 ,23.83 ,23.9 ,23.9 ,23.79 ,23.87 ,23.88 ,23.89 ,23.84 ,23.89 ,23.85 ,23.87 ,23.84 ,23.84 ,23.88 ,23.85 ,23.81 ,23.88 ,23.89 ,23.9 ,23.83 ,23.81 ,23.84 ,23.83 ,23.76 ,23.86 ,23.89 ,23.87 ,23.84 ,23.82 ,23.86 ,23.9 ,23.86 ,23.84 ,23.9 ,23.93 ,23.88 ,23.88 ,23.87 ,23.84 ,23.91 ,23.91 ,23.83 ,23.83 ,23.79 ,23.86 ,23.84 ,23.87 ,23.8 ,23.86 ,23.84 ,23.81 ,23.79 ,23.81 ,23.8 ,23.74 ,23.8 ,23.77 ,23.77 ,23.86 ,23.82 ,23.83 ,23.76 ,23.74 ,23.83 ,23.76 ,23.73 ,23.86 ,23.81 ,23.69 ,23.75 ,23.74 ,23.7 ,23.74 ,23.75 ,23.73 ,23.7 ,23.79 ,23.76 ,23.67 ,23.67 ,23.68 ,23.7 ,23.7 ,23.66 ,23.54 ,23.59 ,23.64 ,23.77 ,23.7 ,23.57 ,23.61 ,23.65 ,23.63 ,23.67 ,23.59 ,23.53 ,23.5 ,23.3 ,23.22 ,23.17 ,23.29 ,23.36 ,23.28 ,23.26 ,23.42 ,23.54 ,23.46 ,23.47 ,23.37 ,23.4 ,23.48 ,23.41 ,23.37 ,23.4 ,23.4 ,23.3 ,23.25 ,23.28 ,23.19 ,23.18 ,23.21 ,23.28 ,23.26 ,23.26 ,23.3 ,23.49 ,23.43 ,23.4 ,23.41 ,23.27 ,23.28 ,23.28 ,23.29 ,23.27 ,23.24 ,23.28 ,23.32 ,23.28 ,23.31 ,23.21 ,23.17 ,23.25 ,23.23 ,23.22 ,23.3 ,23.25 ,23.21 ,23.3 ,23.35 ,23.27 ,23.25 ,23.34 ,23.37 ,23.3 ,23.17 ,23.28 ,23.36 ,23.31 ,23.21 ,23.09 ,23 ,23.2 ,23.29 ,23.26 ,23.24 ,23.12 ,23.07 ,22.91 ,22.95 ,22.97 ,22.96 ,22.89 ,22.92 ,22.96 ,22.97 ,23.12 ,23.06 ,23.14 ,23.33 ,23.31 ,23.3 ,23.24 ,23.23 ,23.29 ,23.31 ,23.28 ,23.29 ,23.25 ,23.23 ,23.32 ,23.36 ,23.34 ,23.31 ,
346,23.27 ,23.2 ,23.34 ,23.35 ,23.38 ,23.43 ,23.57 ,23.47 ,23.45 ,23.48 ,23.33 ,23.33 ,23.42 ,23.37 ,23.38 ,23.53 ,23.54 ,23.54 ,23.45 ,23.34 ,23.23 ,23.35 ,23.44 ,23.3 ,23.37 ,23.47 ,23.51 ,23.53 ,23.58 ,23.55 ,23.53 ,23.53 ,23.54 ,23.6 ,23.61 ,23.54 ,23.54 ,23.63 ,23.71 ,23.65 ,23.61 ,23.58 ,23.59 ,23.59 ,23.5 ,23.55 ,23.59 ,23.59 ,23.54 ,23.56 ,23.53 ,23.6 ,23.58 ,23.67 ,23.64 ,23.61 ,23.63 ,23.52 ,23.5 ,23.5 ,23.6 ,23.59 ,23.51 ,23.51 ,23.56 ,23.6 ,23.61 ,23.67 ,23.66 ,23.61 ,23.58 ,23.64 ,23.66 ,23.62 ,23.6 ,23.54 ,23.57 ,23.55 ,23.66 ,23.58 ,23.64 ,23.59 ,23.52 ,23.53 ,23.66 ,23.69 ,23.72 ,23.68 ,23.66 ,23.63 ,23.69 ,23.68 ,23.68 ,23.66 ,23.68 ,23.66 ,23.6 ,23.58 ,23.57 ,23.72 ,23.74 ,23.61 ,23.66 ,23.74 ,23.73 ,23.75 ,23.63 ,23.58 ,23.58 ,23.63 ,23.66 ,23.65 ,23.63 ,23.62 ,23.6 ,23.61 ,23.61 ,23.64 ,23.69 ,23.66 ,23.7 ,23.73 ,23.66 ,23.69 ,23.81 ,23.74 ,23.7 ,23.78 ,23.79 ,23.6 ,23.62 ,23.72 ,23.63 ,23.64 ,23.59 ,23.57 ,23.72 ,23.74 ,23.68 ,23.69 ,23.67 ,23.68 ,23.66 ,23.56 ,23.69 ,23.72 ,23.69 ,23.74 ,23.7 ,23.79 ,23.82 ,23.72 ,23.63 ,23.65 ,23.6 ,23.61 ,23.64 ,23.54 ,23.58 ,23.68 ,23.67 ,23.64 ,23.62 ,23.55 ,23.54 ,23.55 ,23.53 ,23.63 ,23.59 ,23.56 ,23.51 ,23.43 ,23.41 ,23.57 ,23.68 ,23.63 ,23.59 ,23.67 ,23.74 ,23.7 ,23.66 ,23.76 ,23.72 ,23.8 ,23.81 ,23.78 ,23.83 ,23.82 ,23.82 ,23.8 ,23.84 ,23.83 ,23.84 ,23.94 ,23.88 ,23.8 ,23.85 ,23.84 ,23.88 ,23.89 ,23.69 ,23.79 ,23.83 ,23.82 ,23.83 ,23.89 ,23.85 ,23.81 ,23.87 ,23.89 ,23.8 ,23.73 ,23.92 ,23.91 ,23.81 ,23.77 ,23.9 ,23.89 ,23.9 ,23.8 ,23.82 ,23.79 ,23.76 ,23.83 ,23.92 ,23.87 ,23.83 ,23.86 ,23.84 ,23.91 ,23.92 ,23.9 ,23.95 ,23.96 ,23.84 ,23.86 ,23.92 ,23.9 ,23.89 ,23.9 ,23.88 ,23.96 ,23.94 ,23.97 ,24 ,23.9 ,23.88 ,23.85 ,23.92 ,23.9 ,23.98 ,23.95 ,23.89 ,23.91 ,23.93 ,23.97 ,23.98 ,23.91 ,23.83 ,23.89 ,23.88 ,23.89 ,23.87 ,23.86 ,23.91 ,24 ,23.9 ,23.86 ,23.91 ,23.89 ,23.8 ,23.73 ,23.65 ,23.75 ,23.77 ,23.77 ,23.86 ,23.99 ,23.94 ,23.86 ,23.97 ,24.04 ,24.01 ,23.92 ,23.91 ,23.96 ,23.89 ,23.88 ,23.93 ,23.98 ,23.98 ,23.98 ,23.98 ,23.98 ,23.96 ,23.99 ,23.98 ,24 ,23.98 ,23.98 ,24.05 ,24.08 ,24.01 ,24 ,23.96 ,23.95 ,23.98 ,23.97 ,23.92 ,23.92 ,23.96 ,24.01 ,23.89 ,23.93 ,23.97 ,23.98 ,23.95 ,24.01 ,24.04 ,23.94 ,23.98 ,23.99 ,24 ,24.04 ,24 ,23.92 ,23.93 ,23.91 ,23.87 ,23.89 ,23.85 ,23.75 ,23.68 ,23.68 ,23.65 ,23.58 ,23.61 ,23.66 ,23.68 ,23.83 ,23.82 ,23.88 ,23.84 ,23.87 ,23.88 ,23.88 ,23.91 ,24.01 ,23.98 ,23.95 ,23.92 ,23.89 ,23.92 ,23.96 ,23.87 ,23.82 ,23.86 ,23.94 ,23.95 ,24.01 ,23.96 ,24.02 ,24.12 ,24.05 ,24.02 ,23.95 ,23.89 ,23.94 ,23.95 ,24 ,24 ,24.03 ,24.05 ,24.02 ,23.98 ,23.91 ,23.85 ,23.83 ,23.92 ,23.91 ,23.8 ,23.81 ,23.84 ,23.92 ,23.83 ,23.88 ,23.92 ,23.89 ,23.84 ,23.85 ,23.84 ,23.88 ,23.89 ,23.83 ,23.81 ,23.71 ,23.63 ,23.64 ,23.6 ,23.58 ,23.61 ,23.62 ,23.57 ,23.62 ,23.59 ,23.57 ,23.64 ,23.68 ,23.6 ,23.53 ,23.54 ,23.54 ,23.57 ,23.54 ,23.49 ,23.53 ,23.51 ,23.56 ,23.68 ,23.78 ,23.81 ,23.81 ,23.73 ,23.77 ,23.74 ,23.74 ,23.82 ,23.93 ,23.88 ,23.86 ,23.81 ,23.69 ,23.84 ,23.88 ,23.87 ,23.82 ,23.89 ,23.84 ,23.86 ,23.88 ,23.88 ,23.91 ,23.88 ,23.83 ,23.8 ,23.85 ,23.84 ,23.81 ,23.85 ,23.88 ,23.82 ,23.86 ,23.9 ,23.86 ,23.84 ,23.91 ,23.89 ,23.86 ,23.84 ,23.86 ,23.81 ,23.77 ,23.77 ,23.83 ,23.82 ,23.85 ,23.89 ,23.78 ,23.78 ,23.84 ,23.81 ,23.91 ,23.87 ,23.82 ,23.8 ,23.83 ,23.85 ,23.9 ,23.9 ,23.85 ,23.88 ,23.88 ,23.82 ,23.84 ,23.86 ,23.81 ,23.84 ,23.86 ,23.83 ,23.84 ,23.89 ,23.88 ,23.82 ,23.87 ,23.8 ,23.81 ,23.82 ,23.83 ,23.8 ,23.76 ,23.76 ,23.77 ,23.77 ,23.74 ,23.78 ,23.82 ,23.84 ,23.79 ,23.76 ,23.76 ,23.76 ,23.74 ,23.79 ,23.88 ,23.81 ,23.76 ,23.68 ,23.65 ,23.64 ,23.75 ,23.84 ,23.85 ,23.69 ,23.7 ,23.75 ,23.72 ,23.62 ,23.75 ,23.72 ,23.62 ,23.59 ,23.64 ,23.65 ,23.64 ,23.74 ,23.74 ,23.68 ,23.66 ,23.68 ,23.59 ,23.6 ,23.57 ,23.47 ,23.44 ,23.33 ,23.24 ,23.22 ,23.32 ,23.36 ,23.31 ,23.29 ,23.38 ,23.49 ,23.48 ,23.46 ,23.39 ,23.37 ,23.51 ,23.52 ,23.48 ,23.43 ,23.32 ,23.22 ,23.13 ,23.3 ,23.2 ,23.15 ,23.21 ,23.26 ,23.32 ,23.29 ,23.28 ,23.4 ,23.38 ,23.37 ,23.33 ,23.33 ,23.27 ,23.33 ,23.26 ,23.29 ,23.31 ,23.34 ,23.32 ,23.26 ,23.35 ,23.34 ,23.31 ,23.25 ,23.14 ,23.16 ,23.34 ,23.32 ,23.22 ,23.27 ,23.21 ,23.14 ,23.24 ,23.24 ,23.38 ,23.31 ,23.21 ,23.29 ,23.37 ,23.28 ,23.2 ,23.12 ,23.16 ,23.41 ,23.78 ,23.8 ,23.59 ,23.35 ,23.28 ,23.18 ,23.13 ,23.11 ,23.06 ,22.87 ,22.8 ,22.96 ,23.08 ,23.12 ,23.06 ,23.08 ,23.29 ,23.3 ,23.39 ,23.26 ,23.22 ,23.18 ,23.39 ,23.42 ,23.31 ,23.37 ,23.31 ,23.32 ,23.42 ,23.39 ,23.3 ,
347,23.25 ,23.19 ,23.25 ,23.26 ,23.36 ,23.52 ,23.49 ,23.41 ,23.44 ,23.5 ,23.34 ,23.33 ,23.38 ,23.38 ,23.48 ,23.54 ,23.61 ,23.55 ,23.43 ,23.32 ,23.3 ,23.41 ,23.47 ,23.4 ,23.49 ,23.48 ,23.52 ,23.49 ,23.52 ,23.59 ,23.61 ,23.53 ,23.58 ,23.58 ,23.55 ,23.62 ,23.59 ,23.59 ,23.7 ,23.59 ,23.59 ,23.66 ,23.63 ,23.57 ,23.57 ,23.56 ,23.48 ,23.57 ,23.57 ,23.61 ,23.56 ,23.6 ,23.6 ,23.64 ,23.59 ,23.63 ,23.58 ,23.56 ,23.53 ,23.55 ,23.59 ,23.65 ,23.48 ,23.54 ,23.61 ,23.62 ,23.7 ,23.59 ,23.67 ,23.61 ,23.62 ,23.65 ,23.7 ,23.62 ,23.64 ,23.55 ,23.53 ,23.6 ,23.61 ,23.52 ,23.64 ,23.7 ,23.59 ,23.56 ,23.62 ,23.66 ,23.75 ,23.75 ,23.68 ,23.62 ,23.6 ,23.68 ,23.7 ,23.6 ,23.62 ,23.68 ,23.6 ,23.5 ,23.61 ,23.71 ,23.62 ,23.66 ,23.65 ,23.66 ,23.76 ,23.74 ,23.67 ,23.54 ,23.53 ,23.58 ,23.59 ,23.61 ,23.68 ,23.62 ,23.57 ,23.66 ,23.62 ,23.64 ,23.73 ,23.73 ,23.7 ,23.67 ,23.6 ,23.64 ,23.66 ,23.74 ,23.75 ,23.78 ,23.74 ,23.65 ,23.65 ,23.69 ,23.59 ,23.63 ,23.66 ,23.67 ,23.68 ,23.78 ,23.72 ,23.76 ,23.84 ,23.7 ,23.66 ,23.68 ,23.71 ,23.71 ,23.69 ,23.68 ,23.67 ,23.76 ,23.78 ,23.74 ,23.71 ,23.72 ,23.68 ,23.6 ,23.66 ,23.62 ,23.64 ,23.66 ,23.64 ,23.66 ,23.63 ,23.64 ,23.57 ,23.48 ,23.53 ,23.6 ,23.56 ,23.62 ,23.54 ,23.42 ,23.48 ,23.57 ,23.7 ,23.69 ,23.67 ,23.61 ,23.55 ,23.63 ,23.62 ,23.73 ,23.74 ,23.75 ,23.87 ,23.82 ,23.73 ,23.74 ,23.74 ,23.85 ,23.83 ,23.75 ,23.86 ,23.93 ,23.94 ,23.79 ,23.8 ,23.85 ,23.77 ,23.66 ,23.65 ,23.75 ,23.84 ,23.8 ,23.77 ,23.87 ,23.85 ,23.87 ,23.83 ,23.84 ,23.82 ,23.78 ,23.8 ,23.78 ,23.8 ,23.78 ,23.88 ,23.9 ,23.88 ,23.87 ,23.8 ,23.81 ,23.77 ,23.77 ,23.83 ,23.87 ,23.83 ,23.77 ,23.72 ,23.81 ,23.85 ,23.9 ,23.96 ,23.89 ,23.88 ,23.85 ,23.98 ,23.97 ,23.82 ,23.9 ,23.83 ,23.92 ,23.94 ,23.86 ,23.94 ,23.93 ,23.86 ,23.8 ,23.82 ,23.86 ,23.92 ,23.87 ,23.95 ,24 ,23.94 ,23.91 ,23.96 ,23.93 ,23.86 ,23.91 ,23.87 ,23.86 ,23.89 ,23.91 ,23.97 ,23.93 ,23.83 ,23.81 ,23.92 ,23.86 ,23.72 ,23.65 ,23.71 ,23.76 ,23.86 ,23.88 ,23.83 ,23.95 ,23.97 ,23.87 ,23.95 ,23.91 ,23.98 ,23.98 ,23.95 ,23.96 ,23.98 ,23.92 ,23.97 ,23.87 ,23.82 ,23.93 ,23.9 ,23.96 ,24.01 ,24.05 ,24 ,23.96 ,23.99 ,23.97 ,24.03 ,24 ,23.96 ,24 ,23.97 ,23.92 ,23.94 ,24 ,23.99 ,23.92 ,23.93 ,24.01 ,23.95 ,23.9 ,23.9 ,23.97 ,23.95 ,23.95 ,24.03 ,23.95 ,23.93 ,23.97 ,23.94 ,23.92 ,23.93 ,23.83 ,23.84 ,23.79 ,23.75 ,23.68 ,23.72 ,23.65 ,23.62 ,23.7 ,23.73 ,23.7 ,23.8 ,23.85 ,23.85 ,23.85 ,23.91 ,23.84 ,23.87 ,23.94 ,23.89 ,23.86 ,23.96 ,24.02 ,23.96 ,23.94 ,23.87 ,23.89 ,23.94 ,23.97 ,23.91 ,23.84 ,23.85 ,23.93 ,24.02 ,24.01 ,24.03 ,23.95 ,24.02 ,24.03 ,24.02 ,23.98 ,23.86 ,23.97 ,24 ,23.94 ,23.87 ,23.94 ,24.04 ,23.95 ,23.84 ,23.87 ,23.88 ,23.85 ,23.97 ,23.95 ,23.9 ,23.81 ,23.83 ,23.91 ,23.92 ,23.93 ,24.01 ,24.03 ,23.87 ,23.86 ,23.8 ,23.84 ,23.88 ,23.8 ,23.72 ,23.66 ,23.66 ,23.68 ,23.61 ,23.55 ,23.59 ,23.63 ,23.56 ,23.67 ,23.62 ,23.56 ,23.57 ,23.66 ,23.64 ,23.54 ,23.6 ,23.59 ,23.54 ,23.55 ,23.55 ,23.59 ,23.58 ,23.66 ,23.7 ,23.77 ,23.86 ,23.77 ,23.75 ,23.72 ,23.75 ,23.8 ,23.88 ,23.94 ,23.9 ,23.86 ,23.83 ,23.77 ,23.82 ,23.86 ,23.94 ,23.9 ,23.88 ,23.89 ,23.79 ,23.82 ,23.87 ,23.82 ,23.83 ,23.84 ,23.82 ,23.87 ,23.87 ,23.76 ,23.73 ,23.84 ,23.84 ,23.88 ,23.96 ,23.88 ,23.81 ,23.84 ,23.86 ,23.81 ,23.78 ,23.83 ,23.81 ,23.73 ,23.82 ,23.81 ,23.82 ,23.77 ,23.79 ,23.78 ,23.85 ,23.87 ,23.79 ,23.89 ,23.92 ,23.82 ,23.81 ,23.87 ,23.88 ,23.92 ,23.93 ,23.89 ,23.85 ,23.85 ,23.81 ,23.83 ,23.79 ,23.77 ,23.79 ,23.81 ,23.79 ,23.9 ,23.87 ,23.86 ,23.82 ,23.91 ,23.89 ,23.83 ,23.87 ,23.9 ,23.89 ,23.79 ,23.81 ,23.92 ,23.84 ,23.8 ,23.85 ,23.85 ,23.81 ,23.88 ,23.84 ,23.84 ,23.83 ,23.69 ,23.72 ,23.86 ,23.81 ,23.71 ,23.72 ,23.67 ,23.72 ,23.75 ,23.77 ,23.8 ,23.7 ,23.73 ,23.72 ,23.63 ,23.64 ,23.69 ,23.78 ,23.69 ,23.62 ,23.57 ,23.66 ,23.66 ,23.66 ,23.72 ,23.73 ,23.63 ,23.59 ,23.61 ,23.5 ,23.5 ,23.48 ,23.42 ,23.35 ,23.38 ,23.34 ,23.52 ,23.51 ,23.44 ,23.46 ,23.44 ,23.5 ,23.49 ,23.57 ,23.47 ,23.42 ,23.46 ,23.47 ,23.46 ,23.45 ,23.37 ,23.2 ,23.13 ,23.23 ,23.21 ,23.26 ,23.25 ,23.29 ,23.29 ,23.35 ,23.41 ,23.38 ,23.34 ,23.28 ,23.28 ,23.3 ,23.28 ,23.29 ,23.34 ,23.29 ,23.29 ,23.31 ,23.39 ,23.31 ,23.28 ,23.28 ,23.23 ,23.22 ,23.26 ,23.17 ,23.19 ,23.28 ,23.27 ,23.31 ,23.3 ,23.16 ,23.24 ,23.21 ,23.3 ,23.41 ,23.3 ,23.3 ,23.24 ,23.26 ,23.25 ,23.25 ,23.27 ,23.36 ,23.82 ,24.12 ,23.87 ,23.57 ,23.4 ,23.31 ,23.21 ,23.17 ,23.17 ,23.02 ,22.93 ,22.97 ,23.06 ,23.22 ,23.22 ,23.25 ,23.21 ,23.32 ,23.47 ,23.4 ,23.26 ,23.26 ,23.46 ,23.48 ,23.4 ,23.26 ,23.24 ,23.33 ,23.39 ,23.4 ,23.32 ,
348,23.23 ,23.29 ,23.35 ,23.44 ,23.39 ,23.52 ,23.45 ,23.35 ,23.46 ,23.41 ,23.25 ,23.25 ,23.39 ,23.4 ,23.5 ,23.58 ,23.56 ,23.5 ,23.49 ,23.4 ,23.37 ,23.4 ,23.49 ,23.39 ,23.47 ,23.48 ,23.51 ,23.57 ,23.55 ,23.64 ,23.65 ,23.55 ,23.43 ,23.57 ,23.62 ,23.55 ,23.57 ,23.58 ,23.64 ,23.53 ,23.53 ,23.63 ,23.63 ,23.49 ,23.56 ,23.59 ,23.51 ,23.62 ,23.59 ,23.57 ,23.55 ,23.5 ,23.57 ,23.59 ,23.61 ,23.6 ,23.59 ,23.59 ,23.6 ,23.64 ,23.66 ,23.57 ,23.51 ,23.54 ,23.68 ,23.68 ,23.71 ,23.68 ,23.64 ,23.62 ,23.59 ,23.66 ,23.66 ,23.61 ,23.63 ,23.66 ,23.56 ,23.56 ,23.56 ,23.6 ,23.71 ,23.67 ,23.63 ,23.62 ,23.64 ,23.63 ,23.66 ,23.72 ,23.7 ,23.64 ,23.72 ,23.74 ,23.73 ,23.64 ,23.57 ,23.64 ,23.63 ,23.54 ,23.63 ,23.6 ,23.58 ,23.56 ,23.67 ,23.64 ,23.69 ,23.7 ,23.66 ,23.58 ,23.6 ,23.62 ,23.54 ,23.64 ,23.66 ,23.62 ,23.58 ,23.55 ,23.56 ,23.64 ,23.68 ,23.77 ,23.75 ,23.65 ,23.63 ,23.67 ,23.64 ,23.73 ,23.75 ,23.72 ,23.67 ,23.63 ,23.71 ,23.78 ,23.63 ,23.68 ,23.7 ,23.68 ,23.73 ,23.75 ,23.69 ,23.72 ,23.82 ,23.67 ,23.61 ,23.66 ,23.71 ,23.75 ,23.76 ,23.65 ,23.73 ,23.73 ,23.73 ,23.67 ,23.63 ,23.73 ,23.77 ,23.67 ,23.64 ,23.66 ,23.69 ,23.62 ,23.59 ,23.59 ,23.6 ,23.65 ,23.57 ,23.48 ,23.49 ,23.59 ,23.51 ,23.5 ,23.57 ,23.49 ,23.53 ,23.62 ,23.65 ,23.63 ,23.53 ,23.56 ,23.55 ,23.56 ,23.64 ,23.62 ,23.71 ,23.77 ,23.85 ,23.91 ,23.78 ,23.7 ,23.75 ,23.84 ,23.87 ,23.74 ,23.83 ,23.92 ,23.9 ,23.9 ,23.84 ,23.88 ,23.8 ,23.66 ,23.66 ,23.76 ,23.84 ,23.78 ,23.76 ,23.84 ,23.82 ,23.8 ,23.78 ,23.8 ,23.73 ,23.77 ,23.77 ,23.73 ,23.79 ,23.79 ,23.86 ,23.91 ,23.81 ,23.85 ,23.76 ,23.76 ,23.81 ,23.8 ,23.8 ,23.84 ,23.81 ,23.82 ,23.79 ,23.88 ,23.88 ,23.95 ,23.97 ,23.87 ,23.81 ,23.85 ,23.93 ,23.95 ,23.86 ,23.84 ,23.87 ,23.92 ,23.94 ,23.87 ,23.92 ,23.88 ,23.85 ,23.81 ,23.82 ,23.8 ,23.88 ,23.89 ,23.88 ,23.93 ,24.02 ,23.9 ,23.81 ,23.85 ,23.88 ,23.91 ,23.9 ,23.88 ,23.89 ,23.93 ,23.99 ,23.93 ,23.86 ,23.91 ,24.01 ,23.86 ,23.67 ,23.63 ,23.68 ,23.78 ,23.82 ,23.96 ,23.91 ,23.89 ,23.98 ,23.92 ,23.98 ,23.93 ,23.94 ,23.98 ,24.01 ,23.98 ,23.99 ,23.96 ,23.87 ,23.97 ,23.93 ,23.88 ,23.94 ,24 ,23.94 ,24.1 ,24.07 ,23.99 ,23.97 ,23.95 ,23.98 ,23.96 ,23.95 ,23.98 ,23.99 ,23.94 ,23.95 ,24.05 ,24.03 ,23.93 ,23.95 ,24.06 ,23.99 ,23.99 ,23.99 ,23.95 ,23.9 ,23.8 ,23.89 ,23.87 ,23.85 ,23.83 ,23.81 ,23.84 ,23.82 ,23.73 ,23.64 ,23.67 ,23.66 ,23.64 ,23.77 ,23.68 ,23.63 ,23.77 ,23.81 ,23.81 ,23.92 ,23.89 ,23.85 ,23.89 ,23.93 ,23.97 ,23.91 ,23.96 ,23.96 ,23.85 ,23.96 ,24.01 ,24.02 ,23.99 ,23.89 ,23.95 ,23.94 ,23.96 ,23.92 ,23.98 ,23.98 ,23.95 ,23.96 ,23.95 ,23.94 ,23.96 ,23.98 ,23.94 ,23.97 ,23.95 ,23.96 ,23.98 ,24 ,23.92 ,23.88 ,23.91 ,24.02 ,24.02 ,23.82 ,23.76 ,23.94 ,23.96 ,24.03 ,23.95 ,23.92 ,23.85 ,23.83 ,23.88 ,23.86 ,23.86 ,23.83 ,23.92 ,23.88 ,23.81 ,23.81 ,23.78 ,23.76 ,23.73 ,23.74 ,23.7 ,23.65 ,23.69 ,23.66 ,23.54 ,23.61 ,23.62 ,23.55 ,23.66 ,23.66 ,23.54 ,23.54 ,23.67 ,23.68 ,23.58 ,23.6 ,23.52 ,23.5 ,23.57 ,23.59 ,23.66 ,23.64 ,23.69 ,23.65 ,23.73 ,23.84 ,23.8 ,23.77 ,23.82 ,23.73 ,23.79 ,23.91 ,23.9 ,23.9 ,23.91 ,23.83 ,23.82 ,23.87 ,23.84 ,23.87 ,23.88 ,23.91 ,23.8 ,23.76 ,23.81 ,23.86 ,23.79 ,23.75 ,23.75 ,23.83 ,23.87 ,23.84 ,23.82 ,23.69 ,23.82 ,23.78 ,23.86 ,23.93 ,23.9 ,23.89 ,23.85 ,23.75 ,23.77 ,23.75 ,23.76 ,23.79 ,23.81 ,23.9 ,23.87 ,23.84 ,23.88 ,23.79 ,23.76 ,23.84 ,23.84 ,23.76 ,23.74 ,23.84 ,23.91 ,23.87 ,23.88 ,23.91 ,23.85 ,23.82 ,23.8 ,23.78 ,23.9 ,23.89 ,23.89 ,23.85 ,23.89 ,23.81 ,23.73 ,23.79 ,23.86 ,23.89 ,23.8 ,23.78 ,23.79 ,23.84 ,23.83 ,23.76 ,23.88 ,23.9 ,23.87 ,23.83 ,23.94 ,23.95 ,23.84 ,23.96 ,23.9 ,23.73 ,23.81 ,23.84 ,23.8 ,23.86 ,23.79 ,23.68 ,23.76 ,23.81 ,23.75 ,23.72 ,23.68 ,23.7 ,23.76 ,23.75 ,23.75 ,23.69 ,23.7 ,23.67 ,23.65 ,23.54 ,23.64 ,23.75 ,23.76 ,23.66 ,23.56 ,23.57 ,23.74 ,23.68 ,23.63 ,23.65 ,23.67 ,23.65 ,23.53 ,23.52 ,23.47 ,23.47 ,23.43 ,23.42 ,23.48 ,23.38 ,23.53 ,23.6 ,23.53 ,23.46 ,23.48 ,23.47 ,23.42 ,23.51 ,23.53 ,23.47 ,23.39 ,23.48 ,23.4 ,23.41 ,23.37 ,23.21 ,23.11 ,23.18 ,23.14 ,23.14 ,23.25 ,23.28 ,23.32 ,23.31 ,23.43 ,23.44 ,23.34 ,23.32 ,23.26 ,23.29 ,23.23 ,23.21 ,23.28 ,23.3 ,23.23 ,23.24 ,23.3 ,23.29 ,23.4 ,23.31 ,23.2 ,23.2 ,23.23 ,23.2 ,23.18 ,23.19 ,23.22 ,23.28 ,23.39 ,23.32 ,23.2 ,23.21 ,23.24 ,23.37 ,23.35 ,23.3 ,23.35 ,23.29 ,23.31 ,23.27 ,23.29 ,23.39 ,23.52 ,23.74 ,23.81 ,23.67 ,23.56 ,23.33 ,23.27 ,23.16 ,23.04 ,22.95 ,23.07 ,22.98 ,23.12 ,23.22 ,23.28 ,23.28 ,23.28 ,23.2 ,23.39 ,23.36 ,23.3 ,23.28 ,23.34 ,23.37 ,23.4 ,23.26 ,23.22 ,23.32 ,23.37 ,23.37 ,23.36 ,
349,23.2 ,23.16 ,23.27 ,23.48 ,23.52 ,23.45 ,23.43 ,23.34 ,23.39 ,23.31 ,23.28 ,23.32 ,23.41 ,23.44 ,23.48 ,23.54 ,23.52 ,23.53 ,23.51 ,23.47 ,23.45 ,23.46 ,23.42 ,23.4 ,23.47 ,23.54 ,23.58 ,23.51 ,23.47 ,23.49 ,23.51 ,23.45 ,23.38 ,23.53 ,23.61 ,23.55 ,23.62 ,23.64 ,23.61 ,23.52 ,23.45 ,23.54 ,23.61 ,23.51 ,23.52 ,23.51 ,23.46 ,23.52 ,23.55 ,23.55 ,23.52 ,23.49 ,23.58 ,23.66 ,23.61 ,23.65 ,23.61 ,23.56 ,23.59 ,23.58 ,23.61 ,23.55 ,23.65 ,23.71 ,23.65 ,23.58 ,23.67 ,23.71 ,23.65 ,23.59 ,23.56 ,23.58 ,23.56 ,23.51 ,23.58 ,23.64 ,23.62 ,23.55 ,23.61 ,23.49 ,23.62 ,23.62 ,23.66 ,23.6 ,23.63 ,23.73 ,23.75 ,23.68 ,23.7 ,23.6 ,23.68 ,23.72 ,23.7 ,23.63 ,23.64 ,23.67 ,23.63 ,23.59 ,23.71 ,23.61 ,23.6 ,23.63 ,23.69 ,23.68 ,23.56 ,23.7 ,23.69 ,23.55 ,23.62 ,23.59 ,23.52 ,23.59 ,23.64 ,23.62 ,23.61 ,23.53 ,23.56 ,23.62 ,23.68 ,23.69 ,23.75 ,23.72 ,23.71 ,23.74 ,23.71 ,23.69 ,23.7 ,23.64 ,23.58 ,23.67 ,23.71 ,23.74 ,23.76 ,23.77 ,23.79 ,23.73 ,23.77 ,23.73 ,23.73 ,23.75 ,23.79 ,23.68 ,23.64 ,23.61 ,23.66 ,23.76 ,23.75 ,23.67 ,23.76 ,23.77 ,23.71 ,23.6 ,23.61 ,23.69 ,23.73 ,23.7 ,23.62 ,23.63 ,23.64 ,23.68 ,23.65 ,23.66 ,23.57 ,23.69 ,23.72 ,23.52 ,23.45 ,23.48 ,23.48 ,23.5 ,23.51 ,23.47 ,23.48 ,23.52 ,23.52 ,23.52 ,23.46 ,23.47 ,23.51 ,23.54 ,23.5 ,23.52 ,23.54 ,23.64 ,23.81 ,23.75 ,23.78 ,23.78 ,23.77 ,23.73 ,23.78 ,23.74 ,23.76 ,23.86 ,23.89 ,23.9 ,23.8 ,23.91 ,23.86 ,23.72 ,23.75 ,23.79 ,23.78 ,23.82 ,23.75 ,23.84 ,23.83 ,23.85 ,23.82 ,23.9 ,23.83 ,23.84 ,23.77 ,23.75 ,23.82 ,23.81 ,23.8 ,23.82 ,23.68 ,23.68 ,23.71 ,23.79 ,23.87 ,23.83 ,23.84 ,23.85 ,23.8 ,23.82 ,23.82 ,23.93 ,23.91 ,23.89 ,23.94 ,23.88 ,23.8 ,23.91 ,23.9 ,23.99 ,23.92 ,23.86 ,23.84 ,23.93 ,23.93 ,23.85 ,23.89 ,23.88 ,23.83 ,23.83 ,23.86 ,23.78 ,23.82 ,23.91 ,23.9 ,23.9 ,23.9 ,23.95 ,23.86 ,23.87 ,23.85 ,23.85 ,23.87 ,23.89 ,23.97 ,23.96 ,23.94 ,23.95 ,23.97 ,23.93 ,23.93 ,23.81 ,23.61 ,23.63 ,23.74 ,23.8 ,23.86 ,23.95 ,23.91 ,23.9 ,23.99 ,24 ,23.99 ,24.04 ,23.96 ,23.98 ,24.04 ,23.99 ,24 ,23.95 ,23.83 ,23.96 ,23.99 ,23.93 ,23.91 ,24.01 ,23.98 ,23.99 ,24.04 ,24.04 ,23.96 ,23.94 ,23.96 ,24.04 ,23.97 ,23.92 ,23.86 ,23.87 ,23.98 ,24 ,24.05 ,23.95 ,23.88 ,23.97 ,24.02 ,23.99 ,24.02 ,23.97 ,23.79 ,23.81 ,23.81 ,23.83 ,23.69 ,23.7 ,23.72 ,23.74 ,23.7 ,23.69 ,23.66 ,23.7 ,23.76 ,23.77 ,23.87 ,23.84 ,23.82 ,23.88 ,23.86 ,23.81 ,23.91 ,23.89 ,23.89 ,23.9 ,23.97 ,23.95 ,23.95 ,23.99 ,23.96 ,23.87 ,23.92 ,23.98 ,23.94 ,24.01 ,23.89 ,23.81 ,23.91 ,23.96 ,23.93 ,23.94 ,23.92 ,23.9 ,23.94 ,23.91 ,23.97 ,24.06 ,24.01 ,23.97 ,24.03 ,23.99 ,23.95 ,24 ,23.99 ,23.94 ,23.98 ,23.95 ,23.98 ,24.02 ,23.87 ,23.79 ,23.85 ,23.93 ,23.94 ,23.97 ,23.85 ,23.85 ,23.8 ,23.92 ,23.92 ,23.91 ,23.79 ,23.84 ,23.89 ,23.79 ,23.79 ,23.72 ,23.62 ,23.56 ,23.55 ,23.6 ,23.64 ,23.61 ,23.63 ,23.54 ,23.59 ,23.67 ,23.57 ,23.62 ,23.61 ,23.53 ,23.55 ,23.7 ,23.71 ,23.59 ,23.51 ,23.43 ,23.55 ,23.64 ,23.61 ,23.69 ,23.7 ,23.77 ,23.76 ,23.85 ,23.89 ,23.83 ,23.77 ,23.89 ,23.81 ,23.75 ,23.84 ,23.84 ,23.87 ,23.88 ,23.88 ,23.85 ,23.83 ,23.79 ,23.74 ,23.82 ,23.88 ,23.83 ,23.84 ,23.83 ,23.85 ,23.93 ,23.87 ,23.8 ,23.8 ,23.8 ,23.79 ,23.76 ,23.72 ,23.75 ,23.8 ,23.91 ,23.89 ,23.75 ,23.85 ,23.92 ,23.84 ,23.77 ,23.72 ,23.8 ,23.82 ,23.81 ,23.82 ,23.85 ,23.81 ,23.85 ,23.88 ,23.82 ,23.84 ,23.82 ,23.88 ,23.85 ,23.8 ,23.87 ,23.87 ,23.89 ,23.87 ,23.83 ,23.83 ,23.8 ,23.8 ,23.78 ,23.84 ,23.88 ,23.87 ,23.86 ,23.88 ,23.81 ,23.82 ,23.91 ,23.91 ,23.86 ,23.77 ,23.8 ,23.86 ,23.86 ,23.8 ,23.89 ,23.96 ,23.87 ,23.85 ,23.84 ,23.86 ,23.79 ,23.89 ,23.89 ,23.72 ,23.74 ,23.77 ,23.7 ,23.79 ,23.79 ,23.71 ,23.76 ,23.78 ,23.8 ,23.74 ,23.64 ,23.68 ,23.81 ,23.85 ,23.77 ,23.71 ,23.7 ,23.67 ,23.69 ,23.58 ,23.65 ,23.7 ,23.69 ,23.68 ,23.66 ,23.63 ,23.64 ,23.67 ,23.58 ,23.56 ,23.61 ,23.65 ,23.55 ,23.55 ,23.48 ,23.37 ,23.34 ,23.41 ,23.41 ,23.44 ,23.43 ,23.47 ,23.54 ,23.44 ,23.45 ,23.52 ,23.42 ,23.43 ,23.49 ,23.49 ,23.42 ,23.39 ,23.45 ,23.4 ,23.3 ,23.13 ,23.18 ,23.26 ,23.18 ,23.16 ,23.21 ,23.25 ,23.33 ,23.26 ,23.38 ,23.41 ,23.3 ,23.34 ,23.27 ,23.17 ,23.28 ,23.28 ,23.31 ,23.29 ,23.33 ,23.26 ,23.26 ,23.29 ,23.43 ,23.33 ,23.22 ,23.17 ,23.25 ,23.27 ,23.15 ,23.2 ,23.26 ,23.26 ,23.31 ,23.33 ,23.18 ,23.16 ,23.22 ,23.35 ,23.3 ,23.37 ,23.28 ,23.29 ,23.37 ,23.33 ,23.27 ,23.37 ,23.4 ,23.54 ,23.62 ,23.53 ,23.64 ,23.41 ,23.3 ,23.25 ,23.1 ,22.93 ,23.01 ,22.92 ,23.03 ,23.14 ,23.21 ,23.18 ,23.34 ,23.36 ,23.35 ,23.35 ,23.3 ,23.28 ,23.24 ,23.35 ,23.46 ,23.37 ,23.31 ,23.32 ,23.39 ,23.37 ,23.32 ,
350,23.31 ,23.25 ,23.3 ,23.55 ,23.53 ,23.47 ,23.42 ,23.35 ,23.33 ,23.31 ,23.27 ,23.36 ,23.42 ,23.44 ,23.42 ,23.51 ,23.42 ,23.46 ,23.45 ,23.45 ,23.47 ,23.49 ,23.46 ,23.46 ,23.44 ,23.62 ,23.58 ,23.51 ,23.45 ,23.45 ,23.55 ,23.49 ,23.51 ,23.53 ,23.6 ,23.57 ,23.6 ,23.67 ,23.65 ,23.53 ,23.53 ,23.47 ,23.57 ,23.57 ,23.57 ,23.56 ,23.55 ,23.58 ,23.64 ,23.61 ,23.53 ,23.6 ,23.65 ,23.63 ,23.59 ,23.58 ,23.59 ,23.57 ,23.55 ,23.62 ,23.63 ,23.62 ,23.64 ,23.67 ,23.63 ,23.59 ,23.7 ,23.71 ,23.68 ,23.58 ,23.57 ,23.63 ,23.63 ,23.56 ,23.55 ,23.56 ,23.63 ,23.61 ,23.66 ,23.56 ,23.58 ,23.64 ,23.64 ,23.66 ,23.65 ,23.63 ,23.74 ,23.69 ,23.74 ,23.58 ,23.61 ,23.74 ,23.65 ,23.65 ,23.69 ,23.74 ,23.64 ,23.62 ,23.69 ,23.67 ,23.69 ,23.73 ,23.73 ,23.67 ,23.61 ,23.68 ,23.7 ,23.59 ,23.62 ,23.64 ,23.59 ,23.67 ,23.69 ,23.63 ,23.67 ,23.62 ,23.68 ,23.7 ,23.76 ,23.71 ,23.67 ,23.7 ,23.73 ,23.8 ,23.75 ,23.78 ,23.77 ,23.78 ,23.73 ,23.63 ,23.72 ,23.77 ,23.75 ,23.7 ,23.65 ,23.74 ,23.73 ,23.74 ,23.72 ,23.78 ,23.79 ,23.77 ,23.72 ,23.68 ,23.72 ,23.81 ,23.75 ,23.7 ,23.76 ,23.81 ,23.8 ,23.69 ,23.71 ,23.75 ,23.72 ,23.71 ,23.7 ,23.63 ,23.6 ,23.66 ,23.71 ,23.76 ,23.66 ,23.64 ,23.76 ,23.66 ,23.54 ,23.59 ,23.51 ,23.42 ,23.45 ,23.36 ,23.44 ,23.44 ,23.54 ,23.55 ,23.51 ,23.48 ,23.52 ,23.47 ,23.47 ,23.55 ,23.48 ,23.49 ,23.66 ,23.71 ,23.78 ,23.75 ,23.74 ,23.72 ,23.79 ,23.82 ,23.84 ,23.85 ,23.84 ,23.79 ,23.78 ,23.88 ,23.8 ,23.73 ,23.8 ,23.83 ,23.79 ,23.82 ,23.88 ,23.82 ,23.85 ,23.93 ,23.94 ,23.95 ,23.95 ,23.84 ,23.87 ,23.83 ,23.81 ,23.82 ,23.82 ,23.74 ,23.69 ,23.64 ,23.72 ,23.75 ,23.83 ,23.85 ,23.89 ,23.83 ,23.91 ,23.9 ,23.77 ,23.87 ,23.94 ,23.82 ,23.9 ,23.91 ,23.87 ,23.97 ,23.97 ,23.93 ,23.92 ,23.89 ,23.87 ,23.86 ,23.92 ,23.83 ,23.84 ,23.9 ,23.93 ,23.88 ,23.88 ,23.93 ,23.87 ,23.89 ,23.9 ,23.94 ,23.93 ,23.95 ,23.97 ,23.97 ,23.8 ,23.83 ,23.88 ,23.87 ,23.93 ,23.93 ,23.86 ,23.94 ,24 ,23.95 ,23.82 ,23.73 ,23.72 ,23.77 ,23.85 ,23.92 ,23.89 ,23.94 ,23.97 ,23.94 ,23.94 ,24 ,24.02 ,24 ,24.05 ,23.96 ,23.99 ,23.98 ,24 ,23.99 ,23.95 ,23.95 ,24 ,23.98 ,23.93 ,24.05 ,24.07 ,24.02 ,24.01 ,24.09 ,24.01 ,23.94 ,23.96 ,24.01 ,24 ,24 ,23.95 ,23.98 ,23.96 ,23.99 ,24.02 ,24 ,23.84 ,23.85 ,23.91 ,23.9 ,23.96 ,23.86 ,23.68 ,23.68 ,23.72 ,23.76 ,23.71 ,23.77 ,23.82 ,23.81 ,23.8 ,23.75 ,23.87 ,23.94 ,23.88 ,23.88 ,23.91 ,23.87 ,23.85 ,23.97 ,24.01 ,23.94 ,23.95 ,23.9 ,23.88 ,23.93 ,23.91 ,23.97 ,24.05 ,24.04 ,23.97 ,23.91 ,23.92 ,24.06 ,24 ,23.96 ,23.91 ,23.83 ,23.88 ,24.04 ,24.02 ,23.99 ,23.94 ,23.86 ,23.92 ,23.97 ,23.97 ,24.06 ,24.06 ,24.01 ,24 ,24 ,23.96 ,23.96 ,23.93 ,23.94 ,24.04 ,23.95 ,23.93 ,23.98 ,23.9 ,23.76 ,23.87 ,23.94 ,23.98 ,23.96 ,23.94 ,23.87 ,23.85 ,23.95 ,23.92 ,23.96 ,23.93 ,23.8 ,23.78 ,23.77 ,23.65 ,23.64 ,23.59 ,23.56 ,23.57 ,23.54 ,23.58 ,23.62 ,23.61 ,23.55 ,23.55 ,23.56 ,23.58 ,23.58 ,23.57 ,23.55 ,23.52 ,23.62 ,23.59 ,23.51 ,23.58 ,23.5 ,23.59 ,23.76 ,23.71 ,23.72 ,23.81 ,23.83 ,23.86 ,23.88 ,23.88 ,23.82 ,23.77 ,23.88 ,23.88 ,23.83 ,23.85 ,23.75 ,23.82 ,23.81 ,23.78 ,23.84 ,23.84 ,23.82 ,23.82 ,23.85 ,23.94 ,23.82 ,23.84 ,23.82 ,23.84 ,23.95 ,23.93 ,23.82 ,23.79 ,23.82 ,23.87 ,23.82 ,23.77 ,23.76 ,23.82 ,23.88 ,23.87 ,23.8 ,23.78 ,23.87 ,23.86 ,23.78 ,23.77 ,23.9 ,23.84 ,23.77 ,23.79 ,23.82 ,23.83 ,23.75 ,23.8 ,23.8 ,23.85 ,23.88 ,23.82 ,23.85 ,23.88 ,23.88 ,23.82 ,23.85 ,23.85 ,23.79 ,23.78 ,23.8 ,23.87 ,23.75 ,23.79 ,23.89 ,23.86 ,23.85 ,23.84 ,23.85 ,23.77 ,23.84 ,23.87 ,23.83 ,23.84 ,23.87 ,23.83 ,23.78 ,23.81 ,23.8 ,23.82 ,23.85 ,23.76 ,23.79 ,23.79 ,23.82 ,23.88 ,23.79 ,23.86 ,23.87 ,23.8 ,23.79 ,23.8 ,23.84 ,23.72 ,23.75 ,23.76 ,23.81 ,23.77 ,23.71 ,23.7 ,23.84 ,23.82 ,23.74 ,23.75 ,23.75 ,23.67 ,23.66 ,23.65 ,23.72 ,23.66 ,23.63 ,23.65 ,23.7 ,23.71 ,23.66 ,23.69 ,23.67 ,23.58 ,23.66 ,23.66 ,23.6 ,23.53 ,23.5 ,23.39 ,23.34 ,23.42 ,23.43 ,23.38 ,23.49 ,23.5 ,23.42 ,23.4 ,23.43 ,23.52 ,23.46 ,23.43 ,23.42 ,23.45 ,23.5 ,23.41 ,23.33 ,23.32 ,23.34 ,23.19 ,23.22 ,23.29 ,23.19 ,23.2 ,23.28 ,23.3 ,23.34 ,23.27 ,23.34 ,23.4 ,23.38 ,23.38 ,23.18 ,23.17 ,23.26 ,23.38 ,23.3 ,23.27 ,23.32 ,23.27 ,23.29 ,23.29 ,23.35 ,23.28 ,23.2 ,23.17 ,23.27 ,23.36 ,23.21 ,23.23 ,23.36 ,23.33 ,23.2 ,23.21 ,23.2 ,23.23 ,23.22 ,23.33 ,23.44 ,23.45 ,23.38 ,23.29 ,23.38 ,23.38 ,23.38 ,23.38 ,23.4 ,23.41 ,23.41 ,23.37 ,23.55 ,23.4 ,23.34 ,23.24 ,23.21 ,23.06 ,23.03 ,23.05 ,22.95 ,23.11 ,23.1 ,23.18 ,23.27 ,23.33 ,23.33 ,23.22 ,23.21 ,23.22 ,23.32 ,23.3 ,23.28 ,23.34 ,23.24 ,23.29 ,23.3 ,23.28 ,23.17 ,
351,23.36 ,23.35 ,23.4 ,23.54 ,23.49 ,23.4 ,23.47 ,23.45 ,23.29 ,23.28 ,23.28 ,23.37 ,23.47 ,23.43 ,23.38 ,23.5 ,23.49 ,23.43 ,23.47 ,23.35 ,23.34 ,23.43 ,23.5 ,23.52 ,23.45 ,23.46 ,23.45 ,23.44 ,23.52 ,23.51 ,23.52 ,23.43 ,23.42 ,23.58 ,23.56 ,23.53 ,23.53 ,23.62 ,23.63 ,23.58 ,23.61 ,23.61 ,23.51 ,23.48 ,23.56 ,23.54 ,23.56 ,23.67 ,23.68 ,23.62 ,23.53 ,23.56 ,23.58 ,23.58 ,23.54 ,23.56 ,23.59 ,23.54 ,23.52 ,23.6 ,23.72 ,23.71 ,23.61 ,23.63 ,23.64 ,23.58 ,23.62 ,23.71 ,23.69 ,23.63 ,23.62 ,23.68 ,23.76 ,23.63 ,23.65 ,23.53 ,23.55 ,23.64 ,23.67 ,23.65 ,23.6 ,23.62 ,23.67 ,23.56 ,23.64 ,23.61 ,23.65 ,23.73 ,23.68 ,23.64 ,23.68 ,23.65 ,23.55 ,23.65 ,23.69 ,23.72 ,23.68 ,23.59 ,23.64 ,23.63 ,23.64 ,23.68 ,23.69 ,23.7 ,23.67 ,23.57 ,23.64 ,23.56 ,23.59 ,23.63 ,23.59 ,23.64 ,23.62 ,23.62 ,23.66 ,23.65 ,23.68 ,23.71 ,23.65 ,23.74 ,23.71 ,23.72 ,23.76 ,23.77 ,23.68 ,23.71 ,23.81 ,23.79 ,23.73 ,23.64 ,23.64 ,23.73 ,23.69 ,23.62 ,23.67 ,23.74 ,23.7 ,23.64 ,23.77 ,23.76 ,23.71 ,23.7 ,23.73 ,23.7 ,23.72 ,23.73 ,23.7 ,23.8 ,23.75 ,23.85 ,23.78 ,23.69 ,23.68 ,23.71 ,23.63 ,23.72 ,23.73 ,23.7 ,23.69 ,23.73 ,23.73 ,23.7 ,23.65 ,23.6 ,23.73 ,23.7 ,23.58 ,23.62 ,23.52 ,23.44 ,23.44 ,23.4 ,23.47 ,23.54 ,23.6 ,23.6 ,23.58 ,23.52 ,23.56 ,23.51 ,23.43 ,23.55 ,23.53 ,23.47 ,23.56 ,23.64 ,23.72 ,23.68 ,23.68 ,23.74 ,23.83 ,23.84 ,23.85 ,23.77 ,23.82 ,23.85 ,23.85 ,23.88 ,23.72 ,23.67 ,23.72 ,23.84 ,23.78 ,23.72 ,23.85 ,23.82 ,23.83 ,23.88 ,23.87 ,23.91 ,24 ,23.84 ,23.77 ,23.78 ,23.8 ,23.79 ,23.75 ,23.74 ,23.7 ,23.67 ,23.7 ,23.84 ,23.84 ,23.86 ,23.89 ,23.77 ,23.89 ,23.89 ,23.8 ,23.81 ,23.89 ,23.89 ,23.99 ,23.9 ,23.85 ,23.88 ,23.94 ,23.93 ,23.84 ,23.81 ,23.88 ,23.93 ,23.88 ,23.84 ,23.85 ,23.86 ,23.89 ,23.95 ,23.91 ,23.94 ,23.94 ,23.92 ,23.89 ,23.93 ,23.98 ,24.01 ,23.95 ,23.9 ,23.86 ,23.85 ,23.98 ,23.92 ,23.85 ,23.76 ,23.86 ,23.93 ,23.92 ,23.86 ,23.75 ,23.74 ,23.76 ,23.83 ,24.02 ,23.98 ,23.94 ,23.9 ,23.95 ,23.9 ,23.94 ,23.92 ,23.93 ,23.92 ,24 ,23.97 ,23.92 ,23.95 ,24.02 ,23.99 ,23.91 ,23.9 ,23.94 ,23.97 ,23.89 ,23.98 ,24.03 ,24.05 ,24.05 ,24.08 ,23.92 ,23.85 ,24 ,23.99 ,23.94 ,23.92 ,23.94 ,23.92 ,23.87 ,23.9 ,23.95 ,23.92 ,23.83 ,23.81 ,23.76 ,23.71 ,23.73 ,23.73 ,23.66 ,23.64 ,23.69 ,23.79 ,23.8 ,23.82 ,23.9 ,24 ,24 ,23.9 ,23.94 ,23.94 ,23.85 ,23.92 ,23.94 ,23.89 ,23.87 ,23.97 ,24 ,23.96 ,23.98 ,23.97 ,24.03 ,24 ,24.04 ,23.97 ,23.95 ,24.02 ,23.98 ,23.96 ,24.01 ,23.99 ,23.98 ,23.95 ,23.88 ,23.95 ,23.91 ,23.94 ,24.08 ,24.01 ,23.94 ,23.89 ,23.92 ,23.98 ,24 ,23.95 ,24 ,24.03 ,24.03 ,24.01 ,23.97 ,23.97 ,23.88 ,23.9 ,23.97 ,23.95 ,23.93 ,23.95 ,23.92 ,23.84 ,23.88 ,23.99 ,24.02 ,23.91 ,23.85 ,23.91 ,23.91 ,23.94 ,23.84 ,23.92 ,23.9 ,23.79 ,23.63 ,23.64 ,23.57 ,23.56 ,23.55 ,23.56 ,23.59 ,23.56 ,23.62 ,23.65 ,23.6 ,23.5 ,23.55 ,23.52 ,23.53 ,23.58 ,23.53 ,23.53 ,23.53 ,23.56 ,23.54 ,23.52 ,23.62 ,23.62 ,23.61 ,23.75 ,23.75 ,23.7 ,23.82 ,23.83 ,23.78 ,23.78 ,23.77 ,23.79 ,23.86 ,23.82 ,23.75 ,23.86 ,23.97 ,23.86 ,23.84 ,23.8 ,23.76 ,23.89 ,23.88 ,23.85 ,23.85 ,23.86 ,23.89 ,23.78 ,23.82 ,23.78 ,23.85 ,23.86 ,23.83 ,23.77 ,23.77 ,23.79 ,23.85 ,23.82 ,23.8 ,23.8 ,23.79 ,23.92 ,23.88 ,23.9 ,23.88 ,23.87 ,23.83 ,23.8 ,23.87 ,23.97 ,23.84 ,23.82 ,23.83 ,23.82 ,23.82 ,23.85 ,23.89 ,23.84 ,23.83 ,23.86 ,23.85 ,23.78 ,23.86 ,23.97 ,23.88 ,23.85 ,23.8 ,23.85 ,23.79 ,23.8 ,23.88 ,23.87 ,23.81 ,23.83 ,23.85 ,23.87 ,23.87 ,23.85 ,23.79 ,23.82 ,23.9 ,23.83 ,23.83 ,23.89 ,23.82 ,23.76 ,23.82 ,23.81 ,23.68 ,23.74 ,23.79 ,23.87 ,23.85 ,23.73 ,23.78 ,23.71 ,23.75 ,23.9 ,23.82 ,23.79 ,23.84 ,23.76 ,23.77 ,23.79 ,23.84 ,23.84 ,23.79 ,23.68 ,23.72 ,23.82 ,23.77 ,23.75 ,23.69 ,23.72 ,23.69 ,23.68 ,23.73 ,23.73 ,23.69 ,23.69 ,23.69 ,23.62 ,23.64 ,23.65 ,23.65 ,23.66 ,23.65 ,23.61 ,23.65 ,23.57 ,23.53 ,23.5 ,23.46 ,23.38 ,23.44 ,23.4 ,23.4 ,23.43 ,23.43 ,23.38 ,23.34 ,23.49 ,23.51 ,23.49 ,23.5 ,23.44 ,23.47 ,23.5 ,23.39 ,23.35 ,23.32 ,23.32 ,23.29 ,23.14 ,23.23 ,23.21 ,23.18 ,23.23 ,23.31 ,23.26 ,23.25 ,23.41 ,23.45 ,23.43 ,23.38 ,23.26 ,23.22 ,23.34 ,23.37 ,23.28 ,23.17 ,23.3 ,23.36 ,23.32 ,23.29 ,23.33 ,23.23 ,23.19 ,23.14 ,23.12 ,23.22 ,23.23 ,23.21 ,23.32 ,23.32 ,23.18 ,23.19 ,23.16 ,23.23 ,23.31 ,23.37 ,23.41 ,23.44 ,23.4 ,23.29 ,23.38 ,23.44 ,23.39 ,23.4 ,23.44 ,23.38 ,23.34 ,23.31 ,23.34 ,23.22 ,23.3 ,23.26 ,23.12 ,23.02 ,23.13 ,23.16 ,23.08 ,23.16 ,23.15 ,23.1 ,23.05 ,23.12 ,23.3 ,23.11 ,23.17 ,23.18 ,23.24 ,23.28 ,23.26 ,23.22 ,23.29 ,23.33 ,23.34 ,23.26 ,23.22 ,
352,23.45 ,23.37 ,23.46 ,23.48 ,23.35 ,23.29 ,23.34 ,23.36 ,23.35 ,23.28 ,23.26 ,23.4 ,23.56 ,23.42 ,23.44 ,23.53 ,23.47 ,23.54 ,23.52 ,23.41 ,23.39 ,23.43 ,23.44 ,23.47 ,23.4 ,23.46 ,23.45 ,23.49 ,23.56 ,23.57 ,23.57 ,23.46 ,23.44 ,23.61 ,23.53 ,23.51 ,23.55 ,23.61 ,23.58 ,23.5 ,23.49 ,23.61 ,23.55 ,23.45 ,23.54 ,23.59 ,23.59 ,23.72 ,23.65 ,23.6 ,23.48 ,23.5 ,23.48 ,23.43 ,23.5 ,23.58 ,23.57 ,23.52 ,23.58 ,23.59 ,23.69 ,23.68 ,23.62 ,23.66 ,23.66 ,23.59 ,23.59 ,23.68 ,23.65 ,23.64 ,23.6 ,23.58 ,23.69 ,23.67 ,23.7 ,23.62 ,23.52 ,23.55 ,23.57 ,23.6 ,23.64 ,23.62 ,23.65 ,23.5 ,23.58 ,23.75 ,23.77 ,23.77 ,23.72 ,23.56 ,23.65 ,23.65 ,23.59 ,23.63 ,23.66 ,23.69 ,23.69 ,23.6 ,23.63 ,23.71 ,23.66 ,23.69 ,23.69 ,23.67 ,23.72 ,23.59 ,23.52 ,23.59 ,23.6 ,23.65 ,23.67 ,23.61 ,23.54 ,23.55 ,23.7 ,23.65 ,23.7 ,23.7 ,23.69 ,23.71 ,23.68 ,23.7 ,23.75 ,23.75 ,23.68 ,23.71 ,23.76 ,23.71 ,23.72 ,23.65 ,23.61 ,23.7 ,23.65 ,23.67 ,23.72 ,23.73 ,23.74 ,23.74 ,23.77 ,23.8 ,23.81 ,23.76 ,23.76 ,23.71 ,23.72 ,23.7 ,23.65 ,23.67 ,23.74 ,23.79 ,23.82 ,23.67 ,23.65 ,23.68 ,23.67 ,23.64 ,23.71 ,23.67 ,23.74 ,23.7 ,23.79 ,23.71 ,23.66 ,23.68 ,23.8 ,23.7 ,23.61 ,23.63 ,23.57 ,23.53 ,23.58 ,23.55 ,23.45 ,23.53 ,23.68 ,23.64 ,23.56 ,23.59 ,23.57 ,23.56 ,23.56 ,23.59 ,23.62 ,23.55 ,23.65 ,23.65 ,23.67 ,23.63 ,23.6 ,23.66 ,23.72 ,23.74 ,23.82 ,23.82 ,23.83 ,23.87 ,23.86 ,23.86 ,23.71 ,23.65 ,23.78 ,23.84 ,23.82 ,23.81 ,23.84 ,23.82 ,23.78 ,23.88 ,23.88 ,23.91 ,23.95 ,23.85 ,23.82 ,23.82 ,23.84 ,23.72 ,23.72 ,23.73 ,23.66 ,23.74 ,23.8 ,23.91 ,23.83 ,23.78 ,23.87 ,23.81 ,23.89 ,23.87 ,23.86 ,23.89 ,23.84 ,23.82 ,23.92 ,23.9 ,23.88 ,23.88 ,23.83 ,23.94 ,23.9 ,23.84 ,23.85 ,23.96 ,23.98 ,23.88 ,23.88 ,23.92 ,23.86 ,23.91 ,23.84 ,23.88 ,23.89 ,23.88 ,23.87 ,23.86 ,23.96 ,23.96 ,23.91 ,23.89 ,23.88 ,23.92 ,23.89 ,23.93 ,23.84 ,23.85 ,23.89 ,23.95 ,23.84 ,23.72 ,23.7 ,23.72 ,23.73 ,23.86 ,23.93 ,23.97 ,23.84 ,23.92 ,23.89 ,23.95 ,23.99 ,23.95 ,23.92 ,23.88 ,23.93 ,23.97 ,23.94 ,24 ,23.98 ,24.03 ,23.9 ,23.88 ,23.85 ,23.88 ,23.87 ,23.96 ,23.97 ,23.95 ,24.02 ,24.04 ,23.99 ,23.83 ,23.89 ,23.96 ,23.88 ,23.83 ,23.79 ,23.78 ,23.71 ,23.67 ,23.74 ,23.67 ,23.7 ,23.74 ,23.69 ,23.75 ,23.72 ,23.76 ,23.78 ,23.75 ,23.75 ,23.85 ,23.87 ,23.93 ,24 ,24.02 ,24.07 ,23.94 ,23.98 ,23.91 ,23.91 ,23.99 ,24.02 ,23.93 ,23.93 ,23.92 ,24.02 ,23.95 ,23.98 ,23.97 ,24.01 ,24.02 ,24.04 ,23.99 ,23.88 ,23.97 ,24 ,23.98 ,23.93 ,23.91 ,23.89 ,23.94 ,23.84 ,23.82 ,23.93 ,23.9 ,23.97 ,24.01 ,23.98 ,23.99 ,23.9 ,23.96 ,23.93 ,23.95 ,24 ,24.02 ,24.03 ,23.97 ,23.96 ,23.96 ,23.86 ,23.85 ,23.91 ,23.93 ,24.02 ,23.98 ,23.91 ,23.91 ,23.9 ,23.97 ,23.97 ,23.86 ,23.83 ,23.85 ,23.93 ,23.9 ,23.79 ,23.82 ,23.79 ,23.72 ,23.6 ,23.6 ,23.66 ,23.62 ,23.58 ,23.6 ,23.61 ,23.63 ,23.57 ,23.65 ,23.68 ,23.56 ,23.55 ,23.54 ,23.47 ,23.49 ,23.49 ,23.56 ,23.58 ,23.59 ,23.58 ,23.58 ,23.75 ,23.74 ,23.67 ,23.75 ,23.75 ,23.68 ,23.71 ,23.8 ,23.82 ,23.77 ,23.76 ,23.83 ,23.89 ,23.9 ,23.84 ,23.85 ,23.83 ,23.89 ,23.87 ,23.81 ,23.78 ,23.84 ,23.85 ,23.82 ,23.88 ,23.86 ,23.91 ,23.9 ,23.85 ,23.85 ,23.89 ,23.86 ,23.83 ,23.83 ,23.85 ,23.82 ,23.8 ,23.84 ,23.82 ,23.79 ,23.82 ,23.85 ,23.94 ,23.9 ,23.86 ,23.84 ,23.8 ,23.85 ,23.79 ,23.97 ,23.87 ,23.78 ,23.79 ,23.79 ,23.77 ,23.85 ,23.91 ,23.84 ,23.79 ,23.84 ,23.78 ,23.82 ,23.87 ,23.98 ,23.96 ,23.83 ,23.76 ,23.92 ,23.9 ,23.87 ,23.92 ,23.87 ,23.81 ,23.88 ,23.9 ,23.93 ,23.85 ,23.8 ,23.85 ,23.88 ,23.96 ,23.88 ,23.86 ,23.92 ,23.92 ,23.87 ,23.83 ,23.86 ,23.78 ,23.81 ,23.9 ,23.88 ,23.85 ,23.77 ,23.72 ,23.83 ,23.75 ,23.87 ,23.85 ,23.77 ,23.82 ,23.75 ,23.76 ,23.9 ,23.87 ,23.87 ,23.81 ,23.56 ,23.61 ,23.72 ,23.81 ,23.76 ,23.7 ,23.72 ,23.79 ,23.74 ,23.72 ,23.75 ,23.72 ,23.72 ,23.71 ,23.67 ,23.61 ,23.53 ,23.63 ,23.68 ,23.64 ,23.64 ,23.66 ,23.53 ,23.61 ,23.44 ,23.44 ,23.47 ,23.43 ,23.44 ,23.33 ,23.41 ,23.41 ,23.39 ,23.35 ,23.44 ,23.48 ,23.43 ,23.52 ,23.52 ,23.46 ,23.46 ,23.39 ,23.44 ,23.37 ,23.25 ,23.24 ,23.16 ,23.16 ,23.21 ,23.18 ,23.11 ,23.29 ,23.24 ,23.21 ,23.3 ,23.32 ,23.39 ,23.37 ,23.33 ,23.23 ,23.3 ,23.33 ,23.29 ,23.22 ,23.2 ,23.27 ,23.37 ,23.42 ,23.37 ,23.26 ,23.25 ,23.25 ,23.32 ,23.23 ,23.25 ,23.18 ,23.24 ,23.26 ,23.16 ,23.11 ,23.14 ,23.14 ,23.15 ,23.3 ,23.38 ,23.35 ,23.3 ,23.35 ,23.36 ,23.31 ,23.27 ,23.32 ,23.36 ,23.27 ,23.22 ,23.2 ,23.23 ,23.15 ,23.12 ,23.21 ,23.11 ,22.98 ,23.02 ,23.14 ,23.12 ,23.21 ,23.15 ,23.14 ,23.12 ,23.13 ,23.26 ,23.14 ,23.13 ,23.16 ,23.2 ,23.14 ,23.17 ,23.28 ,23.27 ,23.38 ,23.3 ,23.18 ,23.16 ,
353,23.36 ,23.31 ,23.38 ,23.47 ,23.3 ,23.35 ,23.31 ,23.32 ,23.34 ,23.39 ,23.34 ,23.45 ,23.53 ,23.49 ,23.45 ,23.44 ,23.41 ,23.54 ,23.53 ,23.41 ,23.33 ,23.44 ,23.43 ,23.43 ,23.44 ,23.49 ,23.52 ,23.56 ,23.57 ,23.62 ,23.64 ,23.56 ,23.45 ,23.59 ,23.66 ,23.65 ,23.6 ,23.7 ,23.63 ,23.46 ,23.51 ,23.54 ,23.53 ,23.6 ,23.51 ,23.56 ,23.61 ,23.72 ,23.71 ,23.66 ,23.51 ,23.54 ,23.61 ,23.57 ,23.57 ,23.66 ,23.57 ,23.51 ,23.61 ,23.6 ,23.64 ,23.65 ,23.74 ,23.74 ,23.67 ,23.63 ,23.58 ,23.63 ,23.67 ,23.65 ,23.55 ,23.57 ,23.65 ,23.67 ,23.7 ,23.68 ,23.59 ,23.58 ,23.6 ,23.51 ,23.59 ,23.69 ,23.67 ,23.6 ,23.61 ,23.8 ,23.81 ,23.71 ,23.67 ,23.55 ,23.62 ,23.68 ,23.74 ,23.66 ,23.65 ,23.72 ,23.66 ,23.65 ,23.66 ,23.69 ,23.72 ,23.63 ,23.67 ,23.68 ,23.69 ,23.62 ,23.52 ,23.57 ,23.62 ,23.54 ,23.66 ,23.67 ,23.52 ,23.58 ,23.64 ,23.63 ,23.66 ,23.73 ,23.7 ,23.68 ,23.65 ,23.72 ,23.69 ,23.73 ,23.68 ,23.68 ,23.67 ,23.65 ,23.66 ,23.64 ,23.62 ,23.68 ,23.66 ,23.68 ,23.71 ,23.63 ,23.76 ,23.79 ,23.72 ,23.72 ,23.73 ,23.75 ,23.77 ,23.73 ,23.73 ,23.78 ,23.77 ,23.67 ,23.7 ,23.72 ,23.72 ,23.73 ,23.74 ,23.76 ,23.71 ,23.62 ,23.6 ,23.59 ,23.73 ,23.77 ,23.78 ,23.8 ,23.76 ,23.73 ,23.79 ,23.69 ,23.56 ,23.68 ,23.64 ,23.62 ,23.57 ,23.56 ,23.53 ,23.56 ,23.73 ,23.68 ,23.62 ,23.72 ,23.64 ,23.58 ,23.62 ,23.7 ,23.69 ,23.66 ,23.71 ,23.75 ,23.73 ,23.68 ,23.54 ,23.57 ,23.69 ,23.75 ,23.79 ,23.91 ,23.82 ,23.88 ,23.85 ,23.8 ,23.67 ,23.63 ,23.82 ,23.85 ,23.8 ,23.81 ,23.81 ,23.81 ,23.78 ,23.88 ,23.9 ,23.83 ,23.81 ,23.83 ,23.81 ,23.84 ,23.81 ,23.7 ,23.68 ,23.71 ,23.69 ,23.77 ,23.93 ,23.92 ,23.79 ,23.83 ,23.88 ,23.83 ,23.86 ,23.83 ,23.82 ,23.99 ,23.9 ,23.86 ,23.88 ,23.86 ,23.84 ,23.9 ,23.78 ,23.84 ,23.92 ,23.87 ,23.8 ,23.88 ,24.01 ,23.92 ,23.93 ,23.92 ,23.95 ,23.84 ,23.85 ,23.79 ,23.87 ,23.84 ,23.84 ,23.83 ,23.93 ,23.95 ,23.9 ,23.9 ,23.92 ,23.94 ,23.89 ,23.91 ,23.97 ,23.96 ,23.94 ,23.84 ,23.78 ,23.66 ,23.73 ,23.79 ,23.77 ,23.79 ,23.84 ,23.88 ,23.85 ,23.87 ,23.88 ,23.94 ,23.88 ,23.87 ,23.9 ,23.95 ,23.91 ,23.93 ,24.02 ,23.98 ,23.98 ,24 ,23.94 ,23.87 ,23.87 ,23.87 ,23.91 ,23.91 ,23.92 ,23.9 ,23.88 ,23.84 ,23.85 ,23.82 ,23.82 ,23.8 ,23.75 ,23.69 ,23.7 ,23.6 ,23.61 ,23.65 ,23.64 ,23.68 ,23.69 ,23.78 ,23.75 ,23.82 ,23.89 ,23.9 ,23.94 ,23.92 ,23.85 ,23.85 ,23.88 ,23.9 ,24 ,23.99 ,24.03 ,23.95 ,23.95 ,23.92 ,23.84 ,23.89 ,23.96 ,23.96 ,23.97 ,23.89 ,23.87 ,23.92 ,24 ,23.97 ,24.02 ,23.97 ,23.94 ,23.95 ,23.92 ,23.93 ,23.96 ,23.95 ,23.82 ,23.9 ,23.99 ,23.96 ,23.89 ,23.85 ,23.89 ,23.96 ,23.94 ,23.92 ,23.98 ,23.96 ,23.91 ,23.9 ,23.93 ,23.91 ,23.99 ,23.97 ,23.91 ,23.93 ,23.93 ,23.91 ,23.86 ,23.87 ,23.97 ,23.89 ,23.95 ,24.01 ,23.93 ,23.83 ,23.85 ,23.95 ,23.96 ,23.89 ,23.92 ,23.8 ,23.74 ,23.81 ,23.7 ,23.63 ,23.63 ,23.64 ,23.61 ,23.57 ,23.63 ,23.67 ,23.66 ,23.6 ,23.48 ,23.53 ,23.59 ,23.54 ,23.5 ,23.55 ,23.58 ,23.57 ,23.49 ,23.54 ,23.56 ,23.6 ,23.63 ,23.66 ,23.73 ,23.72 ,23.79 ,23.78 ,23.74 ,23.79 ,23.81 ,23.78 ,23.8 ,23.76 ,23.88 ,23.88 ,23.78 ,23.86 ,23.87 ,23.85 ,23.85 ,23.89 ,23.81 ,23.89 ,23.93 ,23.89 ,23.86 ,23.81 ,23.78 ,23.8 ,23.87 ,23.85 ,23.88 ,23.95 ,23.85 ,23.77 ,23.87 ,23.9 ,23.93 ,23.96 ,23.87 ,23.93 ,23.83 ,23.82 ,23.86 ,23.86 ,23.8 ,23.85 ,23.83 ,23.88 ,23.86 ,23.84 ,23.83 ,23.81 ,23.81 ,23.8 ,23.81 ,23.8 ,23.84 ,23.86 ,23.81 ,23.81 ,23.85 ,23.77 ,23.79 ,23.87 ,23.8 ,23.82 ,23.84 ,23.92 ,23.94 ,23.9 ,23.72 ,23.85 ,23.94 ,23.93 ,23.86 ,23.81 ,23.75 ,23.83 ,23.8 ,23.88 ,23.84 ,23.82 ,23.81 ,23.82 ,23.88 ,23.92 ,23.92 ,23.82 ,23.84 ,23.93 ,23.93 ,23.86 ,23.8 ,23.8 ,23.84 ,23.87 ,23.89 ,23.82 ,23.87 ,23.87 ,23.9 ,23.85 ,23.81 ,23.71 ,23.75 ,23.69 ,23.75 ,23.85 ,23.75 ,23.67 ,23.77 ,23.69 ,23.64 ,23.71 ,23.72 ,23.72 ,23.76 ,23.76 ,23.8 ,23.78 ,23.57 ,23.59 ,23.69 ,23.7 ,23.69 ,23.65 ,23.65 ,23.59 ,23.63 ,23.72 ,23.63 ,23.6 ,23.71 ,23.54 ,23.55 ,23.48 ,23.37 ,23.33 ,23.23 ,23.27 ,23.29 ,23.34 ,23.28 ,23.22 ,23.29 ,23.34 ,23.34 ,23.4 ,23.52 ,23.55 ,23.46 ,23.41 ,23.43 ,23.51 ,23.38 ,23.25 ,23.16 ,23.13 ,23.22 ,23.14 ,23.1 ,23.13 ,23.23 ,23.24 ,23.27 ,23.25 ,23.15 ,23.24 ,23.37 ,23.3 ,23.23 ,23.2 ,23.23 ,23.2 ,23.15 ,23.12 ,23.16 ,23.21 ,23.36 ,23.21 ,23.16 ,23.15 ,23.17 ,23.21 ,23.28 ,23.27 ,23.17 ,23.15 ,23.07 ,23.12 ,23.08 ,23.11 ,23.14 ,23.03 ,23.06 ,23.26 ,23.25 ,23.24 ,23.2 ,23.18 ,23.2 ,23.1 ,23.18 ,23.24 ,23.14 ,23.07 ,23.13 ,23.23 ,23.18 ,23.24 ,23.11 ,23.14 ,23.17 ,23.14 ,23.07 ,23.18 ,23.27 ,23.19 ,23.15 ,23.16 ,23.26 ,23.2 ,23.06 ,23.1 ,23.17 ,23.18 ,23.19 ,23.17 ,23.26 ,23.19 ,23.23 ,23.29 ,23.14 ,23.12 ,
354,23.44 ,23.31 ,23.36 ,23.49 ,23.31 ,23.33 ,23.31 ,23.19 ,23.25 ,23.34 ,23.36 ,23.37 ,23.46 ,23.36 ,23.4 ,23.4 ,23.41 ,23.44 ,23.53 ,23.36 ,23.22 ,23.36 ,23.52 ,23.42 ,23.37 ,23.47 ,23.44 ,23.51 ,23.5 ,23.5 ,23.55 ,23.49 ,23.51 ,23.59 ,23.62 ,23.62 ,23.55 ,23.56 ,23.62 ,23.56 ,23.52 ,23.5 ,23.59 ,23.58 ,23.61 ,23.61 ,23.6 ,23.69 ,23.7 ,23.63 ,23.53 ,23.52 ,23.62 ,23.6 ,23.61 ,23.67 ,23.64 ,23.63 ,23.55 ,23.56 ,23.68 ,23.64 ,23.63 ,23.73 ,23.68 ,23.54 ,23.65 ,23.61 ,23.63 ,23.51 ,23.52 ,23.56 ,23.56 ,23.69 ,23.72 ,23.71 ,23.64 ,23.63 ,23.68 ,23.56 ,23.54 ,23.63 ,23.62 ,23.62 ,23.68 ,23.7 ,23.74 ,23.63 ,23.56 ,23.55 ,23.63 ,23.72 ,23.72 ,23.67 ,23.61 ,23.71 ,23.7 ,23.64 ,23.68 ,23.75 ,23.63 ,23.54 ,23.63 ,23.67 ,23.65 ,23.64 ,23.53 ,23.63 ,23.67 ,23.63 ,23.57 ,23.7 ,23.69 ,23.62 ,23.61 ,23.66 ,23.63 ,23.75 ,23.71 ,23.64 ,23.64 ,23.69 ,23.74 ,23.73 ,23.74 ,23.69 ,23.7 ,23.68 ,23.64 ,23.67 ,23.66 ,23.65 ,23.65 ,23.73 ,23.77 ,23.72 ,23.73 ,23.78 ,23.73 ,23.7 ,23.69 ,23.71 ,23.69 ,23.64 ,23.72 ,23.72 ,23.74 ,23.68 ,23.74 ,23.8 ,23.72 ,23.7 ,23.7 ,23.72 ,23.71 ,23.64 ,23.6 ,23.68 ,23.72 ,23.82 ,23.74 ,23.74 ,23.71 ,23.74 ,23.72 ,23.73 ,23.67 ,23.74 ,23.64 ,23.62 ,23.68 ,23.6 ,23.6 ,23.7 ,23.69 ,23.69 ,23.67 ,23.75 ,23.77 ,23.67 ,23.74 ,23.79 ,23.82 ,23.73 ,23.77 ,23.79 ,23.78 ,23.72 ,23.68 ,23.68 ,23.74 ,23.75 ,23.84 ,23.82 ,23.8 ,23.78 ,23.88 ,23.78 ,23.7 ,23.69 ,23.77 ,23.81 ,23.81 ,23.85 ,23.77 ,23.83 ,23.83 ,23.82 ,23.86 ,23.85 ,23.84 ,23.88 ,23.81 ,23.72 ,23.7 ,23.7 ,23.7 ,23.79 ,23.81 ,23.84 ,23.9 ,23.92 ,23.89 ,23.82 ,23.89 ,23.88 ,23.85 ,23.83 ,23.89 ,23.87 ,23.86 ,23.8 ,23.91 ,24.01 ,23.82 ,23.99 ,23.99 ,23.91 ,23.91 ,23.9 ,23.83 ,23.85 ,23.93 ,23.88 ,23.96 ,23.96 ,23.87 ,23.86 ,23.85 ,23.86 ,23.85 ,23.92 ,23.94 ,23.98 ,24.03 ,24.04 ,23.93 ,23.91 ,23.84 ,23.88 ,23.9 ,23.9 ,23.95 ,23.96 ,23.87 ,23.73 ,23.61 ,23.69 ,23.8 ,23.81 ,23.78 ,23.76 ,23.82 ,23.95 ,23.85 ,23.88 ,23.97 ,23.99 ,23.92 ,23.89 ,23.94 ,24 ,23.95 ,23.91 ,23.92 ,23.94 ,23.94 ,23.87 ,23.9 ,23.81 ,23.91 ,23.83 ,23.88 ,23.88 ,23.78 ,23.86 ,23.77 ,23.69 ,23.77 ,23.67 ,23.67 ,23.7 ,23.65 ,23.67 ,23.71 ,23.68 ,23.69 ,23.73 ,23.76 ,23.8 ,23.85 ,23.9 ,23.89 ,23.85 ,23.93 ,23.91 ,23.89 ,23.96 ,23.92 ,23.89 ,23.88 ,23.91 ,24 ,24.01 ,24 ,23.93 ,23.91 ,24 ,23.94 ,23.84 ,23.95 ,23.93 ,23.95 ,23.87 ,23.95 ,23.9 ,23.97 ,23.97 ,24.06 ,24.01 ,23.89 ,23.95 ,23.98 ,23.94 ,23.99 ,23.99 ,23.86 ,23.93 ,24.01 ,24 ,23.87 ,23.86 ,23.95 ,23.92 ,23.86 ,23.8 ,23.88 ,23.93 ,23.91 ,23.96 ,24.01 ,23.93 ,23.98 ,24 ,23.96 ,23.91 ,23.88 ,23.89 ,23.92 ,23.95 ,23.99 ,24.02 ,23.98 ,23.98 ,23.87 ,23.84 ,23.82 ,23.87 ,23.95 ,23.92 ,23.85 ,23.76 ,23.61 ,23.68 ,23.63 ,23.61 ,23.55 ,23.56 ,23.56 ,23.52 ,23.5 ,23.48 ,23.51 ,23.46 ,23.48 ,23.4 ,23.54 ,23.56 ,23.52 ,23.52 ,23.53 ,23.59 ,23.58 ,23.56 ,23.58 ,23.57 ,23.59 ,23.67 ,23.77 ,23.81 ,23.84 ,23.78 ,23.72 ,23.85 ,23.83 ,23.87 ,23.9 ,23.77 ,23.79 ,23.91 ,23.81 ,23.82 ,23.84 ,23.85 ,23.85 ,23.81 ,23.81 ,23.88 ,23.87 ,23.89 ,23.96 ,23.83 ,23.83 ,23.75 ,23.9 ,23.93 ,23.86 ,23.81 ,23.78 ,23.75 ,23.83 ,23.89 ,23.92 ,23.93 ,23.86 ,23.92 ,23.85 ,23.76 ,23.82 ,23.82 ,23.81 ,23.82 ,23.85 ,23.88 ,23.91 ,23.94 ,23.88 ,23.82 ,23.83 ,23.83 ,23.79 ,23.8 ,23.87 ,23.92 ,23.83 ,23.83 ,23.89 ,23.85 ,23.82 ,23.9 ,23.89 ,23.87 ,23.83 ,23.85 ,23.8 ,23.9 ,23.83 ,23.82 ,23.81 ,23.84 ,23.83 ,23.83 ,23.86 ,23.8 ,23.84 ,23.84 ,23.85 ,23.78 ,23.76 ,23.78 ,23.88 ,23.92 ,23.82 ,23.89 ,23.78 ,23.88 ,23.96 ,23.96 ,23.81 ,23.79 ,23.85 ,23.77 ,23.88 ,23.8 ,23.83 ,23.92 ,23.87 ,23.84 ,23.77 ,23.71 ,23.74 ,23.76 ,23.88 ,23.83 ,23.78 ,23.71 ,23.8 ,23.73 ,23.79 ,23.8 ,23.79 ,23.74 ,23.75 ,23.73 ,23.75 ,23.74 ,23.66 ,23.63 ,23.7 ,23.71 ,23.7 ,23.72 ,23.69 ,23.66 ,23.71 ,23.72 ,23.68 ,23.64 ,23.69 ,23.59 ,23.51 ,23.45 ,23.39 ,23.27 ,23.19 ,23.22 ,23.21 ,23.2 ,23.21 ,23.14 ,23.22 ,23.27 ,23.27 ,23.31 ,23.39 ,23.49 ,23.46 ,23.37 ,23.32 ,23.32 ,23.29 ,23.25 ,23.2 ,23.19 ,23.22 ,23.15 ,22.99 ,23.12 ,23.2 ,23.15 ,23.17 ,23.13 ,23.1 ,23.16 ,23.23 ,23.19 ,23.05 ,23.04 ,23.07 ,23.07 ,22.95 ,23 ,23.03 ,22.96 ,23.11 ,23.09 ,23.01 ,23.1 ,23.03 ,23.03 ,23.15 ,23.1 ,23.04 ,23 ,22.95 ,23.06 ,22.99 ,22.96 ,23.02 ,22.94 ,22.91 ,23.03 ,23.1 ,23.09 ,23.06 ,23.08 ,23.21 ,23.33 ,23.29 ,23.31 ,23.26 ,23.11 ,23.07 ,23.2 ,23.07 ,23.18 ,23.18 ,23.11 ,23.08 ,23.18 ,23.15 ,23.15 ,23.22 ,23.13 ,23.11 ,23.12 ,23.12 ,23.13 ,23.11 ,23.11 ,23.17 ,23.22 ,23.17 ,23.16 ,23.09 ,23.02 ,23.11 ,23.24 ,23.1 ,23.07 ,
355,23.39 ,23.34 ,23.37 ,23.39 ,23.29 ,23.21 ,23.23 ,23.13 ,23.15 ,23.25 ,23.3 ,23.33 ,23.41 ,23.37 ,23.36 ,23.36 ,23.38 ,23.34 ,23.41 ,23.38 ,23.28 ,23.36 ,23.4 ,23.39 ,23.34 ,23.4 ,23.41 ,23.46 ,23.44 ,23.49 ,23.62 ,23.55 ,23.46 ,23.55 ,23.53 ,23.48 ,23.52 ,23.47 ,23.55 ,23.51 ,23.53 ,23.47 ,23.62 ,23.55 ,23.53 ,23.6 ,23.63 ,23.58 ,23.69 ,23.71 ,23.49 ,23.43 ,23.52 ,23.62 ,23.63 ,23.66 ,23.69 ,23.65 ,23.57 ,23.54 ,23.61 ,23.58 ,23.51 ,23.68 ,23.68 ,23.6 ,23.68 ,23.69 ,23.62 ,23.44 ,23.45 ,23.56 ,23.61 ,23.65 ,23.78 ,23.67 ,23.7 ,23.67 ,23.59 ,23.64 ,23.58 ,23.56 ,23.55 ,23.59 ,23.61 ,23.65 ,23.69 ,23.72 ,23.67 ,23.58 ,23.65 ,23.65 ,23.63 ,23.65 ,23.62 ,23.66 ,23.65 ,23.53 ,23.62 ,23.68 ,23.62 ,23.6 ,23.66 ,23.74 ,23.7 ,23.61 ,23.58 ,23.57 ,23.63 ,23.74 ,23.67 ,23.61 ,23.79 ,23.67 ,23.62 ,23.69 ,23.69 ,23.82 ,23.8 ,23.62 ,23.62 ,23.68 ,23.78 ,23.79 ,23.7 ,23.66 ,23.76 ,23.74 ,23.67 ,23.7 ,23.66 ,23.65 ,23.66 ,23.68 ,23.78 ,23.74 ,23.75 ,23.71 ,23.74 ,23.73 ,23.73 ,23.7 ,23.71 ,23.67 ,23.68 ,23.65 ,23.71 ,23.72 ,23.76 ,23.8 ,23.75 ,23.72 ,23.74 ,23.65 ,23.66 ,23.64 ,23.66 ,23.73 ,23.71 ,23.76 ,23.72 ,23.65 ,23.71 ,23.69 ,23.72 ,23.65 ,23.66 ,23.69 ,23.65 ,23.61 ,23.61 ,23.6 ,23.57 ,23.65 ,23.76 ,23.7 ,23.78 ,23.76 ,23.81 ,23.72 ,23.74 ,23.77 ,23.82 ,23.75 ,23.72 ,23.75 ,23.79 ,23.67 ,23.69 ,23.76 ,23.79 ,23.72 ,23.77 ,23.75 ,23.7 ,23.76 ,23.76 ,23.75 ,23.76 ,23.79 ,23.75 ,23.78 ,23.81 ,23.86 ,23.8 ,23.84 ,23.82 ,23.72 ,23.8 ,23.78 ,23.87 ,23.78 ,23.76 ,23.7 ,23.64 ,23.66 ,23.8 ,23.85 ,23.89 ,23.87 ,23.86 ,23.89 ,23.86 ,23.86 ,23.88 ,23.91 ,23.86 ,23.86 ,23.88 ,23.88 ,23.84 ,23.8 ,23.87 ,23.92 ,23.89 ,23.93 ,23.9 ,23.89 ,23.88 ,23.88 ,23.88 ,23.92 ,23.89 ,23.81 ,23.94 ,23.93 ,23.8 ,23.77 ,23.83 ,23.84 ,23.98 ,23.94 ,23.91 ,23.95 ,24 ,24.03 ,23.96 ,23.89 ,23.9 ,23.87 ,23.95 ,23.96 ,23.95 ,23.88 ,23.84 ,23.78 ,23.7 ,23.7 ,23.84 ,23.89 ,23.83 ,23.79 ,23.86 ,23.91 ,23.9 ,23.9 ,23.97 ,24.04 ,23.98 ,23.96 ,23.97 ,23.96 ,23.89 ,23.95 ,23.95 ,23.89 ,23.85 ,23.79 ,23.78 ,23.76 ,23.74 ,23.73 ,23.76 ,23.84 ,23.69 ,23.79 ,23.74 ,23.73 ,23.72 ,23.72 ,23.73 ,23.72 ,23.74 ,23.73 ,23.75 ,23.82 ,23.85 ,23.9 ,23.9 ,23.87 ,23.84 ,23.99 ,23.94 ,23.89 ,23.96 ,23.96 ,23.93 ,23.95 ,23.92 ,23.89 ,23.94 ,23.95 ,24.01 ,23.97 ,24 ,23.97 ,23.99 ,24.01 ,23.97 ,23.93 ,23.92 ,23.91 ,23.89 ,23.86 ,23.99 ,23.99 ,23.97 ,24.03 ,23.99 ,24 ,23.88 ,23.88 ,23.94 ,23.97 ,23.95 ,23.99 ,23.97 ,23.97 ,24 ,24.01 ,23.95 ,23.88 ,23.87 ,23.91 ,23.9 ,23.8 ,23.86 ,23.93 ,23.83 ,23.98 ,24.04 ,23.91 ,23.87 ,23.89 ,23.96 ,23.95 ,23.86 ,23.91 ,23.92 ,23.97 ,23.94 ,23.94 ,23.99 ,23.99 ,23.86 ,23.84 ,23.85 ,23.94 ,23.93 ,23.83 ,23.73 ,23.57 ,23.59 ,23.61 ,23.58 ,23.6 ,23.6 ,23.55 ,23.56 ,23.55 ,23.49 ,23.48 ,23.49 ,23.41 ,23.5 ,23.52 ,23.54 ,23.6 ,23.6 ,23.59 ,23.6 ,23.6 ,23.57 ,23.66 ,23.66 ,23.6 ,23.59 ,23.74 ,23.81 ,23.79 ,23.82 ,23.74 ,23.71 ,23.87 ,23.83 ,23.82 ,23.92 ,23.8 ,23.74 ,23.76 ,23.82 ,23.89 ,23.91 ,23.91 ,23.83 ,23.76 ,23.79 ,23.85 ,23.83 ,23.82 ,23.9 ,23.89 ,23.83 ,23.82 ,23.83 ,23.95 ,23.92 ,23.89 ,23.76 ,23.76 ,23.84 ,23.84 ,23.93 ,23.93 ,23.91 ,23.9 ,23.86 ,23.75 ,23.84 ,23.8 ,23.88 ,23.86 ,23.83 ,23.83 ,23.85 ,23.96 ,23.97 ,23.85 ,23.74 ,23.8 ,23.8 ,23.82 ,23.83 ,23.85 ,23.85 ,23.83 ,23.83 ,23.78 ,23.81 ,23.92 ,23.81 ,23.87 ,23.87 ,23.87 ,23.87 ,23.83 ,23.92 ,23.84 ,23.75 ,23.77 ,23.82 ,23.95 ,23.95 ,23.91 ,23.83 ,23.78 ,23.79 ,23.77 ,23.76 ,23.85 ,23.83 ,23.91 ,23.84 ,23.86 ,23.88 ,23.91 ,24 ,23.94 ,23.82 ,23.82 ,23.77 ,23.79 ,23.78 ,23.83 ,23.81 ,23.82 ,23.85 ,23.83 ,23.77 ,23.76 ,23.8 ,23.8 ,23.8 ,23.89 ,23.75 ,23.73 ,23.76 ,23.8 ,23.81 ,23.8 ,23.81 ,23.77 ,23.76 ,23.76 ,23.78 ,23.79 ,23.68 ,23.72 ,23.69 ,23.71 ,23.63 ,23.74 ,23.75 ,23.7 ,23.66 ,23.65 ,23.69 ,23.66 ,23.65 ,23.58 ,23.57 ,23.55 ,23.46 ,23.35 ,23.28 ,23.29 ,23.17 ,23.23 ,23.23 ,23.26 ,23.21 ,23.24 ,23.2 ,23.26 ,23.29 ,23.28 ,23.38 ,23.31 ,23.26 ,23.23 ,23.27 ,23.26 ,23.23 ,23.2 ,23.26 ,23.17 ,23.06 ,22.99 ,23.09 ,23.14 ,23.01 ,23 ,22.97 ,23.04 ,23.01 ,22.99 ,22.91 ,22.87 ,22.88 ,22.96 ,22.86 ,22.9 ,22.89 ,22.8 ,22.95 ,23.06 ,22.99 ,23.01 ,22.96 ,22.86 ,22.95 ,23 ,22.93 ,22.86 ,22.91 ,22.97 ,22.91 ,22.83 ,22.79 ,22.88 ,22.91 ,22.86 ,23.08 ,23.09 ,23.16 ,23.21 ,23.35 ,23.3 ,23.93 ,23.7 ,23.51 ,23.35 ,23.14 ,23.13 ,23.08 ,23.1 ,23.18 ,23.2 ,23 ,22.99 ,23.09 ,23.25 ,23.08 ,22.91 ,23.02 ,23.01 ,22.97 ,23.09 ,23.08 ,23.07 ,23.04 ,23.13 ,23.07 ,23.05 ,23.11 ,23.05 ,23.06 ,23.06 ,22.96 ,22.95 ,
356,23.24 ,23.14 ,23.28 ,23.39 ,23.31 ,23.17 ,23.21 ,23.19 ,23.24 ,23.34 ,23.37 ,23.34 ,23.39 ,23.39 ,23.37 ,23.4 ,23.41 ,23.4 ,23.34 ,23.33 ,23.28 ,23.33 ,23.35 ,23.31 ,23.36 ,23.37 ,23.4 ,23.38 ,23.4 ,23.4 ,23.61 ,23.61 ,23.5 ,23.55 ,23.54 ,23.51 ,23.52 ,23.54 ,23.61 ,23.54 ,23.55 ,23.53 ,23.55 ,23.5 ,23.47 ,23.56 ,23.59 ,23.57 ,23.6 ,23.65 ,23.59 ,23.49 ,23.6 ,23.62 ,23.61 ,23.58 ,23.66 ,23.64 ,23.62 ,23.54 ,23.59 ,23.66 ,23.56 ,23.6 ,23.6 ,23.49 ,23.69 ,23.74 ,23.64 ,23.52 ,23.51 ,23.6 ,23.67 ,23.72 ,23.66 ,23.58 ,23.65 ,23.64 ,23.61 ,23.63 ,23.66 ,23.54 ,23.46 ,23.52 ,23.55 ,23.58 ,23.68 ,23.71 ,23.7 ,23.59 ,23.6 ,23.58 ,23.61 ,23.62 ,23.53 ,23.64 ,23.64 ,23.55 ,23.57 ,23.71 ,23.64 ,23.6 ,23.67 ,23.73 ,23.74 ,23.63 ,23.68 ,23.62 ,23.62 ,23.73 ,23.64 ,23.65 ,23.77 ,23.68 ,23.59 ,23.61 ,23.74 ,23.74 ,23.82 ,23.71 ,23.63 ,23.63 ,23.68 ,23.69 ,23.76 ,23.68 ,23.68 ,23.69 ,23.63 ,23.7 ,23.69 ,23.64 ,23.65 ,23.69 ,23.79 ,23.73 ,23.76 ,23.74 ,23.79 ,23.7 ,23.75 ,23.73 ,23.69 ,23.71 ,23.7 ,23.64 ,23.69 ,23.75 ,23.72 ,23.71 ,23.73 ,23.65 ,23.72 ,23.69 ,23.61 ,23.6 ,23.69 ,23.72 ,23.74 ,23.69 ,23.72 ,23.71 ,23.74 ,23.73 ,23.73 ,23.7 ,23.63 ,23.67 ,23.66 ,23.69 ,23.67 ,23.61 ,23.59 ,23.61 ,23.75 ,23.69 ,23.73 ,23.84 ,23.78 ,23.69 ,23.73 ,23.75 ,23.67 ,23.63 ,23.71 ,23.7 ,23.76 ,23.7 ,23.65 ,23.63 ,23.7 ,23.62 ,23.71 ,23.73 ,23.66 ,23.69 ,23.68 ,23.72 ,23.8 ,23.8 ,23.74 ,23.75 ,23.82 ,23.83 ,23.81 ,23.86 ,23.82 ,23.81 ,23.82 ,23.76 ,23.83 ,23.78 ,23.7 ,23.68 ,23.63 ,23.68 ,23.85 ,23.84 ,23.79 ,23.86 ,23.82 ,23.86 ,23.84 ,23.81 ,23.91 ,23.97 ,23.9 ,23.8 ,23.77 ,23.77 ,23.82 ,23.85 ,23.89 ,23.86 ,23.79 ,23.83 ,23.85 ,23.85 ,23.88 ,23.82 ,23.78 ,23.94 ,23.94 ,23.84 ,23.94 ,23.94 ,23.84 ,23.84 ,23.82 ,23.84 ,23.88 ,23.96 ,23.94 ,23.96 ,23.97 ,23.94 ,23.89 ,23.88 ,23.9 ,23.93 ,23.91 ,23.92 ,23.93 ,23.84 ,23.77 ,23.71 ,23.76 ,23.81 ,23.84 ,23.93 ,23.91 ,23.87 ,23.86 ,23.98 ,23.92 ,23.88 ,23.85 ,23.9 ,23.87 ,23.88 ,23.88 ,23.83 ,23.78 ,23.79 ,23.83 ,23.81 ,23.73 ,23.63 ,23.59 ,23.68 ,23.71 ,23.68 ,23.66 ,23.76 ,23.77 ,23.82 ,23.8 ,23.86 ,23.84 ,23.82 ,23.82 ,23.87 ,23.93 ,23.84 ,23.89 ,23.89 ,23.92 ,23.96 ,23.93 ,23.89 ,23.88 ,24.02 ,23.98 ,23.91 ,23.94 ,23.98 ,23.99 ,23.94 ,23.9 ,23.95 ,23.96 ,23.95 ,23.99 ,23.96 ,23.94 ,23.94 ,23.95 ,23.93 ,23.94 ,23.92 ,23.91 ,23.9 ,23.85 ,23.98 ,24.03 ,24.01 ,23.96 ,23.96 ,23.96 ,23.98 ,23.88 ,23.86 ,23.93 ,23.96 ,23.92 ,23.93 ,23.97 ,23.97 ,23.95 ,24.04 ,23.95 ,23.89 ,23.9 ,23.92 ,23.91 ,23.9 ,23.87 ,23.92 ,23.89 ,23.92 ,23.96 ,23.95 ,23.87 ,23.89 ,24.02 ,24.02 ,23.9 ,23.92 ,23.93 ,23.91 ,23.86 ,23.9 ,23.99 ,23.96 ,23.84 ,23.91 ,23.86 ,23.89 ,23.9 ,23.77 ,23.56 ,23.51 ,23.61 ,23.66 ,23.57 ,23.55 ,23.63 ,23.57 ,23.58 ,23.56 ,23.58 ,23.58 ,23.62 ,23.6 ,23.59 ,23.62 ,23.62 ,23.63 ,23.63 ,23.65 ,23.69 ,23.65 ,23.63 ,23.75 ,23.74 ,23.7 ,23.7 ,23.77 ,23.87 ,23.85 ,23.84 ,23.76 ,23.74 ,23.74 ,23.78 ,23.77 ,23.88 ,23.88 ,23.83 ,23.82 ,23.76 ,23.88 ,23.84 ,23.88 ,23.81 ,23.79 ,23.85 ,23.88 ,23.9 ,23.81 ,23.8 ,23.87 ,23.85 ,23.89 ,23.92 ,23.89 ,23.98 ,23.93 ,23.89 ,23.8 ,23.9 ,23.88 ,23.86 ,23.9 ,23.89 ,23.87 ,23.93 ,23.77 ,23.74 ,23.88 ,23.89 ,23.83 ,23.79 ,23.79 ,23.78 ,23.8 ,23.95 ,23.91 ,23.81 ,23.82 ,23.84 ,23.81 ,23.76 ,23.77 ,23.82 ,23.84 ,23.8 ,23.78 ,23.77 ,23.87 ,23.82 ,23.78 ,23.84 ,23.87 ,23.88 ,23.78 ,23.85 ,23.84 ,23.79 ,23.78 ,23.7 ,23.83 ,23.89 ,23.92 ,23.8 ,23.78 ,23.71 ,23.76 ,23.82 ,23.85 ,23.83 ,23.77 ,23.86 ,23.97 ,23.87 ,23.8 ,23.87 ,23.88 ,23.79 ,23.77 ,23.8 ,23.78 ,23.81 ,23.78 ,23.85 ,23.86 ,23.84 ,23.91 ,23.81 ,23.83 ,23.79 ,23.77 ,23.75 ,23.75 ,23.83 ,23.82 ,23.75 ,23.71 ,23.7 ,23.69 ,23.75 ,23.75 ,23.71 ,23.77 ,23.8 ,23.77 ,23.68 ,23.71 ,23.7 ,23.72 ,23.74 ,23.65 ,23.73 ,23.73 ,23.62 ,23.6 ,23.62 ,23.6 ,23.66 ,23.58 ,23.48 ,23.57 ,23.51 ,23.36 ,23.35 ,23.28 ,23.12 ,23.25 ,23.27 ,23.29 ,23.23 ,23.23 ,23.2 ,23.18 ,23.27 ,23.23 ,23.21 ,23.28 ,23.2 ,23.18 ,23.21 ,23.28 ,23.25 ,23.15 ,23.18 ,23.13 ,23.08 ,23.01 ,22.99 ,23.06 ,23.01 ,22.91 ,23 ,23.01 ,22.93 ,22.93 ,22.93 ,22.92 ,22.91 ,22.84 ,22.79 ,22.76 ,22.79 ,22.81 ,22.85 ,22.93 ,23 ,22.9 ,22.88 ,22.81 ,22.85 ,22.96 ,22.89 ,22.86 ,22.83 ,22.83 ,22.88 ,22.82 ,22.77 ,22.8 ,22.9 ,22.86 ,22.97 ,23.15 ,23.12 ,23.29 ,23.55 ,24.02 ,24.36 ,24.65 ,23.76 ,23.56 ,23.23 ,23.11 ,23.02 ,23.03 ,23.1 ,23.08 ,22.96 ,22.85 ,22.87 ,23.05 ,23.16 ,22.86 ,22.94 ,22.99 ,23.02 ,23.09 ,23.13 ,22.99 ,22.96 ,23.05 ,23.11 ,23.04 ,22.97 ,23.02 ,22.97 ,23.01 ,22.99 ,22.94 ,
357,23.24 ,23.19 ,23.22 ,23.3 ,23.29 ,23.16 ,23.29 ,23.3 ,23.26 ,23.35 ,23.43 ,23.42 ,23.42 ,23.32 ,23.33 ,23.34 ,23.35 ,23.45 ,23.46 ,23.4 ,23.3 ,23.24 ,23.38 ,23.31 ,23.31 ,23.4 ,23.45 ,23.4 ,23.36 ,23.4 ,23.54 ,23.55 ,23.59 ,23.54 ,23.55 ,23.59 ,23.55 ,23.51 ,23.56 ,23.57 ,23.61 ,23.58 ,23.54 ,23.48 ,23.52 ,23.59 ,23.57 ,23.65 ,23.59 ,23.53 ,23.52 ,23.54 ,23.6 ,23.57 ,23.5 ,23.53 ,23.53 ,23.63 ,23.64 ,23.59 ,23.56 ,23.58 ,23.53 ,23.57 ,23.61 ,23.57 ,23.58 ,23.72 ,23.67 ,23.51 ,23.5 ,23.6 ,23.69 ,23.68 ,23.65 ,23.63 ,23.66 ,23.6 ,23.48 ,23.54 ,23.67 ,23.64 ,23.51 ,23.54 ,23.62 ,23.59 ,23.64 ,23.69 ,23.65 ,23.58 ,23.63 ,23.61 ,23.67 ,23.62 ,23.52 ,23.62 ,23.66 ,23.52 ,23.56 ,23.66 ,23.7 ,23.7 ,23.62 ,23.69 ,23.67 ,23.6 ,23.61 ,23.66 ,23.64 ,23.7 ,23.61 ,23.61 ,23.64 ,23.61 ,23.66 ,23.68 ,23.68 ,23.64 ,23.77 ,23.76 ,23.7 ,23.75 ,23.69 ,23.71 ,23.73 ,23.78 ,23.76 ,23.72 ,23.7 ,23.65 ,23.64 ,23.73 ,23.72 ,23.75 ,23.7 ,23.65 ,23.67 ,23.76 ,23.78 ,23.69 ,23.67 ,23.7 ,23.71 ,23.66 ,23.7 ,23.69 ,23.73 ,23.71 ,23.72 ,23.69 ,23.66 ,23.69 ,23.67 ,23.66 ,23.64 ,23.62 ,23.65 ,23.74 ,23.79 ,23.78 ,23.74 ,23.65 ,23.64 ,23.72 ,23.76 ,23.77 ,23.65 ,23.67 ,23.73 ,23.74 ,23.67 ,23.66 ,23.64 ,23.63 ,23.69 ,23.69 ,23.64 ,23.76 ,23.73 ,23.66 ,23.73 ,23.75 ,23.67 ,23.65 ,23.68 ,23.73 ,23.71 ,23.71 ,23.68 ,23.7 ,23.69 ,23.61 ,23.63 ,23.69 ,23.64 ,23.6 ,23.66 ,23.74 ,23.79 ,23.76 ,23.78 ,23.74 ,23.83 ,23.82 ,23.85 ,23.94 ,23.93 ,23.84 ,23.82 ,23.8 ,23.78 ,23.79 ,23.71 ,23.69 ,23.74 ,23.73 ,23.84 ,23.79 ,23.71 ,23.82 ,23.88 ,23.88 ,23.89 ,23.86 ,23.89 ,23.88 ,23.84 ,23.84 ,23.8 ,23.8 ,23.82 ,23.87 ,23.93 ,23.91 ,23.8 ,23.92 ,23.88 ,23.77 ,23.85 ,23.88 ,23.78 ,23.89 ,24.01 ,23.86 ,23.93 ,23.9 ,23.88 ,23.94 ,23.94 ,23.88 ,23.86 ,23.93 ,23.91 ,23.94 ,23.94 ,23.97 ,23.88 ,23.86 ,23.88 ,23.9 ,23.92 ,23.96 ,23.85 ,23.76 ,23.75 ,23.75 ,23.82 ,23.88 ,23.88 ,23.89 ,23.87 ,23.91 ,23.9 ,23.9 ,24.02 ,23.94 ,23.91 ,23.94 ,23.83 ,23.76 ,23.78 ,23.71 ,23.71 ,23.71 ,23.7 ,23.72 ,23.71 ,23.68 ,23.61 ,23.67 ,23.76 ,23.72 ,23.66 ,23.74 ,23.89 ,23.91 ,23.85 ,23.86 ,23.93 ,23.93 ,23.91 ,23.85 ,23.98 ,23.94 ,23.94 ,23.97 ,23.89 ,23.94 ,23.96 ,23.92 ,23.86 ,23.98 ,24.01 ,23.92 ,23.97 ,24.01 ,24.01 ,23.91 ,23.92 ,24.05 ,24.03 ,23.97 ,23.96 ,23.98 ,23.98 ,23.95 ,24.01 ,23.89 ,23.86 ,23.9 ,23.94 ,23.87 ,23.84 ,23.98 ,23.97 ,23.88 ,23.84 ,23.95 ,24.02 ,23.95 ,23.93 ,23.94 ,23.91 ,23.94 ,23.94 ,23.9 ,23.94 ,23.99 ,23.91 ,23.9 ,23.92 ,23.89 ,23.94 ,23.92 ,23.91 ,23.91 ,23.93 ,23.98 ,23.94 ,23.92 ,23.94 ,24 ,23.9 ,23.89 ,24.03 ,23.98 ,23.94 ,23.93 ,23.9 ,23.89 ,23.87 ,23.85 ,24.04 ,24.04 ,23.89 ,23.88 ,23.89 ,23.88 ,23.89 ,23.8 ,23.62 ,23.54 ,23.57 ,23.67 ,23.62 ,23.58 ,23.66 ,23.71 ,23.73 ,23.67 ,23.69 ,23.74 ,23.67 ,23.63 ,23.67 ,23.69 ,23.63 ,23.68 ,23.71 ,23.66 ,23.67 ,23.67 ,23.67 ,23.74 ,23.74 ,23.73 ,23.75 ,23.77 ,23.78 ,23.83 ,23.78 ,23.79 ,23.77 ,23.72 ,23.76 ,23.78 ,23.89 ,23.82 ,23.86 ,23.89 ,23.82 ,23.8 ,23.85 ,23.89 ,23.87 ,23.87 ,23.86 ,23.88 ,23.93 ,23.89 ,23.77 ,23.71 ,23.85 ,23.84 ,23.84 ,23.86 ,23.84 ,23.84 ,23.72 ,23.78 ,23.86 ,23.8 ,23.76 ,23.79 ,23.87 ,23.84 ,23.9 ,23.88 ,23.79 ,23.86 ,23.9 ,23.86 ,23.87 ,23.8 ,23.75 ,23.81 ,23.76 ,23.86 ,23.81 ,23.77 ,23.83 ,23.8 ,23.77 ,23.73 ,23.77 ,23.72 ,23.77 ,23.79 ,23.78 ,23.81 ,23.86 ,23.84 ,23.89 ,23.84 ,23.84 ,23.8 ,23.79 ,23.87 ,23.85 ,23.79 ,23.74 ,23.78 ,23.83 ,23.9 ,23.81 ,23.8 ,23.74 ,23.72 ,23.8 ,23.85 ,23.84 ,23.81 ,23.76 ,23.86 ,23.88 ,23.76 ,23.78 ,23.8 ,23.81 ,23.87 ,23.81 ,23.77 ,23.87 ,23.8 ,23.81 ,23.87 ,23.89 ,23.9 ,23.8 ,23.82 ,23.77 ,23.74 ,23.74 ,23.84 ,23.8 ,23.89 ,23.74 ,23.72 ,23.69 ,23.74 ,23.69 ,23.77 ,23.77 ,23.72 ,23.7 ,23.73 ,23.65 ,23.62 ,23.68 ,23.72 ,23.81 ,23.72 ,23.68 ,23.68 ,23.61 ,23.7 ,23.64 ,23.57 ,23.65 ,23.65 ,23.54 ,23.5 ,23.45 ,23.31 ,23.32 ,23.3 ,23.04 ,23.11 ,23.11 ,23.14 ,23.21 ,23.23 ,23.17 ,23.11 ,23.17 ,23.17 ,23.11 ,23.18 ,23.18 ,23.16 ,23.16 ,23.19 ,23.18 ,23.15 ,23.29 ,23.23 ,23.11 ,23 ,22.94 ,23.06 ,23.11 ,23.02 ,22.92 ,23.04 ,23.05 ,23.05 ,22.91 ,22.87 ,22.95 ,22.91 ,22.79 ,22.75 ,22.8 ,22.87 ,22.88 ,22.92 ,22.9 ,22.91 ,22.92 ,22.91 ,22.79 ,22.94 ,22.92 ,22.95 ,22.89 ,22.92 ,22.92 ,22.9 ,22.84 ,22.82 ,22.89 ,22.9 ,23.01 ,23.1 ,23.05 ,23.12 ,23.41 ,23.63 ,23.76 ,23.81 ,23.81 ,23.63 ,23.27 ,23.05 ,22.89 ,22.97 ,22.97 ,23.02 ,22.92 ,22.81 ,22.81 ,22.94 ,23.06 ,22.94 ,22.86 ,22.92 ,22.89 ,22.97 ,22.84 ,22.91 ,22.95 ,22.98 ,23.06 ,22.98 ,22.93 ,22.89 ,22.9 ,22.86 ,22.92 ,22.94 ,
358,23.3 ,23.25 ,23.37 ,23.34 ,23.35 ,23.29 ,23.29 ,23.27 ,23.29 ,23.29 ,23.29 ,23.36 ,23.42 ,23.39 ,23.36 ,23.35 ,23.37 ,23.46 ,23.41 ,23.4 ,23.27 ,23.27 ,23.39 ,23.4 ,23.35 ,23.4 ,23.42 ,23.4 ,23.44 ,23.46 ,23.53 ,23.49 ,23.51 ,23.54 ,23.5 ,23.54 ,23.6 ,23.54 ,23.57 ,23.58 ,23.61 ,23.65 ,23.62 ,23.53 ,23.59 ,23.58 ,23.56 ,23.71 ,23.64 ,23.52 ,23.49 ,23.5 ,23.62 ,23.61 ,23.59 ,23.57 ,23.5 ,23.57 ,23.6 ,23.67 ,23.59 ,23.63 ,23.61 ,23.55 ,23.67 ,23.73 ,23.71 ,23.67 ,23.63 ,23.56 ,23.53 ,23.58 ,23.74 ,23.68 ,23.63 ,23.7 ,23.67 ,23.67 ,23.61 ,23.49 ,23.65 ,23.69 ,23.62 ,23.57 ,23.55 ,23.58 ,23.68 ,23.69 ,23.68 ,23.58 ,23.68 ,23.71 ,23.71 ,23.67 ,23.56 ,23.59 ,23.66 ,23.62 ,23.61 ,23.73 ,23.72 ,23.76 ,23.69 ,23.66 ,23.74 ,23.74 ,23.61 ,23.59 ,23.67 ,23.61 ,23.59 ,23.58 ,23.67 ,23.64 ,23.62 ,23.64 ,23.63 ,23.65 ,23.8 ,23.78 ,23.69 ,23.77 ,23.7 ,23.72 ,23.72 ,23.72 ,23.74 ,23.77 ,23.68 ,23.64 ,23.65 ,23.79 ,23.68 ,23.71 ,23.63 ,23.62 ,23.72 ,23.74 ,23.8 ,23.77 ,23.7 ,23.68 ,23.7 ,23.7 ,23.71 ,23.71 ,23.71 ,23.71 ,23.7 ,23.78 ,23.76 ,23.8 ,23.73 ,23.73 ,23.68 ,23.72 ,23.74 ,23.74 ,23.78 ,23.78 ,23.76 ,23.65 ,23.66 ,23.79 ,23.74 ,23.65 ,23.7 ,23.76 ,23.71 ,23.72 ,23.74 ,23.63 ,23.66 ,23.71 ,23.69 ,23.66 ,23.65 ,23.68 ,23.74 ,23.7 ,23.72 ,23.79 ,23.74 ,23.71 ,23.7 ,23.67 ,23.66 ,23.69 ,23.7 ,23.63 ,23.64 ,23.61 ,23.63 ,23.69 ,23.69 ,23.7 ,23.7 ,23.69 ,23.72 ,23.7 ,23.76 ,23.8 ,23.78 ,23.73 ,23.78 ,23.89 ,23.88 ,23.79 ,23.8 ,23.85 ,23.79 ,23.75 ,23.74 ,23.76 ,23.82 ,23.82 ,23.75 ,23.91 ,23.9 ,23.82 ,23.93 ,23.92 ,23.87 ,23.88 ,23.82 ,23.84 ,23.81 ,23.84 ,23.85 ,23.82 ,23.88 ,23.84 ,23.88 ,23.86 ,23.81 ,23.86 ,23.93 ,23.87 ,23.88 ,24.01 ,23.88 ,23.85 ,23.94 ,23.88 ,23.94 ,23.96 ,23.92 ,23.89 ,23.95 ,23.89 ,23.88 ,23.9 ,23.88 ,23.91 ,23.89 ,23.92 ,23.9 ,23.9 ,23.89 ,23.89 ,23.88 ,23.87 ,23.84 ,23.68 ,23.73 ,23.81 ,23.9 ,23.9 ,23.84 ,23.87 ,23.86 ,23.89 ,23.87 ,23.95 ,23.92 ,23.88 ,23.86 ,23.88 ,23.82 ,23.74 ,23.78 ,23.78 ,23.75 ,23.66 ,23.75 ,23.73 ,23.82 ,23.82 ,23.77 ,23.78 ,23.84 ,23.9 ,23.79 ,23.83 ,23.89 ,23.97 ,23.99 ,23.94 ,23.96 ,23.97 ,24.01 ,23.91 ,23.91 ,23.95 ,23.92 ,23.92 ,23.95 ,23.92 ,23.93 ,23.88 ,23.89 ,23.93 ,23.98 ,23.93 ,23.92 ,23.96 ,23.96 ,23.87 ,23.91 ,24.02 ,23.96 ,23.97 ,23.99 ,23.92 ,23.98 ,23.97 ,24.01 ,23.92 ,23.94 ,23.96 ,23.94 ,23.84 ,23.84 ,23.96 ,24.04 ,23.94 ,23.9 ,23.94 ,24 ,23.89 ,23.9 ,23.93 ,24 ,23.94 ,23.92 ,23.97 ,23.99 ,23.97 ,23.95 ,23.93 ,23.93 ,23.92 ,23.93 ,23.97 ,23.92 ,23.86 ,23.91 ,23.99 ,24.01 ,23.97 ,23.95 ,23.98 ,24.08 ,24.01 ,23.96 ,24.01 ,23.96 ,23.96 ,23.94 ,23.86 ,23.94 ,23.96 ,24.13 ,24.18 ,23.99 ,23.81 ,23.83 ,23.88 ,23.87 ,23.86 ,23.74 ,23.61 ,23.6 ,23.68 ,23.71 ,23.71 ,23.72 ,23.78 ,23.73 ,23.69 ,23.73 ,23.78 ,23.68 ,23.62 ,23.68 ,23.8 ,23.77 ,23.76 ,23.78 ,23.69 ,23.69 ,23.73 ,23.73 ,23.74 ,23.71 ,23.7 ,23.78 ,23.75 ,23.74 ,23.76 ,23.86 ,23.84 ,23.74 ,23.71 ,23.76 ,23.78 ,23.85 ,23.84 ,23.78 ,23.84 ,23.74 ,23.79 ,23.81 ,23.8 ,23.78 ,23.87 ,23.88 ,23.78 ,23.82 ,23.86 ,23.79 ,23.8 ,23.88 ,23.85 ,23.79 ,23.88 ,23.84 ,23.82 ,23.79 ,23.73 ,23.82 ,23.83 ,23.77 ,23.79 ,23.89 ,23.9 ,23.81 ,23.84 ,23.86 ,23.86 ,23.83 ,23.9 ,23.93 ,23.91 ,23.75 ,23.82 ,23.83 ,23.8 ,23.8 ,23.8 ,23.85 ,23.76 ,23.73 ,23.77 ,23.81 ,23.81 ,23.86 ,23.86 ,23.8 ,23.87 ,23.84 ,23.85 ,23.92 ,23.92 ,23.79 ,23.81 ,23.79 ,23.84 ,23.88 ,23.8 ,23.76 ,23.83 ,23.79 ,23.82 ,23.8 ,23.85 ,23.77 ,23.86 ,23.82 ,23.81 ,23.84 ,23.89 ,23.88 ,23.86 ,23.8 ,23.7 ,23.83 ,23.87 ,23.84 ,23.85 ,23.79 ,23.79 ,23.94 ,23.88 ,23.81 ,23.8 ,23.83 ,23.85 ,23.88 ,23.88 ,23.82 ,23.8 ,23.79 ,23.82 ,23.75 ,23.83 ,23.78 ,23.73 ,23.81 ,23.76 ,23.64 ,23.67 ,23.73 ,23.76 ,23.7 ,23.7 ,23.64 ,23.63 ,23.74 ,23.68 ,23.67 ,23.77 ,23.77 ,23.68 ,23.63 ,23.76 ,23.74 ,23.61 ,23.58 ,23.56 ,23.61 ,23.56 ,23.37 ,23.34 ,23.26 ,23.25 ,23.14 ,23.15 ,23.14 ,23.1 ,23.2 ,23.22 ,23.22 ,23.11 ,23.22 ,23.18 ,23.14 ,23.14 ,23.12 ,23.22 ,23.27 ,23.19 ,23.14 ,23.1 ,23.21 ,23.09 ,23 ,22.97 ,23.01 ,23.07 ,23.17 ,23.17 ,23 ,23.01 ,23.08 ,23.08 ,22.93 ,22.77 ,22.88 ,22.93 ,22.71 ,22.73 ,22.8 ,22.88 ,22.87 ,22.94 ,22.91 ,22.94 ,22.84 ,22.77 ,22.78 ,22.84 ,22.88 ,22.86 ,22.85 ,22.84 ,22.97 ,22.86 ,22.81 ,22.89 ,22.81 ,22.86 ,22.88 ,22.97 ,22.86 ,22.89 ,22.99 ,23.14 ,23.29 ,23.4 ,23.44 ,23.43 ,23.23 ,23.06 ,22.98 ,22.91 ,22.9 ,22.88 ,22.86 ,22.76 ,22.79 ,22.85 ,22.9 ,22.77 ,22.79 ,22.77 ,22.74 ,22.88 ,22.77 ,22.77 ,22.81 ,22.81 ,22.87 ,22.87 ,22.82 ,22.8 ,22.81 ,22.71 ,22.74 ,22.7 ,
359,23.3 ,23.26 ,23.31 ,23.35 ,23.29 ,23.35 ,23.32 ,23.24 ,23.31 ,23.4 ,23.23 ,23.28 ,23.37 ,23.31 ,23.26 ,23.29 ,23.35 ,23.41 ,23.43 ,23.35 ,23.29 ,23.22 ,23.37 ,23.36 ,23.34 ,23.33 ,23.31 ,23.35 ,23.28 ,23.34 ,23.51 ,23.54 ,23.59 ,23.58 ,23.53 ,23.53 ,23.54 ,23.48 ,23.62 ,23.52 ,23.53 ,23.55 ,23.55 ,23.58 ,23.61 ,23.67 ,23.65 ,23.67 ,23.54 ,23.55 ,23.56 ,23.46 ,23.59 ,23.65 ,23.65 ,23.66 ,23.62 ,23.52 ,23.58 ,23.63 ,23.61 ,23.62 ,23.64 ,23.66 ,23.66 ,23.68 ,23.75 ,23.74 ,23.6 ,23.57 ,23.58 ,23.6 ,23.63 ,23.68 ,23.66 ,23.7 ,23.67 ,23.71 ,23.64 ,23.56 ,23.57 ,23.59 ,23.62 ,23.66 ,23.59 ,23.6 ,23.67 ,23.66 ,23.62 ,23.54 ,23.59 ,23.67 ,23.67 ,23.65 ,23.53 ,23.66 ,23.7 ,23.59 ,23.61 ,23.71 ,23.69 ,23.7 ,23.66 ,23.7 ,23.77 ,23.79 ,23.7 ,23.63 ,23.7 ,23.61 ,23.53 ,23.63 ,23.66 ,23.66 ,23.58 ,23.54 ,23.65 ,23.71 ,23.76 ,23.72 ,23.61 ,23.66 ,23.67 ,23.69 ,23.74 ,23.69 ,23.78 ,23.76 ,23.62 ,23.55 ,23.63 ,23.72 ,23.66 ,23.65 ,23.66 ,23.68 ,23.68 ,23.73 ,23.74 ,23.75 ,23.71 ,23.69 ,23.65 ,23.66 ,23.76 ,23.74 ,23.68 ,23.66 ,23.67 ,23.68 ,23.71 ,23.74 ,23.74 ,23.75 ,23.75 ,23.67 ,23.8 ,23.67 ,23.68 ,23.68 ,23.71 ,23.68 ,23.68 ,23.73 ,23.73 ,23.68 ,23.79 ,23.89 ,23.78 ,23.71 ,23.77 ,23.65 ,23.64 ,23.67 ,23.73 ,23.69 ,23.69 ,23.68 ,23.7 ,23.65 ,23.61 ,23.66 ,23.68 ,23.58 ,23.61 ,23.61 ,23.61 ,23.65 ,23.64 ,23.6 ,23.56 ,23.51 ,23.6 ,23.63 ,23.72 ,23.69 ,23.67 ,23.75 ,23.74 ,23.67 ,23.62 ,23.64 ,23.7 ,23.7 ,23.77 ,23.79 ,23.74 ,23.78 ,23.81 ,23.8 ,23.74 ,23.65 ,23.76 ,23.78 ,23.83 ,23.84 ,23.88 ,23.95 ,23.92 ,23.79 ,23.89 ,23.87 ,23.82 ,23.83 ,23.85 ,23.82 ,23.82 ,23.83 ,23.83 ,23.85 ,23.88 ,23.84 ,23.79 ,23.82 ,23.81 ,23.85 ,23.87 ,23.81 ,23.88 ,23.91 ,23.88 ,23.85 ,23.87 ,23.87 ,23.9 ,23.92 ,23.98 ,23.92 ,23.86 ,23.87 ,23.88 ,23.88 ,23.84 ,23.91 ,23.93 ,23.94 ,23.84 ,23.8 ,23.88 ,23.86 ,23.8 ,23.73 ,23.75 ,23.71 ,23.78 ,23.84 ,23.89 ,23.9 ,23.79 ,23.74 ,23.79 ,23.85 ,23.81 ,23.83 ,23.82 ,23.79 ,23.74 ,23.72 ,23.78 ,23.74 ,23.74 ,23.73 ,23.75 ,23.71 ,23.83 ,23.88 ,23.94 ,23.94 ,23.88 ,23.88 ,23.86 ,23.86 ,23.88 ,23.95 ,23.92 ,23.99 ,23.97 ,23.95 ,23.95 ,23.95 ,23.9 ,23.95 ,23.92 ,23.93 ,23.91 ,23.91 ,23.93 ,23.96 ,23.92 ,23.82 ,23.91 ,24 ,24.01 ,23.94 ,23.93 ,24 ,23.98 ,23.92 ,23.95 ,23.97 ,23.94 ,24.01 ,24.08 ,23.94 ,23.95 ,23.93 ,23.93 ,23.97 ,23.94 ,23.98 ,24 ,23.88 ,23.83 ,23.94 ,24.04 ,23.98 ,23.93 ,24.05 ,24.02 ,23.94 ,23.91 ,23.91 ,23.91 ,24.03 ,23.99 ,23.92 ,23.97 ,23.98 ,23.91 ,23.97 ,23.97 ,23.88 ,23.88 ,23.95 ,23.88 ,23.89 ,23.99 ,23.99 ,23.96 ,23.95 ,23.93 ,23.9 ,24.03 ,24.07 ,23.98 ,23.95 ,23.94 ,23.89 ,23.92 ,23.9 ,23.98 ,24.09 ,24.33 ,24.31 ,24.13 ,23.74 ,23.76 ,23.77 ,23.74 ,23.74 ,23.75 ,23.66 ,23.7 ,23.79 ,23.72 ,23.74 ,23.82 ,23.83 ,23.73 ,23.68 ,23.81 ,23.82 ,23.72 ,23.7 ,23.7 ,23.78 ,23.74 ,23.77 ,23.83 ,23.83 ,23.71 ,23.81 ,23.74 ,23.77 ,23.82 ,23.75 ,23.77 ,23.82 ,23.86 ,23.87 ,23.86 ,23.78 ,23.79 ,23.8 ,23.76 ,23.79 ,23.84 ,23.78 ,23.82 ,23.87 ,23.77 ,23.84 ,23.81 ,23.78 ,23.82 ,23.82 ,23.87 ,23.7 ,23.75 ,23.85 ,23.8 ,23.83 ,23.82 ,23.86 ,23.85 ,23.94 ,23.94 ,23.84 ,23.83 ,23.81 ,23.85 ,23.81 ,23.79 ,23.81 ,23.79 ,23.84 ,23.82 ,23.79 ,23.8 ,23.84 ,23.83 ,23.89 ,23.88 ,23.89 ,23.8 ,23.77 ,23.83 ,23.84 ,23.86 ,23.8 ,23.79 ,23.76 ,23.77 ,23.84 ,23.82 ,23.88 ,23.87 ,23.86 ,23.81 ,23.85 ,23.74 ,23.76 ,23.89 ,23.87 ,23.87 ,23.82 ,23.91 ,23.8 ,23.8 ,23.87 ,23.81 ,23.8 ,23.82 ,23.81 ,23.74 ,23.83 ,23.76 ,23.81 ,23.92 ,23.85 ,23.83 ,23.81 ,23.82 ,23.84 ,23.76 ,23.81 ,23.79 ,23.92 ,23.78 ,23.84 ,23.76 ,23.8 ,23.93 ,23.88 ,23.73 ,23.81 ,23.8 ,23.82 ,23.83 ,23.9 ,23.84 ,23.77 ,23.8 ,23.81 ,23.78 ,23.89 ,23.79 ,23.67 ,23.68 ,23.75 ,23.68 ,23.64 ,23.78 ,23.81 ,23.76 ,23.75 ,23.72 ,23.71 ,23.79 ,23.81 ,23.69 ,23.7 ,23.75 ,23.76 ,23.77 ,23.75 ,23.77 ,23.63 ,23.56 ,23.49 ,23.53 ,23.53 ,23.38 ,23.38 ,23.25 ,23.26 ,23.25 ,23.19 ,23.15 ,23.12 ,23.21 ,23.15 ,23.17 ,23.12 ,23.19 ,23.26 ,23.25 ,23.19 ,23.17 ,23.15 ,23.16 ,23.15 ,23.2 ,23.15 ,23.15 ,22.97 ,23.01 ,22.91 ,23.04 ,23.07 ,23.17 ,23.26 ,23.09 ,23.05 ,23.09 ,23.04 ,22.89 ,22.79 ,22.8 ,22.84 ,22.7 ,22.78 ,22.73 ,22.84 ,22.83 ,22.83 ,22.88 ,22.8 ,22.76 ,22.74 ,22.73 ,22.81 ,22.79 ,22.78 ,22.78 ,22.77 ,22.87 ,22.81 ,22.7 ,22.75 ,22.72 ,22.76 ,22.89 ,22.84 ,22.83 ,22.76 ,22.88 ,22.9 ,22.95 ,23.02 ,23.04 ,23.04 ,23 ,22.91 ,22.81 ,22.84 ,22.81 ,22.74 ,22.71 ,22.71 ,22.64 ,22.76 ,22.8 ,22.67 ,22.75 ,22.79 ,22.8 ,22.72 ,22.65 ,22.67 ,22.73 ,22.78 ,22.8 ,22.87 ,22.79 ,22.73 ,22.74 ,22.71 ,22.68 ,22.68 ,
360,23.34 ,23.24 ,23.29 ,23.32 ,23.26 ,23.25 ,23.31 ,23.25 ,23.32 ,23.43 ,23.29 ,23.3 ,23.41 ,23.31 ,23.23 ,23.24 ,23.28 ,23.34 ,23.32 ,23.36 ,23.29 ,23.24 ,23.3 ,23.35 ,23.34 ,23.37 ,23.36 ,23.43 ,23.3 ,23.42 ,23.53 ,23.5 ,23.56 ,23.66 ,23.59 ,23.53 ,23.49 ,23.43 ,23.54 ,23.43 ,23.51 ,23.55 ,23.51 ,23.63 ,23.58 ,23.67 ,23.67 ,23.58 ,23.57 ,23.55 ,23.56 ,23.51 ,23.59 ,23.64 ,23.5 ,23.49 ,23.63 ,23.59 ,23.6 ,23.66 ,23.6 ,23.61 ,23.58 ,23.62 ,23.62 ,23.63 ,23.61 ,23.63 ,23.56 ,23.56 ,23.65 ,23.69 ,23.6 ,23.61 ,23.62 ,23.57 ,23.62 ,23.61 ,23.61 ,23.59 ,23.6 ,23.61 ,23.61 ,23.66 ,23.55 ,23.63 ,23.65 ,23.69 ,23.57 ,23.56 ,23.73 ,23.67 ,23.66 ,23.72 ,23.62 ,23.69 ,23.68 ,23.59 ,23.63 ,23.73 ,23.73 ,23.62 ,23.67 ,23.7 ,23.71 ,23.72 ,23.63 ,23.65 ,23.74 ,23.73 ,23.68 ,23.58 ,23.66 ,23.59 ,23.64 ,23.65 ,23.7 ,23.78 ,23.75 ,23.73 ,23.67 ,23.63 ,23.65 ,23.71 ,23.74 ,23.76 ,23.78 ,23.81 ,23.67 ,23.54 ,23.66 ,23.73 ,23.68 ,23.74 ,23.76 ,23.74 ,23.66 ,23.68 ,23.66 ,23.65 ,23.7 ,23.74 ,23.7 ,23.73 ,23.72 ,23.71 ,23.73 ,23.7 ,23.72 ,23.72 ,23.69 ,23.66 ,23.71 ,23.67 ,23.76 ,23.72 ,23.74 ,23.61 ,23.64 ,23.74 ,23.71 ,23.64 ,23.63 ,23.67 ,23.8 ,23.77 ,23.76 ,23.79 ,23.7 ,23.73 ,23.76 ,23.66 ,23.63 ,23.66 ,23.77 ,23.71 ,23.67 ,23.69 ,23.65 ,23.63 ,23.63 ,23.63 ,23.64 ,23.58 ,23.59 ,23.61 ,23.6 ,23.61 ,23.61 ,23.53 ,23.59 ,23.54 ,23.56 ,23.56 ,23.72 ,23.68 ,23.63 ,23.68 ,23.65 ,23.6 ,23.59 ,23.58 ,23.66 ,23.65 ,23.73 ,23.75 ,23.73 ,23.78 ,23.75 ,23.75 ,23.72 ,23.69 ,23.79 ,23.75 ,23.85 ,23.86 ,23.89 ,23.97 ,23.91 ,23.79 ,23.84 ,23.87 ,23.84 ,23.82 ,23.83 ,23.88 ,23.84 ,23.81 ,23.83 ,23.83 ,23.89 ,23.87 ,23.82 ,23.75 ,23.78 ,23.85 ,23.9 ,23.79 ,23.8 ,23.8 ,23.77 ,23.85 ,23.88 ,23.79 ,23.92 ,23.94 ,23.93 ,23.92 ,23.85 ,23.8 ,23.83 ,23.83 ,23.87 ,23.9 ,23.89 ,23.93 ,23.92 ,23.88 ,23.85 ,23.78 ,23.71 ,23.67 ,23.65 ,23.69 ,23.91 ,23.98 ,23.91 ,23.89 ,23.81 ,23.7 ,23.7 ,23.8 ,23.79 ,23.79 ,23.69 ,23.69 ,23.66 ,23.73 ,23.82 ,23.89 ,23.86 ,23.85 ,23.82 ,23.85 ,23.88 ,23.92 ,23.94 ,23.95 ,23.89 ,23.93 ,23.99 ,23.93 ,23.88 ,23.95 ,23.94 ,23.97 ,23.95 ,23.95 ,23.9 ,23.88 ,23.9 ,23.97 ,24.01 ,23.98 ,23.98 ,23.95 ,23.96 ,24 ,23.93 ,23.87 ,23.9 ,24.02 ,23.95 ,23.98 ,23.92 ,23.95 ,24.04 ,23.96 ,23.94 ,23.94 ,23.9 ,23.99 ,24.11 ,24.07 ,23.95 ,23.94 ,23.95 ,23.95 ,23.88 ,23.91 ,23.93 ,23.89 ,23.89 ,23.95 ,24.05 ,23.95 ,23.98 ,24 ,24 ,24.02 ,24.02 ,23.92 ,23.86 ,23.9 ,23.92 ,23.92 ,23.91 ,23.95 ,23.97 ,23.96 ,23.97 ,23.94 ,23.92 ,23.93 ,23.92 ,23.91 ,23.93 ,23.99 ,23.87 ,23.88 ,23.89 ,23.91 ,23.93 ,23.97 ,23.93 ,23.84 ,23.85 ,23.88 ,23.88 ,23.89 ,23.95 ,24.04 ,24.28 ,24.23 ,24.02 ,23.77 ,23.75 ,23.72 ,23.75 ,23.74 ,23.76 ,23.76 ,23.76 ,23.84 ,23.86 ,23.82 ,23.81 ,23.86 ,23.81 ,23.83 ,23.87 ,23.93 ,23.9 ,23.84 ,23.83 ,23.85 ,23.75 ,23.77 ,23.81 ,23.82 ,23.7 ,23.75 ,23.82 ,23.84 ,23.85 ,23.82 ,23.8 ,23.9 ,23.86 ,23.92 ,23.89 ,23.78 ,23.81 ,23.93 ,23.86 ,23.8 ,23.92 ,23.83 ,23.78 ,23.85 ,23.87 ,23.82 ,23.79 ,23.78 ,23.78 ,23.76 ,23.89 ,23.86 ,23.83 ,23.86 ,23.82 ,23.81 ,23.84 ,23.91 ,23.92 ,23.92 ,23.93 ,23.89 ,23.86 ,23.85 ,23.91 ,23.88 ,23.84 ,23.76 ,23.81 ,23.78 ,23.75 ,23.76 ,23.7 ,23.81 ,23.8 ,23.9 ,23.84 ,23.9 ,23.79 ,23.77 ,23.75 ,23.78 ,23.86 ,23.81 ,23.87 ,23.87 ,23.78 ,23.81 ,23.89 ,23.88 ,23.8 ,23.74 ,23.8 ,23.8 ,23.81 ,23.87 ,23.94 ,23.92 ,23.85 ,23.86 ,23.93 ,23.88 ,23.82 ,23.86 ,23.77 ,23.79 ,23.85 ,23.85 ,23.85 ,23.86 ,23.83 ,23.78 ,23.85 ,23.93 ,23.91 ,23.84 ,23.82 ,23.84 ,23.79 ,23.82 ,23.84 ,23.81 ,23.79 ,23.82 ,23.78 ,23.78 ,23.9 ,23.8 ,23.79 ,23.88 ,23.9 ,23.87 ,23.84 ,23.76 ,23.83 ,23.73 ,23.66 ,23.79 ,23.76 ,23.85 ,23.84 ,23.68 ,23.64 ,23.66 ,23.74 ,23.74 ,23.72 ,23.83 ,23.79 ,23.77 ,23.79 ,23.75 ,23.73 ,23.75 ,23.71 ,23.67 ,23.63 ,23.73 ,23.77 ,23.68 ,23.71 ,23.7 ,23.61 ,23.56 ,23.55 ,23.5 ,23.41 ,23.37 ,23.33 ,23.26 ,23.2 ,23.19 ,23.21 ,23.09 ,23.15 ,23.16 ,23.13 ,23.17 ,23.2 ,23.19 ,23.14 ,23.23 ,23.18 ,23.19 ,23.08 ,23.1 ,23.15 ,23.18 ,23.19 ,23.07 ,23.06 ,23.17 ,23.14 ,23.05 ,23.21 ,23.29 ,23.22 ,23.09 ,23.03 ,22.99 ,22.89 ,22.94 ,22.94 ,22.87 ,22.77 ,22.85 ,22.86 ,22.84 ,22.88 ,22.81 ,22.84 ,22.79 ,22.69 ,22.8 ,22.82 ,22.86 ,22.9 ,22.86 ,22.84 ,22.85 ,22.79 ,22.76 ,22.65 ,22.73 ,22.74 ,22.8 ,22.82 ,22.77 ,22.77 ,22.78 ,22.8 ,22.77 ,22.73 ,22.84 ,22.84 ,22.88 ,22.92 ,22.88 ,22.71 ,22.72 ,22.77 ,22.72 ,22.68 ,22.76 ,22.7 ,22.67 ,22.75 ,22.75 ,22.82 ,22.82 ,22.76 ,22.77 ,22.63 ,22.67 ,22.8 ,22.79 ,22.82 ,22.8 ,22.77 ,22.65 ,22.78 ,22.86 ,22.75 ,22.73 ,
361,23.34 ,23.25 ,23.35 ,23.34 ,23.28 ,23.25 ,23.24 ,23.3 ,23.33 ,23.39 ,23.25 ,23.24 ,23.39 ,23.3 ,23.24 ,23.24 ,23.24 ,23.34 ,23.37 ,23.32 ,23.34 ,23.37 ,23.42 ,23.37 ,23.3 ,23.41 ,23.39 ,23.41 ,23.41 ,23.33 ,23.49 ,23.51 ,23.46 ,23.53 ,23.59 ,23.57 ,23.48 ,23.46 ,23.53 ,23.56 ,23.46 ,23.51 ,23.53 ,23.61 ,23.61 ,23.63 ,23.66 ,23.55 ,23.5 ,23.68 ,23.53 ,23.48 ,23.61 ,23.61 ,23.52 ,23.49 ,23.54 ,23.5 ,23.59 ,23.64 ,23.54 ,23.59 ,23.58 ,23.6 ,23.54 ,23.64 ,23.62 ,23.6 ,23.57 ,23.51 ,23.61 ,23.66 ,23.71 ,23.62 ,23.66 ,23.55 ,23.59 ,23.54 ,23.54 ,23.52 ,23.61 ,23.57 ,23.55 ,23.66 ,23.58 ,23.58 ,23.69 ,23.74 ,23.69 ,23.63 ,23.68 ,23.68 ,23.63 ,23.65 ,23.65 ,23.69 ,23.65 ,23.53 ,23.67 ,23.66 ,23.68 ,23.65 ,23.63 ,23.68 ,23.66 ,23.63 ,23.6 ,23.57 ,23.69 ,23.7 ,23.73 ,23.61 ,23.53 ,23.62 ,23.65 ,23.75 ,23.75 ,23.7 ,23.74 ,23.67 ,23.69 ,23.67 ,23.65 ,23.69 ,23.73 ,23.75 ,23.78 ,23.82 ,23.7 ,23.58 ,23.65 ,23.69 ,23.64 ,23.71 ,23.76 ,23.68 ,23.68 ,23.7 ,23.67 ,23.64 ,23.71 ,23.71 ,23.71 ,23.71 ,23.72 ,23.68 ,23.73 ,23.68 ,23.65 ,23.69 ,23.7 ,23.71 ,23.71 ,23.67 ,23.68 ,23.71 ,23.7 ,23.64 ,23.67 ,23.65 ,23.67 ,23.59 ,23.65 ,23.72 ,23.77 ,23.79 ,23.68 ,23.72 ,23.66 ,23.73 ,23.8 ,23.67 ,23.64 ,23.7 ,23.75 ,23.73 ,23.62 ,23.7 ,23.6 ,23.57 ,23.57 ,23.7 ,23.64 ,23.57 ,23.62 ,23.62 ,23.57 ,23.53 ,23.58 ,23.53 ,23.59 ,23.64 ,23.6 ,23.59 ,23.67 ,23.63 ,23.58 ,23.62 ,23.54 ,23.51 ,23.56 ,23.59 ,23.66 ,23.55 ,23.61 ,23.74 ,23.68 ,23.7 ,23.74 ,23.72 ,23.75 ,23.76 ,23.81 ,23.82 ,23.82 ,23.86 ,23.87 ,23.82 ,23.83 ,23.85 ,23.91 ,23.9 ,23.79 ,23.78 ,23.81 ,23.79 ,23.82 ,23.81 ,23.82 ,23.94 ,23.88 ,23.94 ,23.89 ,23.81 ,23.77 ,23.79 ,23.85 ,23.88 ,23.83 ,23.82 ,23.73 ,23.81 ,23.89 ,23.85 ,23.88 ,23.94 ,23.82 ,23.84 ,23.82 ,23.84 ,23.83 ,23.83 ,23.9 ,23.94 ,23.9 ,23.91 ,23.84 ,23.85 ,23.77 ,23.71 ,23.74 ,23.7 ,23.69 ,23.68 ,23.85 ,23.9 ,23.86 ,23.84 ,23.76 ,23.67 ,23.64 ,23.72 ,23.8 ,23.81 ,23.77 ,23.77 ,23.77 ,23.75 ,23.81 ,23.9 ,23.91 ,23.88 ,23.84 ,23.89 ,23.83 ,23.78 ,23.93 ,23.98 ,23.91 ,23.9 ,23.96 ,23.98 ,23.91 ,23.98 ,23.95 ,23.89 ,23.87 ,23.94 ,23.89 ,23.87 ,23.91 ,23.96 ,23.93 ,23.96 ,23.93 ,24 ,23.96 ,23.95 ,23.97 ,23.89 ,23.99 ,24.05 ,23.98 ,23.89 ,23.98 ,23.98 ,23.95 ,23.9 ,23.92 ,23.9 ,23.91 ,23.9 ,23.97 ,23.99 ,23.92 ,23.83 ,23.91 ,23.95 ,23.84 ,23.88 ,23.94 ,23.92 ,23.93 ,23.93 ,23.96 ,23.94 ,23.95 ,23.98 ,23.95 ,24 ,23.97 ,23.88 ,23.84 ,23.87 ,23.86 ,23.84 ,23.89 ,23.96 ,23.96 ,23.95 ,23.93 ,23.97 ,23.98 ,23.96 ,24.02 ,23.88 ,23.84 ,23.93 ,23.92 ,23.88 ,23.91 ,23.87 ,23.97 ,23.93 ,23.85 ,23.81 ,23.84 ,23.85 ,23.82 ,23.83 ,23.96 ,23.98 ,24.02 ,23.96 ,23.82 ,23.78 ,23.64 ,23.63 ,23.63 ,23.69 ,23.74 ,23.73 ,23.76 ,23.81 ,23.81 ,23.92 ,23.82 ,23.84 ,23.84 ,23.79 ,23.84 ,23.91 ,23.87 ,23.85 ,23.86 ,23.87 ,23.79 ,23.75 ,23.8 ,23.82 ,23.78 ,23.79 ,23.8 ,23.86 ,23.74 ,23.79 ,23.74 ,23.75 ,23.86 ,23.9 ,23.84 ,23.75 ,23.75 ,23.87 ,23.89 ,23.85 ,23.93 ,23.93 ,23.81 ,23.82 ,23.86 ,23.87 ,23.88 ,23.82 ,23.77 ,23.77 ,23.84 ,23.81 ,23.8 ,23.79 ,23.82 ,23.8 ,23.88 ,23.86 ,23.89 ,23.95 ,23.87 ,23.88 ,23.87 ,23.79 ,23.81 ,23.82 ,23.84 ,23.86 ,23.83 ,23.88 ,23.72 ,23.77 ,23.73 ,23.79 ,23.79 ,23.87 ,23.85 ,23.8 ,23.77 ,23.92 ,23.75 ,23.69 ,23.79 ,23.85 ,23.86 ,23.86 ,23.84 ,23.86 ,23.84 ,23.82 ,23.82 ,23.8 ,23.74 ,23.82 ,23.83 ,23.87 ,23.88 ,23.97 ,23.92 ,23.83 ,23.83 ,23.85 ,23.88 ,23.9 ,23.84 ,23.76 ,23.78 ,23.78 ,23.85 ,23.89 ,23.86 ,23.84 ,23.79 ,23.83 ,23.85 ,23.82 ,23.82 ,23.92 ,23.79 ,23.75 ,23.83 ,23.82 ,23.76 ,23.74 ,23.8 ,23.83 ,23.9 ,23.83 ,23.8 ,23.87 ,23.86 ,23.79 ,23.85 ,23.86 ,23.82 ,23.71 ,23.71 ,23.79 ,23.74 ,23.68 ,23.76 ,23.73 ,23.71 ,23.76 ,23.77 ,23.78 ,23.73 ,23.76 ,23.78 ,23.77 ,23.76 ,23.7 ,23.7 ,23.7 ,23.7 ,23.66 ,23.55 ,23.66 ,23.62 ,23.57 ,23.61 ,23.71 ,23.61 ,23.54 ,23.58 ,23.56 ,23.42 ,23.31 ,23.32 ,23.22 ,23.17 ,23.24 ,23.23 ,23.16 ,23.16 ,23.17 ,23.19 ,23.26 ,23.2 ,23.19 ,23.14 ,23.18 ,23.17 ,23.15 ,23.13 ,23.12 ,23.18 ,23.22 ,23.24 ,23.15 ,23.14 ,23.21 ,23.25 ,23.16 ,23.29 ,23.37 ,23.31 ,23.15 ,23.11 ,23.07 ,22.94 ,22.92 ,22.98 ,23 ,22.86 ,22.84 ,22.93 ,22.87 ,22.85 ,22.86 ,22.85 ,22.86 ,22.81 ,22.77 ,22.88 ,22.93 ,22.93 ,22.89 ,22.89 ,22.93 ,22.85 ,22.77 ,22.76 ,22.66 ,22.77 ,22.88 ,22.9 ,22.81 ,22.85 ,22.83 ,22.81 ,22.76 ,22.67 ,22.75 ,22.83 ,22.86 ,22.84 ,22.95 ,22.76 ,22.7 ,22.74 ,22.76 ,22.65 ,22.65 ,22.66 ,22.8 ,22.81 ,22.8 ,22.83 ,22.84 ,22.66 ,22.75 ,22.65 ,22.65 ,22.85 ,22.78 ,22.84 ,22.78 ,22.6 ,22.7 ,22.75 ,22.88 ,22.81 ,22.75 ,
362,23.28 ,23.21 ,23.36 ,23.35 ,23.23 ,23.1 ,23.27 ,23.27 ,23.4 ,23.4 ,23.3 ,23.33 ,23.39 ,23.34 ,23.36 ,23.26 ,23.23 ,23.3 ,23.43 ,23.39 ,23.28 ,23.36 ,23.41 ,23.34 ,23.31 ,23.37 ,23.4 ,23.35 ,23.39 ,23.31 ,23.38 ,23.45 ,23.44 ,23.58 ,23.59 ,23.6 ,23.5 ,23.49 ,23.51 ,23.51 ,23.53 ,23.53 ,23.59 ,23.59 ,23.59 ,23.63 ,23.65 ,23.67 ,23.54 ,23.58 ,23.57 ,23.49 ,23.52 ,23.62 ,23.68 ,23.63 ,23.6 ,23.56 ,23.54 ,23.57 ,23.53 ,23.5 ,23.61 ,23.62 ,23.61 ,23.65 ,23.7 ,23.68 ,23.62 ,23.6 ,23.56 ,23.56 ,23.64 ,23.73 ,23.68 ,23.58 ,23.56 ,23.56 ,23.51 ,23.56 ,23.57 ,23.66 ,23.58 ,23.61 ,23.61 ,23.6 ,23.68 ,23.69 ,23.68 ,23.65 ,23.63 ,23.67 ,23.59 ,23.6 ,23.6 ,23.69 ,23.72 ,23.62 ,23.64 ,23.68 ,23.62 ,23.62 ,23.63 ,23.63 ,23.61 ,23.61 ,23.63 ,23.61 ,23.69 ,23.66 ,23.63 ,23.65 ,23.67 ,23.6 ,23.59 ,23.7 ,23.71 ,23.67 ,23.67 ,23.65 ,23.69 ,23.73 ,23.7 ,23.75 ,23.73 ,23.7 ,23.64 ,23.72 ,23.76 ,23.66 ,23.69 ,23.64 ,23.67 ,23.69 ,23.7 ,23.74 ,23.7 ,23.75 ,23.67 ,23.66 ,23.62 ,23.66 ,23.67 ,23.62 ,23.74 ,23.69 ,23.78 ,23.71 ,23.65 ,23.59 ,23.67 ,23.73 ,23.75 ,23.77 ,23.71 ,23.63 ,23.67 ,23.67 ,23.67 ,23.68 ,23.67 ,23.67 ,23.75 ,23.76 ,23.78 ,23.82 ,23.7 ,23.78 ,23.69 ,23.66 ,23.74 ,23.76 ,23.69 ,23.75 ,23.7 ,23.68 ,23.63 ,23.68 ,23.57 ,23.62 ,23.62 ,23.75 ,23.74 ,23.58 ,23.62 ,23.59 ,23.57 ,23.58 ,23.64 ,23.49 ,23.59 ,23.7 ,23.62 ,23.68 ,23.73 ,23.65 ,23.57 ,23.6 ,23.56 ,23.58 ,23.56 ,23.59 ,23.66 ,23.61 ,23.62 ,23.64 ,23.62 ,23.69 ,23.69 ,23.71 ,23.76 ,23.82 ,23.79 ,23.84 ,23.86 ,23.84 ,23.88 ,23.87 ,23.87 ,23.87 ,23.83 ,23.9 ,23.88 ,23.8 ,23.82 ,23.81 ,23.85 ,23.81 ,23.8 ,23.85 ,23.9 ,23.91 ,23.98 ,23.9 ,23.79 ,23.81 ,23.85 ,23.92 ,23.91 ,23.85 ,23.82 ,23.87 ,23.88 ,23.92 ,23.9 ,23.85 ,23.84 ,23.82 ,23.86 ,23.87 ,23.89 ,23.83 ,23.85 ,23.89 ,23.88 ,23.87 ,23.88 ,23.86 ,23.7 ,23.68 ,23.78 ,23.81 ,23.79 ,23.76 ,23.77 ,23.76 ,23.77 ,23.78 ,23.79 ,23.72 ,23.68 ,23.78 ,23.9 ,23.85 ,23.8 ,23.86 ,23.95 ,23.91 ,23.8 ,23.87 ,23.96 ,23.9 ,23.85 ,23.84 ,23.85 ,23.83 ,23.92 ,23.91 ,23.88 ,23.85 ,23.86 ,23.91 ,23.93 ,23.92 ,23.96 ,23.95 ,23.86 ,23.87 ,23.87 ,23.91 ,23.91 ,23.95 ,23.97 ,23.91 ,23.88 ,23.94 ,23.96 ,23.98 ,23.95 ,23.92 ,23.91 ,24 ,23.94 ,23.85 ,23.94 ,24 ,23.97 ,23.85 ,23.87 ,23.93 ,23.91 ,23.9 ,24.01 ,23.89 ,23.91 ,23.9 ,23.87 ,23.94 ,23.92 ,23.87 ,23.98 ,23.95 ,23.93 ,23.95 ,23.94 ,23.87 ,23.86 ,23.86 ,23.93 ,23.97 ,24.01 ,23.97 ,23.85 ,23.84 ,23.86 ,23.96 ,23.98 ,24 ,23.99 ,23.92 ,23.9 ,23.89 ,24.01 ,23.99 ,23.96 ,23.87 ,23.77 ,23.83 ,23.8 ,23.91 ,23.96 ,23.92 ,23.97 ,23.98 ,23.84 ,23.75 ,23.79 ,23.85 ,23.81 ,23.77 ,23.84 ,23.89 ,23.94 ,23.92 ,23.73 ,23.74 ,23.74 ,23.62 ,23.59 ,23.63 ,23.69 ,23.75 ,23.75 ,23.81 ,23.81 ,23.91 ,23.88 ,23.9 ,23.78 ,23.74 ,23.77 ,23.88 ,23.78 ,23.7 ,23.76 ,23.73 ,23.78 ,23.78 ,23.78 ,23.81 ,23.74 ,23.79 ,23.84 ,23.87 ,23.9 ,23.82 ,23.79 ,23.8 ,23.82 ,23.82 ,23.83 ,23.75 ,23.82 ,23.87 ,23.88 ,23.84 ,23.86 ,23.88 ,23.83 ,23.87 ,23.82 ,23.89 ,23.89 ,23.86 ,23.78 ,23.78 ,23.88 ,23.9 ,23.73 ,23.7 ,23.72 ,23.87 ,23.9 ,23.8 ,23.82 ,23.9 ,23.88 ,23.91 ,23.86 ,23.75 ,23.73 ,23.8 ,23.83 ,23.84 ,23.84 ,23.85 ,23.82 ,23.76 ,23.8 ,23.8 ,23.84 ,23.92 ,23.9 ,23.8 ,23.71 ,23.9 ,23.85 ,23.78 ,23.86 ,23.92 ,23.86 ,23.82 ,23.83 ,23.84 ,23.8 ,23.78 ,23.86 ,23.83 ,23.82 ,23.78 ,23.78 ,23.77 ,23.8 ,23.88 ,23.85 ,23.87 ,23.81 ,23.76 ,23.8 ,23.83 ,23.81 ,23.86 ,23.8 ,23.79 ,23.84 ,23.86 ,23.85 ,23.8 ,23.84 ,23.82 ,23.81 ,23.84 ,23.88 ,23.87 ,23.81 ,23.79 ,23.83 ,23.83 ,23.77 ,23.75 ,23.8 ,23.75 ,23.83 ,23.86 ,23.82 ,23.79 ,23.82 ,23.8 ,23.78 ,23.94 ,23.91 ,23.75 ,23.81 ,23.79 ,23.8 ,23.77 ,23.77 ,23.73 ,23.72 ,23.8 ,23.83 ,23.77 ,23.77 ,23.7 ,23.72 ,23.76 ,23.65 ,23.6 ,23.69 ,23.77 ,23.7 ,23.69 ,23.65 ,23.71 ,23.67 ,23.53 ,23.56 ,23.65 ,23.62 ,23.54 ,23.58 ,23.6 ,23.47 ,23.43 ,23.47 ,23.35 ,23.28 ,23.39 ,23.31 ,23.24 ,23.32 ,23.31 ,23.29 ,23.42 ,23.37 ,23.34 ,23.31 ,23.21 ,23.14 ,23.2 ,23.03 ,23.15 ,23.16 ,23.27 ,23.27 ,23.28 ,23.19 ,23.21 ,23.3 ,23.22 ,23.3 ,23.38 ,23.41 ,23.33 ,23.26 ,23.17 ,23.01 ,23.08 ,23.06 ,23.06 ,22.92 ,22.86 ,22.92 ,23.06 ,22.97 ,22.98 ,22.94 ,22.92 ,22.92 ,22.9 ,22.93 ,23.01 ,23.03 ,22.95 ,22.98 ,22.98 ,22.95 ,22.95 ,22.85 ,22.8 ,22.88 ,22.91 ,22.97 ,22.85 ,22.83 ,22.91 ,22.86 ,22.87 ,22.79 ,22.87 ,22.82 ,22.81 ,22.74 ,22.84 ,22.81 ,22.7 ,22.79 ,22.74 ,22.71 ,22.72 ,22.72 ,22.76 ,22.88 ,22.76 ,22.84 ,22.86 ,22.73 ,22.74 ,22.76 ,22.76 ,22.85 ,22.92 ,22.76 ,22.8 ,22.68 ,22.73 ,22.78 ,22.8 ,22.78 ,22.77 ,
363,23.2 ,23.23 ,23.16 ,23.24 ,23.23 ,23.11 ,23.23 ,23.24 ,23.35 ,23.38 ,23.3 ,23.39 ,23.37 ,23.29 ,23.32 ,23.27 ,23.26 ,23.31 ,23.4 ,23.32 ,23.22 ,23.27 ,23.31 ,23.31 ,23.35 ,23.36 ,23.28 ,23.36 ,23.4 ,23.43 ,23.51 ,23.47 ,23.49 ,23.62 ,23.56 ,23.63 ,23.6 ,23.54 ,23.59 ,23.47 ,23.62 ,23.52 ,23.5 ,23.6 ,23.6 ,23.56 ,23.59 ,23.67 ,23.58 ,23.48 ,23.48 ,23.53 ,23.53 ,23.55 ,23.6 ,23.62 ,23.61 ,23.59 ,23.6 ,23.55 ,23.53 ,23.5 ,23.54 ,23.63 ,23.64 ,23.58 ,23.63 ,23.7 ,23.62 ,23.53 ,23.64 ,23.61 ,23.59 ,23.7 ,23.67 ,23.57 ,23.57 ,23.71 ,23.54 ,23.53 ,23.61 ,23.64 ,23.62 ,23.63 ,23.61 ,23.65 ,23.62 ,23.66 ,23.64 ,23.62 ,23.64 ,23.61 ,23.66 ,23.65 ,23.6 ,23.6 ,23.62 ,23.65 ,23.54 ,23.64 ,23.62 ,23.61 ,23.58 ,23.6 ,23.66 ,23.64 ,23.71 ,23.65 ,23.62 ,23.66 ,23.69 ,23.64 ,23.68 ,23.68 ,23.62 ,23.66 ,23.67 ,23.69 ,23.69 ,23.62 ,23.69 ,23.8 ,23.69 ,23.66 ,23.71 ,23.68 ,23.73 ,23.75 ,23.8 ,23.66 ,23.6 ,23.65 ,23.69 ,23.74 ,23.71 ,23.78 ,23.7 ,23.71 ,23.68 ,23.62 ,23.68 ,23.61 ,23.62 ,23.62 ,23.78 ,23.78 ,23.68 ,23.72 ,23.69 ,23.66 ,23.68 ,23.69 ,23.74 ,23.73 ,23.68 ,23.64 ,23.64 ,23.67 ,23.69 ,23.67 ,23.73 ,23.72 ,23.69 ,23.73 ,23.78 ,23.79 ,23.7 ,23.76 ,23.67 ,23.69 ,23.74 ,23.78 ,23.64 ,23.7 ,23.73 ,23.61 ,23.65 ,23.67 ,23.57 ,23.66 ,23.68 ,23.74 ,23.84 ,23.71 ,23.61 ,23.54 ,23.57 ,23.59 ,23.62 ,23.57 ,23.6 ,23.64 ,23.66 ,23.72 ,23.66 ,23.59 ,23.53 ,23.59 ,23.55 ,23.54 ,23.56 ,23.61 ,23.63 ,23.56 ,23.6 ,23.66 ,23.6 ,23.66 ,23.64 ,23.68 ,23.69 ,23.78 ,23.81 ,23.81 ,23.85 ,23.83 ,23.85 ,23.87 ,23.88 ,23.89 ,23.86 ,23.87 ,23.88 ,23.84 ,23.87 ,23.88 ,23.83 ,23.82 ,23.9 ,23.83 ,23.8 ,23.88 ,24.01 ,23.98 ,23.86 ,23.82 ,23.86 ,23.83 ,23.8 ,23.8 ,23.89 ,23.86 ,23.93 ,23.93 ,23.9 ,23.79 ,23.79 ,23.83 ,23.85 ,23.86 ,23.81 ,23.75 ,23.83 ,23.92 ,23.93 ,23.87 ,23.79 ,23.81 ,23.67 ,23.69 ,23.72 ,23.71 ,23.73 ,23.69 ,23.7 ,23.78 ,23.83 ,23.81 ,23.86 ,23.77 ,23.74 ,23.85 ,23.88 ,23.96 ,23.9 ,23.86 ,23.86 ,23.93 ,23.93 ,23.87 ,23.89 ,23.94 ,23.86 ,23.91 ,23.88 ,23.86 ,23.94 ,23.91 ,23.76 ,23.78 ,23.86 ,23.9 ,23.92 ,23.89 ,23.96 ,24.04 ,23.91 ,23.89 ,23.85 ,23.86 ,23.91 ,23.9 ,23.87 ,23.89 ,23.94 ,23.94 ,23.96 ,23.98 ,23.93 ,23.87 ,23.92 ,23.93 ,23.85 ,23.93 ,23.88 ,23.91 ,23.88 ,23.87 ,23.89 ,23.84 ,23.9 ,23.9 ,23.97 ,23.99 ,23.92 ,23.96 ,23.91 ,23.94 ,23.93 ,23.9 ,23.96 ,23.92 ,23.95 ,23.93 ,23.99 ,23.91 ,23.88 ,23.87 ,23.84 ,23.85 ,23.99 ,23.96 ,23.89 ,23.92 ,23.9 ,23.87 ,23.93 ,23.89 ,23.87 ,23.87 ,23.95 ,23.89 ,23.95 ,23.98 ,23.88 ,23.86 ,23.88 ,23.89 ,23.9 ,23.95 ,23.93 ,23.9 ,23.94 ,23.87 ,23.81 ,23.67 ,23.71 ,23.71 ,23.78 ,23.78 ,23.75 ,23.83 ,23.85 ,23.81 ,23.75 ,23.7 ,23.65 ,23.61 ,23.69 ,23.72 ,23.68 ,23.64 ,23.68 ,23.8 ,23.81 ,23.8 ,23.71 ,23.78 ,23.8 ,23.69 ,23.79 ,23.85 ,23.8 ,23.66 ,23.69 ,23.77 ,23.78 ,23.81 ,23.85 ,23.79 ,23.8 ,23.77 ,23.78 ,23.94 ,23.85 ,23.84 ,23.78 ,23.86 ,23.9 ,23.87 ,23.82 ,23.76 ,23.72 ,23.77 ,23.79 ,23.78 ,23.79 ,23.83 ,23.82 ,23.8 ,23.78 ,23.78 ,23.84 ,23.82 ,23.79 ,23.78 ,23.8 ,23.84 ,23.86 ,23.8 ,23.65 ,23.8 ,23.92 ,23.9 ,23.85 ,23.89 ,23.84 ,23.79 ,23.81 ,23.85 ,23.84 ,23.88 ,23.81 ,23.84 ,23.81 ,23.81 ,23.78 ,23.72 ,23.75 ,23.79 ,23.79 ,23.82 ,23.79 ,23.79 ,23.73 ,23.77 ,23.82 ,23.87 ,23.87 ,23.86 ,23.76 ,23.77 ,23.78 ,23.76 ,23.78 ,23.78 ,23.78 ,23.74 ,23.79 ,23.81 ,23.77 ,23.87 ,23.83 ,23.84 ,23.88 ,23.9 ,23.87 ,23.8 ,23.75 ,23.75 ,23.83 ,23.93 ,23.87 ,23.84 ,23.86 ,23.82 ,23.77 ,23.77 ,23.8 ,23.87 ,23.85 ,23.86 ,23.9 ,23.95 ,23.78 ,23.78 ,23.9 ,23.89 ,23.84 ,23.8 ,23.79 ,23.78 ,23.81 ,23.85 ,23.91 ,23.88 ,23.86 ,23.87 ,23.78 ,23.75 ,23.85 ,23.78 ,23.73 ,23.81 ,23.8 ,23.76 ,23.7 ,23.71 ,23.75 ,23.75 ,23.8 ,23.87 ,23.8 ,23.72 ,23.68 ,23.7 ,23.7 ,23.57 ,23.68 ,23.74 ,23.64 ,23.62 ,23.67 ,23.7 ,23.69 ,23.65 ,23.57 ,23.57 ,23.59 ,23.58 ,23.65 ,23.58 ,23.36 ,23.45 ,23.49 ,23.39 ,23.28 ,23.36 ,23.3 ,23.3 ,23.3 ,23.25 ,23.28 ,23.35 ,23.44 ,23.38 ,23.33 ,23.27 ,23.25 ,23.22 ,23.12 ,23.14 ,23.17 ,23.2 ,23.33 ,23.28 ,23.31 ,23.26 ,23.26 ,23.22 ,23.32 ,23.37 ,23.31 ,23.3 ,23.24 ,23.17 ,23.01 ,23.07 ,23.04 ,23 ,22.94 ,22.93 ,22.9 ,22.9 ,22.92 ,22.88 ,22.97 ,23.01 ,22.99 ,22.98 ,22.93 ,22.93 ,22.98 ,22.89 ,22.81 ,22.86 ,22.89 ,22.93 ,22.91 ,22.81 ,22.87 ,22.92 ,23.02 ,22.9 ,22.78 ,22.9 ,22.92 ,22.88 ,22.89 ,22.92 ,22.9 ,22.83 ,22.72 ,22.76 ,22.96 ,22.93 ,22.83 ,22.79 ,22.81 ,22.87 ,22.8 ,22.82 ,22.88 ,22.78 ,22.77 ,22.87 ,22.85 ,22.84 ,22.72 ,22.78 ,22.74 ,22.8 ,22.73 ,22.69 ,22.7 ,22.78 ,22.82 ,22.91 ,22.84 ,22.8 ,
364,23.28 ,23.26 ,23.31 ,23.32 ,23.21 ,23.16 ,23.26 ,23.27 ,23.28 ,23.33 ,23.28 ,23.32 ,23.34 ,23.27 ,23.24 ,23.3 ,23.27 ,23.28 ,23.28 ,23.27 ,23.25 ,23.25 ,23.36 ,23.36 ,23.28 ,23.4 ,23.38 ,23.36 ,23.36 ,23.38 ,23.57 ,23.58 ,23.44 ,23.56 ,23.45 ,23.53 ,23.63 ,23.55 ,23.64 ,23.58 ,23.58 ,23.57 ,23.53 ,23.56 ,23.59 ,23.59 ,23.6 ,23.63 ,23.59 ,23.54 ,23.55 ,23.52 ,23.57 ,23.59 ,23.61 ,23.64 ,23.6 ,23.61 ,23.61 ,23.56 ,23.59 ,23.6 ,23.58 ,23.63 ,23.68 ,23.59 ,23.55 ,23.64 ,23.63 ,23.56 ,23.66 ,23.7 ,23.66 ,23.61 ,23.64 ,23.58 ,23.55 ,23.58 ,23.65 ,23.56 ,23.65 ,23.62 ,23.56 ,23.53 ,23.57 ,23.68 ,23.63 ,23.68 ,23.68 ,23.58 ,23.68 ,23.74 ,23.75 ,23.66 ,23.62 ,23.68 ,23.6 ,23.54 ,23.59 ,23.59 ,23.63 ,23.68 ,23.61 ,23.64 ,23.72 ,23.75 ,23.7 ,23.68 ,23.71 ,23.64 ,23.64 ,23.67 ,23.71 ,23.72 ,23.68 ,23.61 ,23.66 ,23.68 ,23.71 ,23.75 ,23.75 ,23.77 ,23.67 ,23.62 ,23.71 ,23.7 ,23.79 ,23.79 ,23.83 ,23.65 ,23.64 ,23.72 ,23.71 ,23.76 ,23.7 ,23.69 ,23.77 ,23.79 ,23.66 ,23.69 ,23.7 ,23.68 ,23.62 ,23.63 ,23.76 ,23.8 ,23.72 ,23.72 ,23.75 ,23.72 ,23.64 ,23.7 ,23.75 ,23.83 ,23.71 ,23.69 ,23.69 ,23.62 ,23.66 ,23.72 ,23.68 ,23.77 ,23.7 ,23.74 ,23.79 ,23.83 ,23.67 ,23.81 ,23.72 ,23.73 ,23.75 ,23.72 ,23.67 ,23.63 ,23.69 ,23.67 ,23.72 ,23.66 ,23.61 ,23.68 ,23.69 ,23.68 ,23.73 ,23.71 ,23.63 ,23.57 ,23.62 ,23.62 ,23.6 ,23.63 ,23.59 ,23.57 ,23.62 ,23.74 ,23.67 ,23.55 ,23.53 ,23.56 ,23.55 ,23.55 ,23.63 ,23.61 ,23.58 ,23.52 ,23.6 ,23.68 ,23.71 ,23.66 ,23.67 ,23.7 ,23.67 ,23.67 ,23.7 ,23.67 ,23.75 ,23.76 ,23.78 ,23.81 ,23.78 ,23.88 ,23.9 ,23.87 ,23.85 ,23.86 ,23.92 ,23.87 ,23.86 ,23.83 ,23.86 ,23.88 ,23.77 ,23.83 ,23.97 ,24 ,23.9 ,23.84 ,23.8 ,23.72 ,23.8 ,23.79 ,23.86 ,23.96 ,23.9 ,23.87 ,23.84 ,23.89 ,23.86 ,23.85 ,23.88 ,23.82 ,23.84 ,23.82 ,23.78 ,23.85 ,23.88 ,23.76 ,23.76 ,23.73 ,23.73 ,23.74 ,23.64 ,23.71 ,23.66 ,23.68 ,23.78 ,23.78 ,23.87 ,23.91 ,23.93 ,23.79 ,23.77 ,23.89 ,23.87 ,23.97 ,23.89 ,23.85 ,23.85 ,23.91 ,23.97 ,23.91 ,23.92 ,23.86 ,23.9 ,23.96 ,23.95 ,23.87 ,23.95 ,23.95 ,23.83 ,23.77 ,23.89 ,23.92 ,23.94 ,23.97 ,23.93 ,23.96 ,23.92 ,23.91 ,23.9 ,23.84 ,23.89 ,23.95 ,23.92 ,23.89 ,23.93 ,23.97 ,23.98 ,24 ,23.91 ,23.83 ,23.89 ,23.91 ,23.84 ,23.9 ,23.94 ,23.93 ,23.85 ,23.86 ,23.99 ,23.91 ,23.86 ,23.91 ,23.94 ,23.96 ,23.93 ,23.92 ,23.93 ,23.9 ,23.88 ,23.92 ,24 ,24.02 ,23.94 ,23.91 ,23.94 ,23.87 ,23.85 ,23.88 ,23.86 ,23.88 ,23.9 ,23.91 ,23.85 ,23.94 ,23.86 ,23.88 ,23.89 ,23.92 ,23.97 ,23.86 ,23.86 ,23.87 ,23.93 ,24.04 ,23.91 ,23.87 ,23.89 ,23.91 ,23.91 ,23.86 ,23.81 ,23.82 ,23.83 ,23.64 ,23.75 ,23.74 ,23.66 ,23.71 ,23.76 ,23.69 ,23.72 ,23.78 ,23.83 ,23.72 ,23.67 ,23.69 ,23.68 ,23.62 ,23.66 ,23.66 ,23.68 ,23.62 ,23.62 ,23.74 ,23.72 ,23.72 ,23.6 ,23.59 ,23.7 ,23.69 ,23.75 ,23.78 ,23.77 ,23.73 ,23.76 ,23.78 ,23.84 ,23.83 ,23.8 ,23.78 ,23.91 ,23.83 ,23.77 ,23.8 ,23.8 ,23.78 ,23.78 ,23.83 ,23.83 ,23.9 ,23.85 ,23.78 ,23.82 ,23.82 ,23.81 ,23.8 ,23.84 ,23.88 ,23.86 ,23.82 ,23.81 ,23.88 ,23.89 ,23.79 ,23.75 ,23.8 ,23.85 ,23.8 ,23.89 ,23.85 ,23.75 ,23.73 ,23.83 ,23.87 ,23.87 ,23.87 ,23.82 ,23.77 ,23.85 ,23.84 ,23.87 ,23.9 ,23.86 ,23.81 ,23.86 ,23.84 ,23.81 ,23.75 ,23.73 ,23.82 ,23.72 ,23.78 ,23.83 ,23.86 ,23.75 ,23.87 ,23.8 ,23.9 ,23.9 ,23.8 ,23.83 ,23.81 ,23.75 ,23.75 ,23.74 ,23.77 ,23.78 ,23.8 ,23.79 ,23.86 ,23.82 ,23.9 ,23.9 ,23.83 ,23.86 ,23.89 ,23.87 ,23.86 ,23.89 ,23.77 ,23.79 ,23.91 ,24 ,23.94 ,23.88 ,23.82 ,23.76 ,23.8 ,23.83 ,23.83 ,23.84 ,23.85 ,23.84 ,23.88 ,23.8 ,23.75 ,23.8 ,23.83 ,23.8 ,23.85 ,23.83 ,23.82 ,23.88 ,23.86 ,23.89 ,23.85 ,23.85 ,23.88 ,23.86 ,23.78 ,23.82 ,23.82 ,23.77 ,23.82 ,23.78 ,23.71 ,23.67 ,23.68 ,23.74 ,23.78 ,23.74 ,23.82 ,23.8 ,23.69 ,23.69 ,23.75 ,23.79 ,23.7 ,23.66 ,23.74 ,23.66 ,23.66 ,23.66 ,23.65 ,23.62 ,23.69 ,23.71 ,23.66 ,23.61 ,23.56 ,23.59 ,23.51 ,23.31 ,23.34 ,23.48 ,23.37 ,23.31 ,23.46 ,23.45 ,23.41 ,23.43 ,23.39 ,23.39 ,23.36 ,23.45 ,23.36 ,23.27 ,23.26 ,23.25 ,23.2 ,23.14 ,23.2 ,23.17 ,23.27 ,23.33 ,23.3 ,23.35 ,23.34 ,23.35 ,23.33 ,23.3 ,23.4 ,23.46 ,23.35 ,23.32 ,23.33 ,23.09 ,23.24 ,23.14 ,23.02 ,23.08 ,22.97 ,22.9 ,22.88 ,22.89 ,22.9 ,22.9 ,22.92 ,23.01 ,23.04 ,22.89 ,22.9 ,23.01 ,22.97 ,22.92 ,22.84 ,22.93 ,22.93 ,22.95 ,22.88 ,22.93 ,23 ,22.99 ,22.97 ,22.93 ,22.92 ,23 ,22.94 ,22.9 ,22.98 ,22.95 ,22.89 ,22.86 ,22.88 ,22.98 ,23 ,22.9 ,22.84 ,22.86 ,22.79 ,22.76 ,22.81 ,22.96 ,22.88 ,22.78 ,22.82 ,22.83 ,22.9 ,22.72 ,22.76 ,22.85 ,22.91 ,22.94 ,22.84 ,22.7 ,22.77 ,22.88 ,22.89 ,22.86 ,22.87 ,
365,23.25 ,23.22 ,23.28 ,23.3 ,23.18 ,23.09 ,23.2 ,23.25 ,23.27 ,23.35 ,23.23 ,23.28 ,23.28 ,23.29 ,23.26 ,23.32 ,23.34 ,23.29 ,23.33 ,23.34 ,23.35 ,23.32 ,23.32 ,23.38 ,23.31 ,23.37 ,23.4 ,23.41 ,23.29 ,23.4 ,23.51 ,23.57 ,23.52 ,23.54 ,23.47 ,23.53 ,23.67 ,23.6 ,23.6 ,23.61 ,23.63 ,23.62 ,23.58 ,23.59 ,23.57 ,23.58 ,23.61 ,23.62 ,23.61 ,23.59 ,23.58 ,23.57 ,23.64 ,23.62 ,23.62 ,23.62 ,23.68 ,23.64 ,23.64 ,23.55 ,23.59 ,23.61 ,23.59 ,23.6 ,23.68 ,23.58 ,23.55 ,23.55 ,23.57 ,23.54 ,23.61 ,23.59 ,23.73 ,23.63 ,23.63 ,23.63 ,23.53 ,23.54 ,23.58 ,23.62 ,23.61 ,23.57 ,23.52 ,23.51 ,23.5 ,23.61 ,23.67 ,23.64 ,23.67 ,23.69 ,23.66 ,23.73 ,23.71 ,23.68 ,23.62 ,23.72 ,23.62 ,23.54 ,23.56 ,23.6 ,23.51 ,23.64 ,23.65 ,23.62 ,23.71 ,23.69 ,23.65 ,23.66 ,23.72 ,23.7 ,23.66 ,23.71 ,23.67 ,23.67 ,23.68 ,23.61 ,23.61 ,23.6 ,23.75 ,23.69 ,23.62 ,23.62 ,23.67 ,23.75 ,23.68 ,23.67 ,23.68 ,23.73 ,23.75 ,23.73 ,23.66 ,23.71 ,23.64 ,23.74 ,23.73 ,23.64 ,23.63 ,23.72 ,23.68 ,23.68 ,23.69 ,23.64 ,23.71 ,23.68 ,23.65 ,23.63 ,23.71 ,23.72 ,23.76 ,23.73 ,23.69 ,23.76 ,23.76 ,23.77 ,23.71 ,23.69 ,23.74 ,23.63 ,23.62 ,23.69 ,23.67 ,23.67 ,23.75 ,23.72 ,23.8 ,23.8 ,23.71 ,23.77 ,23.68 ,23.76 ,23.71 ,23.69 ,23.66 ,23.72 ,23.71 ,23.73 ,23.78 ,23.71 ,23.65 ,23.72 ,23.76 ,23.67 ,23.67 ,23.61 ,23.59 ,23.62 ,23.62 ,23.6 ,23.57 ,23.58 ,23.57 ,23.57 ,23.66 ,23.67 ,23.65 ,23.56 ,23.55 ,23.61 ,23.53 ,23.5 ,23.55 ,23.65 ,23.62 ,23.49 ,23.57 ,23.71 ,23.73 ,23.67 ,23.64 ,23.65 ,23.55 ,23.63 ,23.65 ,23.54 ,23.66 ,23.76 ,23.82 ,23.86 ,23.77 ,23.86 ,23.82 ,23.77 ,23.79 ,23.84 ,23.8 ,23.87 ,23.91 ,23.84 ,23.82 ,23.84 ,23.84 ,23.74 ,23.83 ,23.88 ,23.93 ,23.83 ,23.82 ,23.82 ,23.89 ,23.92 ,23.91 ,23.9 ,23.89 ,23.87 ,23.89 ,23.97 ,23.85 ,23.82 ,23.85 ,23.77 ,23.73 ,23.78 ,23.81 ,23.81 ,23.74 ,23.7 ,23.69 ,23.73 ,23.65 ,23.67 ,23.71 ,23.7 ,23.76 ,23.76 ,23.87 ,23.93 ,23.87 ,23.93 ,23.93 ,23.79 ,23.78 ,23.9 ,23.89 ,23.92 ,23.91 ,23.87 ,23.89 ,23.93 ,23.91 ,23.87 ,23.98 ,23.97 ,23.88 ,23.89 ,23.92 ,23.95 ,23.96 ,23.95 ,23.85 ,23.86 ,23.95 ,23.91 ,23.89 ,23.95 ,23.89 ,23.96 ,23.88 ,23.89 ,23.92 ,23.92 ,23.89 ,23.96 ,23.97 ,24.02 ,23.94 ,23.95 ,23.98 ,24.02 ,23.97 ,23.81 ,23.89 ,23.95 ,23.84 ,23.94 ,23.94 ,23.98 ,23.93 ,23.86 ,23.96 ,23.95 ,23.92 ,23.96 ,24.01 ,23.96 ,23.91 ,23.93 ,23.96 ,23.91 ,23.83 ,23.88 ,23.98 ,23.94 ,23.94 ,23.88 ,23.88 ,23.92 ,23.86 ,23.82 ,23.9 ,23.93 ,23.93 ,23.87 ,23.9 ,23.92 ,23.88 ,23.89 ,23.96 ,23.98 ,23.95 ,23.87 ,23.9 ,23.9 ,23.92 ,23.99 ,23.97 ,23.92 ,23.87 ,23.88 ,23.86 ,23.76 ,23.77 ,23.69 ,23.7 ,23.66 ,23.72 ,23.68 ,23.61 ,23.69 ,23.71 ,23.63 ,23.69 ,23.74 ,23.73 ,23.76 ,23.61 ,23.64 ,23.67 ,23.7 ,23.72 ,23.73 ,23.68 ,23.69 ,23.65 ,23.64 ,23.63 ,23.66 ,23.61 ,23.59 ,23.68 ,23.7 ,23.76 ,23.76 ,23.73 ,23.77 ,23.79 ,23.79 ,23.82 ,23.86 ,23.86 ,23.79 ,23.84 ,23.9 ,23.84 ,23.89 ,23.78 ,23.76 ,23.82 ,23.87 ,23.85 ,23.86 ,23.9 ,23.81 ,23.91 ,23.99 ,23.94 ,23.89 ,23.86 ,23.82 ,23.83 ,23.85 ,23.79 ,23.8 ,23.82 ,23.84 ,23.82 ,23.81 ,23.87 ,23.9 ,23.91 ,23.83 ,23.75 ,23.79 ,23.8 ,23.79 ,23.79 ,23.88 ,23.84 ,23.84 ,23.83 ,23.79 ,23.89 ,23.81 ,23.82 ,23.78 ,23.84 ,23.81 ,23.78 ,23.76 ,23.75 ,23.79 ,23.8 ,23.86 ,23.86 ,23.91 ,23.85 ,23.89 ,23.81 ,23.79 ,23.86 ,23.84 ,23.86 ,23.84 ,23.74 ,23.8 ,23.81 ,23.81 ,23.86 ,23.87 ,23.81 ,23.79 ,23.8 ,23.81 ,23.87 ,23.81 ,23.81 ,23.84 ,23.9 ,23.85 ,23.87 ,23.87 ,23.8 ,23.85 ,23.85 ,23.88 ,23.87 ,23.84 ,23.8 ,23.83 ,23.88 ,23.81 ,23.76 ,23.81 ,23.83 ,23.78 ,23.73 ,23.82 ,23.76 ,23.86 ,23.76 ,23.82 ,23.85 ,23.76 ,23.84 ,23.78 ,23.8 ,23.8 ,23.78 ,23.88 ,23.86 ,23.84 ,23.79 ,23.68 ,23.86 ,23.85 ,23.81 ,23.75 ,23.66 ,23.65 ,23.74 ,23.75 ,23.66 ,23.69 ,23.68 ,23.66 ,23.69 ,23.68 ,23.73 ,23.76 ,23.72 ,23.77 ,23.67 ,23.63 ,23.66 ,23.67 ,23.68 ,23.68 ,23.71 ,23.71 ,23.59 ,23.53 ,23.57 ,23.54 ,23.39 ,23.45 ,23.44 ,23.44 ,23.35 ,23.46 ,23.46 ,23.42 ,23.45 ,23.47 ,23.45 ,23.42 ,23.47 ,23.46 ,23.35 ,23.36 ,23.27 ,23.23 ,23.17 ,23.14 ,23.07 ,23.19 ,23.33 ,23.39 ,23.43 ,23.45 ,23.37 ,23.31 ,23.35 ,23.46 ,23.37 ,23.42 ,23.35 ,23.38 ,23.21 ,23.33 ,23.31 ,23.1 ,23.07 ,23.1 ,22.95 ,22.96 ,22.99 ,23.04 ,23.04 ,23.02 ,22.96 ,23.05 ,23.01 ,22.97 ,22.94 ,22.93 ,22.95 ,22.96 ,22.97 ,22.97 ,22.95 ,23.03 ,23.03 ,23.08 ,23.02 ,22.97 ,22.93 ,23 ,23.05 ,23.01 ,22.93 ,22.95 ,23 ,23.01 ,22.95 ,22.9 ,22.91 ,23 ,22.97 ,22.89 ,22.85 ,22.79 ,22.75 ,22.88 ,23.05 ,22.88 ,22.94 ,22.9 ,22.89 ,22.88 ,22.75 ,22.79 ,22.87 ,22.95 ,22.96 ,22.9 ,22.83 ,22.79 ,22.83 ,22.87 ,22.78 ,22.78 ,
366,23.26 ,23.21 ,23.35 ,23.29 ,23.2 ,23.12 ,23.25 ,23.33 ,23.25 ,23.4 ,23.31 ,23.25 ,23.29 ,23.25 ,23.31 ,23.35 ,23.41 ,23.35 ,23.28 ,23.36 ,23.34 ,23.4 ,23.4 ,23.27 ,23.27 ,23.39 ,23.44 ,23.44 ,23.37 ,23.4 ,23.45 ,23.56 ,23.6 ,23.64 ,23.52 ,23.55 ,23.69 ,23.6 ,23.56 ,23.55 ,23.57 ,23.63 ,23.62 ,23.55 ,23.56 ,23.56 ,23.56 ,23.6 ,23.6 ,23.61 ,23.57 ,23.59 ,23.66 ,23.59 ,23.57 ,23.61 ,23.56 ,23.66 ,23.66 ,23.66 ,23.65 ,23.64 ,23.61 ,23.57 ,23.55 ,23.52 ,23.56 ,23.59 ,23.59 ,23.59 ,23.59 ,23.58 ,23.59 ,23.69 ,23.51 ,23.58 ,23.64 ,23.61 ,23.59 ,23.63 ,23.63 ,23.51 ,23.53 ,23.49 ,23.59 ,23.63 ,23.62 ,23.61 ,23.66 ,23.69 ,23.7 ,23.65 ,23.7 ,23.74 ,23.65 ,23.69 ,23.63 ,23.52 ,23.61 ,23.68 ,23.64 ,23.62 ,23.66 ,23.57 ,23.63 ,23.68 ,23.63 ,23.63 ,23.69 ,23.68 ,23.7 ,23.66 ,23.71 ,23.68 ,23.7 ,23.66 ,23.6 ,23.57 ,23.73 ,23.7 ,23.68 ,23.58 ,23.6 ,23.72 ,23.69 ,23.67 ,23.7 ,23.67 ,23.67 ,23.75 ,23.71 ,23.69 ,23.66 ,23.73 ,23.8 ,23.67 ,23.64 ,23.75 ,23.75 ,23.67 ,23.72 ,23.69 ,23.7 ,23.76 ,23.69 ,23.64 ,23.65 ,23.67 ,23.72 ,23.76 ,23.69 ,23.71 ,23.77 ,23.7 ,23.66 ,23.66 ,23.67 ,23.66 ,23.59 ,23.64 ,23.69 ,23.64 ,23.69 ,23.69 ,23.72 ,23.74 ,23.8 ,23.82 ,23.64 ,23.69 ,23.74 ,23.64 ,23.61 ,23.71 ,23.79 ,23.68 ,23.73 ,23.73 ,23.7 ,23.77 ,23.84 ,23.77 ,23.77 ,23.71 ,23.61 ,23.71 ,23.7 ,23.62 ,23.64 ,23.62 ,23.6 ,23.65 ,23.64 ,23.7 ,23.67 ,23.62 ,23.59 ,23.76 ,23.66 ,23.56 ,23.57 ,23.62 ,23.66 ,23.64 ,23.62 ,23.68 ,23.67 ,23.61 ,23.59 ,23.55 ,23.56 ,23.56 ,23.61 ,23.56 ,23.65 ,23.65 ,23.71 ,23.77 ,23.78 ,23.84 ,23.83 ,23.77 ,23.83 ,23.79 ,23.85 ,23.95 ,23.97 ,23.88 ,23.85 ,23.88 ,23.84 ,23.79 ,23.8 ,23.83 ,23.83 ,23.84 ,23.83 ,23.98 ,23.91 ,23.87 ,23.85 ,23.85 ,23.95 ,23.89 ,23.9 ,24.01 ,23.95 ,23.83 ,23.7 ,23.7 ,23.77 ,23.71 ,23.7 ,23.73 ,23.69 ,23.66 ,23.75 ,23.78 ,23.72 ,23.71 ,23.86 ,23.9 ,23.85 ,23.88 ,23.84 ,23.88 ,23.9 ,23.95 ,23.88 ,23.8 ,23.82 ,23.84 ,23.85 ,23.92 ,23.93 ,23.89 ,23.86 ,23.95 ,24 ,23.93 ,24.02 ,23.95 ,23.88 ,23.94 ,23.95 ,23.92 ,23.98 ,23.95 ,23.93 ,23.9 ,23.95 ,23.94 ,23.8 ,23.86 ,23.87 ,23.89 ,23.85 ,23.91 ,23.93 ,23.91 ,24.02 ,23.98 ,23.93 ,23.97 ,23.94 ,23.97 ,23.96 ,23.96 ,23.95 ,23.92 ,23.92 ,23.99 ,23.9 ,23.91 ,23.91 ,23.95 ,23.94 ,23.87 ,23.89 ,23.9 ,23.87 ,23.95 ,24 ,23.98 ,23.94 ,23.92 ,23.92 ,23.94 ,23.91 ,23.93 ,24 ,23.96 ,23.97 ,23.94 ,23.88 ,23.89 ,23.9 ,23.85 ,23.94 ,23.94 ,23.92 ,23.96 ,23.92 ,24 ,23.95 ,23.91 ,23.97 ,23.95 ,23.94 ,23.94 ,23.95 ,23.91 ,23.91 ,23.93 ,23.88 ,23.87 ,23.83 ,23.76 ,23.73 ,23.7 ,23.74 ,23.73 ,23.77 ,23.73 ,23.76 ,23.67 ,23.56 ,23.6 ,23.67 ,23.63 ,23.69 ,23.74 ,23.76 ,23.68 ,23.68 ,23.67 ,23.65 ,23.71 ,23.75 ,23.68 ,23.68 ,23.65 ,23.65 ,23.74 ,23.65 ,23.69 ,23.65 ,23.62 ,23.7 ,23.72 ,23.79 ,23.74 ,23.7 ,23.78 ,23.82 ,23.83 ,23.84 ,23.88 ,23.9 ,23.86 ,23.91 ,23.87 ,23.81 ,23.9 ,23.86 ,23.74 ,23.82 ,23.88 ,23.87 ,23.85 ,23.88 ,23.82 ,23.87 ,23.92 ,23.9 ,23.87 ,23.9 ,23.86 ,23.86 ,23.85 ,23.84 ,23.74 ,23.77 ,23.88 ,23.86 ,23.88 ,23.88 ,23.89 ,23.91 ,23.84 ,23.79 ,23.86 ,23.86 ,23.78 ,23.76 ,23.79 ,23.84 ,23.88 ,23.76 ,23.75 ,23.96 ,23.85 ,23.89 ,23.84 ,23.82 ,23.86 ,23.81 ,23.75 ,23.83 ,23.78 ,23.8 ,23.91 ,23.85 ,23.84 ,23.77 ,23.88 ,23.83 ,23.8 ,23.86 ,23.86 ,23.86 ,23.77 ,23.79 ,23.77 ,23.8 ,23.81 ,23.81 ,23.82 ,23.82 ,23.81 ,23.78 ,23.79 ,23.82 ,23.81 ,23.81 ,23.83 ,23.82 ,23.9 ,23.86 ,23.84 ,23.83 ,23.79 ,23.77 ,23.82 ,23.86 ,23.82 ,23.82 ,23.83 ,23.89 ,23.82 ,23.78 ,23.86 ,23.82 ,23.85 ,23.76 ,23.79 ,23.78 ,23.79 ,23.79 ,23.83 ,23.88 ,23.76 ,23.78 ,23.66 ,23.74 ,23.81 ,23.85 ,23.81 ,23.83 ,23.8 ,23.79 ,23.77 ,23.79 ,23.84 ,23.84 ,23.76 ,23.78 ,23.67 ,23.73 ,23.75 ,23.66 ,23.69 ,23.66 ,23.68 ,23.72 ,23.66 ,23.68 ,23.74 ,23.72 ,23.69 ,23.67 ,23.69 ,23.69 ,23.7 ,23.68 ,23.64 ,23.64 ,23.66 ,23.62 ,23.54 ,23.55 ,23.5 ,23.46 ,23.53 ,23.53 ,23.46 ,23.42 ,23.52 ,23.52 ,23.48 ,23.57 ,23.5 ,23.58 ,23.56 ,23.55 ,23.48 ,23.42 ,23.39 ,23.24 ,23.15 ,23.15 ,23.15 ,23.11 ,23.23 ,23.34 ,23.28 ,23.4 ,23.41 ,23.42 ,23.28 ,23.24 ,23.32 ,23.29 ,23.25 ,23.35 ,23.39 ,23.25 ,23.33 ,23.33 ,23.23 ,23.17 ,23.07 ,23.09 ,23.1 ,23.15 ,23.23 ,23.2 ,23.24 ,23.2 ,23.26 ,23.18 ,23.16 ,23.09 ,23.02 ,23 ,22.99 ,23.04 ,22.98 ,23 ,23 ,23.09 ,23.16 ,23.08 ,23.1 ,23 ,23.01 ,23.13 ,23.11 ,23.04 ,23.01 ,23.06 ,23.05 ,23.01 ,22.99 ,22.95 ,23.03 ,23.09 ,23.09 ,22.94 ,22.85 ,22.8 ,22.96 ,23.04 ,22.97 ,23.01 ,23 ,22.92 ,22.9 ,22.77 ,22.7 ,22.78 ,22.83 ,22.78 ,22.83 ,22.86 ,22.75 ,22.72 ,22.76 ,22.76 ,22.72 ,
367,23.29 ,23.21 ,23.27 ,23.3 ,23.18 ,23.17 ,23.31 ,23.33 ,23.29 ,23.32 ,23.31 ,23.29 ,23.33 ,23.32 ,23.22 ,23.25 ,23.35 ,23.38 ,23.26 ,23.32 ,23.33 ,23.41 ,23.39 ,23.3 ,23.25 ,23.38 ,23.46 ,23.42 ,23.44 ,23.46 ,23.49 ,23.51 ,23.52 ,23.57 ,23.55 ,23.51 ,23.51 ,23.53 ,23.56 ,23.6 ,23.55 ,23.58 ,23.64 ,23.54 ,23.49 ,23.57 ,23.56 ,23.56 ,23.57 ,23.59 ,23.61 ,23.56 ,23.61 ,23.56 ,23.61 ,23.57 ,23.49 ,23.59 ,23.71 ,23.66 ,23.65 ,23.69 ,23.55 ,23.55 ,23.54 ,23.49 ,23.47 ,23.53 ,23.58 ,23.57 ,23.61 ,23.54 ,23.57 ,23.65 ,23.54 ,23.52 ,23.71 ,23.67 ,23.57 ,23.57 ,23.64 ,23.59 ,23.59 ,23.61 ,23.58 ,23.56 ,23.57 ,23.54 ,23.67 ,23.71 ,23.69 ,23.6 ,23.67 ,23.67 ,23.59 ,23.66 ,23.59 ,23.58 ,23.64 ,23.73 ,23.68 ,23.63 ,23.63 ,23.6 ,23.63 ,23.66 ,23.67 ,23.61 ,23.62 ,23.56 ,23.65 ,23.63 ,23.61 ,23.59 ,23.65 ,23.78 ,23.67 ,23.67 ,23.72 ,23.66 ,23.68 ,23.7 ,23.61 ,23.7 ,23.72 ,23.73 ,23.73 ,23.65 ,23.63 ,23.66 ,23.72 ,23.71 ,23.77 ,23.78 ,23.78 ,23.8 ,23.77 ,23.82 ,23.75 ,23.74 ,23.7 ,23.68 ,23.65 ,23.7 ,23.73 ,23.73 ,23.73 ,23.62 ,23.72 ,23.75 ,23.72 ,23.8 ,23.7 ,23.68 ,23.71 ,23.58 ,23.62 ,23.68 ,23.69 ,23.63 ,23.67 ,23.7 ,23.7 ,23.68 ,23.67 ,23.67 ,23.71 ,23.78 ,23.67 ,23.68 ,23.71 ,23.7 ,23.66 ,23.71 ,23.78 ,23.64 ,23.69 ,23.66 ,23.62 ,23.73 ,23.8 ,23.8 ,23.77 ,23.71 ,23.67 ,23.76 ,23.7 ,23.61 ,23.6 ,23.62 ,23.61 ,23.64 ,23.68 ,23.63 ,23.59 ,23.58 ,23.51 ,23.61 ,23.64 ,23.65 ,23.58 ,23.58 ,23.57 ,23.62 ,23.66 ,23.69 ,23.59 ,23.5 ,23.61 ,23.6 ,23.61 ,23.62 ,23.57 ,23.6 ,23.6 ,23.59 ,23.57 ,23.67 ,23.66 ,23.74 ,23.72 ,23.74 ,23.77 ,23.81 ,23.88 ,23.88 ,23.91 ,23.95 ,23.94 ,23.84 ,23.8 ,23.83 ,23.87 ,23.82 ,23.79 ,23.84 ,23.86 ,23.88 ,23.85 ,23.81 ,23.76 ,23.83 ,23.94 ,23.86 ,23.86 ,23.87 ,23.79 ,23.69 ,23.64 ,23.51 ,23.64 ,23.61 ,23.69 ,23.66 ,23.66 ,23.69 ,23.77 ,23.81 ,23.75 ,23.78 ,23.76 ,23.81 ,23.85 ,23.9 ,23.85 ,23.82 ,23.84 ,23.91 ,23.93 ,23.78 ,23.84 ,23.88 ,23.81 ,23.92 ,23.86 ,23.86 ,23.86 ,23.88 ,23.92 ,23.97 ,23.9 ,23.84 ,23.86 ,23.93 ,23.97 ,23.92 ,23.89 ,23.83 ,23.83 ,23.95 ,23.92 ,23.95 ,23.87 ,23.87 ,23.91 ,23.94 ,23.86 ,23.93 ,23.91 ,23.9 ,24 ,23.94 ,23.91 ,23.96 ,23.84 ,23.89 ,23.95 ,23.91 ,23.94 ,23.93 ,23.98 ,23.95 ,23.87 ,23.89 ,23.87 ,23.93 ,23.91 ,23.88 ,23.91 ,23.93 ,23.87 ,23.95 ,23.92 ,23.9 ,23.9 ,23.83 ,23.82 ,23.9 ,23.91 ,23.97 ,24.02 ,23.97 ,23.92 ,23.92 ,23.91 ,23.87 ,23.88 ,23.87 ,23.95 ,23.94 ,23.86 ,23.89 ,23.92 ,23.96 ,23.97 ,23.9 ,23.91 ,23.91 ,23.89 ,23.94 ,23.93 ,23.88 ,23.78 ,23.81 ,23.78 ,23.71 ,23.69 ,23.71 ,23.69 ,23.67 ,23.66 ,23.69 ,23.73 ,23.66 ,23.68 ,23.66 ,23.57 ,23.59 ,23.59 ,23.63 ,23.65 ,23.71 ,23.75 ,23.61 ,23.55 ,23.6 ,23.62 ,23.63 ,23.62 ,23.62 ,23.53 ,23.49 ,23.62 ,23.76 ,23.72 ,23.71 ,23.69 ,23.77 ,23.82 ,23.72 ,23.78 ,23.82 ,23.81 ,23.8 ,23.83 ,23.84 ,23.87 ,23.88 ,23.88 ,23.84 ,23.88 ,23.94 ,23.81 ,23.82 ,23.82 ,23.74 ,23.75 ,23.81 ,23.81 ,23.83 ,23.9 ,23.85 ,23.88 ,23.93 ,23.88 ,23.79 ,23.85 ,23.86 ,23.86 ,23.86 ,23.78 ,23.78 ,23.77 ,23.84 ,23.82 ,23.81 ,23.84 ,23.85 ,23.81 ,23.87 ,23.86 ,23.91 ,23.91 ,23.82 ,23.72 ,23.78 ,23.84 ,23.84 ,23.75 ,23.76 ,23.8 ,23.87 ,23.92 ,23.95 ,23.88 ,23.79 ,23.75 ,23.76 ,23.78 ,23.8 ,23.8 ,23.86 ,23.87 ,23.81 ,23.69 ,23.8 ,23.82 ,23.79 ,23.81 ,23.85 ,23.86 ,23.75 ,23.74 ,23.75 ,23.74 ,23.72 ,23.72 ,23.75 ,23.83 ,23.86 ,23.88 ,23.89 ,23.89 ,23.9 ,23.88 ,23.8 ,23.75 ,23.9 ,23.86 ,23.81 ,23.81 ,23.86 ,23.87 ,23.86 ,23.86 ,23.86 ,23.88 ,23.82 ,23.81 ,23.74 ,23.8 ,23.84 ,23.79 ,23.8 ,23.81 ,23.81 ,23.87 ,23.82 ,23.79 ,23.76 ,23.76 ,23.76 ,23.76 ,23.71 ,23.82 ,23.95 ,23.83 ,23.83 ,23.74 ,23.8 ,23.79 ,23.82 ,23.84 ,23.77 ,23.78 ,23.76 ,23.73 ,23.7 ,23.73 ,23.77 ,23.69 ,23.66 ,23.66 ,23.7 ,23.77 ,23.75 ,23.71 ,23.68 ,23.68 ,23.73 ,23.62 ,23.61 ,23.69 ,23.71 ,23.6 ,23.65 ,23.59 ,23.56 ,23.63 ,23.6 ,23.57 ,23.47 ,23.5 ,23.51 ,23.49 ,23.46 ,23.43 ,23.56 ,23.47 ,23.39 ,23.45 ,23.49 ,23.5 ,23.59 ,23.57 ,23.46 ,23.35 ,23.29 ,23.18 ,23.14 ,23.06 ,23.08 ,23.19 ,23.24 ,23.32 ,23.18 ,23.31 ,23.37 ,23.33 ,23.35 ,23.33 ,23.23 ,23.25 ,23.3 ,23.31 ,23.32 ,23.29 ,23.36 ,23.4 ,23.36 ,23.34 ,23.2 ,23.14 ,23.24 ,23.2 ,23.33 ,23.26 ,23.28 ,23.41 ,23.41 ,23.38 ,23.26 ,23.12 ,23.15 ,23.11 ,23.06 ,23.07 ,23.01 ,22.98 ,22.98 ,23.05 ,23.1 ,23.13 ,23.07 ,22.98 ,23.02 ,23.14 ,23.15 ,23.1 ,23.12 ,23.07 ,23.07 ,23.02 ,23.02 ,23.01 ,23.08 ,23.1 ,23.07 ,23.05 ,22.96 ,22.9 ,22.95 ,23.04 ,22.97 ,23.09 ,23.09 ,22.94 ,22.9 ,22.79 ,22.78 ,22.74 ,22.78 ,22.72 ,22.67 ,22.67 ,22.64 ,22.63 ,22.63 ,22.65 ,22.61 ,
368,23.23 ,23.22 ,23.2 ,23.22 ,23.19 ,23.21 ,23.41 ,23.34 ,23.3 ,23.35 ,23.33 ,23.35 ,23.3 ,23.25 ,23.23 ,23.29 ,23.35 ,23.38 ,23.32 ,23.29 ,23.36 ,23.42 ,23.42 ,23.34 ,23.34 ,23.37 ,23.36 ,23.37 ,23.38 ,23.49 ,23.56 ,23.5 ,23.49 ,23.56 ,23.48 ,23.49 ,23.42 ,23.47 ,23.52 ,23.48 ,23.53 ,23.55 ,23.62 ,23.63 ,23.56 ,23.58 ,23.62 ,23.6 ,23.55 ,23.59 ,23.57 ,23.52 ,23.6 ,23.67 ,23.59 ,23.64 ,23.54 ,23.56 ,23.65 ,23.56 ,23.59 ,23.69 ,23.6 ,23.56 ,23.57 ,23.56 ,23.52 ,23.54 ,23.6 ,23.58 ,23.6 ,23.52 ,23.52 ,23.62 ,23.61 ,23.62 ,23.67 ,23.62 ,23.55 ,23.48 ,23.6 ,23.66 ,23.62 ,23.66 ,23.62 ,23.61 ,23.67 ,23.68 ,23.61 ,23.65 ,23.68 ,23.63 ,23.58 ,23.59 ,23.61 ,23.65 ,23.64 ,23.54 ,23.61 ,23.68 ,23.66 ,23.63 ,23.67 ,23.69 ,23.65 ,23.63 ,23.75 ,23.59 ,23.57 ,23.58 ,23.62 ,23.67 ,23.65 ,23.58 ,23.63 ,23.69 ,23.66 ,23.64 ,23.72 ,23.69 ,23.75 ,23.7 ,23.69 ,23.72 ,23.68 ,23.71 ,23.72 ,23.66 ,23.66 ,23.64 ,23.72 ,23.71 ,23.69 ,23.7 ,23.73 ,23.75 ,23.71 ,23.71 ,23.7 ,23.66 ,23.73 ,23.73 ,23.63 ,23.63 ,23.69 ,23.72 ,23.76 ,23.68 ,23.68 ,23.74 ,23.74 ,23.74 ,23.72 ,23.69 ,23.68 ,23.58 ,23.57 ,23.68 ,23.71 ,23.59 ,23.58 ,23.72 ,23.71 ,23.72 ,23.71 ,23.74 ,23.68 ,23.75 ,23.7 ,23.64 ,23.65 ,23.68 ,23.71 ,23.71 ,23.77 ,23.69 ,23.67 ,23.69 ,23.7 ,23.66 ,23.74 ,23.75 ,23.78 ,23.68 ,23.64 ,23.71 ,23.75 ,23.67 ,23.57 ,23.53 ,23.6 ,23.64 ,23.74 ,23.76 ,23.63 ,23.57 ,23.56 ,23.55 ,23.58 ,23.62 ,23.61 ,23.54 ,23.58 ,23.55 ,23.55 ,23.59 ,23.5 ,23.49 ,23.56 ,23.63 ,23.59 ,23.6 ,23.57 ,23.54 ,23.55 ,23.56 ,23.57 ,23.63 ,23.59 ,23.63 ,23.65 ,23.68 ,23.71 ,23.74 ,23.85 ,23.86 ,23.9 ,23.97 ,23.93 ,23.84 ,23.83 ,23.87 ,23.9 ,23.83 ,23.79 ,23.88 ,23.8 ,23.82 ,23.83 ,23.89 ,23.91 ,23.95 ,23.92 ,23.78 ,23.71 ,23.7 ,23.59 ,23.56 ,23.65 ,23.58 ,23.54 ,23.53 ,23.63 ,23.67 ,23.68 ,23.75 ,23.77 ,23.82 ,23.81 ,23.78 ,23.73 ,23.77 ,23.88 ,23.92 ,23.9 ,23.9 ,23.93 ,23.91 ,23.89 ,23.85 ,23.83 ,23.87 ,23.9 ,23.91 ,23.85 ,23.84 ,23.84 ,23.9 ,23.9 ,23.92 ,23.86 ,23.84 ,23.86 ,23.87 ,23.84 ,23.81 ,23.89 ,23.88 ,23.84 ,23.91 ,23.87 ,23.84 ,23.88 ,23.96 ,23.92 ,23.94 ,23.98 ,23.95 ,23.93 ,23.92 ,23.94 ,23.88 ,23.82 ,23.88 ,23.85 ,23.87 ,23.91 ,23.94 ,23.94 ,23.9 ,23.91 ,23.93 ,23.9 ,23.94 ,23.93 ,23.98 ,23.96 ,23.86 ,23.89 ,23.93 ,23.92 ,23.94 ,23.93 ,23.89 ,23.92 ,23.87 ,23.8 ,23.81 ,23.89 ,23.92 ,23.95 ,23.97 ,23.95 ,23.98 ,24.02 ,23.92 ,23.86 ,23.93 ,23.99 ,23.87 ,23.87 ,23.86 ,23.92 ,23.92 ,23.89 ,23.87 ,23.95 ,23.9 ,23.82 ,23.84 ,23.82 ,23.78 ,23.66 ,23.69 ,23.68 ,23.69 ,23.67 ,23.72 ,23.64 ,23.63 ,23.59 ,23.67 ,23.76 ,23.67 ,23.64 ,23.64 ,23.64 ,23.68 ,23.64 ,23.6 ,23.61 ,23.7 ,23.7 ,23.65 ,23.52 ,23.59 ,23.6 ,23.6 ,23.7 ,23.7 ,23.63 ,23.57 ,23.63 ,23.72 ,23.74 ,23.75 ,23.71 ,23.81 ,23.85 ,23.79 ,23.83 ,23.78 ,23.84 ,23.85 ,23.82 ,23.86 ,23.87 ,23.89 ,23.86 ,23.84 ,23.9 ,23.93 ,23.85 ,23.87 ,23.87 ,23.8 ,23.78 ,23.83 ,23.82 ,23.86 ,23.9 ,23.88 ,23.87 ,23.89 ,23.86 ,23.82 ,23.86 ,23.86 ,23.82 ,23.86 ,23.79 ,23.8 ,23.81 ,23.79 ,23.75 ,23.79 ,23.85 ,23.87 ,23.86 ,23.88 ,23.89 ,23.87 ,23.83 ,23.83 ,23.83 ,23.78 ,23.77 ,23.76 ,23.8 ,23.73 ,23.72 ,23.79 ,23.91 ,23.88 ,23.85 ,23.77 ,23.71 ,23.79 ,23.79 ,23.77 ,23.82 ,23.86 ,23.86 ,23.8 ,23.72 ,23.71 ,23.85 ,23.8 ,23.78 ,23.77 ,23.83 ,23.74 ,23.75 ,23.72 ,23.8 ,23.79 ,23.83 ,23.8 ,23.79 ,23.81 ,23.86 ,23.89 ,23.89 ,23.89 ,23.81 ,23.82 ,23.73 ,23.86 ,23.84 ,23.78 ,23.88 ,23.85 ,23.84 ,23.89 ,23.87 ,23.88 ,23.86 ,23.81 ,23.79 ,23.83 ,23.87 ,23.9 ,23.81 ,23.82 ,23.75 ,23.8 ,23.86 ,23.83 ,23.75 ,23.8 ,23.77 ,23.83 ,23.81 ,23.77 ,23.78 ,23.88 ,23.87 ,23.78 ,23.78 ,23.77 ,23.82 ,23.8 ,23.78 ,23.85 ,23.75 ,23.8 ,23.74 ,23.66 ,23.7 ,23.78 ,23.72 ,23.71 ,23.7 ,23.72 ,23.7 ,23.73 ,23.72 ,23.64 ,23.69 ,23.79 ,23.63 ,23.61 ,23.63 ,23.63 ,23.61 ,23.66 ,23.66 ,23.57 ,23.57 ,23.65 ,23.62 ,23.56 ,23.49 ,23.46 ,23.49 ,23.45 ,23.42 ,23.5 ,23.45 ,23.32 ,23.25 ,23.43 ,23.5 ,23.44 ,23.51 ,23.35 ,23.27 ,23.22 ,23.22 ,23.21 ,23.12 ,23.13 ,23.26 ,23.31 ,23.37 ,23.3 ,23.33 ,23.35 ,23.3 ,23.3 ,23.33 ,23.28 ,23.27 ,23.29 ,23.38 ,23.35 ,23.29 ,23.29 ,23.33 ,23.44 ,23.29 ,23.27 ,23.3 ,23.26 ,23.25 ,23.32 ,23.38 ,23.31 ,23.3 ,23.3 ,23.39 ,23.4 ,23.27 ,23.18 ,23.22 ,23.11 ,23.06 ,23.01 ,22.98 ,22.98 ,23.06 ,23.05 ,23.11 ,23.04 ,23.02 ,23.1 ,23.13 ,23.21 ,23.18 ,23.19 ,23.12 ,23.04 ,23.06 ,23.03 ,23.03 ,23.1 ,23.07 ,22.95 ,22.98 ,23.02 ,22.92 ,22.97 ,23.05 ,23.11 ,23.16 ,23.19 ,23.16 ,23.05 ,22.85 ,22.84 ,22.81 ,22.79 ,22.75 ,22.64 ,22.64 ,22.57 ,22.62 ,22.6 ,22.59 ,22.5 ,
369,23.21 ,23.09 ,23.14 ,23.27 ,23.25 ,23.17 ,23.31 ,23.3 ,23.3 ,23.35 ,23.36 ,23.37 ,23.34 ,23.3 ,23.35 ,23.38 ,23.38 ,23.44 ,23.38 ,23.27 ,23.33 ,23.4 ,23.41 ,23.34 ,23.31 ,23.37 ,23.34 ,23.32 ,23.27 ,23.51 ,23.56 ,23.47 ,23.51 ,23.54 ,23.47 ,23.5 ,23.6 ,23.59 ,23.52 ,23.55 ,23.53 ,23.59 ,23.68 ,23.64 ,23.6 ,23.56 ,23.6 ,23.68 ,23.64 ,23.53 ,23.57 ,23.57 ,23.6 ,23.62 ,23.56 ,23.5 ,23.49 ,23.53 ,23.6 ,23.61 ,23.61 ,23.61 ,23.6 ,23.64 ,23.61 ,23.58 ,23.6 ,23.58 ,23.68 ,23.65 ,23.68 ,23.64 ,23.58 ,23.63 ,23.65 ,23.62 ,23.6 ,23.57 ,23.6 ,23.53 ,23.56 ,23.63 ,23.65 ,23.7 ,23.72 ,23.72 ,23.75 ,23.76 ,23.62 ,23.57 ,23.63 ,23.67 ,23.64 ,23.6 ,23.61 ,23.67 ,23.67 ,23.64 ,23.66 ,23.69 ,23.6 ,23.58 ,23.66 ,23.67 ,23.69 ,23.69 ,23.72 ,23.66 ,23.58 ,23.62 ,23.69 ,23.68 ,23.74 ,23.69 ,23.7 ,23.73 ,23.61 ,23.56 ,23.62 ,23.71 ,23.79 ,23.76 ,23.74 ,23.71 ,23.68 ,23.68 ,23.7 ,23.73 ,23.73 ,23.7 ,23.65 ,23.69 ,23.76 ,23.72 ,23.66 ,23.68 ,23.7 ,23.68 ,23.62 ,23.57 ,23.65 ,23.7 ,23.64 ,23.65 ,23.62 ,23.71 ,23.7 ,23.65 ,23.64 ,23.73 ,23.71 ,23.65 ,23.64 ,23.65 ,23.67 ,23.69 ,23.66 ,23.64 ,23.62 ,23.68 ,23.65 ,23.68 ,23.75 ,23.73 ,23.77 ,23.74 ,23.69 ,23.69 ,23.72 ,23.76 ,23.69 ,23.64 ,23.68 ,23.79 ,23.78 ,23.71 ,23.73 ,23.68 ,23.74 ,23.69 ,23.72 ,23.77 ,23.75 ,23.71 ,23.69 ,23.66 ,23.66 ,23.69 ,23.65 ,23.59 ,23.62 ,23.63 ,23.72 ,23.69 ,23.58 ,23.49 ,23.52 ,23.6 ,23.56 ,23.62 ,23.66 ,23.58 ,23.56 ,23.53 ,23.52 ,23.57 ,23.54 ,23.44 ,23.46 ,23.54 ,23.59 ,23.58 ,23.54 ,23.49 ,23.47 ,23.48 ,23.59 ,23.64 ,23.6 ,23.63 ,23.62 ,23.61 ,23.64 ,23.71 ,23.75 ,23.69 ,23.75 ,23.88 ,23.8 ,23.79 ,23.86 ,23.89 ,23.82 ,23.78 ,23.79 ,23.86 ,23.8 ,23.73 ,23.82 ,23.87 ,23.79 ,23.81 ,23.88 ,23.73 ,23.68 ,23.65 ,23.51 ,23.58 ,23.65 ,23.59 ,23.62 ,23.53 ,23.65 ,23.68 ,23.71 ,23.76 ,23.78 ,23.84 ,23.86 ,23.86 ,23.8 ,23.81 ,23.9 ,23.89 ,23.89 ,23.93 ,23.88 ,23.87 ,23.86 ,23.92 ,23.84 ,23.84 ,23.93 ,23.91 ,23.84 ,23.83 ,23.92 ,23.93 ,23.87 ,23.88 ,23.86 ,23.86 ,23.87 ,23.84 ,23.84 ,23.78 ,23.84 ,23.85 ,23.86 ,23.89 ,23.87 ,23.86 ,23.94 ,23.98 ,23.94 ,23.85 ,23.86 ,23.92 ,23.95 ,23.91 ,23.86 ,23.84 ,23.83 ,23.9 ,23.85 ,23.92 ,23.87 ,23.95 ,23.99 ,23.86 ,23.86 ,23.92 ,23.97 ,23.95 ,23.92 ,23.97 ,23.91 ,23.82 ,23.81 ,23.94 ,23.9 ,23.89 ,23.92 ,23.93 ,23.92 ,23.95 ,23.85 ,23.82 ,23.85 ,23.86 ,23.93 ,23.94 ,23.86 ,23.9 ,23.99 ,23.97 ,23.9 ,23.88 ,23.87 ,23.87 ,23.88 ,23.94 ,23.86 ,23.89 ,23.77 ,23.79 ,23.88 ,23.81 ,23.69 ,23.75 ,23.69 ,23.63 ,23.67 ,23.64 ,23.6 ,23.65 ,23.67 ,23.67 ,23.63 ,23.62 ,23.62 ,23.65 ,23.72 ,23.67 ,23.74 ,23.65 ,23.62 ,23.7 ,23.71 ,23.69 ,23.66 ,23.73 ,23.65 ,23.68 ,23.6 ,23.62 ,23.65 ,23.65 ,23.69 ,23.65 ,23.61 ,23.73 ,23.77 ,23.82 ,23.83 ,23.78 ,23.7 ,23.76 ,23.78 ,23.84 ,23.83 ,23.77 ,23.76 ,23.84 ,23.82 ,23.79 ,23.81 ,23.82 ,23.95 ,23.82 ,23.8 ,23.83 ,23.83 ,23.85 ,23.89 ,23.85 ,23.78 ,23.85 ,23.9 ,23.9 ,23.88 ,23.84 ,23.82 ,23.83 ,23.82 ,23.85 ,23.91 ,23.79 ,23.84 ,23.92 ,23.82 ,23.82 ,23.81 ,23.79 ,23.83 ,23.9 ,23.87 ,23.9 ,23.93 ,23.89 ,23.79 ,23.86 ,23.88 ,23.82 ,23.82 ,23.84 ,23.83 ,23.82 ,23.87 ,23.71 ,23.69 ,23.84 ,23.88 ,23.79 ,23.81 ,23.87 ,23.77 ,23.81 ,23.82 ,23.87 ,23.87 ,23.94 ,23.89 ,23.85 ,23.81 ,23.83 ,23.91 ,23.9 ,23.75 ,23.8 ,23.83 ,23.79 ,23.78 ,23.76 ,23.77 ,23.85 ,23.84 ,23.9 ,23.83 ,23.79 ,23.78 ,23.84 ,23.88 ,23.86 ,23.82 ,23.82 ,23.78 ,23.79 ,23.79 ,23.75 ,23.82 ,23.9 ,23.8 ,23.8 ,23.87 ,23.88 ,23.83 ,23.79 ,23.72 ,23.8 ,23.86 ,23.86 ,23.79 ,23.84 ,23.73 ,23.73 ,23.78 ,23.79 ,23.74 ,23.8 ,23.74 ,23.73 ,23.81 ,23.78 ,23.8 ,23.87 ,23.82 ,23.81 ,23.76 ,23.82 ,23.81 ,23.86 ,23.83 ,23.83 ,23.85 ,23.73 ,23.72 ,23.66 ,23.72 ,23.8 ,23.74 ,23.72 ,23.77 ,23.76 ,23.7 ,23.73 ,23.76 ,23.7 ,23.78 ,23.86 ,23.7 ,23.65 ,23.69 ,23.66 ,23.59 ,23.62 ,23.68 ,23.64 ,23.59 ,23.62 ,23.61 ,23.57 ,23.57 ,23.61 ,23.56 ,23.51 ,23.36 ,23.46 ,23.51 ,23.46 ,23.35 ,23.4 ,23.42 ,23.36 ,23.41 ,23.32 ,23.33 ,23.26 ,23.25 ,23.26 ,23.2 ,23.19 ,23.22 ,23.31 ,23.42 ,23.43 ,23.42 ,23.41 ,23.37 ,23.34 ,23.24 ,23.28 ,23.32 ,23.36 ,23.37 ,23.23 ,23.16 ,23.24 ,23.28 ,23.39 ,23.28 ,23.25 ,23.31 ,23.28 ,23.2 ,23.31 ,23.32 ,23.42 ,23.37 ,23.32 ,23.41 ,23.56 ,23.45 ,23.27 ,23.26 ,23.2 ,23.21 ,23.08 ,23.02 ,22.97 ,22.99 ,23.03 ,23.08 ,22.99 ,22.98 ,23.17 ,23.24 ,23.18 ,23.19 ,23.16 ,23.09 ,23.05 ,23.12 ,23.11 ,23.04 ,23.15 ,23.11 ,22.98 ,22.99 ,22.96 ,22.94 ,23.03 ,23.08 ,23.16 ,23.3 ,23.29 ,23.4 ,23.28 ,22.97 ,22.92 ,22.84 ,22.79 ,22.79 ,22.63 ,22.54 ,22.65 ,22.7 ,22.65 ,22.57 ,22.54 ,
370,23.25 ,23.17 ,23.2 ,23.2 ,23.27 ,23.25 ,23.25 ,23.28 ,23.29 ,23.34 ,23.3 ,23.26 ,23.34 ,23.29 ,23.26 ,23.27 ,23.3 ,23.38 ,23.36 ,23.27 ,23.37 ,23.36 ,23.34 ,23.33 ,23.37 ,23.35 ,23.25 ,23.33 ,23.29 ,23.34 ,23.49 ,23.42 ,23.53 ,23.49 ,23.42 ,23.56 ,23.6 ,23.59 ,23.5 ,23.44 ,23.56 ,23.56 ,23.66 ,23.64 ,23.53 ,23.54 ,23.59 ,23.67 ,23.65 ,23.59 ,23.54 ,23.57 ,23.68 ,23.59 ,23.59 ,23.55 ,23.51 ,23.5 ,23.58 ,23.6 ,23.54 ,23.53 ,23.51 ,23.56 ,23.59 ,23.57 ,23.61 ,23.59 ,23.61 ,23.6 ,23.69 ,23.64 ,23.61 ,23.74 ,23.65 ,23.57 ,23.54 ,23.65 ,23.6 ,23.58 ,23.63 ,23.6 ,23.55 ,23.68 ,23.66 ,23.64 ,23.7 ,23.71 ,23.69 ,23.6 ,23.63 ,23.61 ,23.67 ,23.64 ,23.61 ,23.65 ,23.65 ,23.64 ,23.61 ,23.68 ,23.6 ,23.62 ,23.72 ,23.59 ,23.59 ,23.59 ,23.62 ,23.65 ,23.68 ,23.59 ,23.62 ,23.7 ,23.71 ,23.66 ,23.65 ,23.68 ,23.65 ,23.62 ,23.63 ,23.69 ,23.73 ,23.69 ,23.72 ,23.73 ,23.78 ,23.77 ,23.65 ,23.74 ,23.75 ,23.67 ,23.65 ,23.69 ,23.71 ,23.75 ,23.67 ,23.58 ,23.72 ,23.7 ,23.65 ,23.64 ,23.72 ,23.7 ,23.62 ,23.61 ,23.62 ,23.7 ,23.65 ,23.62 ,23.57 ,23.6 ,23.73 ,23.77 ,23.72 ,23.59 ,23.62 ,23.7 ,23.63 ,23.58 ,23.63 ,23.76 ,23.74 ,23.68 ,23.7 ,23.71 ,23.76 ,23.71 ,23.66 ,23.67 ,23.64 ,23.67 ,23.74 ,23.65 ,23.58 ,23.68 ,23.7 ,23.65 ,23.66 ,23.67 ,23.72 ,23.66 ,23.71 ,23.79 ,23.72 ,23.73 ,23.77 ,23.73 ,23.74 ,23.69 ,23.67 ,23.72 ,23.76 ,23.66 ,23.67 ,23.7 ,23.67 ,23.6 ,23.54 ,23.6 ,23.53 ,23.61 ,23.63 ,23.65 ,23.58 ,23.5 ,23.55 ,23.49 ,23.42 ,23.45 ,23.45 ,23.49 ,23.53 ,23.59 ,23.59 ,23.6 ,23.59 ,23.51 ,23.51 ,23.6 ,23.64 ,23.63 ,23.6 ,23.56 ,23.6 ,23.7 ,23.72 ,23.57 ,23.65 ,23.73 ,23.75 ,23.76 ,23.8 ,23.84 ,23.82 ,23.79 ,23.75 ,23.9 ,23.91 ,23.76 ,23.81 ,23.83 ,23.73 ,23.67 ,23.69 ,23.64 ,23.55 ,23.65 ,23.63 ,23.64 ,23.69 ,23.66 ,23.64 ,23.54 ,23.7 ,23.73 ,23.72 ,23.79 ,23.87 ,23.9 ,23.85 ,23.87 ,23.85 ,23.82 ,23.89 ,23.87 ,23.87 ,23.91 ,23.85 ,23.87 ,23.88 ,23.88 ,23.82 ,23.79 ,23.8 ,23.86 ,23.93 ,23.95 ,23.9 ,23.93 ,23.94 ,23.82 ,23.8 ,23.9 ,23.88 ,23.85 ,23.85 ,23.81 ,23.89 ,23.8 ,23.82 ,23.88 ,23.86 ,23.93 ,23.91 ,23.89 ,23.95 ,23.83 ,23.8 ,23.84 ,23.91 ,23.91 ,23.85 ,23.82 ,23.82 ,23.89 ,23.88 ,23.96 ,23.89 ,23.93 ,23.93 ,23.92 ,23.89 ,23.9 ,23.97 ,23.93 ,23.84 ,23.89 ,23.87 ,23.81 ,23.79 ,23.88 ,23.89 ,23.91 ,23.96 ,23.94 ,23.9 ,23.93 ,23.89 ,23.84 ,23.82 ,23.85 ,23.83 ,23.91 ,23.87 ,23.82 ,23.96 ,23.9 ,23.91 ,23.92 ,23.86 ,23.86 ,23.85 ,23.78 ,23.86 ,23.93 ,23.77 ,23.68 ,23.74 ,23.6 ,23.59 ,23.64 ,23.61 ,23.59 ,23.64 ,23.64 ,23.56 ,23.6 ,23.63 ,23.67 ,23.64 ,23.62 ,23.59 ,23.66 ,23.71 ,23.63 ,23.61 ,23.6 ,23.55 ,23.64 ,23.66 ,23.64 ,23.7 ,23.72 ,23.71 ,23.63 ,23.56 ,23.57 ,23.63 ,23.69 ,23.64 ,23.6 ,23.6 ,23.76 ,23.79 ,23.88 ,23.83 ,23.84 ,23.73 ,23.7 ,23.7 ,23.79 ,23.81 ,23.81 ,23.82 ,23.73 ,23.71 ,23.7 ,23.75 ,23.83 ,23.85 ,23.77 ,23.76 ,23.82 ,23.85 ,23.78 ,23.81 ,23.8 ,23.83 ,23.9 ,23.87 ,23.87 ,23.9 ,23.84 ,23.83 ,23.86 ,23.73 ,23.85 ,23.92 ,23.86 ,23.86 ,23.94 ,23.89 ,23.82 ,23.78 ,23.76 ,23.8 ,23.87 ,23.9 ,23.88 ,23.88 ,23.88 ,23.86 ,23.83 ,23.92 ,23.78 ,23.8 ,23.8 ,23.86 ,23.81 ,23.84 ,23.75 ,23.73 ,23.87 ,23.91 ,23.82 ,23.81 ,23.82 ,23.86 ,23.83 ,23.81 ,23.77 ,23.83 ,23.93 ,23.95 ,23.87 ,23.85 ,23.83 ,23.89 ,23.89 ,23.77 ,23.75 ,23.79 ,23.79 ,23.76 ,23.81 ,23.83 ,23.81 ,23.8 ,23.85 ,23.9 ,23.82 ,23.77 ,23.8 ,23.86 ,23.9 ,23.87 ,23.83 ,23.74 ,23.77 ,23.82 ,23.76 ,23.82 ,23.87 ,23.83 ,23.78 ,23.82 ,23.91 ,23.85 ,23.82 ,23.8 ,23.77 ,23.75 ,23.81 ,23.83 ,23.84 ,23.76 ,23.72 ,23.82 ,23.75 ,23.76 ,23.82 ,23.74 ,23.69 ,23.78 ,23.71 ,23.74 ,23.9 ,23.85 ,23.83 ,23.77 ,23.69 ,23.81 ,23.77 ,23.77 ,23.8 ,23.84 ,23.72 ,23.68 ,23.64 ,23.62 ,23.68 ,23.71 ,23.73 ,23.74 ,23.75 ,23.75 ,23.77 ,23.71 ,23.68 ,23.72 ,23.66 ,23.66 ,23.66 ,23.64 ,23.67 ,23.65 ,23.62 ,23.69 ,23.68 ,23.62 ,23.62 ,23.62 ,23.6 ,23.58 ,23.61 ,23.6 ,23.47 ,23.45 ,23.45 ,23.5 ,23.47 ,23.42 ,23.38 ,23.45 ,23.38 ,23.35 ,23.33 ,23.33 ,23.38 ,23.24 ,23.14 ,23.13 ,23.17 ,23.23 ,23.25 ,23.37 ,23.39 ,23.36 ,23.34 ,23.35 ,23.36 ,23.29 ,23.28 ,23.35 ,23.37 ,23.37 ,23.27 ,23.19 ,23.28 ,23.36 ,23.36 ,23.25 ,23.15 ,23.16 ,23.24 ,23.22 ,23.24 ,23.25 ,23.32 ,23.4 ,23.33 ,23.45 ,23.51 ,23.4 ,23.31 ,23.3 ,23.26 ,23.2 ,23.14 ,23.09 ,23 ,23 ,23.08 ,23.03 ,23.04 ,23 ,23.2 ,23.28 ,23.26 ,23.2 ,23.16 ,23.08 ,23.06 ,23.11 ,23.12 ,23.1 ,23.09 ,23.08 ,23.06 ,23.08 ,23.04 ,23.02 ,23.03 ,23.15 ,23.1 ,23.29 ,23.54 ,23.54 ,23.48 ,23.05 ,22.92 ,22.81 ,22.79 ,22.67 ,22.58 ,22.45 ,22.5 ,22.62 ,22.68 ,22.52 ,22.45 ,
371,23.23 ,23.19 ,23.22 ,23.27 ,23.27 ,23.36 ,23.36 ,23.32 ,23.27 ,23.39 ,23.34 ,23.25 ,23.28 ,23.29 ,23.28 ,23.26 ,23.21 ,23.29 ,23.38 ,23.36 ,23.36 ,23.36 ,23.36 ,23.31 ,23.3 ,23.28 ,23.29 ,23.34 ,23.39 ,23.39 ,23.47 ,23.38 ,23.49 ,23.55 ,23.64 ,23.6 ,23.65 ,23.6 ,23.57 ,23.48 ,23.5 ,23.6 ,23.6 ,23.61 ,23.55 ,23.49 ,23.57 ,23.63 ,23.55 ,23.63 ,23.62 ,23.55 ,23.63 ,23.59 ,23.52 ,23.54 ,23.48 ,23.51 ,23.6 ,23.64 ,23.6 ,23.64 ,23.58 ,23.51 ,23.6 ,23.62 ,23.62 ,23.62 ,23.56 ,23.59 ,23.66 ,23.62 ,23.63 ,23.68 ,23.68 ,23.67 ,23.64 ,23.67 ,23.65 ,23.55 ,23.62 ,23.57 ,23.47 ,23.56 ,23.58 ,23.53 ,23.56 ,23.69 ,23.61 ,23.62 ,23.67 ,23.68 ,23.65 ,23.64 ,23.6 ,23.7 ,23.73 ,23.65 ,23.58 ,23.72 ,23.68 ,23.65 ,23.75 ,23.65 ,23.59 ,23.58 ,23.59 ,23.57 ,23.56 ,23.55 ,23.6 ,23.64 ,23.63 ,23.63 ,23.61 ,23.68 ,23.67 ,23.64 ,23.74 ,23.74 ,23.71 ,23.63 ,23.75 ,23.77 ,23.8 ,23.79 ,23.68 ,23.72 ,23.75 ,23.69 ,23.7 ,23.78 ,23.68 ,23.73 ,23.68 ,23.56 ,23.63 ,23.71 ,23.69 ,23.76 ,23.69 ,23.68 ,23.68 ,23.62 ,23.71 ,23.71 ,23.61 ,23.62 ,23.67 ,23.64 ,23.8 ,23.78 ,23.69 ,23.7 ,23.65 ,23.67 ,23.58 ,23.59 ,23.72 ,23.75 ,23.76 ,23.71 ,23.69 ,23.72 ,23.71 ,23.7 ,23.68 ,23.65 ,23.64 ,23.63 ,23.63 ,23.64 ,23.58 ,23.63 ,23.64 ,23.68 ,23.74 ,23.68 ,23.76 ,23.82 ,23.69 ,23.66 ,23.69 ,23.7 ,23.69 ,23.63 ,23.75 ,23.71 ,23.65 ,23.72 ,23.69 ,23.64 ,23.64 ,23.67 ,23.69 ,23.68 ,23.64 ,23.61 ,23.66 ,23.65 ,23.62 ,23.67 ,23.61 ,23.52 ,23.61 ,23.59 ,23.46 ,23.48 ,23.47 ,23.52 ,23.46 ,23.46 ,23.59 ,23.59 ,23.54 ,23.49 ,23.56 ,23.62 ,23.62 ,23.59 ,23.61 ,23.53 ,23.57 ,23.6 ,23.61 ,23.63 ,23.62 ,23.64 ,23.64 ,23.67 ,23.64 ,23.72 ,23.79 ,23.79 ,23.75 ,23.8 ,23.91 ,23.82 ,23.82 ,23.79 ,23.77 ,23.78 ,23.74 ,23.65 ,23.63 ,23.59 ,23.63 ,23.69 ,23.68 ,23.66 ,23.64 ,23.67 ,23.75 ,23.9 ,23.8 ,23.82 ,23.86 ,23.91 ,23.83 ,23.88 ,23.82 ,23.83 ,23.88 ,23.88 ,23.96 ,23.89 ,23.87 ,23.95 ,23.94 ,23.92 ,23.83 ,23.82 ,23.8 ,23.98 ,23.97 ,23.91 ,23.88 ,23.91 ,23.96 ,23.87 ,23.81 ,23.89 ,23.93 ,23.93 ,23.93 ,23.86 ,23.91 ,23.93 ,23.85 ,23.94 ,23.92 ,23.88 ,23.88 ,23.85 ,23.91 ,23.91 ,23.92 ,23.99 ,23.92 ,23.93 ,23.94 ,23.8 ,23.87 ,23.94 ,23.85 ,23.84 ,23.83 ,23.94 ,23.87 ,23.93 ,23.92 ,23.96 ,23.94 ,23.9 ,23.86 ,23.92 ,23.91 ,23.8 ,23.79 ,23.86 ,23.89 ,23.8 ,23.88 ,23.95 ,23.93 ,23.91 ,23.93 ,23.94 ,23.84 ,23.95 ,23.91 ,23.88 ,23.92 ,23.89 ,23.98 ,23.91 ,23.84 ,23.85 ,23.83 ,23.84 ,23.8 ,23.74 ,23.76 ,23.86 ,23.77 ,23.66 ,23.66 ,23.57 ,23.61 ,23.61 ,23.57 ,23.55 ,23.61 ,23.61 ,23.59 ,23.61 ,23.59 ,23.74 ,23.66 ,23.58 ,23.63 ,23.68 ,23.7 ,23.7 ,23.62 ,23.55 ,23.58 ,23.63 ,23.67 ,23.7 ,23.65 ,23.75 ,23.76 ,23.71 ,23.59 ,23.6 ,23.63 ,23.69 ,23.72 ,23.68 ,23.78 ,23.74 ,23.7 ,23.79 ,23.89 ,23.9 ,23.81 ,23.81 ,23.78 ,23.81 ,23.82 ,23.81 ,23.82 ,23.75 ,23.69 ,23.75 ,23.77 ,23.84 ,23.83 ,23.77 ,23.81 ,23.89 ,23.84 ,23.79 ,23.87 ,23.86 ,23.9 ,23.88 ,23.78 ,23.88 ,23.94 ,23.79 ,23.8 ,23.87 ,23.87 ,23.88 ,23.94 ,23.82 ,23.9 ,23.88 ,23.81 ,23.8 ,23.8 ,23.86 ,23.81 ,23.9 ,23.91 ,23.84 ,23.86 ,23.89 ,23.87 ,23.84 ,23.88 ,23.79 ,23.79 ,23.82 ,23.75 ,23.81 ,23.8 ,23.8 ,23.81 ,23.84 ,23.82 ,23.79 ,23.89 ,23.87 ,23.86 ,23.81 ,23.76 ,23.77 ,23.79 ,23.86 ,23.88 ,23.89 ,23.87 ,23.86 ,23.84 ,23.91 ,23.82 ,23.77 ,23.75 ,23.75 ,23.74 ,23.82 ,23.88 ,23.77 ,23.79 ,23.73 ,23.82 ,23.85 ,23.79 ,23.86 ,23.84 ,23.85 ,23.84 ,23.84 ,23.76 ,23.72 ,23.77 ,23.83 ,23.83 ,23.8 ,23.75 ,23.78 ,23.76 ,23.9 ,23.88 ,23.8 ,23.83 ,23.8 ,23.84 ,23.87 ,23.79 ,23.82 ,23.82 ,23.82 ,23.86 ,23.77 ,23.73 ,23.79 ,23.85 ,23.8 ,23.78 ,23.73 ,23.73 ,23.95 ,23.91 ,23.84 ,23.82 ,23.72 ,23.82 ,23.81 ,23.73 ,23.76 ,23.82 ,23.8 ,23.74 ,23.69 ,23.71 ,23.67 ,23.67 ,23.74 ,23.85 ,23.79 ,23.74 ,23.74 ,23.74 ,23.74 ,23.74 ,23.77 ,23.68 ,23.71 ,23.66 ,23.64 ,23.68 ,23.58 ,23.65 ,23.63 ,23.58 ,23.72 ,23.62 ,23.56 ,23.51 ,23.52 ,23.5 ,23.41 ,23.45 ,23.54 ,23.55 ,23.47 ,23.45 ,23.38 ,23.4 ,23.38 ,23.33 ,23.25 ,23.25 ,23.26 ,23.28 ,23.15 ,23.06 ,23.22 ,23.3 ,23.31 ,23.37 ,23.36 ,23.36 ,23.33 ,23.33 ,23.44 ,23.39 ,23.49 ,23.39 ,23.33 ,23.33 ,23.31 ,23.25 ,23.28 ,23.27 ,23.35 ,23.25 ,23.16 ,23.16 ,23.2 ,23.24 ,23.33 ,23.32 ,23.4 ,23.34 ,23.25 ,23.26 ,23.35 ,23.36 ,23.33 ,23.33 ,23.41 ,23.2 ,23.07 ,23.14 ,23.11 ,23.03 ,23.15 ,23.09 ,23.11 ,23.09 ,23.24 ,23.32 ,23.21 ,23.2 ,23.14 ,23.17 ,23.17 ,23.15 ,23.11 ,23.13 ,23.21 ,23.12 ,23.12 ,23.01 ,23.07 ,23.12 ,23.13 ,23.19 ,23.14 ,22.81 ,23.7 ,23.55 ,23.45 ,23.12 ,22.95 ,22.94 ,22.83 ,22.77 ,22.69 ,22.53 ,22.41 ,22.59 ,22.59 ,22.56 ,22.47 ,
372,23.2 ,23.15 ,23.22 ,23.32 ,23.28 ,23.3 ,23.41 ,23.37 ,23.32 ,23.35 ,23.31 ,23.3 ,23.29 ,23.28 ,23.34 ,23.36 ,23.32 ,23.29 ,23.25 ,23.28 ,23.32 ,23.36 ,23.41 ,23.34 ,23.27 ,23.2 ,23.29 ,23.34 ,23.31 ,23.46 ,23.53 ,23.44 ,23.5 ,23.58 ,23.61 ,23.61 ,23.54 ,23.63 ,23.56 ,23.52 ,23.58 ,23.66 ,23.64 ,23.56 ,23.51 ,23.59 ,23.53 ,23.55 ,23.54 ,23.5 ,23.58 ,23.55 ,23.51 ,23.51 ,23.51 ,23.45 ,23.54 ,23.64 ,23.63 ,23.64 ,23.59 ,23.61 ,23.6 ,23.53 ,23.55 ,23.61 ,23.64 ,23.66 ,23.59 ,23.56 ,23.64 ,23.54 ,23.57 ,23.57 ,23.67 ,23.65 ,23.73 ,23.66 ,23.61 ,23.57 ,23.61 ,23.58 ,23.52 ,23.55 ,23.6 ,23.64 ,23.58 ,23.65 ,23.66 ,23.6 ,23.65 ,23.6 ,23.59 ,23.68 ,23.61 ,23.72 ,23.78 ,23.68 ,23.66 ,23.67 ,23.65 ,23.64 ,23.71 ,23.65 ,23.67 ,23.65 ,23.62 ,23.58 ,23.56 ,23.57 ,23.58 ,23.54 ,23.62 ,23.68 ,23.61 ,23.65 ,23.62 ,23.63 ,23.75 ,23.73 ,23.7 ,23.68 ,23.73 ,23.77 ,23.7 ,23.69 ,23.69 ,23.72 ,23.66 ,23.72 ,23.69 ,23.75 ,23.7 ,23.71 ,23.75 ,23.65 ,23.62 ,23.66 ,23.69 ,23.76 ,23.67 ,23.59 ,23.68 ,23.72 ,23.71 ,23.71 ,23.59 ,23.66 ,23.73 ,23.67 ,23.68 ,23.72 ,23.63 ,23.64 ,23.67 ,23.67 ,23.72 ,23.69 ,23.72 ,23.74 ,23.74 ,23.79 ,23.75 ,23.69 ,23.7 ,23.68 ,23.65 ,23.67 ,23.74 ,23.73 ,23.73 ,23.66 ,23.63 ,23.75 ,23.78 ,23.76 ,23.75 ,23.65 ,23.69 ,23.77 ,23.7 ,23.68 ,23.69 ,23.6 ,23.65 ,23.68 ,23.76 ,23.73 ,23.64 ,23.69 ,23.7 ,23.59 ,23.58 ,23.68 ,23.74 ,23.73 ,23.67 ,23.66 ,23.71 ,23.61 ,23.63 ,23.65 ,23.57 ,23.55 ,23.53 ,23.59 ,23.52 ,23.52 ,23.52 ,23.53 ,23.5 ,23.44 ,23.52 ,23.54 ,23.5 ,23.45 ,23.63 ,23.69 ,23.64 ,23.54 ,23.53 ,23.57 ,23.52 ,23.59 ,23.61 ,23.58 ,23.56 ,23.59 ,23.61 ,23.66 ,23.59 ,23.59 ,23.68 ,23.71 ,23.72 ,23.71 ,23.75 ,23.73 ,23.77 ,23.77 ,23.79 ,23.88 ,23.78 ,23.68 ,23.74 ,23.71 ,23.6 ,23.63 ,23.65 ,23.58 ,23.61 ,23.68 ,23.82 ,23.92 ,23.9 ,23.82 ,23.88 ,23.86 ,23.87 ,23.85 ,23.85 ,23.79 ,23.95 ,23.94 ,24.03 ,23.95 ,23.96 ,23.95 ,23.89 ,23.86 ,23.84 ,23.79 ,23.81 ,23.97 ,23.87 ,23.82 ,23.85 ,23.93 ,23.89 ,23.83 ,23.87 ,23.92 ,23.93 ,23.93 ,23.92 ,23.93 ,23.87 ,23.93 ,23.86 ,23.86 ,23.87 ,23.75 ,23.85 ,23.89 ,23.84 ,23.92 ,23.89 ,24 ,23.95 ,23.85 ,23.88 ,23.86 ,23.91 ,23.96 ,23.87 ,23.85 ,23.86 ,23.86 ,23.86 ,23.9 ,23.92 ,23.98 ,23.94 ,23.9 ,23.91 ,23.9 ,23.86 ,23.82 ,23.84 ,23.96 ,23.93 ,23.83 ,23.93 ,23.94 ,23.89 ,23.87 ,23.94 ,23.91 ,23.87 ,23.92 ,23.92 ,23.86 ,23.91 ,23.87 ,23.89 ,23.84 ,23.77 ,23.82 ,23.73 ,23.74 ,23.72 ,23.68 ,23.63 ,23.73 ,23.67 ,23.62 ,23.68 ,23.59 ,23.56 ,23.58 ,23.53 ,23.53 ,23.59 ,23.62 ,23.6 ,23.61 ,23.66 ,23.73 ,23.64 ,23.56 ,23.6 ,23.68 ,23.71 ,23.76 ,23.77 ,23.61 ,23.59 ,23.6 ,23.69 ,23.68 ,23.64 ,23.66 ,23.78 ,23.69 ,23.64 ,23.72 ,23.7 ,23.69 ,23.83 ,23.81 ,23.75 ,23.8 ,23.74 ,23.77 ,23.87 ,23.92 ,23.76 ,23.8 ,23.88 ,23.85 ,23.79 ,23.75 ,23.81 ,23.75 ,23.73 ,23.79 ,23.86 ,23.87 ,23.91 ,23.82 ,23.82 ,23.91 ,23.81 ,23.84 ,23.87 ,23.75 ,23.76 ,23.86 ,23.77 ,23.78 ,23.93 ,23.77 ,23.73 ,23.84 ,23.94 ,23.9 ,23.85 ,23.84 ,23.92 ,23.95 ,23.84 ,23.87 ,23.82 ,23.87 ,23.81 ,23.85 ,23.8 ,23.81 ,23.81 ,23.85 ,23.78 ,23.76 ,23.86 ,23.83 ,23.76 ,23.81 ,23.9 ,23.86 ,23.82 ,23.81 ,23.88 ,23.8 ,23.79 ,23.79 ,23.85 ,23.86 ,23.83 ,23.78 ,23.74 ,23.79 ,23.78 ,23.76 ,23.76 ,23.88 ,23.83 ,23.87 ,23.89 ,23.85 ,23.83 ,23.81 ,23.78 ,23.81 ,23.76 ,23.77 ,23.85 ,23.8 ,23.77 ,23.72 ,23.76 ,23.83 ,23.81 ,23.8 ,23.77 ,23.75 ,23.78 ,23.85 ,23.81 ,23.74 ,23.82 ,23.84 ,23.85 ,23.8 ,23.79 ,23.81 ,23.77 ,23.88 ,23.85 ,23.83 ,23.83 ,23.8 ,23.82 ,23.85 ,23.79 ,23.73 ,23.83 ,23.84 ,23.86 ,23.82 ,23.74 ,23.74 ,23.74 ,23.76 ,23.78 ,23.75 ,23.76 ,23.89 ,23.85 ,23.85 ,23.85 ,23.81 ,23.84 ,23.81 ,23.81 ,23.84 ,23.81 ,23.83 ,23.82 ,23.68 ,23.61 ,23.78 ,23.69 ,23.69 ,23.8 ,23.78 ,23.67 ,23.73 ,23.71 ,23.68 ,23.71 ,23.76 ,23.8 ,23.74 ,23.64 ,23.64 ,23.67 ,23.54 ,23.68 ,23.63 ,23.51 ,23.6 ,23.53 ,23.61 ,23.48 ,23.48 ,23.51 ,23.43 ,23.36 ,23.46 ,23.63 ,23.47 ,23.37 ,23.52 ,23.44 ,23.37 ,23.36 ,23.29 ,23.23 ,23.17 ,23.14 ,23.25 ,23.13 ,23.27 ,23.34 ,23.35 ,23.41 ,23.32 ,23.37 ,23.36 ,23.28 ,23.37 ,23.36 ,23.33 ,23.32 ,23.28 ,23.31 ,23.34 ,23.29 ,23.31 ,23.34 ,23.31 ,23.23 ,23.15 ,23.13 ,23.25 ,23.19 ,23.27 ,23.28 ,23.27 ,23.26 ,23.23 ,23.23 ,23.32 ,23.35 ,23.32 ,23.29 ,23.33 ,23.24 ,23.25 ,23.24 ,23.09 ,23.02 ,23.1 ,23.17 ,23.16 ,23.13 ,23.26 ,23.32 ,23.16 ,23.16 ,23.17 ,23.25 ,23.27 ,23.2 ,23.24 ,23.19 ,23.2 ,23.18 ,23.14 ,23.02 ,22.97 ,23.08 ,23.15 ,23.16 ,23.08 ,23.22 ,23.38 ,23.35 ,23.25 ,23.1 ,23.05 ,22.97 ,22.89 ,22.85 ,22.8 ,22.65 ,22.51 ,22.65 ,22.62 ,22.53 ,22.47 ,
373,23.15 ,23.09 ,23.19 ,23.29 ,23.3 ,23.31 ,23.4 ,23.42 ,23.3 ,23.33 ,23.31 ,23.28 ,23.33 ,23.32 ,23.33 ,23.4 ,23.33 ,23.29 ,23.24 ,23.26 ,23.29 ,23.37 ,23.36 ,23.26 ,23.26 ,23.25 ,23.33 ,23.35 ,23.27 ,23.46 ,23.57 ,23.55 ,23.55 ,23.52 ,23.5 ,23.54 ,23.58 ,23.6 ,23.6 ,23.5 ,23.48 ,23.61 ,23.6 ,23.56 ,23.57 ,23.66 ,23.63 ,23.62 ,23.61 ,23.58 ,23.52 ,23.53 ,23.53 ,23.52 ,23.51 ,23.54 ,23.58 ,23.67 ,23.59 ,23.65 ,23.62 ,23.63 ,23.54 ,23.5 ,23.6 ,23.65 ,23.71 ,23.62 ,23.58 ,23.56 ,23.58 ,23.56 ,23.57 ,23.56 ,23.66 ,23.6 ,23.69 ,23.69 ,23.61 ,23.65 ,23.57 ,23.59 ,23.65 ,23.53 ,23.62 ,23.7 ,23.63 ,23.61 ,23.63 ,23.6 ,23.68 ,23.62 ,23.58 ,23.73 ,23.73 ,23.73 ,23.7 ,23.68 ,23.69 ,23.69 ,23.7 ,23.67 ,23.63 ,23.61 ,23.67 ,23.67 ,23.68 ,23.67 ,23.64 ,23.58 ,23.67 ,23.63 ,23.71 ,23.63 ,23.56 ,23.6 ,23.59 ,23.56 ,23.7 ,23.68 ,23.64 ,23.6 ,23.68 ,23.71 ,23.67 ,23.71 ,23.71 ,23.75 ,23.68 ,23.67 ,23.68 ,23.66 ,23.66 ,23.8 ,23.65 ,23.58 ,23.61 ,23.77 ,23.79 ,23.7 ,23.69 ,23.66 ,23.66 ,23.69 ,23.7 ,23.69 ,23.63 ,23.64 ,23.69 ,23.68 ,23.65 ,23.67 ,23.72 ,23.61 ,23.7 ,23.7 ,23.63 ,23.66 ,23.67 ,23.68 ,23.67 ,23.79 ,23.76 ,23.71 ,23.76 ,23.79 ,23.75 ,23.79 ,23.72 ,23.74 ,23.73 ,23.77 ,23.69 ,23.75 ,23.8 ,23.77 ,23.73 ,23.74 ,23.74 ,23.69 ,23.61 ,23.64 ,23.68 ,23.62 ,23.75 ,23.81 ,23.78 ,23.76 ,23.71 ,23.7 ,23.73 ,23.65 ,23.7 ,23.71 ,23.8 ,23.7 ,23.62 ,23.68 ,23.68 ,23.59 ,23.63 ,23.63 ,23.55 ,23.48 ,23.43 ,23.54 ,23.58 ,23.59 ,23.53 ,23.52 ,23.56 ,23.54 ,23.54 ,23.51 ,23.5 ,23.49 ,23.49 ,23.58 ,23.55 ,23.53 ,23.55 ,23.57 ,23.59 ,23.53 ,23.55 ,23.54 ,23.56 ,23.6 ,23.63 ,23.64 ,23.59 ,23.58 ,23.64 ,23.65 ,23.67 ,23.66 ,23.77 ,23.71 ,23.71 ,23.77 ,23.81 ,23.85 ,23.74 ,23.59 ,23.73 ,23.76 ,23.65 ,23.6 ,23.62 ,23.58 ,23.71 ,23.77 ,23.84 ,23.88 ,23.97 ,23.94 ,23.9 ,23.91 ,23.85 ,23.82 ,23.85 ,23.87 ,23.86 ,23.94 ,23.94 ,23.96 ,24.03 ,23.98 ,23.86 ,23.87 ,23.86 ,23.86 ,23.84 ,23.85 ,23.9 ,23.8 ,23.84 ,23.9 ,23.85 ,23.92 ,23.91 ,23.88 ,23.82 ,23.86 ,23.84 ,23.89 ,23.89 ,23.93 ,23.91 ,23.86 ,23.81 ,23.73 ,23.81 ,23.93 ,23.93 ,23.91 ,23.86 ,23.91 ,23.9 ,23.9 ,23.85 ,23.84 ,23.85 ,23.93 ,23.93 ,23.93 ,23.94 ,23.87 ,23.87 ,23.85 ,23.91 ,23.96 ,23.9 ,23.88 ,23.94 ,23.9 ,23.82 ,23.8 ,23.91 ,23.92 ,23.96 ,23.93 ,23.96 ,24.01 ,23.97 ,23.93 ,23.96 ,23.95 ,23.88 ,23.85 ,23.87 ,23.9 ,23.92 ,23.78 ,23.84 ,23.76 ,23.74 ,23.72 ,23.67 ,23.66 ,23.69 ,23.62 ,23.61 ,23.71 ,23.66 ,23.59 ,23.64 ,23.67 ,23.56 ,23.54 ,23.54 ,23.56 ,23.53 ,23.56 ,23.59 ,23.53 ,23.61 ,23.76 ,23.69 ,23.56 ,23.51 ,23.58 ,23.69 ,23.69 ,23.69 ,23.65 ,23.61 ,23.64 ,23.68 ,23.67 ,23.68 ,23.62 ,23.66 ,23.79 ,23.73 ,23.72 ,23.78 ,23.73 ,23.76 ,23.82 ,23.78 ,23.76 ,23.76 ,23.87 ,23.85 ,23.76 ,23.7 ,23.79 ,23.82 ,23.82 ,23.83 ,23.77 ,23.77 ,23.79 ,23.78 ,23.8 ,23.88 ,23.9 ,23.98 ,23.88 ,23.84 ,23.94 ,23.88 ,23.82 ,23.85 ,23.79 ,23.79 ,23.86 ,23.87 ,23.74 ,23.92 ,23.87 ,23.79 ,23.82 ,23.8 ,23.85 ,23.84 ,23.83 ,23.82 ,23.9 ,23.81 ,23.83 ,23.8 ,23.8 ,23.86 ,23.84 ,23.76 ,23.8 ,23.84 ,23.83 ,23.76 ,23.77 ,23.78 ,23.81 ,23.82 ,23.77 ,23.88 ,23.89 ,23.83 ,23.81 ,23.78 ,23.86 ,23.89 ,23.85 ,23.9 ,23.83 ,23.83 ,23.81 ,23.74 ,23.77 ,23.82 ,23.78 ,23.77 ,23.87 ,23.79 ,23.81 ,23.77 ,23.74 ,23.71 ,23.78 ,23.82 ,23.8 ,23.76 ,23.78 ,23.86 ,23.72 ,23.7 ,23.75 ,23.71 ,23.74 ,23.85 ,23.84 ,23.82 ,23.88 ,23.84 ,23.92 ,23.9 ,23.87 ,23.83 ,23.88 ,23.83 ,23.84 ,23.88 ,23.89 ,23.82 ,23.88 ,23.84 ,23.77 ,23.85 ,23.82 ,23.82 ,23.81 ,23.75 ,23.72 ,23.76 ,23.8 ,23.84 ,23.79 ,23.73 ,23.77 ,23.71 ,23.73 ,23.78 ,23.84 ,23.84 ,23.89 ,23.86 ,23.84 ,23.9 ,23.86 ,23.82 ,23.81 ,23.8 ,23.89 ,23.9 ,23.83 ,23.83 ,23.7 ,23.66 ,23.77 ,23.81 ,23.67 ,23.74 ,23.72 ,23.64 ,23.74 ,23.72 ,23.71 ,23.68 ,23.71 ,23.7 ,23.75 ,23.72 ,23.65 ,23.68 ,23.65 ,23.64 ,23.63 ,23.53 ,23.47 ,23.51 ,23.52 ,23.53 ,23.49 ,23.52 ,23.43 ,23.38 ,23.48 ,23.46 ,23.45 ,23.38 ,23.37 ,23.47 ,23.39 ,23.46 ,23.33 ,23.21 ,23.22 ,23.2 ,23.26 ,23.22 ,23.32 ,23.31 ,23.32 ,23.39 ,23.31 ,23.28 ,23.34 ,23.25 ,23.24 ,23.27 ,23.23 ,23.27 ,23.28 ,23.38 ,23.37 ,23.31 ,23.22 ,23.31 ,23.41 ,23.3 ,23.22 ,23.2 ,23.24 ,23.22 ,23.26 ,23.28 ,23.2 ,23.15 ,23.09 ,23.19 ,23.28 ,23.22 ,23.21 ,23.22 ,23.22 ,23.23 ,23.29 ,23.28 ,23.23 ,23.09 ,23.1 ,23.13 ,23.16 ,23.07 ,23.19 ,23.27 ,23.16 ,23.16 ,23.24 ,23.2 ,23.29 ,23.32 ,23.35 ,23.21 ,23.16 ,23.04 ,23.09 ,23.23 ,23.07 ,22.97 ,22.94 ,23.16 ,23.14 ,23.11 ,23.28 ,23.23 ,23.15 ,23.1 ,23.01 ,22.92 ,22.99 ,22.92 ,22.78 ,22.61 ,22.51 ,22.62 ,22.73 ,22.57 ,22.57 ,
374,23.19 ,23.11 ,23.22 ,23.28 ,23.29 ,23.39 ,23.45 ,23.37 ,23.3 ,23.31 ,23.32 ,23.34 ,23.37 ,23.29 ,23.3 ,23.37 ,23.34 ,23.29 ,23.32 ,23.38 ,23.28 ,23.31 ,23.37 ,23.26 ,23.22 ,23.33 ,23.34 ,23.36 ,23.28 ,23.34 ,23.56 ,23.54 ,23.53 ,23.53 ,23.47 ,23.38 ,23.53 ,23.68 ,23.61 ,23.6 ,23.51 ,23.6 ,23.65 ,23.58 ,23.55 ,23.66 ,23.64 ,23.62 ,23.61 ,23.66 ,23.58 ,23.54 ,23.61 ,23.62 ,23.49 ,23.53 ,23.61 ,23.62 ,23.59 ,23.63 ,23.58 ,23.53 ,23.53 ,23.57 ,23.66 ,23.68 ,23.73 ,23.63 ,23.53 ,23.55 ,23.59 ,23.59 ,23.6 ,23.61 ,23.59 ,23.63 ,23.67 ,23.65 ,23.54 ,23.58 ,23.6 ,23.51 ,23.56 ,23.57 ,23.55 ,23.59 ,23.65 ,23.64 ,23.58 ,23.49 ,23.6 ,23.64 ,23.61 ,23.67 ,23.71 ,23.73 ,23.65 ,23.61 ,23.66 ,23.67 ,23.71 ,23.72 ,23.63 ,23.6 ,23.67 ,23.67 ,23.67 ,23.65 ,23.62 ,23.66 ,23.68 ,23.66 ,23.72 ,23.71 ,23.55 ,23.6 ,23.68 ,23.54 ,23.63 ,23.61 ,23.68 ,23.65 ,23.63 ,23.73 ,23.68 ,23.69 ,23.71 ,23.75 ,23.74 ,23.57 ,23.67 ,23.74 ,23.64 ,23.72 ,23.7 ,23.48 ,23.52 ,23.76 ,23.79 ,23.72 ,23.7 ,23.75 ,23.73 ,23.67 ,23.68 ,23.75 ,23.66 ,23.6 ,23.66 ,23.65 ,23.64 ,23.63 ,23.6 ,23.63 ,23.69 ,23.72 ,23.69 ,23.54 ,23.64 ,23.72 ,23.74 ,23.74 ,23.69 ,23.66 ,23.75 ,23.73 ,23.74 ,23.78 ,23.64 ,23.73 ,23.72 ,23.68 ,23.68 ,23.7 ,23.72 ,23.69 ,23.69 ,23.7 ,23.72 ,23.66 ,23.59 ,23.59 ,23.72 ,23.66 ,23.78 ,23.8 ,23.74 ,23.72 ,23.69 ,23.72 ,23.75 ,23.72 ,23.71 ,23.76 ,23.78 ,23.64 ,23.59 ,23.75 ,23.7 ,23.64 ,23.66 ,23.65 ,23.61 ,23.58 ,23.54 ,23.63 ,23.68 ,23.64 ,23.68 ,23.64 ,23.58 ,23.61 ,23.56 ,23.53 ,23.56 ,23.58 ,23.56 ,23.62 ,23.48 ,23.5 ,23.5 ,23.57 ,23.53 ,23.54 ,23.55 ,23.56 ,23.5 ,23.55 ,23.58 ,23.59 ,23.59 ,23.53 ,23.64 ,23.7 ,23.6 ,23.66 ,23.7 ,23.71 ,23.7 ,23.7 ,23.77 ,23.76 ,23.69 ,23.58 ,23.63 ,23.68 ,23.7 ,23.66 ,23.67 ,23.71 ,23.81 ,23.84 ,23.84 ,23.83 ,23.91 ,23.98 ,24.01 ,23.96 ,23.89 ,23.78 ,23.83 ,23.86 ,23.85 ,23.91 ,23.92 ,23.9 ,23.88 ,23.86 ,23.88 ,23.8 ,23.85 ,23.95 ,23.82 ,23.82 ,23.85 ,23.84 ,23.89 ,23.91 ,23.87 ,23.92 ,23.9 ,23.87 ,23.84 ,23.89 ,23.87 ,23.91 ,23.9 ,23.87 ,23.78 ,23.8 ,23.87 ,23.85 ,23.85 ,23.91 ,23.88 ,23.93 ,23.89 ,23.95 ,23.85 ,23.88 ,23.91 ,23.93 ,23.93 ,23.92 ,23.89 ,23.94 ,23.89 ,23.83 ,23.77 ,23.81 ,23.86 ,23.95 ,23.92 ,23.88 ,23.92 ,23.97 ,23.83 ,23.87 ,23.9 ,23.84 ,23.89 ,23.97 ,23.93 ,23.93 ,23.89 ,23.9 ,23.86 ,23.89 ,23.87 ,23.83 ,23.82 ,23.78 ,23.75 ,23.7 ,23.68 ,23.68 ,23.61 ,23.62 ,23.7 ,23.66 ,23.61 ,23.66 ,23.61 ,23.7 ,23.69 ,23.62 ,23.6 ,23.65 ,23.56 ,23.54 ,23.54 ,23.53 ,23.54 ,23.46 ,23.55 ,23.54 ,23.59 ,23.58 ,23.57 ,23.62 ,23.61 ,23.55 ,23.67 ,23.68 ,23.67 ,23.69 ,23.63 ,23.61 ,23.68 ,23.75 ,23.75 ,23.7 ,23.72 ,23.85 ,23.81 ,23.72 ,23.71 ,23.79 ,23.75 ,23.74 ,23.81 ,23.8 ,23.72 ,23.82 ,23.88 ,23.83 ,23.79 ,23.8 ,23.83 ,23.72 ,23.84 ,23.83 ,23.79 ,23.82 ,23.89 ,23.81 ,23.84 ,23.91 ,23.92 ,23.88 ,23.82 ,23.87 ,23.84 ,23.89 ,23.82 ,23.85 ,23.84 ,23.8 ,23.85 ,23.81 ,23.85 ,23.82 ,23.83 ,23.81 ,23.77 ,23.78 ,23.78 ,23.87 ,23.84 ,23.88 ,23.78 ,23.76 ,23.83 ,23.77 ,23.81 ,23.81 ,23.75 ,23.82 ,23.87 ,23.82 ,23.71 ,23.8 ,23.77 ,23.76 ,23.85 ,23.85 ,23.79 ,23.8 ,23.78 ,23.86 ,23.8 ,23.8 ,23.91 ,23.92 ,23.89 ,23.85 ,23.85 ,23.84 ,23.8 ,23.83 ,23.83 ,23.82 ,23.83 ,23.87 ,23.8 ,23.82 ,23.81 ,23.81 ,23.81 ,23.72 ,23.84 ,23.82 ,23.74 ,23.77 ,23.84 ,23.82 ,23.81 ,23.8 ,23.78 ,23.72 ,23.86 ,23.9 ,23.88 ,23.95 ,23.89 ,23.91 ,23.84 ,23.8 ,23.78 ,23.85 ,23.88 ,23.78 ,23.77 ,23.77 ,23.82 ,23.8 ,23.85 ,23.83 ,23.72 ,23.79 ,23.77 ,23.89 ,23.83 ,23.76 ,23.7 ,23.72 ,23.81 ,23.83 ,23.74 ,23.71 ,23.76 ,23.71 ,23.79 ,23.76 ,23.8 ,23.9 ,23.95 ,23.88 ,23.86 ,23.8 ,23.83 ,23.83 ,23.83 ,23.91 ,23.83 ,23.8 ,23.78 ,23.71 ,23.71 ,23.69 ,23.75 ,23.68 ,23.78 ,23.75 ,23.69 ,23.84 ,23.73 ,23.68 ,23.7 ,23.63 ,23.65 ,23.59 ,23.6 ,23.68 ,23.67 ,23.62 ,23.67 ,23.62 ,23.52 ,23.49 ,23.54 ,23.57 ,23.58 ,23.6 ,23.57 ,23.42 ,23.47 ,23.57 ,23.48 ,23.43 ,23.46 ,23.38 ,23.4 ,23.33 ,23.35 ,23.32 ,23.15 ,23.11 ,23.18 ,23.24 ,23.16 ,23.22 ,23.3 ,23.26 ,23.29 ,23.25 ,23.33 ,23.28 ,23.26 ,23.29 ,23.28 ,23.23 ,23.24 ,23.31 ,23.37 ,23.33 ,23.19 ,23.12 ,23.16 ,23.25 ,23.28 ,23.28 ,23.22 ,23.2 ,23.22 ,23.29 ,23.28 ,23.21 ,23.15 ,23.15 ,23.2 ,23.27 ,23.23 ,23.19 ,23.24 ,23.27 ,23.24 ,23.24 ,23.27 ,23.13 ,23.1 ,23.14 ,23.12 ,23.15 ,23.03 ,23.1 ,23.21 ,23.22 ,23.16 ,23.29 ,23.24 ,23.28 ,23.26 ,23.26 ,23.16 ,23.12 ,23.02 ,23 ,23.06 ,23.06 ,22.92 ,22.89 ,23.11 ,23.07 ,23.07 ,23.16 ,23.1 ,23.12 ,23.02 ,23.03 ,23.05 ,23.05 ,22.94 ,22.84 ,22.75 ,22.66 ,22.8 ,22.76 ,22.7 ,22.74 ,
375,23.25 ,23.17 ,23.28 ,23.28 ,23.21 ,23.32 ,23.43 ,23.33 ,23.28 ,23.37 ,23.36 ,23.35 ,23.41 ,23.29 ,23.26 ,23.28 ,23.21 ,23.29 ,23.35 ,23.38 ,23.28 ,23.29 ,23.37 ,23.25 ,23.14 ,23.23 ,23.35 ,23.33 ,23.32 ,23.34 ,23.53 ,23.45 ,23.46 ,23.55 ,23.49 ,23.44 ,23.5 ,23.59 ,23.62 ,23.48 ,23.49 ,23.63 ,23.68 ,23.57 ,23.63 ,23.6 ,23.61 ,23.6 ,23.57 ,23.63 ,23.56 ,23.47 ,23.56 ,23.61 ,23.57 ,23.5 ,23.57 ,23.57 ,23.58 ,23.6 ,23.55 ,23.41 ,23.53 ,23.59 ,23.63 ,23.61 ,23.61 ,23.59 ,23.54 ,23.52 ,23.6 ,23.57 ,23.61 ,23.64 ,23.61 ,23.59 ,23.66 ,23.63 ,23.53 ,23.52 ,23.59 ,23.57 ,23.5 ,23.54 ,23.54 ,23.61 ,23.66 ,23.7 ,23.55 ,23.52 ,23.6 ,23.68 ,23.67 ,23.67 ,23.63 ,23.71 ,23.6 ,23.49 ,23.56 ,23.59 ,23.66 ,23.75 ,23.68 ,23.64 ,23.58 ,23.53 ,23.58 ,23.6 ,23.57 ,23.62 ,23.69 ,23.58 ,23.59 ,23.66 ,23.58 ,23.61 ,23.68 ,23.65 ,23.64 ,23.65 ,23.69 ,23.64 ,23.55 ,23.69 ,23.62 ,23.6 ,23.69 ,23.75 ,23.75 ,23.65 ,23.66 ,23.79 ,23.72 ,23.65 ,23.7 ,23.67 ,23.64 ,23.73 ,23.69 ,23.63 ,23.66 ,23.73 ,23.72 ,23.68 ,23.63 ,23.72 ,23.66 ,23.68 ,23.75 ,23.73 ,23.62 ,23.62 ,23.68 ,23.65 ,23.68 ,23.62 ,23.72 ,23.78 ,23.7 ,23.77 ,23.69 ,23.73 ,23.72 ,23.64 ,23.68 ,23.7 ,23.72 ,23.74 ,23.56 ,23.7 ,23.78 ,23.6 ,23.66 ,23.65 ,23.68 ,23.67 ,23.74 ,23.72 ,23.73 ,23.65 ,23.65 ,23.68 ,23.72 ,23.73 ,23.74 ,23.76 ,23.75 ,23.69 ,23.69 ,23.79 ,23.67 ,23.69 ,23.73 ,23.72 ,23.79 ,23.71 ,23.58 ,23.66 ,23.74 ,23.7 ,23.67 ,23.7 ,23.67 ,23.66 ,23.64 ,23.66 ,23.65 ,23.68 ,23.71 ,23.74 ,23.65 ,23.59 ,23.57 ,23.5 ,23.52 ,23.57 ,23.55 ,23.54 ,23.57 ,23.53 ,23.54 ,23.47 ,23.46 ,23.57 ,23.55 ,23.63 ,23.61 ,23.52 ,23.54 ,23.56 ,23.54 ,23.49 ,23.62 ,23.69 ,23.69 ,23.73 ,23.67 ,23.66 ,23.61 ,23.64 ,23.68 ,23.72 ,23.7 ,23.63 ,23.65 ,23.65 ,23.65 ,23.63 ,23.63 ,23.68 ,23.85 ,23.84 ,23.91 ,23.78 ,23.79 ,23.89 ,23.92 ,23.9 ,23.88 ,23.83 ,23.82 ,23.86 ,23.89 ,23.92 ,23.95 ,23.89 ,23.82 ,23.84 ,23.87 ,23.84 ,23.8 ,23.96 ,23.85 ,23.83 ,23.9 ,23.81 ,23.89 ,23.95 ,23.9 ,23.9 ,23.83 ,23.78 ,23.84 ,23.91 ,23.95 ,23.99 ,23.98 ,23.86 ,23.85 ,23.87 ,23.83 ,23.82 ,23.82 ,23.82 ,23.81 ,23.86 ,23.86 ,23.98 ,23.87 ,23.83 ,23.93 ,23.91 ,23.94 ,23.88 ,23.86 ,23.89 ,23.85 ,23.88 ,23.9 ,23.85 ,23.85 ,23.99 ,23.99 ,23.96 ,23.89 ,23.86 ,23.83 ,23.78 ,23.88 ,23.85 ,23.78 ,23.85 ,23.88 ,23.84 ,23.78 ,23.77 ,23.73 ,23.67 ,23.72 ,23.68 ,23.67 ,23.64 ,23.58 ,23.67 ,23.67 ,23.56 ,23.53 ,23.56 ,23.67 ,23.62 ,23.62 ,23.66 ,23.64 ,23.61 ,23.59 ,23.57 ,23.59 ,23.68 ,23.63 ,23.58 ,23.54 ,23.59 ,23.59 ,23.49 ,23.48 ,23.55 ,23.56 ,23.62 ,23.61 ,23.63 ,23.61 ,23.62 ,23.65 ,23.59 ,23.71 ,23.74 ,23.65 ,23.64 ,23.67 ,23.71 ,23.77 ,23.75 ,23.8 ,23.78 ,23.82 ,23.73 ,23.65 ,23.78 ,23.85 ,23.81 ,23.85 ,23.75 ,23.72 ,23.78 ,23.86 ,23.96 ,23.93 ,23.87 ,23.86 ,23.77 ,23.82 ,23.81 ,23.81 ,23.81 ,23.86 ,23.81 ,23.81 ,23.87 ,23.86 ,23.91 ,23.81 ,23.84 ,23.76 ,23.89 ,23.86 ,23.84 ,23.92 ,23.86 ,23.82 ,23.87 ,23.92 ,23.79 ,23.72 ,23.8 ,23.79 ,23.87 ,23.84 ,23.86 ,23.93 ,23.89 ,23.83 ,23.8 ,23.92 ,23.91 ,23.8 ,23.8 ,23.78 ,23.8 ,23.8 ,23.82 ,23.73 ,23.77 ,23.85 ,23.84 ,23.87 ,23.91 ,23.81 ,23.76 ,23.85 ,23.89 ,23.84 ,23.85 ,23.84 ,23.86 ,23.85 ,23.79 ,23.78 ,23.87 ,23.81 ,23.8 ,23.79 ,23.85 ,23.82 ,23.81 ,23.68 ,23.77 ,23.81 ,23.81 ,23.79 ,23.73 ,23.78 ,23.74 ,23.7 ,23.71 ,23.73 ,23.79 ,23.79 ,23.82 ,23.87 ,23.83 ,23.77 ,23.85 ,23.87 ,23.83 ,23.83 ,23.92 ,23.8 ,23.82 ,23.8 ,23.75 ,23.84 ,23.78 ,23.76 ,23.77 ,23.76 ,23.82 ,23.82 ,23.75 ,23.74 ,23.73 ,23.8 ,23.81 ,23.82 ,23.84 ,23.71 ,23.71 ,23.81 ,23.89 ,23.72 ,23.67 ,23.77 ,23.8 ,23.81 ,23.73 ,23.77 ,23.87 ,23.89 ,23.89 ,23.87 ,23.85 ,23.76 ,23.74 ,23.84 ,23.89 ,23.86 ,23.79 ,23.76 ,23.62 ,23.72 ,23.78 ,23.73 ,23.72 ,23.72 ,23.79 ,23.74 ,23.8 ,23.71 ,23.76 ,23.72 ,23.71 ,23.7 ,23.66 ,23.5 ,23.62 ,23.65 ,23.5 ,23.63 ,23.64 ,23.49 ,23.42 ,23.57 ,23.52 ,23.56 ,23.57 ,23.54 ,23.44 ,23.35 ,23.41 ,23.52 ,23.46 ,23.44 ,23.32 ,23.4 ,23.28 ,23.32 ,23.42 ,23.21 ,23.1 ,23.14 ,23.19 ,23.19 ,23.23 ,23.22 ,23.27 ,23.28 ,23.14 ,23.22 ,23.28 ,23.29 ,23.27 ,23.26 ,23.28 ,23.23 ,23.34 ,23.33 ,23.25 ,23.21 ,23.27 ,23.21 ,23.18 ,23.12 ,23.15 ,23.21 ,23.26 ,23.12 ,23.13 ,23.24 ,23.31 ,23.26 ,23.23 ,23.25 ,23.27 ,23.25 ,23.23 ,23.27 ,23.21 ,23.25 ,23.21 ,23.2 ,23.08 ,22.99 ,23.12 ,23.19 ,23.1 ,23.11 ,23.07 ,23.16 ,23.17 ,23.17 ,23.16 ,23.15 ,23.15 ,23.22 ,23.12 ,23.13 ,23.11 ,23.01 ,22.98 ,23.01 ,22.97 ,22.94 ,22.93 ,23.11 ,23.09 ,23.03 ,23.11 ,23.07 ,23.05 ,22.97 ,23.06 ,23.08 ,23.11 ,23.03 ,22.94 ,22.88 ,22.79 ,22.89 ,22.96 ,22.79 ,22.79 ,
376,23.22 ,23.28 ,23.31 ,23.31 ,23.19 ,23.25 ,23.35 ,23.33 ,23.38 ,23.46 ,23.34 ,23.26 ,23.37 ,23.33 ,23.35 ,23.28 ,23.18 ,23.21 ,23.29 ,23.34 ,23.29 ,23.24 ,23.33 ,23.27 ,23.22 ,23.3 ,23.4 ,23.38 ,23.29 ,23.4 ,23.48 ,23.43 ,23.48 ,23.62 ,23.6 ,23.56 ,23.53 ,23.61 ,23.52 ,23.44 ,23.42 ,23.47 ,23.47 ,23.49 ,23.47 ,23.51 ,23.6 ,23.56 ,23.59 ,23.59 ,23.43 ,23.4 ,23.46 ,23.5 ,23.54 ,23.58 ,23.56 ,23.61 ,23.56 ,23.51 ,23.6 ,23.53 ,23.55 ,23.56 ,23.57 ,23.57 ,23.55 ,23.64 ,23.57 ,23.52 ,23.54 ,23.54 ,23.57 ,23.61 ,23.56 ,23.58 ,23.58 ,23.59 ,23.57 ,23.48 ,23.57 ,23.64 ,23.57 ,23.49 ,23.52 ,23.62 ,23.7 ,23.68 ,23.53 ,23.49 ,23.66 ,23.7 ,23.74 ,23.65 ,23.65 ,23.64 ,23.56 ,23.54 ,23.59 ,23.74 ,23.69 ,23.67 ,23.7 ,23.66 ,23.64 ,23.58 ,23.61 ,23.58 ,23.56 ,23.55 ,23.66 ,23.63 ,23.61 ,23.68 ,23.62 ,23.61 ,23.69 ,23.64 ,23.62 ,23.64 ,23.72 ,23.64 ,23.58 ,23.63 ,23.63 ,23.64 ,23.65 ,23.72 ,23.69 ,23.6 ,23.66 ,23.78 ,23.72 ,23.67 ,23.68 ,23.65 ,23.69 ,23.7 ,23.69 ,23.62 ,23.63 ,23.61 ,23.6 ,23.67 ,23.7 ,23.72 ,23.68 ,23.61 ,23.72 ,23.76 ,23.72 ,23.64 ,23.66 ,23.82 ,23.69 ,23.68 ,23.66 ,23.71 ,23.7 ,23.7 ,23.69 ,23.69 ,23.72 ,23.59 ,23.62 ,23.66 ,23.69 ,23.72 ,23.61 ,23.73 ,23.66 ,23.54 ,23.61 ,23.66 ,23.65 ,23.66 ,23.74 ,23.7 ,23.77 ,23.7 ,23.7 ,23.75 ,23.67 ,23.68 ,23.67 ,23.66 ,23.75 ,23.66 ,23.65 ,23.74 ,23.74 ,23.74 ,23.84 ,23.71 ,23.66 ,23.72 ,23.69 ,23.68 ,23.68 ,23.72 ,23.62 ,23.65 ,23.64 ,23.62 ,23.57 ,23.55 ,23.66 ,23.7 ,23.71 ,23.68 ,23.59 ,23.52 ,23.47 ,23.45 ,23.47 ,23.52 ,23.51 ,23.56 ,23.61 ,23.58 ,23.56 ,23.56 ,23.49 ,23.54 ,23.56 ,23.58 ,23.65 ,23.52 ,23.5 ,23.52 ,23.56 ,23.6 ,23.66 ,23.66 ,23.61 ,23.65 ,23.62 ,23.65 ,23.66 ,23.63 ,23.63 ,23.73 ,23.73 ,23.68 ,23.73 ,23.74 ,23.59 ,23.54 ,23.55 ,23.56 ,23.68 ,23.73 ,23.75 ,23.78 ,23.72 ,23.79 ,23.8 ,23.84 ,23.88 ,23.87 ,23.81 ,23.88 ,23.9 ,23.83 ,23.9 ,23.88 ,23.89 ,23.91 ,23.83 ,23.86 ,23.85 ,23.87 ,23.85 ,23.85 ,23.9 ,23.87 ,23.83 ,23.93 ,23.86 ,23.85 ,23.8 ,23.83 ,23.84 ,23.86 ,23.96 ,23.96 ,23.92 ,23.8 ,23.83 ,23.91 ,23.93 ,23.8 ,23.8 ,23.84 ,23.84 ,23.9 ,23.78 ,23.86 ,23.88 ,23.91 ,23.95 ,23.92 ,23.89 ,23.78 ,23.76 ,23.87 ,23.81 ,23.87 ,23.87 ,23.83 ,23.82 ,23.89 ,23.93 ,23.95 ,23.81 ,23.81 ,23.77 ,23.76 ,23.67 ,23.7 ,23.69 ,23.68 ,23.67 ,23.76 ,23.68 ,23.69 ,23.69 ,23.59 ,23.58 ,23.6 ,23.58 ,23.6 ,23.56 ,23.55 ,23.67 ,23.65 ,23.6 ,23.61 ,23.61 ,23.58 ,23.55 ,23.64 ,23.59 ,23.57 ,23.59 ,23.57 ,23.6 ,23.66 ,23.64 ,23.61 ,23.56 ,23.58 ,23.6 ,23.53 ,23.41 ,23.45 ,23.46 ,23.6 ,23.63 ,23.61 ,23.63 ,23.62 ,23.62 ,23.59 ,23.71 ,23.69 ,23.67 ,23.66 ,23.69 ,23.72 ,23.76 ,23.74 ,23.8 ,23.74 ,23.75 ,23.77 ,23.69 ,23.74 ,23.83 ,23.76 ,23.78 ,23.86 ,23.76 ,23.76 ,23.85 ,23.9 ,23.86 ,23.92 ,23.85 ,23.77 ,23.83 ,23.79 ,23.78 ,23.78 ,23.89 ,23.86 ,23.81 ,23.94 ,23.86 ,23.85 ,23.82 ,23.89 ,23.74 ,23.84 ,23.9 ,23.83 ,23.82 ,23.83 ,23.89 ,23.83 ,23.87 ,23.78 ,23.77 ,23.84 ,23.85 ,23.81 ,23.85 ,23.8 ,23.79 ,23.87 ,23.84 ,23.84 ,23.89 ,23.83 ,23.77 ,23.83 ,23.81 ,23.81 ,23.81 ,23.75 ,23.78 ,23.77 ,23.75 ,23.75 ,23.88 ,23.92 ,23.84 ,23.71 ,23.78 ,23.83 ,23.78 ,23.8 ,23.84 ,23.82 ,23.79 ,23.78 ,23.76 ,23.81 ,23.8 ,23.73 ,23.81 ,23.85 ,23.84 ,23.87 ,23.72 ,23.71 ,23.79 ,23.81 ,23.77 ,23.72 ,23.75 ,23.76 ,23.71 ,23.74 ,23.77 ,23.74 ,23.71 ,23.79 ,23.83 ,23.82 ,23.73 ,23.75 ,23.88 ,23.87 ,23.81 ,23.84 ,23.81 ,23.73 ,23.86 ,23.78 ,23.83 ,23.84 ,23.83 ,23.76 ,23.71 ,23.81 ,23.85 ,23.71 ,23.69 ,23.82 ,23.89 ,23.89 ,23.86 ,23.89 ,23.8 ,23.82 ,23.86 ,23.86 ,23.72 ,23.75 ,23.8 ,23.86 ,23.91 ,23.87 ,23.84 ,23.83 ,23.8 ,23.88 ,23.78 ,23.74 ,23.69 ,23.7 ,23.72 ,23.78 ,23.77 ,23.8 ,23.77 ,23.72 ,23.72 ,23.74 ,23.71 ,23.69 ,23.71 ,23.76 ,23.77 ,23.73 ,23.66 ,23.66 ,23.74 ,23.79 ,23.74 ,23.73 ,23.67 ,23.59 ,23.61 ,23.54 ,23.55 ,23.62 ,23.54 ,23.46 ,23.56 ,23.47 ,23.45 ,23.51 ,23.41 ,23.37 ,23.33 ,23.34 ,23.39 ,23.39 ,23.37 ,23.39 ,23.34 ,23.36 ,23.27 ,23.39 ,23.24 ,23.18 ,23.18 ,23.17 ,23.14 ,23.17 ,23.19 ,23.25 ,23.33 ,23.11 ,23.13 ,23.29 ,23.23 ,23.15 ,23.2 ,23.13 ,23.18 ,23.24 ,23.29 ,23.22 ,23.19 ,23.18 ,23.15 ,23.14 ,23.17 ,23.21 ,23.22 ,23.14 ,23.07 ,23.06 ,23.16 ,23.28 ,23.22 ,23.08 ,23.12 ,23.27 ,23.27 ,23.29 ,23.31 ,23.2 ,23.16 ,23.17 ,23.14 ,23.12 ,23.06 ,23.07 ,23.12 ,23.02 ,23.03 ,23.15 ,23.05 ,23.02 ,23.06 ,23.17 ,23.16 ,23.13 ,23.11 ,23.02 ,22.96 ,23.11 ,22.91 ,22.94 ,22.93 ,22.91 ,22.91 ,22.99 ,23.14 ,23.01 ,22.99 ,22.97 ,22.96 ,23.15 ,23.13 ,23.07 ,23.08 ,23.02 ,23.09 ,23.01 ,22.88 ,22.81 ,22.91 ,22.96 ,22.81 ,22.72 ,
377,23.14 ,23.23 ,23.32 ,23.33 ,23.32 ,23.31 ,23.31 ,23.3 ,23.4 ,23.41 ,23.29 ,23.25 ,23.32 ,23.3 ,23.27 ,23.26 ,23.21 ,23.24 ,23.28 ,23.33 ,23.36 ,23.29 ,23.3 ,23.27 ,23.28 ,23.36 ,23.46 ,23.44 ,23.36 ,23.36 ,23.43 ,23.44 ,23.43 ,23.53 ,23.58 ,23.61 ,23.57 ,23.59 ,23.51 ,23.51 ,23.49 ,23.49 ,23.51 ,23.47 ,23.41 ,23.47 ,23.53 ,23.55 ,23.57 ,23.56 ,23.49 ,23.49 ,23.52 ,23.47 ,23.52 ,23.58 ,23.62 ,23.56 ,23.53 ,23.56 ,23.69 ,23.67 ,23.52 ,23.62 ,23.61 ,23.53 ,23.64 ,23.7 ,23.62 ,23.56 ,23.55 ,23.51 ,23.63 ,23.63 ,23.57 ,23.64 ,23.63 ,23.66 ,23.65 ,23.5 ,23.59 ,23.65 ,23.59 ,23.55 ,23.55 ,23.59 ,23.72 ,23.69 ,23.64 ,23.51 ,23.65 ,23.72 ,23.67 ,23.66 ,23.6 ,23.58 ,23.54 ,23.57 ,23.65 ,23.75 ,23.71 ,23.61 ,23.64 ,23.66 ,23.69 ,23.67 ,23.7 ,23.63 ,23.6 ,23.69 ,23.67 ,23.69 ,23.66 ,23.62 ,23.56 ,23.63 ,23.65 ,23.62 ,23.67 ,23.65 ,23.66 ,23.62 ,23.66 ,23.64 ,23.66 ,23.65 ,23.6 ,23.66 ,23.6 ,23.54 ,23.65 ,23.75 ,23.7 ,23.71 ,23.59 ,23.56 ,23.6 ,23.66 ,23.68 ,23.75 ,23.7 ,23.58 ,23.56 ,23.66 ,23.68 ,23.74 ,23.65 ,23.66 ,23.64 ,23.75 ,23.73 ,23.71 ,23.66 ,23.74 ,23.75 ,23.71 ,23.66 ,23.64 ,23.61 ,23.62 ,23.68 ,23.69 ,23.72 ,23.65 ,23.66 ,23.66 ,23.66 ,23.7 ,23.66 ,23.7 ,23.64 ,23.61 ,23.67 ,23.61 ,23.62 ,23.68 ,23.71 ,23.67 ,23.7 ,23.69 ,23.7 ,23.69 ,23.66 ,23.59 ,23.63 ,23.61 ,23.74 ,23.72 ,23.63 ,23.68 ,23.71 ,23.78 ,23.78 ,23.64 ,23.58 ,23.69 ,23.72 ,23.69 ,23.68 ,23.68 ,23.73 ,23.68 ,23.66 ,23.58 ,23.62 ,23.65 ,23.59 ,23.67 ,23.68 ,23.69 ,23.68 ,23.6 ,23.59 ,23.53 ,23.59 ,23.56 ,23.62 ,23.58 ,23.58 ,23.58 ,23.58 ,23.6 ,23.53 ,23.55 ,23.56 ,23.6 ,23.57 ,23.55 ,23.59 ,23.56 ,23.63 ,23.68 ,23.74 ,23.69 ,23.54 ,23.57 ,23.64 ,23.64 ,23.69 ,23.66 ,23.67 ,23.74 ,23.77 ,23.63 ,23.7 ,23.73 ,23.6 ,23.56 ,23.62 ,23.68 ,23.65 ,23.53 ,23.62 ,23.64 ,23.7 ,23.66 ,23.71 ,23.85 ,23.83 ,23.84 ,23.82 ,23.9 ,23.94 ,23.83 ,23.81 ,23.76 ,23.86 ,24 ,23.94 ,23.88 ,23.8 ,23.82 ,23.87 ,23.89 ,23.87 ,23.83 ,23.84 ,23.88 ,23.81 ,23.77 ,23.89 ,23.85 ,23.84 ,23.89 ,23.89 ,23.95 ,23.92 ,23.87 ,23.81 ,23.88 ,23.95 ,23.86 ,23.79 ,23.88 ,23.89 ,23.94 ,23.84 ,23.89 ,23.88 ,23.85 ,23.95 ,23.84 ,23.9 ,23.86 ,23.72 ,23.86 ,23.92 ,23.9 ,23.87 ,23.83 ,23.82 ,23.81 ,23.8 ,23.78 ,23.72 ,23.7 ,23.68 ,23.73 ,23.68 ,23.59 ,23.63 ,23.65 ,23.6 ,23.68 ,23.69 ,23.65 ,23.63 ,23.65 ,23.65 ,23.64 ,23.64 ,23.56 ,23.55 ,23.57 ,23.54 ,23.54 ,23.59 ,23.61 ,23.59 ,23.47 ,23.57 ,23.6 ,23.57 ,23.53 ,23.63 ,23.62 ,23.58 ,23.67 ,23.58 ,23.58 ,23.66 ,23.55 ,23.61 ,23.56 ,23.39 ,23.39 ,23.47 ,23.55 ,23.59 ,23.57 ,23.66 ,23.68 ,23.68 ,23.69 ,23.72 ,23.7 ,23.71 ,23.71 ,23.72 ,23.77 ,23.8 ,23.78 ,23.86 ,23.84 ,23.75 ,23.83 ,23.71 ,23.79 ,23.84 ,23.83 ,23.81 ,23.91 ,23.89 ,23.82 ,23.86 ,23.86 ,23.74 ,23.89 ,23.87 ,23.74 ,23.81 ,23.8 ,23.88 ,23.83 ,23.86 ,23.86 ,23.88 ,23.94 ,23.85 ,23.78 ,23.75 ,23.88 ,23.82 ,23.87 ,23.9 ,23.78 ,23.79 ,23.82 ,23.92 ,23.86 ,23.84 ,23.81 ,23.82 ,23.86 ,23.8 ,23.82 ,23.84 ,23.76 ,23.69 ,23.82 ,23.78 ,23.84 ,23.85 ,23.7 ,23.67 ,23.75 ,23.78 ,23.82 ,23.8 ,23.81 ,23.85 ,23.87 ,23.79 ,23.79 ,23.87 ,23.87 ,23.88 ,23.86 ,23.78 ,23.8 ,23.74 ,23.8 ,23.8 ,23.8 ,23.85 ,23.77 ,23.8 ,23.78 ,23.69 ,23.75 ,23.86 ,23.85 ,23.87 ,23.82 ,23.8 ,23.86 ,23.84 ,23.8 ,23.72 ,23.8 ,23.83 ,23.77 ,23.75 ,23.79 ,23.81 ,23.8 ,23.76 ,23.85 ,23.89 ,23.87 ,23.79 ,23.83 ,23.89 ,23.92 ,23.84 ,23.85 ,23.81 ,23.77 ,23.71 ,23.79 ,23.73 ,23.88 ,23.87 ,23.73 ,23.72 ,23.74 ,23.73 ,23.74 ,23.73 ,23.88 ,23.9 ,23.9 ,23.85 ,23.89 ,23.79 ,23.83 ,23.8 ,23.76 ,23.76 ,23.83 ,23.82 ,23.85 ,23.83 ,23.81 ,23.87 ,23.76 ,23.79 ,23.77 ,23.78 ,23.73 ,23.69 ,23.7 ,23.69 ,23.71 ,23.67 ,23.72 ,23.78 ,23.72 ,23.71 ,23.68 ,23.7 ,23.69 ,23.76 ,23.71 ,23.73 ,23.73 ,23.73 ,23.72 ,23.72 ,23.77 ,23.7 ,23.68 ,23.72 ,23.74 ,23.65 ,23.56 ,23.54 ,23.59 ,23.6 ,23.54 ,23.48 ,23.48 ,23.4 ,23.5 ,23.54 ,23.43 ,23.41 ,23.43 ,23.38 ,23.32 ,23.24 ,23.36 ,23.41 ,23.41 ,23.38 ,23.37 ,23.23 ,23.27 ,23.3 ,23.22 ,23.11 ,23.09 ,23.3 ,23.34 ,23.25 ,23.17 ,23.15 ,23.16 ,23.2 ,23.16 ,23.15 ,23.25 ,23.31 ,23.22 ,23.17 ,23.18 ,23.08 ,23.03 ,23.11 ,23.13 ,23.12 ,23.21 ,23.23 ,23.14 ,23.08 ,23.17 ,23.2 ,23.21 ,23.2 ,23.14 ,23.16 ,23.11 ,23.13 ,23.3 ,23.33 ,23.25 ,23.21 ,23.13 ,23.1 ,23.07 ,23.05 ,23.14 ,23.09 ,23.01 ,22.94 ,23.04 ,23.06 ,23.07 ,23.13 ,23.12 ,23.14 ,23.12 ,23.12 ,23.03 ,22.92 ,23.01 ,22.9 ,22.84 ,22.89 ,22.82 ,22.9 ,22.95 ,23.04 ,23.02 ,22.87 ,22.88 ,23.01 ,23.07 ,23.06 ,23.09 ,23.06 ,22.99 ,23 ,23.04 ,22.96 ,22.82 ,22.93 ,22.96 ,22.79 ,22.72 ,
378,23.19 ,23.28 ,23.36 ,23.37 ,23.31 ,23.36 ,23.29 ,23.2 ,23.36 ,23.36 ,23.29 ,23.28 ,23.36 ,23.28 ,23.29 ,23.3 ,23.24 ,23.25 ,23.3 ,23.31 ,23.25 ,23.3 ,23.39 ,23.31 ,23.23 ,23.34 ,23.37 ,23.38 ,23.38 ,23.34 ,23.46 ,23.48 ,23.47 ,23.55 ,23.55 ,23.55 ,23.49 ,23.53 ,23.47 ,23.52 ,23.52 ,23.49 ,23.59 ,23.54 ,23.45 ,23.52 ,23.58 ,23.61 ,23.59 ,23.53 ,23.44 ,23.53 ,23.52 ,23.52 ,23.56 ,23.53 ,23.58 ,23.57 ,23.54 ,23.56 ,23.6 ,23.61 ,23.55 ,23.63 ,23.74 ,23.64 ,23.68 ,23.6 ,23.63 ,23.6 ,23.62 ,23.59 ,23.63 ,23.64 ,23.65 ,23.67 ,23.58 ,23.59 ,23.62 ,23.5 ,23.58 ,23.65 ,23.59 ,23.57 ,23.56 ,23.52 ,23.62 ,23.58 ,23.58 ,23.62 ,23.63 ,23.67 ,23.67 ,23.71 ,23.67 ,23.62 ,23.56 ,23.57 ,23.68 ,23.67 ,23.64 ,23.57 ,23.64 ,23.69 ,23.68 ,23.61 ,23.67 ,23.6 ,23.53 ,23.65 ,23.66 ,23.6 ,23.67 ,23.61 ,23.59 ,23.64 ,23.7 ,23.7 ,23.69 ,23.65 ,23.63 ,23.55 ,23.6 ,23.72 ,23.74 ,23.71 ,23.58 ,23.66 ,23.63 ,23.58 ,23.62 ,23.72 ,23.66 ,23.71 ,23.62 ,23.55 ,23.58 ,23.77 ,23.79 ,23.77 ,23.7 ,23.68 ,23.63 ,23.65 ,23.75 ,23.74 ,23.74 ,23.71 ,23.72 ,23.76 ,23.73 ,23.67 ,23.72 ,23.75 ,23.69 ,23.62 ,23.67 ,23.61 ,23.66 ,23.61 ,23.67 ,23.68 ,23.77 ,23.68 ,23.65 ,23.71 ,23.64 ,23.56 ,23.61 ,23.62 ,23.58 ,23.66 ,23.68 ,23.63 ,23.63 ,23.67 ,23.67 ,23.62 ,23.73 ,23.7 ,23.59 ,23.72 ,23.69 ,23.62 ,23.61 ,23.63 ,23.64 ,23.71 ,23.66 ,23.71 ,23.71 ,23.71 ,23.67 ,23.63 ,23.75 ,23.69 ,23.73 ,23.76 ,23.7 ,23.65 ,23.73 ,23.75 ,23.71 ,23.72 ,23.73 ,23.65 ,23.65 ,23.69 ,23.72 ,23.76 ,23.7 ,23.67 ,23.61 ,23.55 ,23.55 ,23.63 ,23.71 ,23.62 ,23.53 ,23.53 ,23.61 ,23.65 ,23.55 ,23.45 ,23.46 ,23.59 ,23.67 ,23.58 ,23.58 ,23.56 ,23.63 ,23.66 ,23.64 ,23.56 ,23.59 ,23.61 ,23.66 ,23.64 ,23.6 ,23.62 ,23.66 ,23.73 ,23.73 ,23.66 ,23.61 ,23.66 ,23.66 ,23.61 ,23.64 ,23.68 ,23.59 ,23.5 ,23.51 ,23.55 ,23.65 ,23.67 ,23.73 ,23.76 ,23.79 ,23.81 ,23.86 ,23.84 ,23.83 ,23.85 ,23.88 ,23.87 ,23.89 ,23.88 ,23.86 ,23.87 ,23.88 ,23.88 ,23.75 ,23.85 ,23.89 ,23.87 ,23.81 ,23.85 ,23.83 ,23.78 ,23.9 ,23.84 ,23.79 ,23.83 ,23.8 ,23.9 ,23.88 ,23.88 ,23.83 ,23.82 ,23.87 ,23.83 ,23.84 ,23.81 ,23.87 ,23.91 ,23.86 ,23.86 ,23.96 ,23.87 ,23.97 ,23.97 ,23.93 ,23.95 ,23.86 ,23.81 ,23.86 ,23.9 ,23.86 ,23.78 ,23.79 ,23.78 ,23.68 ,23.65 ,23.68 ,23.61 ,23.63 ,23.66 ,23.67 ,23.62 ,23.6 ,23.69 ,23.61 ,23.67 ,23.62 ,23.61 ,23.66 ,23.66 ,23.57 ,23.62 ,23.62 ,23.57 ,23.51 ,23.59 ,23.54 ,23.5 ,23.51 ,23.58 ,23.64 ,23.63 ,23.54 ,23.61 ,23.57 ,23.56 ,23.58 ,23.62 ,23.54 ,23.61 ,23.61 ,23.6 ,23.64 ,23.64 ,23.55 ,23.52 ,23.5 ,23.47 ,23.52 ,23.58 ,23.62 ,23.59 ,23.64 ,23.78 ,23.74 ,23.68 ,23.75 ,23.77 ,23.73 ,23.71 ,23.78 ,23.86 ,23.81 ,23.8 ,23.9 ,23.82 ,23.79 ,23.79 ,23.78 ,23.79 ,23.88 ,23.78 ,23.81 ,23.84 ,23.82 ,23.83 ,23.76 ,23.85 ,23.84 ,23.83 ,23.75 ,23.74 ,23.84 ,23.84 ,23.87 ,23.82 ,23.81 ,23.8 ,23.86 ,23.84 ,23.88 ,23.8 ,23.81 ,23.81 ,23.85 ,23.95 ,23.79 ,23.8 ,23.85 ,23.76 ,23.85 ,23.96 ,23.87 ,23.82 ,23.83 ,23.82 ,23.84 ,23.84 ,23.84 ,23.81 ,23.77 ,23.77 ,23.78 ,23.81 ,23.8 ,23.74 ,23.72 ,23.76 ,23.86 ,23.85 ,23.81 ,23.83 ,23.79 ,23.88 ,23.86 ,23.81 ,23.81 ,23.85 ,23.87 ,23.83 ,23.86 ,23.86 ,23.78 ,23.79 ,23.76 ,23.71 ,23.86 ,23.87 ,23.84 ,23.81 ,23.78 ,23.73 ,23.87 ,23.85 ,23.78 ,23.77 ,23.78 ,23.78 ,23.76 ,23.79 ,23.76 ,23.78 ,23.77 ,23.85 ,23.82 ,23.8 ,23.8 ,23.83 ,23.84 ,23.8 ,23.78 ,23.78 ,23.71 ,23.78 ,23.77 ,23.95 ,23.83 ,23.84 ,23.82 ,23.75 ,23.79 ,23.81 ,23.75 ,23.8 ,23.84 ,23.8 ,23.67 ,23.76 ,23.67 ,23.67 ,23.78 ,23.82 ,23.87 ,23.87 ,23.84 ,23.77 ,23.78 ,23.76 ,23.78 ,23.79 ,23.84 ,23.84 ,23.77 ,23.79 ,23.85 ,23.83 ,23.86 ,23.79 ,23.76 ,23.77 ,23.74 ,23.78 ,23.75 ,23.74 ,23.75 ,23.75 ,23.73 ,23.69 ,23.7 ,23.72 ,23.71 ,23.65 ,23.67 ,23.75 ,23.86 ,23.76 ,23.67 ,23.75 ,23.72 ,23.68 ,23.79 ,23.76 ,23.76 ,23.62 ,23.6 ,23.74 ,23.72 ,23.69 ,23.65 ,23.62 ,23.63 ,23.56 ,23.49 ,23.45 ,23.5 ,23.56 ,23.57 ,23.53 ,23.43 ,23.4 ,23.36 ,23.38 ,23.32 ,23.42 ,23.49 ,23.4 ,23.38 ,23.3 ,23.23 ,23.2 ,23.23 ,23.23 ,23.14 ,23.2 ,23.2 ,23.3 ,23.28 ,23.2 ,23.18 ,23.22 ,23.23 ,23.26 ,23.2 ,23.26 ,23.33 ,23.25 ,23.21 ,23.2 ,23.1 ,23.12 ,23.16 ,23.17 ,23.15 ,23.17 ,23.19 ,23.22 ,23.2 ,23.25 ,23.25 ,23.14 ,23.15 ,23.15 ,23.21 ,23.24 ,23.14 ,23.18 ,23.29 ,23.3 ,23.31 ,23.19 ,23.12 ,23.07 ,23.05 ,23.13 ,23.07 ,23.03 ,23.01 ,23.04 ,23.02 ,23.09 ,23.18 ,23.21 ,23.12 ,23.14 ,23.12 ,23.07 ,22.98 ,23.04 ,22.97 ,22.87 ,22.8 ,22.83 ,22.88 ,22.82 ,22.97 ,22.91 ,22.83 ,22.83 ,22.93 ,22.9 ,22.88 ,23.01 ,23.05 ,23.04 ,22.92 ,22.97 ,22.94 ,22.93 ,22.94 ,22.88 ,22.74 ,22.71 ,
379,23.19 ,23.21 ,23.23 ,23.3 ,23.25 ,23.2 ,23.31 ,23.26 ,23.34 ,23.32 ,23.23 ,23.23 ,23.34 ,23.29 ,23.37 ,23.29 ,23.26 ,23.29 ,23.23 ,23.21 ,23.17 ,23.28 ,23.36 ,23.23 ,23.26 ,23.42 ,23.37 ,23.41 ,23.35 ,23.35 ,23.46 ,23.53 ,23.48 ,23.58 ,23.61 ,23.58 ,23.47 ,23.6 ,23.59 ,23.5 ,23.51 ,23.45 ,23.57 ,23.63 ,23.55 ,23.61 ,23.62 ,23.66 ,23.63 ,23.53 ,23.47 ,23.53 ,23.61 ,23.59 ,23.58 ,23.52 ,23.61 ,23.59 ,23.46 ,23.61 ,23.58 ,23.55 ,23.64 ,23.56 ,23.61 ,23.65 ,23.67 ,23.61 ,23.55 ,23.52 ,23.6 ,23.6 ,23.64 ,23.58 ,23.57 ,23.57 ,23.58 ,23.57 ,23.53 ,23.46 ,23.53 ,23.54 ,23.65 ,23.56 ,23.5 ,23.57 ,23.6 ,23.65 ,23.59 ,23.51 ,23.63 ,23.64 ,23.62 ,23.68 ,23.7 ,23.65 ,23.57 ,23.54 ,23.58 ,23.6 ,23.6 ,23.58 ,23.66 ,23.6 ,23.59 ,23.59 ,23.57 ,23.57 ,23.52 ,23.51 ,23.59 ,23.65 ,23.63 ,23.7 ,23.66 ,23.72 ,23.65 ,23.68 ,23.64 ,23.63 ,23.59 ,23.61 ,23.62 ,23.75 ,23.69 ,23.64 ,23.69 ,23.66 ,23.72 ,23.74 ,23.69 ,23.64 ,23.67 ,23.7 ,23.62 ,23.66 ,23.7 ,23.79 ,23.79 ,23.74 ,23.65 ,23.72 ,23.67 ,23.64 ,23.71 ,23.86 ,23.77 ,23.74 ,23.72 ,23.74 ,23.74 ,23.67 ,23.68 ,23.8 ,23.72 ,23.58 ,23.59 ,23.59 ,23.65 ,23.7 ,23.71 ,23.67 ,23.7 ,23.76 ,23.72 ,23.69 ,23.62 ,23.63 ,23.66 ,23.63 ,23.6 ,23.59 ,23.57 ,23.64 ,23.71 ,23.69 ,23.66 ,23.6 ,23.66 ,23.67 ,23.6 ,23.71 ,23.79 ,23.63 ,23.59 ,23.69 ,23.66 ,23.67 ,23.63 ,23.66 ,23.73 ,23.75 ,23.67 ,23.69 ,23.74 ,23.7 ,23.67 ,23.78 ,23.76 ,23.67 ,23.63 ,23.73 ,23.7 ,23.74 ,23.76 ,23.69 ,23.67 ,23.72 ,23.68 ,23.73 ,23.73 ,23.64 ,23.64 ,23.61 ,23.61 ,23.65 ,23.68 ,23.66 ,23.65 ,23.61 ,23.64 ,23.66 ,23.58 ,23.59 ,23.59 ,23.58 ,23.73 ,23.71 ,23.63 ,23.66 ,23.66 ,23.59 ,23.62 ,23.56 ,23.61 ,23.62 ,23.58 ,23.61 ,23.61 ,23.68 ,23.68 ,23.7 ,23.7 ,23.66 ,23.59 ,23.68 ,23.65 ,23.6 ,23.63 ,23.57 ,23.58 ,23.59 ,23.62 ,23.62 ,23.68 ,23.65 ,23.68 ,23.77 ,23.7 ,23.7 ,23.78 ,23.88 ,23.8 ,23.84 ,23.92 ,23.87 ,23.88 ,23.89 ,23.84 ,23.84 ,23.84 ,23.9 ,23.81 ,23.89 ,23.95 ,23.87 ,23.81 ,23.87 ,23.9 ,23.89 ,23.84 ,23.89 ,23.88 ,23.88 ,23.83 ,23.83 ,23.94 ,23.88 ,23.8 ,23.83 ,23.85 ,23.88 ,23.87 ,23.83 ,23.86 ,23.99 ,23.86 ,23.9 ,23.87 ,23.89 ,23.89 ,24.01 ,23.93 ,23.8 ,23.85 ,23.8 ,23.77 ,23.77 ,23.74 ,23.67 ,23.61 ,23.69 ,23.71 ,23.64 ,23.66 ,23.62 ,23.61 ,23.61 ,23.63 ,23.57 ,23.6 ,23.67 ,23.61 ,23.57 ,23.65 ,23.59 ,23.61 ,23.59 ,23.56 ,23.57 ,23.57 ,23.44 ,23.55 ,23.66 ,23.58 ,23.52 ,23.59 ,23.65 ,23.67 ,23.68 ,23.57 ,23.56 ,23.56 ,23.57 ,23.59 ,23.58 ,23.51 ,23.59 ,23.62 ,23.67 ,23.59 ,23.61 ,23.61 ,23.53 ,23.54 ,23.57 ,23.59 ,23.63 ,23.68 ,23.63 ,23.67 ,23.77 ,23.76 ,23.72 ,23.79 ,23.77 ,23.73 ,23.74 ,23.79 ,23.86 ,23.93 ,23.83 ,23.85 ,23.79 ,23.82 ,23.78 ,23.74 ,23.84 ,23.86 ,23.79 ,23.71 ,23.7 ,23.77 ,23.83 ,23.87 ,23.9 ,23.88 ,23.8 ,23.72 ,23.72 ,23.81 ,23.82 ,23.84 ,23.78 ,23.82 ,23.85 ,23.9 ,23.85 ,23.87 ,23.79 ,23.84 ,23.83 ,23.81 ,23.93 ,23.88 ,23.83 ,23.85 ,23.79 ,23.82 ,23.89 ,23.92 ,23.89 ,23.85 ,23.85 ,23.88 ,23.87 ,23.9 ,23.87 ,23.86 ,23.82 ,23.86 ,23.86 ,23.79 ,23.82 ,23.81 ,23.79 ,23.83 ,23.86 ,23.82 ,23.84 ,23.8 ,23.76 ,23.82 ,23.78 ,23.76 ,23.88 ,23.9 ,23.85 ,23.82 ,23.83 ,23.79 ,23.77 ,23.76 ,23.7 ,23.79 ,23.92 ,23.82 ,23.74 ,23.76 ,23.84 ,23.81 ,23.93 ,23.76 ,23.7 ,23.73 ,23.75 ,23.74 ,23.8 ,23.69 ,23.74 ,23.75 ,23.77 ,23.78 ,23.76 ,23.8 ,23.85 ,23.89 ,23.82 ,23.73 ,23.79 ,23.71 ,23.81 ,23.71 ,23.73 ,23.81 ,23.81 ,23.73 ,23.71 ,23.81 ,23.83 ,23.82 ,23.82 ,23.83 ,23.8 ,23.74 ,23.77 ,23.76 ,23.68 ,23.78 ,23.84 ,23.79 ,23.8 ,23.82 ,23.89 ,23.77 ,23.78 ,23.81 ,23.81 ,23.77 ,23.83 ,23.78 ,23.77 ,23.78 ,23.79 ,23.82 ,23.87 ,23.82 ,23.8 ,23.73 ,23.71 ,23.75 ,23.72 ,23.76 ,23.8 ,23.72 ,23.73 ,23.8 ,23.68 ,23.67 ,23.74 ,23.74 ,23.71 ,23.77 ,23.84 ,23.76 ,23.74 ,23.71 ,23.68 ,23.78 ,23.78 ,23.76 ,23.74 ,23.63 ,23.61 ,23.64 ,23.77 ,23.73 ,23.67 ,23.55 ,23.45 ,23.53 ,23.55 ,23.51 ,23.51 ,23.51 ,23.39 ,23.39 ,23.41 ,23.39 ,23.36 ,23.39 ,23.42 ,23.52 ,23.36 ,23.42 ,23.32 ,23.3 ,23.25 ,23.24 ,23.29 ,23.18 ,23.25 ,23.3 ,23.3 ,23.3 ,23.21 ,23.21 ,23.26 ,23.23 ,23.24 ,23.23 ,23.21 ,23.28 ,23.19 ,23.16 ,23.17 ,23.22 ,23.21 ,23.2 ,23.22 ,23.17 ,23.19 ,23.23 ,23.25 ,23.32 ,23.26 ,23.2 ,23.01 ,23.07 ,23.22 ,23.23 ,23.23 ,23.21 ,23.21 ,23.27 ,23.36 ,23.34 ,23.25 ,23.1 ,23.06 ,23.14 ,23.2 ,23.14 ,23.02 ,23.01 ,23.1 ,23.09 ,23.03 ,23.13 ,23.3 ,23.25 ,23.19 ,23.05 ,23.05 ,23 ,23.04 ,23 ,22.9 ,22.87 ,22.78 ,22.78 ,22.84 ,23.02 ,22.88 ,22.77 ,22.96 ,22.88 ,22.89 ,22.93 ,23.03 ,22.97 ,23.02 ,23.01 ,22.94 ,22.96 ,23.09 ,23.07 ,22.96 ,22.91 ,22.87 ,
380,23.21 ,23.15 ,23.14 ,23.22 ,23.21 ,23.23 ,23.29 ,23.27 ,23.26 ,23.33 ,23.2 ,23.2 ,23.25 ,23.26 ,23.29 ,23.36 ,23.32 ,23.34 ,23.37 ,23.27 ,23.23 ,23.28 ,23.36 ,23.27 ,23.25 ,23.31 ,23.26 ,23.36 ,23.45 ,23.45 ,23.4 ,23.49 ,23.47 ,23.5 ,23.58 ,23.65 ,23.66 ,23.58 ,23.52 ,23.45 ,23.5 ,23.44 ,23.56 ,23.61 ,23.54 ,23.57 ,23.58 ,23.66 ,23.67 ,23.57 ,23.48 ,23.47 ,23.57 ,23.59 ,23.52 ,23.53 ,23.63 ,23.61 ,23.5 ,23.58 ,23.58 ,23.55 ,23.56 ,23.58 ,23.54 ,23.58 ,23.6 ,23.64 ,23.55 ,23.49 ,23.52 ,23.52 ,23.58 ,23.53 ,23.51 ,23.45 ,23.52 ,23.62 ,23.54 ,23.46 ,23.58 ,23.54 ,23.59 ,23.56 ,23.57 ,23.67 ,23.62 ,23.69 ,23.62 ,23.45 ,23.59 ,23.65 ,23.65 ,23.65 ,23.67 ,23.67 ,23.56 ,23.63 ,23.57 ,23.61 ,23.66 ,23.66 ,23.62 ,23.53 ,23.62 ,23.69 ,23.71 ,23.6 ,23.52 ,23.54 ,23.57 ,23.67 ,23.59 ,23.67 ,23.67 ,23.7 ,23.64 ,23.59 ,23.7 ,23.69 ,23.63 ,23.61 ,23.68 ,23.72 ,23.69 ,23.58 ,23.64 ,23.68 ,23.66 ,23.65 ,23.66 ,23.66 ,23.64 ,23.72 ,23.58 ,23.72 ,23.68 ,23.73 ,23.73 ,23.71 ,23.67 ,23.76 ,23.73 ,23.66 ,23.68 ,23.81 ,23.77 ,23.74 ,23.73 ,23.67 ,23.66 ,23.64 ,23.71 ,23.78 ,23.71 ,23.59 ,23.54 ,23.63 ,23.69 ,23.68 ,23.67 ,23.68 ,23.7 ,23.73 ,23.72 ,23.71 ,23.67 ,23.65 ,23.7 ,23.68 ,23.55 ,23.54 ,23.58 ,23.62 ,23.74 ,23.69 ,23.66 ,23.68 ,23.61 ,23.6 ,23.61 ,23.67 ,23.72 ,23.65 ,23.57 ,23.72 ,23.68 ,23.67 ,23.66 ,23.69 ,23.76 ,23.76 ,23.69 ,23.73 ,23.79 ,23.76 ,23.73 ,23.63 ,23.66 ,23.69 ,23.72 ,23.73 ,23.73 ,23.74 ,23.8 ,23.73 ,23.72 ,23.74 ,23.76 ,23.75 ,23.74 ,23.73 ,23.69 ,23.68 ,23.65 ,23.7 ,23.74 ,23.77 ,23.71 ,23.6 ,23.63 ,23.66 ,23.59 ,23.7 ,23.77 ,23.68 ,23.64 ,23.65 ,23.64 ,23.65 ,23.61 ,23.53 ,23.64 ,23.66 ,23.58 ,23.62 ,23.6 ,23.66 ,23.69 ,23.7 ,23.67 ,23.71 ,23.69 ,23.6 ,23.63 ,23.68 ,23.64 ,23.56 ,23.57 ,23.6 ,23.6 ,23.58 ,23.62 ,23.65 ,23.61 ,23.59 ,23.61 ,23.64 ,23.65 ,23.73 ,23.72 ,23.84 ,23.84 ,23.81 ,23.88 ,23.95 ,23.87 ,23.87 ,23.91 ,23.84 ,23.77 ,23.8 ,23.79 ,23.92 ,23.9 ,23.82 ,23.77 ,23.81 ,23.86 ,23.89 ,23.84 ,23.88 ,23.9 ,23.93 ,23.88 ,23.84 ,23.91 ,23.87 ,23.74 ,23.8 ,23.86 ,23.88 ,23.83 ,23.85 ,23.85 ,23.9 ,23.84 ,23.83 ,23.85 ,23.84 ,23.82 ,23.91 ,23.92 ,23.78 ,23.8 ,23.81 ,23.67 ,23.62 ,23.65 ,23.62 ,23.59 ,23.64 ,23.69 ,23.64 ,23.66 ,23.62 ,23.54 ,23.54 ,23.64 ,23.63 ,23.6 ,23.67 ,23.62 ,23.6 ,23.62 ,23.63 ,23.56 ,23.56 ,23.56 ,23.59 ,23.59 ,23.55 ,23.59 ,23.6 ,23.63 ,23.57 ,23.59 ,23.65 ,23.71 ,23.68 ,23.53 ,23.54 ,23.57 ,23.63 ,23.65 ,23.63 ,23.56 ,23.59 ,23.69 ,23.65 ,23.59 ,23.61 ,23.67 ,23.66 ,23.58 ,23.61 ,23.66 ,23.7 ,23.77 ,23.74 ,23.75 ,23.81 ,23.86 ,23.77 ,23.77 ,23.79 ,23.81 ,23.82 ,23.88 ,23.91 ,23.85 ,23.82 ,23.87 ,23.8 ,23.75 ,23.76 ,23.78 ,23.82 ,23.87 ,23.79 ,23.72 ,23.72 ,23.77 ,23.86 ,23.82 ,23.89 ,23.8 ,23.77 ,23.83 ,23.84 ,23.82 ,23.82 ,23.8 ,23.76 ,23.8 ,23.85 ,23.93 ,23.9 ,23.9 ,23.83 ,23.82 ,23.92 ,23.86 ,23.92 ,23.82 ,23.86 ,23.75 ,23.78 ,23.84 ,23.86 ,23.88 ,23.79 ,23.79 ,23.83 ,23.79 ,23.8 ,23.83 ,23.91 ,23.85 ,23.83 ,23.89 ,23.86 ,23.81 ,23.79 ,23.96 ,23.88 ,23.83 ,23.83 ,23.88 ,23.82 ,23.77 ,23.76 ,23.78 ,23.8 ,23.8 ,23.89 ,23.9 ,23.82 ,23.84 ,23.74 ,23.75 ,23.78 ,23.76 ,23.74 ,23.8 ,23.96 ,23.86 ,23.74 ,23.61 ,23.73 ,23.86 ,23.83 ,23.78 ,23.72 ,23.74 ,23.78 ,23.81 ,23.81 ,23.74 ,23.7 ,23.81 ,23.82 ,23.74 ,23.74 ,23.81 ,23.85 ,23.84 ,23.85 ,23.85 ,23.87 ,23.78 ,23.82 ,23.79 ,23.74 ,23.74 ,23.78 ,23.74 ,23.78 ,23.85 ,23.81 ,23.78 ,23.85 ,23.81 ,23.8 ,23.79 ,23.84 ,23.78 ,23.75 ,23.69 ,23.81 ,23.78 ,23.84 ,23.87 ,23.97 ,23.83 ,23.84 ,23.86 ,23.87 ,23.77 ,23.77 ,23.76 ,23.79 ,23.75 ,23.75 ,23.74 ,23.81 ,23.9 ,23.82 ,23.7 ,23.74 ,23.74 ,23.69 ,23.76 ,23.83 ,23.76 ,23.73 ,23.83 ,23.68 ,23.63 ,23.74 ,23.8 ,23.73 ,23.76 ,23.72 ,23.75 ,23.68 ,23.74 ,23.72 ,23.82 ,23.74 ,23.71 ,23.76 ,23.64 ,23.56 ,23.64 ,23.67 ,23.76 ,23.71 ,23.55 ,23.48 ,23.58 ,23.57 ,23.52 ,23.46 ,23.39 ,23.29 ,23.28 ,23.37 ,23.38 ,23.36 ,23.35 ,23.3 ,23.33 ,23.34 ,23.3 ,23.37 ,23.31 ,23.3 ,23.29 ,23.27 ,23.23 ,23.34 ,23.34 ,23.21 ,23.28 ,23.27 ,23.28 ,23.26 ,23.16 ,23.16 ,23.2 ,23.34 ,23.32 ,23.24 ,23.29 ,23.23 ,23.21 ,23.23 ,23.21 ,23.25 ,23.22 ,23.19 ,23.2 ,23.28 ,23.3 ,23.31 ,23.2 ,23.1 ,23.15 ,23.22 ,23.26 ,23.27 ,23.22 ,23.28 ,23.26 ,23.26 ,23.26 ,23.23 ,23.11 ,23.08 ,23.16 ,23.11 ,23.17 ,23.17 ,23.03 ,23.09 ,23.07 ,22.96 ,23.06 ,23.24 ,23.18 ,23.17 ,23.1 ,22.99 ,22.91 ,23.01 ,22.97 ,22.89 ,22.89 ,22.82 ,22.88 ,22.96 ,23.01 ,22.89 ,22.78 ,22.85 ,22.82 ,22.88 ,22.91 ,23 ,22.95 ,22.88 ,22.96 ,22.94 ,22.96 ,23.04 ,23.05 ,22.96 ,22.95 ,22.92 ,
381,23.28 ,23.27 ,23.26 ,23.27 ,23.24 ,23.31 ,23.35 ,23.17 ,23.16 ,23.29 ,23.32 ,23.33 ,23.33 ,23.32 ,23.37 ,23.37 ,23.36 ,23.29 ,23.33 ,23.38 ,23.31 ,23.26 ,23.28 ,23.15 ,23.25 ,23.27 ,23.16 ,23.22 ,23.32 ,23.3 ,23.29 ,23.41 ,23.44 ,23.43 ,23.47 ,23.6 ,23.62 ,23.61 ,23.48 ,23.52 ,23.59 ,23.52 ,23.52 ,23.5 ,23.51 ,23.62 ,23.63 ,23.71 ,23.65 ,23.53 ,23.51 ,23.48 ,23.54 ,23.56 ,23.6 ,23.6 ,23.54 ,23.65 ,23.66 ,23.63 ,23.59 ,23.54 ,23.57 ,23.58 ,23.62 ,23.55 ,23.58 ,23.69 ,23.59 ,23.51 ,23.58 ,23.59 ,23.65 ,23.67 ,23.64 ,23.59 ,23.55 ,23.62 ,23.6 ,23.47 ,23.57 ,23.59 ,23.57 ,23.59 ,23.55 ,23.67 ,23.69 ,23.6 ,23.56 ,23.45 ,23.58 ,23.62 ,23.59 ,23.58 ,23.62 ,23.66 ,23.64 ,23.57 ,23.61 ,23.68 ,23.69 ,23.67 ,23.65 ,23.55 ,23.62 ,23.65 ,23.69 ,23.65 ,23.57 ,23.62 ,23.65 ,23.66 ,23.54 ,23.59 ,23.68 ,23.6 ,23.65 ,23.56 ,23.64 ,23.73 ,23.6 ,23.64 ,23.7 ,23.75 ,23.63 ,23.65 ,23.6 ,23.68 ,23.71 ,23.64 ,23.67 ,23.65 ,23.63 ,23.74 ,23.65 ,23.62 ,23.67 ,23.7 ,23.81 ,23.77 ,23.67 ,23.64 ,23.71 ,23.6 ,23.68 ,23.77 ,23.72 ,23.63 ,23.72 ,23.77 ,23.74 ,23.7 ,23.66 ,23.77 ,23.7 ,23.63 ,23.6 ,23.64 ,23.67 ,23.73 ,23.65 ,23.61 ,23.7 ,23.72 ,23.66 ,23.68 ,23.66 ,23.7 ,23.63 ,23.62 ,23.55 ,23.54 ,23.58 ,23.63 ,23.68 ,23.65 ,23.64 ,23.64 ,23.62 ,23.62 ,23.68 ,23.71 ,23.69 ,23.63 ,23.59 ,23.68 ,23.67 ,23.6 ,23.71 ,23.73 ,23.75 ,23.72 ,23.66 ,23.7 ,23.79 ,23.72 ,23.73 ,23.72 ,23.65 ,23.68 ,23.81 ,23.71 ,23.78 ,23.78 ,23.74 ,23.77 ,23.76 ,23.76 ,23.78 ,23.79 ,23.74 ,23.74 ,23.73 ,23.68 ,23.62 ,23.63 ,23.72 ,23.75 ,23.73 ,23.68 ,23.66 ,23.68 ,23.65 ,23.69 ,23.72 ,23.66 ,23.6 ,23.64 ,23.63 ,23.64 ,23.6 ,23.59 ,23.65 ,23.67 ,23.61 ,23.64 ,23.66 ,23.7 ,23.72 ,23.7 ,23.59 ,23.65 ,23.71 ,23.59 ,23.6 ,23.72 ,23.77 ,23.65 ,23.58 ,23.56 ,23.61 ,23.51 ,23.55 ,23.59 ,23.57 ,23.56 ,23.63 ,23.63 ,23.63 ,23.68 ,23.72 ,23.84 ,23.93 ,23.86 ,23.87 ,23.93 ,23.9 ,23.87 ,23.82 ,23.81 ,23.75 ,23.79 ,23.83 ,23.9 ,23.85 ,23.84 ,23.85 ,23.83 ,23.83 ,23.91 ,23.9 ,23.86 ,23.86 ,23.85 ,23.82 ,23.78 ,23.86 ,23.86 ,23.81 ,23.8 ,23.87 ,23.81 ,23.83 ,23.86 ,23.87 ,23.98 ,23.88 ,23.86 ,23.87 ,23.85 ,23.78 ,23.9 ,23.93 ,23.82 ,23.83 ,23.86 ,23.66 ,23.61 ,23.65 ,23.57 ,23.56 ,23.64 ,23.6 ,23.59 ,23.56 ,23.61 ,23.52 ,23.46 ,23.55 ,23.6 ,23.58 ,23.6 ,23.55 ,23.6 ,23.59 ,23.54 ,23.56 ,23.59 ,23.59 ,23.58 ,23.56 ,23.61 ,23.65 ,23.61 ,23.64 ,23.55 ,23.59 ,23.6 ,23.63 ,23.68 ,23.6 ,23.56 ,23.56 ,23.71 ,23.67 ,23.59 ,23.55 ,23.63 ,23.67 ,23.63 ,23.63 ,23.63 ,23.64 ,23.72 ,23.7 ,23.7 ,23.74 ,23.77 ,23.75 ,23.82 ,23.82 ,23.79 ,23.86 ,23.81 ,23.82 ,23.89 ,23.88 ,23.85 ,23.89 ,23.82 ,23.8 ,23.87 ,23.9 ,23.78 ,23.79 ,23.82 ,23.78 ,23.79 ,23.81 ,23.84 ,23.76 ,23.79 ,23.81 ,23.94 ,23.85 ,23.82 ,23.79 ,23.74 ,23.86 ,23.87 ,23.79 ,23.75 ,23.79 ,23.81 ,23.75 ,23.67 ,23.79 ,23.9 ,23.89 ,23.82 ,23.82 ,23.88 ,23.84 ,23.92 ,23.86 ,23.84 ,23.82 ,23.84 ,23.85 ,23.86 ,23.83 ,23.75 ,23.76 ,23.83 ,23.82 ,23.82 ,23.93 ,23.9 ,23.84 ,23.81 ,23.84 ,23.83 ,23.86 ,23.73 ,23.81 ,23.91 ,23.86 ,23.86 ,23.92 ,23.85 ,23.77 ,23.8 ,23.76 ,23.79 ,23.79 ,23.84 ,23.78 ,23.78 ,23.79 ,23.75 ,23.75 ,23.85 ,23.88 ,23.84 ,23.85 ,23.87 ,23.85 ,23.75 ,23.77 ,23.8 ,23.82 ,23.78 ,23.74 ,23.72 ,23.74 ,23.84 ,23.78 ,23.75 ,23.65 ,23.76 ,23.77 ,23.77 ,23.74 ,23.77 ,23.84 ,23.88 ,23.81 ,23.79 ,23.9 ,23.83 ,23.78 ,23.8 ,23.84 ,23.82 ,23.79 ,23.83 ,23.8 ,23.79 ,23.84 ,23.85 ,23.75 ,23.79 ,23.79 ,23.81 ,23.82 ,23.83 ,23.81 ,23.75 ,23.7 ,23.78 ,23.78 ,23.83 ,23.8 ,23.85 ,23.79 ,23.8 ,23.85 ,23.71 ,23.74 ,23.76 ,23.7 ,23.74 ,23.84 ,23.79 ,23.77 ,23.83 ,23.91 ,23.82 ,23.7 ,23.76 ,23.78 ,23.65 ,23.75 ,23.82 ,23.72 ,23.67 ,23.8 ,23.67 ,23.58 ,23.78 ,23.75 ,23.83 ,23.78 ,23.7 ,23.7 ,23.67 ,23.78 ,23.71 ,23.74 ,23.7 ,23.68 ,23.71 ,23.65 ,23.68 ,23.73 ,23.7 ,23.72 ,23.71 ,23.59 ,23.51 ,23.55 ,23.57 ,23.49 ,23.46 ,23.38 ,23.28 ,23.24 ,23.35 ,23.34 ,23.35 ,23.37 ,23.39 ,23.35 ,23.28 ,23.32 ,23.33 ,23.35 ,23.29 ,23.22 ,23.28 ,23.27 ,23.32 ,23.4 ,23.28 ,23.29 ,23.29 ,23.27 ,23.28 ,23.32 ,23.28 ,23.19 ,23.23 ,23.26 ,23.15 ,23.29 ,23.21 ,23.18 ,23.17 ,23.13 ,23.15 ,23.04 ,23.11 ,23.14 ,23.18 ,23.15 ,23.16 ,23.16 ,23.19 ,23.26 ,23.29 ,23.15 ,23.26 ,23.18 ,23.22 ,23.17 ,23.14 ,23.18 ,23.16 ,23.14 ,23.08 ,23.09 ,23.13 ,23.19 ,23.26 ,23.24 ,23.12 ,23.11 ,23.06 ,23.03 ,23.14 ,23.16 ,23.18 ,23.1 ,23.03 ,22.94 ,22.94 ,22.96 ,22.96 ,22.92 ,22.87 ,22.9 ,22.97 ,23 ,22.89 ,22.92 ,22.9 ,22.86 ,22.91 ,22.75 ,22.95 ,22.98 ,22.89 ,22.96 ,22.98 ,22.93 ,22.91 ,22.99 ,22.96 ,22.9 ,22.89 ,
382,23.3 ,23.3 ,23.39 ,23.38 ,23.24 ,23.21 ,23.3 ,23.3 ,23.25 ,23.37 ,23.33 ,23.35 ,23.32 ,23.27 ,23.29 ,23.4 ,23.28 ,23.22 ,23.28 ,23.26 ,23.19 ,23.27 ,23.3 ,23.19 ,23.19 ,23.37 ,23.31 ,23.22 ,23.3 ,23.34 ,23.38 ,23.4 ,23.49 ,23.48 ,23.46 ,23.48 ,23.52 ,23.53 ,23.51 ,23.53 ,23.58 ,23.5 ,23.53 ,23.46 ,23.47 ,23.56 ,23.61 ,23.64 ,23.58 ,23.54 ,23.55 ,23.55 ,23.57 ,23.57 ,23.56 ,23.6 ,23.53 ,23.54 ,23.66 ,23.65 ,23.56 ,23.54 ,23.58 ,23.6 ,23.61 ,23.56 ,23.58 ,23.63 ,23.58 ,23.6 ,23.63 ,23.6 ,23.68 ,23.61 ,23.58 ,23.57 ,23.59 ,23.53 ,23.49 ,23.47 ,23.55 ,23.52 ,23.54 ,23.6 ,23.57 ,23.59 ,23.69 ,23.66 ,23.59 ,23.51 ,23.59 ,23.64 ,23.66 ,23.58 ,23.52 ,23.62 ,23.63 ,23.52 ,23.5 ,23.58 ,23.6 ,23.66 ,23.68 ,23.67 ,23.69 ,23.63 ,23.62 ,23.64 ,23.63 ,23.62 ,23.61 ,23.63 ,23.54 ,23.63 ,23.67 ,23.62 ,23.6 ,23.62 ,23.64 ,23.67 ,23.61 ,23.62 ,23.59 ,23.66 ,23.73 ,23.58 ,23.59 ,23.65 ,23.66 ,23.69 ,23.65 ,23.6 ,23.58 ,23.72 ,23.76 ,23.62 ,23.58 ,23.66 ,23.73 ,23.7 ,23.75 ,23.65 ,23.59 ,23.67 ,23.69 ,23.75 ,23.7 ,23.68 ,23.74 ,23.75 ,23.72 ,23.69 ,23.67 ,23.68 ,23.64 ,23.63 ,23.65 ,23.71 ,23.64 ,23.68 ,23.64 ,23.65 ,23.7 ,23.68 ,23.63 ,23.65 ,23.64 ,23.66 ,23.65 ,23.67 ,23.58 ,23.59 ,23.55 ,23.61 ,23.63 ,23.67 ,23.63 ,23.59 ,23.63 ,23.61 ,23.61 ,23.72 ,23.7 ,23.65 ,23.64 ,23.64 ,23.67 ,23.56 ,23.62 ,23.68 ,23.69 ,23.69 ,23.72 ,23.71 ,23.67 ,23.62 ,23.62 ,23.71 ,23.74 ,23.75 ,23.75 ,23.77 ,23.78 ,23.75 ,23.69 ,23.73 ,23.69 ,23.71 ,23.76 ,23.76 ,23.71 ,23.66 ,23.72 ,23.73 ,23.68 ,23.63 ,23.7 ,23.73 ,23.74 ,23.72 ,23.69 ,23.63 ,23.67 ,23.63 ,23.68 ,23.68 ,23.71 ,23.72 ,23.62 ,23.65 ,23.57 ,23.62 ,23.67 ,23.58 ,23.58 ,23.63 ,23.67 ,23.67 ,23.66 ,23.67 ,23.61 ,23.72 ,23.7 ,23.62 ,23.62 ,23.67 ,23.69 ,23.69 ,23.6 ,23.5 ,23.6 ,23.53 ,23.49 ,23.62 ,23.56 ,23.5 ,23.58 ,23.58 ,23.59 ,23.61 ,23.73 ,23.81 ,23.85 ,23.9 ,23.84 ,23.89 ,23.86 ,23.9 ,23.86 ,23.82 ,23.82 ,23.8 ,23.93 ,23.92 ,23.75 ,23.84 ,23.88 ,23.87 ,23.81 ,23.86 ,23.9 ,23.93 ,23.82 ,23.83 ,23.86 ,23.78 ,23.87 ,23.89 ,23.78 ,23.83 ,23.94 ,23.92 ,23.82 ,23.87 ,23.91 ,23.9 ,23.87 ,23.87 ,23.9 ,23.83 ,23.75 ,23.82 ,23.85 ,23.79 ,23.76 ,23.72 ,23.67 ,23.64 ,23.65 ,23.57 ,23.55 ,23.64 ,23.57 ,23.49 ,23.5 ,23.56 ,23.6 ,23.58 ,23.58 ,23.6 ,23.55 ,23.65 ,23.59 ,23.58 ,23.63 ,23.59 ,23.52 ,23.57 ,23.51 ,23.6 ,23.56 ,23.55 ,23.64 ,23.63 ,23.6 ,23.59 ,23.58 ,23.64 ,23.62 ,23.63 ,23.63 ,23.61 ,23.53 ,23.67 ,23.71 ,23.53 ,23.59 ,23.65 ,23.71 ,23.69 ,23.66 ,23.66 ,23.74 ,23.73 ,23.69 ,23.72 ,23.79 ,23.73 ,23.72 ,23.74 ,23.74 ,23.78 ,23.82 ,23.79 ,23.86 ,23.84 ,23.84 ,23.87 ,23.83 ,23.8 ,23.83 ,23.84 ,23.94 ,23.83 ,23.79 ,23.89 ,23.89 ,23.82 ,23.85 ,23.81 ,23.87 ,23.86 ,23.75 ,23.94 ,23.83 ,23.85 ,23.8 ,23.81 ,23.86 ,23.84 ,23.85 ,23.8 ,23.84 ,23.88 ,23.84 ,23.78 ,23.8 ,23.91 ,23.97 ,23.85 ,23.8 ,23.85 ,23.79 ,23.85 ,23.9 ,23.86 ,23.84 ,23.79 ,23.83 ,23.89 ,23.92 ,23.77 ,23.79 ,23.78 ,23.84 ,23.83 ,23.9 ,23.94 ,23.86 ,23.82 ,23.8 ,23.87 ,23.88 ,23.77 ,23.67 ,23.76 ,23.74 ,23.83 ,23.85 ,23.87 ,23.89 ,23.89 ,23.86 ,23.76 ,23.8 ,23.86 ,23.85 ,23.82 ,23.76 ,23.81 ,23.79 ,23.83 ,23.9 ,23.85 ,23.8 ,23.88 ,23.82 ,23.7 ,23.75 ,23.84 ,23.79 ,23.82 ,23.83 ,23.84 ,23.79 ,23.77 ,23.74 ,23.75 ,23.7 ,23.69 ,23.7 ,23.72 ,23.73 ,23.83 ,23.91 ,23.84 ,23.8 ,23.76 ,23.87 ,23.84 ,23.73 ,23.8 ,23.9 ,23.81 ,23.9 ,23.91 ,23.7 ,23.76 ,23.79 ,23.9 ,23.87 ,23.81 ,23.8 ,23.81 ,23.83 ,23.75 ,23.77 ,23.83 ,23.78 ,23.74 ,23.77 ,23.79 ,23.82 ,23.84 ,23.78 ,23.8 ,23.78 ,23.68 ,23.66 ,23.73 ,23.79 ,23.69 ,23.77 ,23.82 ,23.81 ,23.83 ,23.9 ,23.81 ,23.79 ,23.75 ,23.7 ,23.64 ,23.73 ,23.77 ,23.82 ,23.74 ,23.72 ,23.7 ,23.7 ,23.79 ,23.8 ,23.81 ,23.83 ,23.72 ,23.73 ,23.75 ,23.74 ,23.73 ,23.74 ,23.72 ,23.66 ,23.68 ,23.64 ,23.61 ,23.68 ,23.75 ,23.73 ,23.66 ,23.63 ,23.59 ,23.55 ,23.44 ,23.41 ,23.34 ,23.37 ,23.3 ,23.25 ,23.41 ,23.37 ,23.39 ,23.44 ,23.46 ,23.33 ,23.32 ,23.38 ,23.31 ,23.18 ,23.16 ,23.12 ,23.27 ,23.29 ,23.39 ,23.39 ,23.37 ,23.32 ,23.32 ,23.32 ,23.34 ,23.39 ,23.34 ,23.16 ,23.08 ,23.07 ,23.09 ,23.09 ,23.11 ,23.1 ,23.11 ,23.03 ,22.99 ,23.01 ,23.05 ,23.07 ,23.04 ,23.03 ,23.09 ,23.11 ,23.14 ,23.2 ,23.2 ,23.12 ,23.22 ,23.24 ,23.1 ,23.13 ,23.18 ,23.23 ,23.16 ,23.25 ,23.05 ,23.05 ,23.1 ,23.16 ,23.2 ,23.19 ,23.16 ,23.08 ,23.2 ,23.16 ,23.15 ,23.11 ,23.1 ,23.1 ,23.09 ,23 ,23.09 ,23.05 ,23.08 ,23.06 ,22.92 ,22.88 ,23.03 ,23.01 ,22.9 ,22.95 ,22.9 ,22.92 ,22.97 ,22.89 ,22.94 ,23.02 ,22.99 ,22.92 ,22.86 ,22.84 ,22.81 ,22.93 ,22.95 ,22.87 ,22.88 ,
383,23.33 ,23.29 ,23.31 ,23.33 ,23.2 ,23.18 ,23.3 ,23.32 ,23.36 ,23.44 ,23.32 ,23.34 ,23.35 ,23.27 ,23.27 ,23.35 ,23.36 ,23.32 ,23.34 ,23.33 ,23.12 ,23.21 ,23.33 ,23.3 ,23.22 ,23.42 ,23.43 ,23.29 ,23.28 ,23.42 ,23.47 ,23.52 ,23.52 ,23.48 ,23.46 ,23.51 ,23.57 ,23.51 ,23.57 ,23.53 ,23.53 ,23.52 ,23.58 ,23.51 ,23.46 ,23.47 ,23.48 ,23.61 ,23.62 ,23.6 ,23.54 ,23.56 ,23.53 ,23.5 ,23.48 ,23.54 ,23.61 ,23.57 ,23.62 ,23.61 ,23.49 ,23.54 ,23.57 ,23.56 ,23.57 ,23.61 ,23.67 ,23.6 ,23.58 ,23.57 ,23.59 ,23.59 ,23.56 ,23.56 ,23.53 ,23.54 ,23.61 ,23.63 ,23.59 ,23.45 ,23.6 ,23.58 ,23.54 ,23.63 ,23.55 ,23.49 ,23.6 ,23.67 ,23.63 ,23.52 ,23.58 ,23.58 ,23.63 ,23.67 ,23.53 ,23.59 ,23.59 ,23.52 ,23.56 ,23.66 ,23.62 ,23.58 ,23.65 ,23.64 ,23.71 ,23.64 ,23.58 ,23.57 ,23.57 ,23.57 ,23.62 ,23.68 ,23.6 ,23.63 ,23.65 ,23.66 ,23.61 ,23.66 ,23.68 ,23.62 ,23.63 ,23.62 ,23.62 ,23.63 ,23.7 ,23.71 ,23.6 ,23.72 ,23.59 ,23.61 ,23.61 ,23.63 ,23.62 ,23.69 ,23.72 ,23.72 ,23.63 ,23.7 ,23.72 ,23.64 ,23.66 ,23.68 ,23.59 ,23.65 ,23.71 ,23.68 ,23.67 ,23.63 ,23.67 ,23.72 ,23.63 ,23.63 ,23.66 ,23.62 ,23.63 ,23.66 ,23.68 ,23.62 ,23.63 ,23.7 ,23.66 ,23.64 ,23.77 ,23.59 ,23.6 ,23.54 ,23.6 ,23.6 ,23.59 ,23.63 ,23.68 ,23.59 ,23.63 ,23.69 ,23.65 ,23.69 ,23.63 ,23.66 ,23.65 ,23.58 ,23.61 ,23.61 ,23.57 ,23.61 ,23.63 ,23.65 ,23.68 ,23.67 ,23.59 ,23.58 ,23.6 ,23.56 ,23.64 ,23.6 ,23.55 ,23.5 ,23.6 ,23.65 ,23.67 ,23.72 ,23.72 ,23.72 ,23.76 ,23.69 ,23.71 ,23.71 ,23.65 ,23.67 ,23.78 ,23.82 ,23.72 ,23.7 ,23.72 ,23.77 ,23.63 ,23.62 ,23.67 ,23.74 ,23.71 ,23.68 ,23.67 ,23.6 ,23.63 ,23.72 ,23.69 ,23.69 ,23.66 ,23.67 ,23.6 ,23.59 ,23.57 ,23.51 ,23.67 ,23.63 ,23.59 ,23.62 ,23.62 ,23.61 ,23.52 ,23.57 ,23.59 ,23.68 ,23.69 ,23.56 ,23.64 ,23.68 ,23.65 ,23.59 ,23.64 ,23.48 ,23.47 ,23.57 ,23.53 ,23.62 ,23.64 ,23.54 ,23.61 ,23.68 ,23.57 ,23.58 ,23.59 ,23.68 ,23.77 ,23.84 ,23.81 ,23.89 ,23.85 ,23.84 ,23.88 ,23.87 ,23.77 ,23.78 ,23.8 ,23.91 ,23.76 ,23.76 ,23.87 ,23.92 ,23.84 ,23.81 ,23.82 ,23.79 ,23.86 ,23.88 ,23.87 ,23.81 ,23.83 ,23.88 ,23.87 ,23.79 ,23.84 ,23.92 ,23.85 ,23.91 ,23.99 ,23.93 ,23.8 ,23.8 ,23.88 ,23.82 ,23.8 ,23.79 ,23.77 ,23.66 ,23.6 ,23.58 ,23.56 ,23.63 ,23.71 ,23.56 ,23.54 ,23.59 ,23.54 ,23.49 ,23.52 ,23.6 ,23.61 ,23.59 ,23.56 ,23.57 ,23.51 ,23.62 ,23.65 ,23.54 ,23.52 ,23.52 ,23.56 ,23.56 ,23.55 ,23.56 ,23.58 ,23.47 ,23.54 ,23.64 ,23.6 ,23.56 ,23.57 ,23.63 ,23.61 ,23.52 ,23.49 ,23.53 ,23.52 ,23.6 ,23.66 ,23.57 ,23.59 ,23.67 ,23.69 ,23.71 ,23.68 ,23.7 ,23.77 ,23.77 ,23.68 ,23.7 ,23.7 ,23.73 ,23.76 ,23.85 ,23.74 ,23.78 ,23.86 ,23.84 ,23.89 ,23.88 ,23.74 ,23.79 ,23.76 ,23.79 ,23.87 ,23.78 ,23.87 ,23.9 ,23.81 ,23.89 ,23.87 ,23.88 ,23.9 ,23.82 ,23.89 ,23.82 ,23.69 ,23.72 ,23.79 ,23.87 ,23.84 ,23.82 ,23.84 ,23.81 ,23.84 ,23.91 ,23.89 ,23.86 ,23.79 ,23.84 ,23.84 ,23.87 ,23.94 ,23.89 ,23.86 ,23.8 ,23.82 ,23.84 ,23.87 ,23.81 ,23.75 ,23.77 ,23.83 ,23.91 ,23.9 ,23.86 ,23.82 ,23.85 ,23.82 ,23.89 ,23.8 ,23.81 ,23.83 ,23.83 ,23.8 ,23.94 ,23.89 ,23.84 ,23.75 ,23.75 ,23.74 ,23.8 ,23.79 ,23.8 ,23.86 ,23.82 ,23.83 ,23.71 ,23.8 ,23.9 ,23.84 ,23.82 ,23.76 ,23.77 ,23.79 ,23.83 ,23.74 ,23.73 ,23.81 ,23.81 ,23.77 ,23.73 ,23.82 ,23.84 ,23.78 ,23.73 ,23.74 ,23.89 ,23.83 ,23.81 ,23.74 ,23.67 ,23.78 ,23.73 ,23.75 ,23.74 ,23.75 ,23.89 ,23.92 ,23.81 ,23.79 ,23.68 ,23.76 ,23.84 ,23.82 ,23.77 ,23.87 ,23.82 ,23.84 ,23.84 ,23.77 ,23.8 ,23.83 ,23.87 ,23.83 ,23.82 ,23.64 ,23.7 ,23.74 ,23.78 ,23.78 ,23.81 ,23.82 ,23.79 ,23.78 ,23.81 ,23.82 ,23.85 ,23.77 ,23.78 ,23.82 ,23.8 ,23.72 ,23.75 ,23.75 ,23.77 ,23.78 ,23.81 ,23.76 ,23.81 ,23.91 ,23.86 ,23.79 ,23.79 ,23.73 ,23.65 ,23.68 ,23.82 ,23.94 ,23.86 ,23.74 ,23.69 ,23.68 ,23.72 ,23.8 ,23.8 ,23.84 ,23.77 ,23.7 ,23.66 ,23.71 ,23.62 ,23.71 ,23.8 ,23.73 ,23.67 ,23.67 ,23.62 ,23.64 ,23.67 ,23.69 ,23.55 ,23.52 ,23.59 ,23.57 ,23.5 ,23.38 ,23.33 ,23.26 ,23.26 ,23.26 ,23.34 ,23.31 ,23.36 ,23.38 ,23.35 ,23.34 ,23.27 ,23.28 ,23.37 ,23.23 ,23.19 ,23.19 ,23.31 ,23.35 ,23.42 ,23.48 ,23.46 ,23.32 ,23.35 ,23.44 ,23.42 ,23.27 ,23.23 ,23.14 ,23.12 ,23.06 ,23.11 ,23.1 ,23.13 ,23.07 ,23.1 ,22.98 ,22.95 ,22.94 ,23.03 ,23.07 ,23.02 ,22.99 ,23.08 ,23.01 ,23.06 ,23.17 ,23.14 ,23.08 ,23.21 ,23.19 ,23.01 ,23.03 ,23.21 ,23.22 ,23.22 ,23.09 ,23.01 ,23.01 ,23.15 ,23.14 ,23.14 ,23.12 ,23.09 ,23.19 ,23.18 ,23.1 ,23.14 ,23.15 ,23.16 ,23.1 ,23.12 ,23.09 ,23.09 ,23.12 ,23.08 ,23.02 ,22.92 ,22.88 ,23.01 ,23.1 ,23.01 ,23.1 ,22.98 ,22.91 ,22.97 ,22.91 ,22.95 ,22.95 ,23.09 ,22.98 ,22.92 ,22.77 ,22.77 ,22.89 ,22.93 ,22.85 ,22.85 ,
384,23.36 ,23.31 ,23.32 ,23.34 ,23.35 ,23.28 ,23.26 ,23.24 ,23.3 ,23.41 ,23.26 ,23.22 ,23.33 ,23.32 ,23.32 ,23.36 ,23.37 ,23.4 ,23.33 ,23.34 ,23.27 ,23.23 ,23.29 ,23.36 ,23.26 ,23.33 ,23.33 ,23.27 ,23.26 ,23.43 ,23.46 ,23.53 ,23.52 ,23.44 ,23.5 ,23.49 ,23.55 ,23.54 ,23.54 ,23.55 ,23.54 ,23.56 ,23.56 ,23.48 ,23.5 ,23.53 ,23.45 ,23.55 ,23.66 ,23.57 ,23.52 ,23.56 ,23.55 ,23.52 ,23.55 ,23.6 ,23.61 ,23.61 ,23.63 ,23.6 ,23.55 ,23.56 ,23.56 ,23.5 ,23.63 ,23.64 ,23.71 ,23.65 ,23.58 ,23.48 ,23.52 ,23.61 ,23.61 ,23.58 ,23.55 ,23.56 ,23.67 ,23.65 ,23.59 ,23.59 ,23.57 ,23.61 ,23.57 ,23.63 ,23.63 ,23.56 ,23.61 ,23.72 ,23.65 ,23.56 ,23.63 ,23.57 ,23.57 ,23.64 ,23.58 ,23.63 ,23.62 ,23.6 ,23.64 ,23.67 ,23.63 ,23.6 ,23.64 ,23.56 ,23.62 ,23.62 ,23.62 ,23.52 ,23.49 ,23.54 ,23.65 ,23.63 ,23.62 ,23.57 ,23.6 ,23.64 ,23.68 ,23.67 ,23.69 ,23.61 ,23.64 ,23.64 ,23.65 ,23.71 ,23.65 ,23.67 ,23.62 ,23.67 ,23.63 ,23.54 ,23.64 ,23.66 ,23.65 ,23.69 ,23.68 ,23.65 ,23.7 ,23.73 ,23.73 ,23.66 ,23.6 ,23.65 ,23.72 ,23.64 ,23.66 ,23.68 ,23.66 ,23.64 ,23.61 ,23.72 ,23.72 ,23.63 ,23.61 ,23.62 ,23.66 ,23.65 ,23.6 ,23.64 ,23.58 ,23.64 ,23.72 ,23.66 ,23.64 ,23.61 ,23.63 ,23.66 ,23.55 ,23.67 ,23.69 ,23.7 ,23.68 ,23.65 ,23.73 ,23.68 ,23.67 ,23.69 ,23.64 ,23.6 ,23.64 ,23.58 ,23.64 ,23.67 ,23.63 ,23.55 ,23.65 ,23.67 ,23.7 ,23.71 ,23.57 ,23.61 ,23.65 ,23.58 ,23.65 ,23.67 ,23.6 ,23.55 ,23.59 ,23.65 ,23.59 ,23.61 ,23.69 ,23.69 ,23.64 ,23.69 ,23.71 ,23.7 ,23.67 ,23.68 ,23.76 ,23.72 ,23.79 ,23.77 ,23.62 ,23.66 ,23.61 ,23.68 ,23.67 ,23.65 ,23.62 ,23.6 ,23.66 ,23.64 ,23.7 ,23.73 ,23.77 ,23.63 ,23.57 ,23.58 ,23.64 ,23.6 ,23.54 ,23.57 ,23.69 ,23.71 ,23.65 ,23.64 ,23.7 ,23.6 ,23.54 ,23.59 ,23.66 ,23.69 ,23.71 ,23.57 ,23.57 ,23.61 ,23.61 ,23.59 ,23.61 ,23.59 ,23.58 ,23.52 ,23.62 ,23.55 ,23.56 ,23.6 ,23.68 ,23.72 ,23.63 ,23.58 ,23.58 ,23.57 ,23.71 ,23.78 ,23.82 ,23.92 ,23.85 ,23.86 ,23.86 ,23.84 ,23.73 ,23.77 ,23.8 ,23.85 ,23.84 ,23.85 ,23.81 ,23.84 ,23.86 ,23.8 ,23.79 ,23.77 ,23.85 ,23.89 ,23.86 ,23.88 ,23.88 ,23.85 ,23.83 ,23.78 ,23.82 ,23.9 ,23.88 ,23.89 ,23.98 ,23.91 ,23.81 ,23.88 ,23.85 ,23.8 ,23.85 ,23.7 ,23.69 ,23.59 ,23.59 ,23.62 ,23.6 ,23.63 ,23.68 ,23.54 ,23.52 ,23.62 ,23.56 ,23.5 ,23.54 ,23.6 ,23.58 ,23.59 ,23.57 ,23.57 ,23.55 ,23.6 ,23.63 ,23.61 ,23.59 ,23.53 ,23.58 ,23.56 ,23.56 ,23.56 ,23.55 ,23.46 ,23.54 ,23.52 ,23.62 ,23.63 ,23.58 ,23.65 ,23.64 ,23.62 ,23.54 ,23.54 ,23.64 ,23.68 ,23.73 ,23.65 ,23.67 ,23.65 ,23.71 ,23.8 ,23.77 ,23.76 ,23.79 ,23.82 ,23.69 ,23.69 ,23.73 ,23.7 ,23.74 ,23.89 ,23.85 ,23.84 ,23.88 ,23.84 ,23.87 ,23.88 ,23.76 ,23.78 ,23.75 ,23.78 ,23.83 ,23.79 ,23.84 ,23.87 ,23.81 ,23.82 ,23.85 ,23.83 ,23.84 ,23.84 ,23.88 ,23.89 ,23.83 ,23.82 ,23.87 ,23.96 ,23.88 ,23.81 ,23.85 ,23.79 ,23.81 ,23.91 ,23.98 ,23.91 ,23.9 ,23.87 ,23.84 ,23.9 ,23.91 ,23.83 ,23.79 ,23.83 ,23.78 ,23.78 ,23.77 ,23.74 ,23.73 ,23.79 ,23.85 ,23.93 ,23.88 ,23.78 ,23.78 ,23.88 ,23.86 ,23.81 ,23.83 ,23.81 ,23.79 ,23.76 ,23.72 ,23.88 ,23.84 ,23.81 ,23.81 ,23.75 ,23.76 ,23.87 ,23.89 ,23.78 ,23.81 ,23.78 ,23.82 ,23.82 ,23.84 ,23.9 ,23.88 ,23.81 ,23.81 ,23.83 ,23.83 ,23.82 ,23.8 ,23.79 ,23.92 ,23.82 ,23.82 ,23.78 ,23.88 ,23.82 ,23.81 ,23.87 ,23.78 ,23.8 ,23.76 ,23.82 ,23.8 ,23.72 ,23.71 ,23.8 ,23.76 ,23.78 ,23.83 ,23.97 ,23.87 ,23.73 ,23.81 ,23.74 ,23.65 ,23.75 ,23.81 ,23.8 ,23.81 ,23.86 ,23.84 ,23.79 ,23.71 ,23.85 ,23.79 ,23.79 ,23.84 ,23.81 ,23.71 ,23.69 ,23.75 ,23.76 ,23.74 ,23.67 ,23.7 ,23.76 ,23.75 ,23.83 ,23.86 ,23.83 ,23.7 ,23.78 ,23.75 ,23.82 ,23.8 ,23.76 ,23.77 ,23.72 ,23.76 ,23.77 ,23.8 ,23.8 ,23.87 ,23.88 ,23.86 ,23.74 ,23.74 ,23.72 ,23.69 ,23.83 ,23.84 ,23.82 ,23.81 ,23.72 ,23.65 ,23.67 ,23.7 ,23.77 ,23.79 ,23.75 ,23.69 ,23.65 ,23.63 ,23.68 ,23.7 ,23.72 ,23.7 ,23.59 ,23.6 ,23.63 ,23.61 ,23.61 ,23.63 ,23.6 ,23.52 ,23.56 ,23.6 ,23.46 ,23.35 ,23.33 ,23.36 ,23.34 ,23.37 ,23.39 ,23.36 ,23.3 ,23.36 ,23.36 ,23.39 ,23.29 ,23.22 ,23.26 ,23.27 ,23.32 ,23.35 ,23.43 ,23.36 ,23.39 ,23.45 ,23.44 ,23.45 ,23.38 ,23.42 ,23.4 ,23.4 ,23.28 ,23.23 ,23.22 ,23.16 ,23.12 ,23.09 ,23.08 ,22.9 ,22.95 ,23 ,22.89 ,22.86 ,22.9 ,23.07 ,23.09 ,23.09 ,23.03 ,22.92 ,22.98 ,23.06 ,23.02 ,23.12 ,23.21 ,23.1 ,22.99 ,22.97 ,23.15 ,23.11 ,23.03 ,23.06 ,23 ,23.08 ,23.17 ,23.17 ,23.13 ,23.13 ,23.15 ,23.12 ,23.02 ,23.02 ,23.16 ,23.21 ,23.19 ,23.13 ,23.16 ,23.19 ,23.07 ,23.09 ,23.06 ,23 ,22.9 ,22.87 ,23.03 ,23.07 ,23.13 ,23.15 ,23.14 ,23.04 ,23.14 ,22.96 ,22.97 ,23 ,23.17 ,23.08 ,23.06 ,22.97 ,22.89 ,22.84 ,22.87 ,22.85 ,22.84 ,
385,23.31 ,23.24 ,23.34 ,23.42 ,23.41 ,23.33 ,23.33 ,23.29 ,23.31 ,23.27 ,23.23 ,23.21 ,23.23 ,23.28 ,23.33 ,23.29 ,23.36 ,23.34 ,23.32 ,23.22 ,23.26 ,23.28 ,23.27 ,23.32 ,23.25 ,23.28 ,23.31 ,23.3 ,23.3 ,23.4 ,23.52 ,23.47 ,23.51 ,23.51 ,23.49 ,23.5 ,23.54 ,23.56 ,23.54 ,23.43 ,23.47 ,23.53 ,23.54 ,23.51 ,23.56 ,23.56 ,23.45 ,23.51 ,23.51 ,23.57 ,23.6 ,23.59 ,23.55 ,23.58 ,23.64 ,23.57 ,23.6 ,23.51 ,23.53 ,23.59 ,23.58 ,23.63 ,23.57 ,23.51 ,23.6 ,23.61 ,23.63 ,23.66 ,23.65 ,23.59 ,23.61 ,23.58 ,23.61 ,23.54 ,23.55 ,23.53 ,23.59 ,23.66 ,23.63 ,23.52 ,23.52 ,23.54 ,23.54 ,23.58 ,23.53 ,23.56 ,23.65 ,23.68 ,23.62 ,23.55 ,23.6 ,23.59 ,23.61 ,23.65 ,23.62 ,23.64 ,23.69 ,23.64 ,23.57 ,23.59 ,23.58 ,23.61 ,23.64 ,23.57 ,23.61 ,23.63 ,23.56 ,23.54 ,23.54 ,23.55 ,23.56 ,23.62 ,23.6 ,23.63 ,23.57 ,23.56 ,23.57 ,23.61 ,23.64 ,23.56 ,23.58 ,23.63 ,23.66 ,23.68 ,23.65 ,23.63 ,23.54 ,23.53 ,23.65 ,23.66 ,23.67 ,23.72 ,23.67 ,23.67 ,23.61 ,23.62 ,23.76 ,23.76 ,23.73 ,23.61 ,23.64 ,23.68 ,23.67 ,23.68 ,23.65 ,23.71 ,23.7 ,23.62 ,23.72 ,23.74 ,23.7 ,23.59 ,23.65 ,23.65 ,23.63 ,23.65 ,23.63 ,23.63 ,23.67 ,23.68 ,23.72 ,23.69 ,23.65 ,23.68 ,23.67 ,23.72 ,23.62 ,23.55 ,23.63 ,23.7 ,23.71 ,23.6 ,23.69 ,23.66 ,23.61 ,23.69 ,23.67 ,23.64 ,23.6 ,23.66 ,23.61 ,23.68 ,23.7 ,23.62 ,23.62 ,23.68 ,23.71 ,23.71 ,23.66 ,23.57 ,23.67 ,23.64 ,23.65 ,23.74 ,23.58 ,23.52 ,23.55 ,23.6 ,23.64 ,23.57 ,23.6 ,23.66 ,23.65 ,23.72 ,23.77 ,23.82 ,23.67 ,23.66 ,23.83 ,23.73 ,23.71 ,23.75 ,23.61 ,23.62 ,23.64 ,23.69 ,23.74 ,23.74 ,23.67 ,23.62 ,23.73 ,23.75 ,23.71 ,23.68 ,23.76 ,23.67 ,23.68 ,23.6 ,23.62 ,23.75 ,23.66 ,23.72 ,23.75 ,23.7 ,23.67 ,23.72 ,23.73 ,23.67 ,23.67 ,23.67 ,23.65 ,23.73 ,23.77 ,23.65 ,23.7 ,23.67 ,23.64 ,23.64 ,23.64 ,23.6 ,23.63 ,23.58 ,23.62 ,23.59 ,23.62 ,23.6 ,23.65 ,23.71 ,23.59 ,23.56 ,23.63 ,23.61 ,23.65 ,23.79 ,23.86 ,23.92 ,23.82 ,23.88 ,23.88 ,23.82 ,23.73 ,23.79 ,23.79 ,23.85 ,23.78 ,23.82 ,23.87 ,23.94 ,23.81 ,23.72 ,23.77 ,23.78 ,23.8 ,23.82 ,23.78 ,23.84 ,23.87 ,23.8 ,23.79 ,23.8 ,23.84 ,23.87 ,23.79 ,23.82 ,23.87 ,23.83 ,23.82 ,23.87 ,23.86 ,23.76 ,23.75 ,23.7 ,23.56 ,23.55 ,23.58 ,23.59 ,23.59 ,23.53 ,23.53 ,23.58 ,23.57 ,23.59 ,23.68 ,23.63 ,23.55 ,23.61 ,23.63 ,23.64 ,23.6 ,23.55 ,23.55 ,23.58 ,23.57 ,23.6 ,23.63 ,23.56 ,23.57 ,23.54 ,23.52 ,23.6 ,23.61 ,23.5 ,23.57 ,23.48 ,23.53 ,23.63 ,23.62 ,23.68 ,23.67 ,23.63 ,23.66 ,23.68 ,23.68 ,23.74 ,23.78 ,23.68 ,23.79 ,23.71 ,23.77 ,23.81 ,23.8 ,23.83 ,23.77 ,23.83 ,23.77 ,23.69 ,23.74 ,23.74 ,23.68 ,23.76 ,23.82 ,23.84 ,23.84 ,23.81 ,23.83 ,23.88 ,23.89 ,23.84 ,23.89 ,23.86 ,23.77 ,23.83 ,23.89 ,23.92 ,23.72 ,23.74 ,23.87 ,23.85 ,23.81 ,23.86 ,23.85 ,23.89 ,23.84 ,23.86 ,23.82 ,23.88 ,23.8 ,23.76 ,23.86 ,23.84 ,23.79 ,23.88 ,23.87 ,23.88 ,23.93 ,23.91 ,23.85 ,23.87 ,23.91 ,23.74 ,23.69 ,23.82 ,23.77 ,23.7 ,23.78 ,23.78 ,23.82 ,23.84 ,23.86 ,23.9 ,23.89 ,23.77 ,23.79 ,23.8 ,23.82 ,23.86 ,23.88 ,23.8 ,23.76 ,23.87 ,23.77 ,23.83 ,23.83 ,23.83 ,23.77 ,23.78 ,23.8 ,23.86 ,23.92 ,23.86 ,23.81 ,23.79 ,23.81 ,23.78 ,23.8 ,23.91 ,23.9 ,23.85 ,23.82 ,23.83 ,23.82 ,23.79 ,23.82 ,23.86 ,23.85 ,23.89 ,23.84 ,23.81 ,23.82 ,23.82 ,23.76 ,23.85 ,23.87 ,23.77 ,23.72 ,23.73 ,23.76 ,23.79 ,23.78 ,23.82 ,23.83 ,23.84 ,23.88 ,23.9 ,23.89 ,23.82 ,23.8 ,23.79 ,23.76 ,23.74 ,23.79 ,23.8 ,23.83 ,23.9 ,23.79 ,23.79 ,23.76 ,23.86 ,23.83 ,23.77 ,23.72 ,23.77 ,23.77 ,23.73 ,23.8 ,23.83 ,23.77 ,23.71 ,23.72 ,23.77 ,23.74 ,23.77 ,23.78 ,23.81 ,23.72 ,23.73 ,23.74 ,23.72 ,23.69 ,23.77 ,23.75 ,23.72 ,23.77 ,23.76 ,23.69 ,23.77 ,23.83 ,23.82 ,23.87 ,23.78 ,23.79 ,23.78 ,23.74 ,23.72 ,23.78 ,23.78 ,23.74 ,23.74 ,23.72 ,23.74 ,23.69 ,23.74 ,23.77 ,23.7 ,23.71 ,23.72 ,23.69 ,23.65 ,23.76 ,23.68 ,23.71 ,23.65 ,23.53 ,23.6 ,23.68 ,23.63 ,23.64 ,23.62 ,23.64 ,23.57 ,23.48 ,23.42 ,23.33 ,23.29 ,23.27 ,23.3 ,23.32 ,23.42 ,23.44 ,23.36 ,23.31 ,23.33 ,23.41 ,23.33 ,23.27 ,23.23 ,23.23 ,23.33 ,23.37 ,23.45 ,23.42 ,23.41 ,23.43 ,23.41 ,23.38 ,23.42 ,23.47 ,23.4 ,23.5 ,23.46 ,23.33 ,23.29 ,23.34 ,23.26 ,23.13 ,23.09 ,22.97 ,22.9 ,23.03 ,22.98 ,22.87 ,22.89 ,23.07 ,23.03 ,23.04 ,22.97 ,22.95 ,22.99 ,23.04 ,22.92 ,22.98 ,23.14 ,23.04 ,22.93 ,22.91 ,22.94 ,23.08 ,22.97 ,23 ,22.98 ,23.12 ,23.14 ,23.08 ,23.07 ,23.01 ,23.02 ,22.96 ,22.92 ,22.94 ,23.13 ,23.19 ,23.19 ,23.1 ,23.11 ,23.04 ,23.06 ,23.23 ,23.14 ,23.02 ,22.98 ,22.95 ,23.06 ,23.02 ,23.01 ,23.05 ,23.1 ,23.02 ,23.1 ,23.02 ,22.98 ,23.01 ,23.08 ,22.99 ,23.09 ,23.09 ,22.95 ,22.9 ,22.94 ,22.84 ,22.83 ,
386,23.29 ,23.22 ,23.29 ,23.37 ,23.31 ,23.34 ,23.29 ,23.32 ,23.37 ,23.29 ,23.23 ,23.34 ,23.38 ,23.3 ,23.38 ,23.36 ,23.32 ,23.35 ,23.31 ,23.22 ,23.19 ,23.2 ,23.35 ,23.24 ,23.27 ,23.4 ,23.33 ,23.3 ,23.32 ,23.39 ,23.46 ,23.48 ,23.44 ,23.56 ,23.59 ,23.56 ,23.54 ,23.56 ,23.62 ,23.49 ,23.53 ,23.59 ,23.57 ,23.51 ,23.55 ,23.56 ,23.49 ,23.58 ,23.62 ,23.51 ,23.49 ,23.57 ,23.62 ,23.59 ,23.59 ,23.58 ,23.56 ,23.52 ,23.56 ,23.65 ,23.58 ,23.54 ,23.61 ,23.58 ,23.57 ,23.57 ,23.65 ,23.58 ,23.57 ,23.62 ,23.66 ,23.63 ,23.62 ,23.61 ,23.53 ,23.55 ,23.59 ,23.53 ,23.48 ,23.43 ,23.55 ,23.57 ,23.6 ,23.56 ,23.52 ,23.6 ,23.67 ,23.7 ,23.64 ,23.53 ,23.58 ,23.62 ,23.63 ,23.59 ,23.52 ,23.58 ,23.64 ,23.68 ,23.62 ,23.61 ,23.68 ,23.71 ,23.66 ,23.56 ,23.59 ,23.7 ,23.68 ,23.59 ,23.53 ,23.56 ,23.63 ,23.65 ,23.58 ,23.66 ,23.63 ,23.58 ,23.65 ,23.66 ,23.61 ,23.6 ,23.68 ,23.7 ,23.68 ,23.7 ,23.66 ,23.68 ,23.58 ,23.55 ,23.67 ,23.74 ,23.72 ,23.77 ,23.78 ,23.77 ,23.68 ,23.57 ,23.67 ,23.77 ,23.74 ,23.6 ,23.6 ,23.68 ,23.68 ,23.67 ,23.75 ,23.72 ,23.75 ,23.75 ,23.71 ,23.71 ,23.77 ,23.65 ,23.69 ,23.73 ,23.65 ,23.74 ,23.69 ,23.69 ,23.75 ,23.78 ,23.73 ,23.68 ,23.67 ,23.71 ,23.65 ,23.62 ,23.62 ,23.58 ,23.61 ,23.64 ,23.68 ,23.6 ,23.58 ,23.71 ,23.63 ,23.57 ,23.63 ,23.65 ,23.67 ,23.68 ,23.73 ,23.74 ,23.66 ,23.68 ,23.65 ,23.7 ,23.7 ,23.71 ,23.68 ,23.67 ,23.61 ,23.58 ,23.57 ,23.62 ,23.55 ,23.43 ,23.55 ,23.65 ,23.66 ,23.62 ,23.59 ,23.64 ,23.65 ,23.62 ,23.68 ,23.8 ,23.72 ,23.67 ,23.73 ,23.76 ,23.7 ,23.68 ,23.71 ,23.69 ,23.67 ,23.71 ,23.72 ,23.74 ,23.75 ,23.7 ,23.76 ,23.75 ,23.67 ,23.67 ,23.72 ,23.72 ,23.74 ,23.72 ,23.68 ,23.71 ,23.66 ,23.71 ,23.76 ,23.63 ,23.65 ,23.7 ,23.78 ,23.71 ,23.68 ,23.75 ,23.64 ,23.71 ,23.76 ,23.65 ,23.7 ,23.78 ,23.64 ,23.52 ,23.61 ,23.54 ,23.59 ,23.58 ,23.64 ,23.6 ,23.61 ,23.67 ,23.58 ,23.6 ,23.57 ,23.59 ,23.59 ,23.57 ,23.65 ,23.82 ,23.89 ,23.9 ,23.8 ,23.87 ,23.82 ,23.76 ,23.76 ,23.79 ,23.84 ,23.85 ,23.82 ,23.77 ,23.84 ,23.9 ,23.8 ,23.69 ,23.77 ,23.85 ,23.87 ,23.73 ,23.79 ,23.77 ,23.93 ,23.89 ,23.81 ,23.82 ,23.8 ,23.84 ,23.86 ,23.87 ,23.84 ,23.89 ,23.89 ,23.88 ,23.78 ,23.74 ,23.7 ,23.65 ,23.6 ,23.61 ,23.6 ,23.6 ,23.58 ,23.55 ,23.5 ,23.54 ,23.56 ,23.6 ,23.63 ,23.7 ,23.61 ,23.58 ,23.58 ,23.6 ,23.56 ,23.55 ,23.56 ,23.54 ,23.49 ,23.52 ,23.61 ,23.61 ,23.59 ,23.64 ,23.63 ,23.63 ,23.64 ,23.58 ,23.53 ,23.63 ,23.58 ,23.59 ,23.62 ,23.71 ,23.7 ,23.64 ,23.61 ,23.67 ,23.74 ,23.81 ,23.8 ,23.69 ,23.72 ,23.81 ,23.77 ,23.85 ,23.75 ,23.81 ,23.81 ,23.79 ,23.79 ,23.78 ,23.83 ,23.76 ,23.75 ,23.75 ,23.82 ,23.88 ,23.83 ,23.82 ,23.81 ,23.83 ,23.89 ,23.86 ,23.88 ,23.88 ,23.78 ,23.79 ,23.85 ,23.85 ,23.77 ,23.73 ,23.83 ,23.77 ,23.8 ,23.83 ,23.75 ,23.76 ,23.79 ,23.82 ,23.85 ,23.89 ,23.82 ,23.81 ,23.85 ,23.84 ,23.78 ,23.75 ,23.9 ,23.84 ,23.82 ,23.84 ,23.89 ,23.86 ,23.89 ,23.76 ,23.72 ,23.81 ,23.8 ,23.75 ,23.76 ,23.85 ,23.92 ,23.86 ,23.9 ,24.02 ,23.94 ,23.79 ,23.76 ,23.79 ,23.75 ,23.83 ,23.84 ,23.86 ,23.74 ,23.83 ,23.77 ,23.83 ,23.81 ,23.86 ,23.79 ,23.74 ,23.79 ,23.81 ,23.85 ,23.82 ,23.81 ,23.87 ,23.88 ,23.73 ,23.74 ,23.76 ,23.88 ,23.81 ,23.8 ,23.85 ,23.81 ,23.79 ,23.81 ,23.81 ,23.79 ,23.86 ,23.88 ,23.72 ,23.74 ,23.79 ,23.72 ,23.78 ,23.79 ,23.8 ,23.65 ,23.72 ,23.71 ,23.79 ,23.85 ,23.86 ,23.77 ,23.71 ,23.86 ,23.92 ,23.84 ,23.81 ,23.81 ,23.76 ,23.74 ,23.71 ,23.75 ,23.84 ,23.81 ,23.85 ,23.78 ,23.83 ,23.82 ,23.79 ,23.85 ,23.8 ,23.85 ,23.8 ,23.74 ,23.77 ,23.81 ,23.79 ,23.78 ,23.74 ,23.75 ,23.81 ,23.85 ,23.83 ,23.81 ,23.83 ,23.71 ,23.77 ,23.81 ,23.74 ,23.66 ,23.69 ,23.72 ,23.76 ,23.83 ,23.8 ,23.73 ,23.82 ,23.82 ,23.86 ,23.82 ,23.79 ,23.78 ,23.78 ,23.81 ,23.72 ,23.78 ,23.8 ,23.7 ,23.64 ,23.68 ,23.73 ,23.76 ,23.78 ,23.75 ,23.73 ,23.67 ,23.73 ,23.71 ,23.62 ,23.71 ,23.77 ,23.74 ,23.72 ,23.58 ,23.62 ,23.72 ,23.71 ,23.72 ,23.61 ,23.57 ,23.65 ,23.46 ,23.39 ,23.43 ,23.31 ,23.24 ,23.33 ,23.36 ,23.45 ,23.47 ,23.46 ,23.36 ,23.32 ,23.34 ,23.33 ,23.34 ,23.28 ,23.42 ,23.37 ,23.36 ,23.39 ,23.45 ,23.43 ,23.34 ,23.36 ,23.39 ,23.41 ,23.52 ,23.5 ,23.52 ,23.53 ,23.44 ,23.36 ,23.38 ,23.37 ,23.27 ,23.11 ,23.01 ,22.96 ,22.99 ,23.02 ,22.89 ,22.93 ,23.04 ,23.05 ,22.94 ,22.88 ,22.97 ,22.99 ,22.93 ,22.82 ,22.85 ,23.01 ,23 ,22.97 ,22.89 ,23.02 ,23.01 ,22.94 ,22.8 ,22.85 ,22.92 ,22.94 ,22.95 ,22.92 ,22.87 ,22.9 ,22.91 ,22.87 ,22.88 ,22.99 ,23.11 ,23.2 ,23.21 ,23.13 ,23 ,23 ,23.12 ,23.08 ,22.95 ,23 ,22.97 ,23.05 ,22.94 ,22.97 ,23.06 ,23.08 ,23.08 ,23.13 ,23.01 ,22.98 ,23.12 ,23.14 ,23.08 ,23.07 ,23.07 ,22.92 ,22.92 ,23.07 ,22.94 ,22.87 ,
387,23.25 ,23.19 ,23.24 ,23.33 ,23.26 ,23.35 ,23.38 ,23.24 ,23.35 ,23.41 ,23.27 ,23.33 ,23.48 ,23.31 ,23.36 ,23.46 ,23.38 ,23.29 ,23.22 ,23.23 ,23.21 ,23.28 ,23.41 ,23.31 ,23.26 ,23.37 ,23.32 ,23.25 ,23.37 ,23.37 ,23.4 ,23.48 ,23.46 ,23.5 ,23.55 ,23.6 ,23.58 ,23.53 ,23.62 ,23.55 ,23.57 ,23.61 ,23.55 ,23.57 ,23.56 ,23.56 ,23.6 ,23.61 ,23.59 ,23.52 ,23.49 ,23.53 ,23.58 ,23.7 ,23.65 ,23.59 ,23.55 ,23.47 ,23.53 ,23.59 ,23.52 ,23.59 ,23.64 ,23.62 ,23.63 ,23.54 ,23.54 ,23.57 ,23.51 ,23.44 ,23.49 ,23.58 ,23.59 ,23.67 ,23.68 ,23.56 ,23.58 ,23.6 ,23.58 ,23.47 ,23.61 ,23.62 ,23.57 ,23.6 ,23.61 ,23.7 ,23.69 ,23.67 ,23.68 ,23.55 ,23.54 ,23.64 ,23.57 ,23.57 ,23.57 ,23.65 ,23.63 ,23.63 ,23.66 ,23.69 ,23.66 ,23.65 ,23.6 ,23.54 ,23.6 ,23.67 ,23.65 ,23.59 ,23.59 ,23.7 ,23.74 ,23.67 ,23.57 ,23.55 ,23.56 ,23.51 ,23.58 ,23.57 ,23.66 ,23.61 ,23.65 ,23.76 ,23.72 ,23.75 ,23.64 ,23.67 ,23.67 ,23.59 ,23.67 ,23.65 ,23.69 ,23.82 ,23.7 ,23.72 ,23.68 ,23.63 ,23.62 ,23.64 ,23.73 ,23.62 ,23.57 ,23.62 ,23.75 ,23.74 ,23.78 ,23.8 ,23.7 ,23.71 ,23.75 ,23.69 ,23.67 ,23.71 ,23.71 ,23.75 ,23.65 ,23.75 ,23.69 ,23.67 ,23.68 ,23.74 ,23.71 ,23.67 ,23.69 ,23.74 ,23.69 ,23.55 ,23.62 ,23.65 ,23.58 ,23.68 ,23.59 ,23.52 ,23.53 ,23.71 ,23.69 ,23.53 ,23.58 ,23.61 ,23.65 ,23.66 ,23.71 ,23.75 ,23.65 ,23.66 ,23.64 ,23.6 ,23.69 ,23.64 ,23.62 ,23.62 ,23.66 ,23.61 ,23.57 ,23.61 ,23.59 ,23.54 ,23.61 ,23.72 ,23.68 ,23.61 ,23.59 ,23.59 ,23.63 ,23.58 ,23.68 ,23.69 ,23.68 ,23.75 ,23.67 ,23.63 ,23.72 ,23.75 ,23.73 ,23.76 ,23.65 ,23.68 ,23.73 ,23.75 ,23.75 ,23.68 ,23.69 ,23.73 ,23.7 ,23.69 ,23.73 ,23.72 ,23.73 ,23.71 ,23.58 ,23.64 ,23.64 ,23.74 ,23.76 ,23.74 ,23.72 ,23.69 ,23.76 ,23.74 ,23.7 ,23.73 ,23.76 ,23.74 ,23.73 ,23.6 ,23.7 ,23.78 ,23.67 ,23.53 ,23.55 ,23.62 ,23.63 ,23.67 ,23.63 ,23.63 ,23.62 ,23.64 ,23.64 ,23.63 ,23.59 ,23.54 ,23.56 ,23.58 ,23.68 ,23.73 ,23.85 ,23.9 ,23.82 ,23.87 ,23.83 ,23.7 ,23.81 ,23.77 ,23.77 ,23.83 ,23.88 ,23.82 ,23.9 ,23.94 ,23.76 ,23.75 ,23.75 ,23.82 ,23.89 ,23.76 ,23.77 ,23.82 ,23.88 ,23.87 ,23.82 ,23.79 ,23.8 ,23.78 ,23.78 ,23.83 ,23.84 ,23.87 ,23.91 ,23.86 ,23.79 ,23.74 ,23.69 ,23.59 ,23.6 ,23.67 ,23.6 ,23.63 ,23.61 ,23.6 ,23.58 ,23.55 ,23.62 ,23.61 ,23.6 ,23.63 ,23.55 ,23.52 ,23.52 ,23.55 ,23.53 ,23.57 ,23.63 ,23.63 ,23.54 ,23.48 ,23.57 ,23.58 ,23.57 ,23.62 ,23.71 ,23.65 ,23.67 ,23.66 ,23.67 ,23.7 ,23.74 ,23.7 ,23.69 ,23.76 ,23.76 ,23.76 ,23.59 ,23.67 ,23.64 ,23.85 ,23.8 ,23.73 ,23.76 ,23.81 ,23.79 ,23.83 ,23.77 ,23.74 ,23.81 ,23.84 ,23.76 ,23.75 ,23.89 ,23.8 ,23.77 ,23.86 ,23.89 ,23.9 ,23.87 ,23.75 ,23.85 ,23.88 ,23.85 ,23.82 ,23.87 ,23.9 ,23.8 ,23.73 ,23.83 ,23.86 ,23.86 ,23.85 ,23.84 ,23.84 ,23.87 ,23.86 ,23.83 ,23.75 ,23.83 ,23.88 ,23.78 ,23.9 ,23.83 ,23.8 ,23.86 ,23.85 ,23.81 ,23.82 ,23.85 ,23.85 ,23.8 ,23.87 ,23.84 ,23.82 ,23.79 ,23.79 ,23.8 ,23.82 ,23.81 ,23.79 ,23.77 ,23.81 ,23.85 ,23.94 ,23.9 ,23.96 ,23.98 ,23.82 ,23.83 ,23.77 ,23.77 ,23.78 ,23.84 ,23.84 ,23.84 ,23.89 ,23.88 ,23.79 ,23.86 ,23.8 ,23.76 ,23.7 ,23.81 ,23.83 ,23.85 ,23.82 ,23.8 ,23.8 ,23.9 ,23.81 ,23.78 ,23.71 ,23.8 ,23.85 ,23.79 ,23.82 ,23.87 ,23.83 ,23.77 ,23.83 ,23.85 ,23.92 ,23.88 ,23.79 ,23.74 ,23.79 ,23.79 ,23.84 ,23.76 ,23.82 ,23.78 ,23.76 ,23.69 ,23.73 ,23.78 ,23.84 ,23.82 ,23.82 ,23.86 ,23.88 ,23.85 ,23.75 ,23.89 ,23.86 ,23.74 ,23.73 ,23.77 ,23.83 ,23.77 ,23.87 ,23.83 ,23.86 ,23.88 ,23.79 ,23.79 ,23.76 ,23.88 ,23.82 ,23.72 ,23.75 ,23.83 ,23.77 ,23.76 ,23.82 ,23.8 ,23.77 ,23.82 ,23.82 ,23.8 ,23.8 ,23.68 ,23.8 ,23.86 ,23.82 ,23.71 ,23.71 ,23.73 ,23.67 ,23.84 ,23.75 ,23.74 ,23.83 ,23.78 ,23.82 ,23.85 ,23.82 ,23.78 ,23.74 ,23.84 ,23.79 ,23.74 ,23.73 ,23.78 ,23.7 ,23.7 ,23.7 ,23.78 ,23.82 ,23.75 ,23.8 ,23.74 ,23.77 ,23.8 ,23.72 ,23.69 ,23.71 ,23.72 ,23.76 ,23.66 ,23.64 ,23.66 ,23.7 ,23.68 ,23.74 ,23.58 ,23.56 ,23.56 ,23.47 ,23.4 ,23.33 ,23.3 ,23.41 ,23.41 ,23.44 ,23.43 ,23.39 ,23.42 ,23.37 ,23.37 ,23.35 ,23.39 ,23.38 ,23.45 ,23.47 ,23.43 ,23.42 ,23.37 ,23.39 ,23.43 ,23.34 ,23.39 ,23.43 ,23.48 ,23.44 ,23.47 ,23.51 ,23.47 ,23.34 ,23.4 ,23.3 ,23.42 ,23.31 ,23.14 ,23.02 ,23.01 ,23.02 ,22.88 ,22.87 ,22.95 ,23.01 ,22.96 ,22.96 ,22.98 ,22.95 ,22.87 ,22.82 ,22.81 ,23.04 ,23 ,22.95 ,22.87 ,22.9 ,22.89 ,22.88 ,22.83 ,22.84 ,22.82 ,22.89 ,22.9 ,22.9 ,22.81 ,22.9 ,23 ,22.96 ,22.86 ,22.99 ,23.16 ,23.16 ,23.14 ,23.18 ,23.07 ,23.13 ,23.05 ,22.94 ,22.98 ,22.97 ,23.01 ,23.02 ,22.99 ,22.92 ,23.04 ,23.08 ,23.14 ,23.2 ,23 ,22.94 ,22.96 ,23.05 ,23.13 ,23.1 ,23.05 ,22.92 ,22.96 ,23.11 ,23 ,22.96 ,
388,23.27 ,23.16 ,23.2 ,23.33 ,23.26 ,23.29 ,23.39 ,23.27 ,23.24 ,23.34 ,23.33 ,23.32 ,23.44 ,23.29 ,23.32 ,23.32 ,23.3 ,23.29 ,23.24 ,23.2 ,23.25 ,23.25 ,23.34 ,23.29 ,23.23 ,23.28 ,23.26 ,23.24 ,23.27 ,23.4 ,23.44 ,23.52 ,23.52 ,23.48 ,23.49 ,23.46 ,23.48 ,23.55 ,23.59 ,23.54 ,23.54 ,23.52 ,23.55 ,23.62 ,23.64 ,23.56 ,23.55 ,23.63 ,23.61 ,23.51 ,23.54 ,23.57 ,23.5 ,23.56 ,23.66 ,23.62 ,23.59 ,23.54 ,23.5 ,23.51 ,23.52 ,23.6 ,23.56 ,23.62 ,23.61 ,23.5 ,23.46 ,23.56 ,23.62 ,23.51 ,23.42 ,23.5 ,23.6 ,23.59 ,23.66 ,23.63 ,23.63 ,23.6 ,23.64 ,23.51 ,23.56 ,23.57 ,23.53 ,23.58 ,23.62 ,23.65 ,23.61 ,23.61 ,23.53 ,23.54 ,23.48 ,23.6 ,23.65 ,23.58 ,23.56 ,23.61 ,23.56 ,23.5 ,23.55 ,23.57 ,23.57 ,23.62 ,23.57 ,23.52 ,23.56 ,23.66 ,23.72 ,23.69 ,23.55 ,23.58 ,23.61 ,23.58 ,23.6 ,23.54 ,23.58 ,23.61 ,23.54 ,23.59 ,23.67 ,23.68 ,23.61 ,23.61 ,23.57 ,23.7 ,23.59 ,23.49 ,23.67 ,23.66 ,23.66 ,23.65 ,23.58 ,23.62 ,23.65 ,23.65 ,23.7 ,23.64 ,23.6 ,23.69 ,23.71 ,23.66 ,23.54 ,23.64 ,23.64 ,23.64 ,23.67 ,23.75 ,23.69 ,23.64 ,23.7 ,23.64 ,23.63 ,23.7 ,23.68 ,23.64 ,23.6 ,23.65 ,23.62 ,23.57 ,23.65 ,23.69 ,23.75 ,23.68 ,23.68 ,23.69 ,23.72 ,23.6 ,23.46 ,23.59 ,23.61 ,23.66 ,23.55 ,23.53 ,23.56 ,23.65 ,23.66 ,23.57 ,23.58 ,23.61 ,23.62 ,23.63 ,23.64 ,23.71 ,23.67 ,23.64 ,23.58 ,23.54 ,23.58 ,23.62 ,23.55 ,23.6 ,23.56 ,23.56 ,23.59 ,23.59 ,23.58 ,23.53 ,23.64 ,23.67 ,23.58 ,23.53 ,23.61 ,23.55 ,23.56 ,23.51 ,23.63 ,23.69 ,23.73 ,23.75 ,23.73 ,23.6 ,23.62 ,23.75 ,23.73 ,23.72 ,23.72 ,23.64 ,23.68 ,23.76 ,23.75 ,23.67 ,23.7 ,23.72 ,23.66 ,23.7 ,23.71 ,23.64 ,23.68 ,23.64 ,23.59 ,23.64 ,23.63 ,23.71 ,23.77 ,23.75 ,23.69 ,23.73 ,23.83 ,23.81 ,23.75 ,23.71 ,23.76 ,23.76 ,23.71 ,23.63 ,23.71 ,23.76 ,23.65 ,23.63 ,23.68 ,23.69 ,23.67 ,23.61 ,23.61 ,23.69 ,23.64 ,23.58 ,23.67 ,23.67 ,23.6 ,23.59 ,23.63 ,23.57 ,23.58 ,23.68 ,23.77 ,23.82 ,23.76 ,23.79 ,23.78 ,23.79 ,23.8 ,23.79 ,23.71 ,23.84 ,23.78 ,23.71 ,23.78 ,23.94 ,23.83 ,23.75 ,23.76 ,23.84 ,23.87 ,23.86 ,23.81 ,23.85 ,23.87 ,23.81 ,23.74 ,23.79 ,23.84 ,23.79 ,23.75 ,23.81 ,23.86 ,23.87 ,23.88 ,23.86 ,23.83 ,23.78 ,23.7 ,23.57 ,23.57 ,23.67 ,23.57 ,23.57 ,23.6 ,23.53 ,23.6 ,23.55 ,23.53 ,23.58 ,23.58 ,23.62 ,23.63 ,23.55 ,23.58 ,23.53 ,23.59 ,23.59 ,23.62 ,23.7 ,23.65 ,23.57 ,23.58 ,23.59 ,23.58 ,23.71 ,23.75 ,23.73 ,23.65 ,23.64 ,23.74 ,23.76 ,23.74 ,23.81 ,23.73 ,23.76 ,23.8 ,23.74 ,23.66 ,23.66 ,23.71 ,23.76 ,23.87 ,23.75 ,23.76 ,23.9 ,23.85 ,23.81 ,23.75 ,23.76 ,23.77 ,23.78 ,23.82 ,23.74 ,23.8 ,23.73 ,23.82 ,23.9 ,23.84 ,23.8 ,23.9 ,23.82 ,23.82 ,23.9 ,23.84 ,23.84 ,23.86 ,23.87 ,23.77 ,23.73 ,23.85 ,23.91 ,23.85 ,23.83 ,23.77 ,23.88 ,23.92 ,23.9 ,23.86 ,23.78 ,23.78 ,23.91 ,23.77 ,23.81 ,23.8 ,23.79 ,23.81 ,23.81 ,23.82 ,23.8 ,23.86 ,23.83 ,23.78 ,23.79 ,23.81 ,23.79 ,23.81 ,23.75 ,23.85 ,23.8 ,23.81 ,23.83 ,23.84 ,23.79 ,23.83 ,23.87 ,23.91 ,23.86 ,23.87 ,23.79 ,23.78 ,23.83 ,23.77 ,23.72 ,23.77 ,23.82 ,23.78 ,23.92 ,23.99 ,23.88 ,23.93 ,23.88 ,23.72 ,23.69 ,23.7 ,23.85 ,23.88 ,23.81 ,23.73 ,23.76 ,23.82 ,23.84 ,23.76 ,23.82 ,23.8 ,23.86 ,23.85 ,23.79 ,23.81 ,23.84 ,23.84 ,23.75 ,23.73 ,23.77 ,23.85 ,23.79 ,23.82 ,23.83 ,23.78 ,23.81 ,23.79 ,23.74 ,23.74 ,23.86 ,23.66 ,23.66 ,23.76 ,23.82 ,23.84 ,23.82 ,23.77 ,23.82 ,23.84 ,23.86 ,23.84 ,23.83 ,23.77 ,23.72 ,23.73 ,23.73 ,23.72 ,23.81 ,23.8 ,23.82 ,23.88 ,23.77 ,23.75 ,23.76 ,23.86 ,23.78 ,23.71 ,23.79 ,23.74 ,23.76 ,23.68 ,23.72 ,23.69 ,23.73 ,23.72 ,23.79 ,23.78 ,23.82 ,23.77 ,23.81 ,23.88 ,23.83 ,23.76 ,23.75 ,23.76 ,23.76 ,23.79 ,23.73 ,23.71 ,23.76 ,23.7 ,23.8 ,23.88 ,23.79 ,23.72 ,23.71 ,23.81 ,23.83 ,23.78 ,23.73 ,23.7 ,23.73 ,23.78 ,23.67 ,23.68 ,23.78 ,23.67 ,23.69 ,23.73 ,23.72 ,23.69 ,23.67 ,23.72 ,23.69 ,23.71 ,23.69 ,23.65 ,23.59 ,23.7 ,23.68 ,23.66 ,23.74 ,23.67 ,23.51 ,23.44 ,23.42 ,23.39 ,23.37 ,23.38 ,23.44 ,23.39 ,23.4 ,23.37 ,23.29 ,23.37 ,23.35 ,23.31 ,23.37 ,23.35 ,23.37 ,23.33 ,23.41 ,23.37 ,23.38 ,23.39 ,23.38 ,23.41 ,23.37 ,23.43 ,23.43 ,23.43 ,23.34 ,23.39 ,23.47 ,23.41 ,23.34 ,23.3 ,23.28 ,23.39 ,23.44 ,23.3 ,23.2 ,23.09 ,23.08 ,22.98 ,22.88 ,22.91 ,22.95 ,22.93 ,22.9 ,22.92 ,22.89 ,22.94 ,22.92 ,22.87 ,22.94 ,22.98 ,22.89 ,22.89 ,22.86 ,22.77 ,22.76 ,22.87 ,22.84 ,22.82 ,22.96 ,23.02 ,22.91 ,22.85 ,22.85 ,22.96 ,22.96 ,22.88 ,23.02 ,23.08 ,23.14 ,23.07 ,23.02 ,23.04 ,23.07 ,23.05 ,22.97 ,22.89 ,22.93 ,22.81 ,22.91 ,22.98 ,22.87 ,22.78 ,22.93 ,22.93 ,22.98 ,22.84 ,22.93 ,23.02 ,22.99 ,23.07 ,23.03 ,22.99 ,23.05 ,23.06 ,23.1 ,23.05 ,23.01 ,
389,23.34 ,23.22 ,23.19 ,23.31 ,23.3 ,23.24 ,23.4 ,23.33 ,23.22 ,23.22 ,23.32 ,23.31 ,23.46 ,23.37 ,23.34 ,23.33 ,23.28 ,23.33 ,23.34 ,23.31 ,23.29 ,23.28 ,23.3 ,23.28 ,23.33 ,23.39 ,23.33 ,23.3 ,23.32 ,23.41 ,23.52 ,23.54 ,23.52 ,23.51 ,23.46 ,23.45 ,23.47 ,23.51 ,23.49 ,23.55 ,23.54 ,23.47 ,23.51 ,23.55 ,23.59 ,23.5 ,23.54 ,23.68 ,23.64 ,23.6 ,23.55 ,23.53 ,23.48 ,23.49 ,23.55 ,23.58 ,23.52 ,23.5 ,23.57 ,23.6 ,23.6 ,23.55 ,23.59 ,23.57 ,23.61 ,23.59 ,23.57 ,23.61 ,23.64 ,23.64 ,23.55 ,23.52 ,23.58 ,23.66 ,23.64 ,23.52 ,23.55 ,23.58 ,23.64 ,23.63 ,23.58 ,23.58 ,23.6 ,23.54 ,23.56 ,23.59 ,23.47 ,23.47 ,23.58 ,23.61 ,23.63 ,23.64 ,23.63 ,23.62 ,23.51 ,23.64 ,23.61 ,23.59 ,23.66 ,23.62 ,23.57 ,23.66 ,23.69 ,23.62 ,23.58 ,23.56 ,23.65 ,23.7 ,23.62 ,23.53 ,23.55 ,23.62 ,23.59 ,23.54 ,23.58 ,23.6 ,23.59 ,23.61 ,23.69 ,23.72 ,23.69 ,23.64 ,23.59 ,23.65 ,23.68 ,23.59 ,23.63 ,23.7 ,23.71 ,23.62 ,23.55 ,23.6 ,23.62 ,23.67 ,23.64 ,23.76 ,23.68 ,23.72 ,23.79 ,23.7 ,23.62 ,23.68 ,23.68 ,23.67 ,23.67 ,23.73 ,23.67 ,23.66 ,23.64 ,23.69 ,23.7 ,23.65 ,23.71 ,23.67 ,23.66 ,23.67 ,23.66 ,23.55 ,23.65 ,23.7 ,23.72 ,23.74 ,23.71 ,23.72 ,23.73 ,23.66 ,23.61 ,23.66 ,23.72 ,23.69 ,23.61 ,23.67 ,23.68 ,23.64 ,23.65 ,23.65 ,23.64 ,23.61 ,23.64 ,23.73 ,23.72 ,23.73 ,23.65 ,23.61 ,23.58 ,23.48 ,23.58 ,23.66 ,23.56 ,23.58 ,23.58 ,23.57 ,23.58 ,23.54 ,23.55 ,23.58 ,23.56 ,23.65 ,23.57 ,23.57 ,23.58 ,23.72 ,23.61 ,23.59 ,23.55 ,23.64 ,23.73 ,23.71 ,23.74 ,23.72 ,23.69 ,23.73 ,23.74 ,23.7 ,23.64 ,23.67 ,23.66 ,23.75 ,23.69 ,23.72 ,23.74 ,23.74 ,23.68 ,23.7 ,23.79 ,23.7 ,23.71 ,23.61 ,23.66 ,23.74 ,23.66 ,23.72 ,23.8 ,23.76 ,23.68 ,23.69 ,23.8 ,23.8 ,23.8 ,23.81 ,23.71 ,23.72 ,23.75 ,23.76 ,23.75 ,23.76 ,23.67 ,23.62 ,23.72 ,23.77 ,23.79 ,23.64 ,23.63 ,23.7 ,23.64 ,23.65 ,23.71 ,23.71 ,23.66 ,23.62 ,23.66 ,23.69 ,23.58 ,23.65 ,23.76 ,23.83 ,23.74 ,23.82 ,23.86 ,23.86 ,23.8 ,23.79 ,23.75 ,23.93 ,23.89 ,23.78 ,23.73 ,23.83 ,23.81 ,23.86 ,23.85 ,23.81 ,23.86 ,23.85 ,23.81 ,23.84 ,23.85 ,23.81 ,23.78 ,23.79 ,23.87 ,23.82 ,23.74 ,23.78 ,23.86 ,23.94 ,23.88 ,23.86 ,23.89 ,23.83 ,23.76 ,23.67 ,23.62 ,23.61 ,23.58 ,23.57 ,23.59 ,23.57 ,23.62 ,23.68 ,23.62 ,23.65 ,23.64 ,23.7 ,23.72 ,23.62 ,23.6 ,23.62 ,23.7 ,23.75 ,23.75 ,23.82 ,23.76 ,23.72 ,23.67 ,23.69 ,23.66 ,23.74 ,23.83 ,23.75 ,23.74 ,23.74 ,23.73 ,23.74 ,23.75 ,23.78 ,23.79 ,23.8 ,23.86 ,23.75 ,23.7 ,23.75 ,23.79 ,23.89 ,23.8 ,23.82 ,23.76 ,23.86 ,23.84 ,23.79 ,23.86 ,23.82 ,23.78 ,23.78 ,23.74 ,23.76 ,23.8 ,23.85 ,23.77 ,23.87 ,23.84 ,23.85 ,23.84 ,23.86 ,23.94 ,23.91 ,23.84 ,23.93 ,23.94 ,23.85 ,23.79 ,23.73 ,23.83 ,23.91 ,23.82 ,23.81 ,23.76 ,23.86 ,23.94 ,23.9 ,23.79 ,23.78 ,23.82 ,23.87 ,23.86 ,23.87 ,23.81 ,23.82 ,23.81 ,23.8 ,23.82 ,23.82 ,23.8 ,23.78 ,23.8 ,23.8 ,23.8 ,23.88 ,23.95 ,23.84 ,23.86 ,23.92 ,23.82 ,23.79 ,23.88 ,23.8 ,23.8 ,23.89 ,23.92 ,23.92 ,23.96 ,23.88 ,23.81 ,23.9 ,23.85 ,23.8 ,23.81 ,23.87 ,23.78 ,23.8 ,23.87 ,23.88 ,23.89 ,23.88 ,23.79 ,23.83 ,23.85 ,23.78 ,23.94 ,23.92 ,23.81 ,23.82 ,23.88 ,23.81 ,23.77 ,23.89 ,23.95 ,23.86 ,23.82 ,23.88 ,23.82 ,23.8 ,23.87 ,23.72 ,23.67 ,23.79 ,23.83 ,23.86 ,23.86 ,23.83 ,23.79 ,23.77 ,23.75 ,23.75 ,23.68 ,23.82 ,23.75 ,23.59 ,23.72 ,23.82 ,23.74 ,23.75 ,23.75 ,23.8 ,23.86 ,23.92 ,23.81 ,23.76 ,23.82 ,23.87 ,23.73 ,23.72 ,23.79 ,23.77 ,23.79 ,23.77 ,23.86 ,23.86 ,23.75 ,23.78 ,23.82 ,23.72 ,23.74 ,23.81 ,23.72 ,23.82 ,23.78 ,23.71 ,23.65 ,23.7 ,23.79 ,23.87 ,23.89 ,23.8 ,23.73 ,23.87 ,23.88 ,23.82 ,23.71 ,23.67 ,23.7 ,23.83 ,23.78 ,23.66 ,23.72 ,23.78 ,23.78 ,23.76 ,23.83 ,23.79 ,23.64 ,23.71 ,23.83 ,23.86 ,23.75 ,23.8 ,23.75 ,23.69 ,23.76 ,23.75 ,23.64 ,23.56 ,23.66 ,23.65 ,23.67 ,23.76 ,23.7 ,23.59 ,23.75 ,23.8 ,23.75 ,23.72 ,23.64 ,23.65 ,23.77 ,23.8 ,23.7 ,23.75 ,23.62 ,23.5 ,23.43 ,23.39 ,23.36 ,23.37 ,23.46 ,23.49 ,23.43 ,23.47 ,23.48 ,23.32 ,23.34 ,23.41 ,23.42 ,23.35 ,23.36 ,23.38 ,23.38 ,23.29 ,23.41 ,23.49 ,23.39 ,23.43 ,23.39 ,23.3 ,23.42 ,23.38 ,23.47 ,23.43 ,23.47 ,23.55 ,23.36 ,23.33 ,23.34 ,23.34 ,23.42 ,23.37 ,23.35 ,23.38 ,23.27 ,23.26 ,23.1 ,22.97 ,22.93 ,22.94 ,22.9 ,22.8 ,22.94 ,22.91 ,22.93 ,22.93 ,22.85 ,22.93 ,22.96 ,22.95 ,22.87 ,22.9 ,22.79 ,22.88 ,22.91 ,22.89 ,22.86 ,22.97 ,23 ,22.97 ,22.94 ,22.87 ,22.94 ,22.91 ,22.98 ,23 ,23.05 ,23.05 ,23.11 ,23.1 ,23 ,23.05 ,22.99 ,22.98 ,22.86 ,22.81 ,22.72 ,22.71 ,22.87 ,22.85 ,22.78 ,22.88 ,22.96 ,22.9 ,22.8 ,22.94 ,23.04 ,23.03 ,22.99 ,22.95 ,22.96 ,23.03 ,23.08 ,23.03 ,23.05 ,23.12 ,
390,23.42 ,23.25 ,23.23 ,23.2 ,23.28 ,23.25 ,23.39 ,23.41 ,23.32 ,23.28 ,23.25 ,23.3 ,23.33 ,23.21 ,23.29 ,23.28 ,23.27 ,23.3 ,23.34 ,23.41 ,23.32 ,23.24 ,23.25 ,23.26 ,23.31 ,23.33 ,23.32 ,23.33 ,23.35 ,23.4 ,23.53 ,23.46 ,23.41 ,23.49 ,23.39 ,23.34 ,23.49 ,23.57 ,23.61 ,23.45 ,23.46 ,23.45 ,23.45 ,23.53 ,23.53 ,23.48 ,23.5 ,23.55 ,23.59 ,23.54 ,23.56 ,23.61 ,23.55 ,23.55 ,23.54 ,23.54 ,23.53 ,23.47 ,23.51 ,23.57 ,23.57 ,23.55 ,23.6 ,23.59 ,23.55 ,23.55 ,23.64 ,23.6 ,23.57 ,23.56 ,23.58 ,23.6 ,23.62 ,23.57 ,23.61 ,23.57 ,23.52 ,23.59 ,23.59 ,23.68 ,23.61 ,23.56 ,23.66 ,23.61 ,23.52 ,23.54 ,23.54 ,23.5 ,23.59 ,23.61 ,23.61 ,23.62 ,23.6 ,23.63 ,23.56 ,23.62 ,23.62 ,23.56 ,23.63 ,23.59 ,23.6 ,23.64 ,23.6 ,23.54 ,23.59 ,23.63 ,23.61 ,23.69 ,23.73 ,23.61 ,23.55 ,23.59 ,23.62 ,23.62 ,23.57 ,23.61 ,23.69 ,23.68 ,23.74 ,23.74 ,23.72 ,23.67 ,23.61 ,23.7 ,23.6 ,23.63 ,23.66 ,23.7 ,23.7 ,23.6 ,23.64 ,23.68 ,23.7 ,23.66 ,23.55 ,23.63 ,23.73 ,23.7 ,23.74 ,23.7 ,23.65 ,23.66 ,23.63 ,23.65 ,23.74 ,23.78 ,23.64 ,23.63 ,23.67 ,23.71 ,23.7 ,23.66 ,23.68 ,23.66 ,23.7 ,23.73 ,23.68 ,23.69 ,23.69 ,23.71 ,23.66 ,23.7 ,23.73 ,23.71 ,23.69 ,23.62 ,23.65 ,23.73 ,23.73 ,23.68 ,23.64 ,23.57 ,23.59 ,23.66 ,23.68 ,23.65 ,23.64 ,23.63 ,23.58 ,23.62 ,23.7 ,23.71 ,23.65 ,23.62 ,23.65 ,23.61 ,23.57 ,23.57 ,23.63 ,23.6 ,23.6 ,23.62 ,23.66 ,23.63 ,23.58 ,23.59 ,23.57 ,23.66 ,23.67 ,23.64 ,23.58 ,23.6 ,23.6 ,23.6 ,23.6 ,23.66 ,23.69 ,23.71 ,23.74 ,23.71 ,23.65 ,23.71 ,23.73 ,23.67 ,23.67 ,23.65 ,23.71 ,23.74 ,23.73 ,23.68 ,23.79 ,23.74 ,23.72 ,23.77 ,23.82 ,23.77 ,23.71 ,23.65 ,23.68 ,23.76 ,23.65 ,23.64 ,23.78 ,23.77 ,23.73 ,23.72 ,23.82 ,23.78 ,23.76 ,23.88 ,23.78 ,23.76 ,23.76 ,23.71 ,23.73 ,23.83 ,23.76 ,23.69 ,23.67 ,23.69 ,23.78 ,23.75 ,23.73 ,23.75 ,23.71 ,23.66 ,23.79 ,23.76 ,23.69 ,23.65 ,23.68 ,23.71 ,23.65 ,23.66 ,23.76 ,23.84 ,23.74 ,23.78 ,23.88 ,23.79 ,23.76 ,23.81 ,23.83 ,23.84 ,23.71 ,23.73 ,23.79 ,23.86 ,23.78 ,23.81 ,23.81 ,23.77 ,23.75 ,23.77 ,23.79 ,23.74 ,23.76 ,23.73 ,23.79 ,23.82 ,23.77 ,23.8 ,23.75 ,23.74 ,23.79 ,23.89 ,23.88 ,23.85 ,23.86 ,23.81 ,23.69 ,23.65 ,23.59 ,23.55 ,23.56 ,23.53 ,23.61 ,23.66 ,23.67 ,23.69 ,23.72 ,23.72 ,23.69 ,23.7 ,23.74 ,23.64 ,23.65 ,23.67 ,23.74 ,23.74 ,23.75 ,23.79 ,23.85 ,23.76 ,23.86 ,23.76 ,23.76 ,23.81 ,23.85 ,23.69 ,23.64 ,23.66 ,23.71 ,23.67 ,23.76 ,23.73 ,23.78 ,23.8 ,23.81 ,23.83 ,23.69 ,23.75 ,23.76 ,23.9 ,23.88 ,23.8 ,23.73 ,23.8 ,23.82 ,23.76 ,23.79 ,23.79 ,23.84 ,23.79 ,23.68 ,23.72 ,23.76 ,23.78 ,23.78 ,23.86 ,23.91 ,23.91 ,23.91 ,23.78 ,23.82 ,23.78 ,23.78 ,23.84 ,23.83 ,23.9 ,23.88 ,23.81 ,23.86 ,23.84 ,23.83 ,23.8 ,23.79 ,23.86 ,23.93 ,23.85 ,23.83 ,23.82 ,23.75 ,23.88 ,23.85 ,23.87 ,23.81 ,23.82 ,23.93 ,23.83 ,23.83 ,23.88 ,23.85 ,23.7 ,23.7 ,23.85 ,23.82 ,23.88 ,23.95 ,23.88 ,23.84 ,23.84 ,23.85 ,23.8 ,23.79 ,23.76 ,23.78 ,23.91 ,23.93 ,23.91 ,23.95 ,23.92 ,23.83 ,23.88 ,23.91 ,23.83 ,23.86 ,23.89 ,23.79 ,23.83 ,23.82 ,23.86 ,23.83 ,23.83 ,23.75 ,23.82 ,23.81 ,23.76 ,23.89 ,23.86 ,23.75 ,23.79 ,23.82 ,23.8 ,23.8 ,23.84 ,23.85 ,23.85 ,23.87 ,23.9 ,23.77 ,23.73 ,23.81 ,23.79 ,23.81 ,23.89 ,23.92 ,23.9 ,23.75 ,23.81 ,23.81 ,23.88 ,23.94 ,23.81 ,23.73 ,23.83 ,23.81 ,23.7 ,23.65 ,23.72 ,23.78 ,23.79 ,23.79 ,23.77 ,23.83 ,23.83 ,23.82 ,23.79 ,23.82 ,23.84 ,23.78 ,23.81 ,23.83 ,23.84 ,23.8 ,23.8 ,23.84 ,23.85 ,23.71 ,23.74 ,23.86 ,23.85 ,23.79 ,23.85 ,23.8 ,23.83 ,23.72 ,23.67 ,23.68 ,23.77 ,23.73 ,23.74 ,23.79 ,23.72 ,23.74 ,23.85 ,23.81 ,23.65 ,23.68 ,23.68 ,23.71 ,23.77 ,23.77 ,23.68 ,23.71 ,23.76 ,23.78 ,23.67 ,23.82 ,23.79 ,23.72 ,23.73 ,23.73 ,23.8 ,23.75 ,23.79 ,23.75 ,23.72 ,23.69 ,23.74 ,23.74 ,23.7 ,23.64 ,23.59 ,23.63 ,23.69 ,23.7 ,23.69 ,23.77 ,23.79 ,23.74 ,23.72 ,23.64 ,23.62 ,23.77 ,23.83 ,23.77 ,23.73 ,23.61 ,23.49 ,23.4 ,23.37 ,23.35 ,23.38 ,23.41 ,23.35 ,23.31 ,23.42 ,23.38 ,23.31 ,23.28 ,23.3 ,23.37 ,23.35 ,23.4 ,23.43 ,23.43 ,23.36 ,23.3 ,23.38 ,23.39 ,23.4 ,23.4 ,23.31 ,23.34 ,23.44 ,23.39 ,23.39 ,23.45 ,23.4 ,23.42 ,23.33 ,23.29 ,23.36 ,23.42 ,23.39 ,23.33 ,23.42 ,23.38 ,23.26 ,23.18 ,23.1 ,23.09 ,22.98 ,22.9 ,22.86 ,22.86 ,22.86 ,22.84 ,22.91 ,22.93 ,22.95 ,22.93 ,22.92 ,22.87 ,22.83 ,22.9 ,22.84 ,22.92 ,22.82 ,22.78 ,22.87 ,22.94 ,22.89 ,22.86 ,22.91 ,22.95 ,22.88 ,22.96 ,23.07 ,23.18 ,23.14 ,23.04 ,23.08 ,23.06 ,23.06 ,22.97 ,22.95 ,22.8 ,22.87 ,22.87 ,22.87 ,22.88 ,22.8 ,22.75 ,22.72 ,22.79 ,22.88 ,22.91 ,22.91 ,22.91 ,22.91 ,22.95 ,22.91 ,22.87 ,22.88 ,22.96 ,22.98 ,23.07 ,23.03 ,
391,23.33 ,23.32 ,23.26 ,23.25 ,23.21 ,23.3 ,23.37 ,23.34 ,23.33 ,23.36 ,23.24 ,23.26 ,23.38 ,23.2 ,23.27 ,23.3 ,23.15 ,23.33 ,23.37 ,23.36 ,23.31 ,23.26 ,23.29 ,23.26 ,23.26 ,23.29 ,23.28 ,23.27 ,23.37 ,23.41 ,23.43 ,23.4 ,23.38 ,23.46 ,23.43 ,23.32 ,23.44 ,23.57 ,23.58 ,23.46 ,23.45 ,23.43 ,23.44 ,23.55 ,23.58 ,23.61 ,23.55 ,23.51 ,23.5 ,23.53 ,23.45 ,23.61 ,23.66 ,23.57 ,23.48 ,23.55 ,23.56 ,23.54 ,23.48 ,23.49 ,23.57 ,23.54 ,23.67 ,23.59 ,23.67 ,23.53 ,23.64 ,23.63 ,23.48 ,23.48 ,23.48 ,23.49 ,23.6 ,23.57 ,23.59 ,23.56 ,23.54 ,23.54 ,23.59 ,23.63 ,23.61 ,23.59 ,23.64 ,23.63 ,23.62 ,23.56 ,23.69 ,23.69 ,23.55 ,23.56 ,23.55 ,23.62 ,23.62 ,23.67 ,23.66 ,23.58 ,23.57 ,23.59 ,23.7 ,23.61 ,23.55 ,23.51 ,23.47 ,23.54 ,23.54 ,23.59 ,23.63 ,23.57 ,23.68 ,23.64 ,23.53 ,23.57 ,23.59 ,23.66 ,23.62 ,23.63 ,23.71 ,23.71 ,23.71 ,23.73 ,23.71 ,23.63 ,23.61 ,23.75 ,23.67 ,23.55 ,23.57 ,23.67 ,23.68 ,23.61 ,23.59 ,23.67 ,23.71 ,23.71 ,23.58 ,23.62 ,23.68 ,23.7 ,23.76 ,23.66 ,23.6 ,23.63 ,23.65 ,23.64 ,23.73 ,23.71 ,23.63 ,23.64 ,23.67 ,23.74 ,23.74 ,23.7 ,23.69 ,23.62 ,23.62 ,23.68 ,23.6 ,23.7 ,23.68 ,23.71 ,23.74 ,23.69 ,23.66 ,23.6 ,23.68 ,23.68 ,23.63 ,23.67 ,23.71 ,23.72 ,23.61 ,23.47 ,23.53 ,23.68 ,23.7 ,23.6 ,23.58 ,23.63 ,23.65 ,23.54 ,23.57 ,23.64 ,23.7 ,23.67 ,23.7 ,23.7 ,23.62 ,23.57 ,23.59 ,23.62 ,23.68 ,23.62 ,23.61 ,23.65 ,23.63 ,23.59 ,23.6 ,23.63 ,23.63 ,23.61 ,23.64 ,23.55 ,23.53 ,23.57 ,23.59 ,23.68 ,23.68 ,23.65 ,23.59 ,23.67 ,23.67 ,23.66 ,23.75 ,23.73 ,23.71 ,23.76 ,23.8 ,23.72 ,23.71 ,23.69 ,23.64 ,23.68 ,23.69 ,23.68 ,23.67 ,23.74 ,23.77 ,23.76 ,23.67 ,23.74 ,23.72 ,23.66 ,23.67 ,23.75 ,23.74 ,23.79 ,23.84 ,23.75 ,23.72 ,23.72 ,23.67 ,23.72 ,23.71 ,23.77 ,23.75 ,23.84 ,23.83 ,23.7 ,23.68 ,23.65 ,23.65 ,23.68 ,23.77 ,23.75 ,23.75 ,23.78 ,23.78 ,23.77 ,23.7 ,23.69 ,23.64 ,23.69 ,23.7 ,23.65 ,23.79 ,23.81 ,23.76 ,23.83 ,23.88 ,23.78 ,23.76 ,23.77 ,23.76 ,23.8 ,23.71 ,23.72 ,23.72 ,23.72 ,23.68 ,23.7 ,23.75 ,23.75 ,23.69 ,23.74 ,23.71 ,23.66 ,23.67 ,23.72 ,23.73 ,23.81 ,23.8 ,23.78 ,23.84 ,23.78 ,23.72 ,23.82 ,23.82 ,23.93 ,23.85 ,23.74 ,23.68 ,23.62 ,23.58 ,23.57 ,23.6 ,23.63 ,23.64 ,23.61 ,23.7 ,23.71 ,23.72 ,23.72 ,23.75 ,23.81 ,23.8 ,23.74 ,23.69 ,23.81 ,23.78 ,23.7 ,23.73 ,23.8 ,23.85 ,23.78 ,23.81 ,23.87 ,23.83 ,23.88 ,23.87 ,23.79 ,23.71 ,23.71 ,23.73 ,23.76 ,23.83 ,23.81 ,23.77 ,23.81 ,23.77 ,23.82 ,23.78 ,23.73 ,23.71 ,23.83 ,23.85 ,23.72 ,23.71 ,23.75 ,23.84 ,23.82 ,23.75 ,23.76 ,23.84 ,23.8 ,23.77 ,23.8 ,23.77 ,23.75 ,23.74 ,23.79 ,23.85 ,23.89 ,23.88 ,23.79 ,23.84 ,23.85 ,23.83 ,23.79 ,23.77 ,23.9 ,23.85 ,23.81 ,23.87 ,23.84 ,23.73 ,23.7 ,23.73 ,23.94 ,23.93 ,23.84 ,23.84 ,23.88 ,23.85 ,23.92 ,23.85 ,23.79 ,23.88 ,23.79 ,23.81 ,23.79 ,23.73 ,23.73 ,23.72 ,23.7 ,23.73 ,23.83 ,23.85 ,23.82 ,23.82 ,23.79 ,23.85 ,23.84 ,23.79 ,23.8 ,23.86 ,23.8 ,23.79 ,23.87 ,23.88 ,23.88 ,23.89 ,23.82 ,23.78 ,23.87 ,23.82 ,23.85 ,23.83 ,23.79 ,23.84 ,23.83 ,23.79 ,23.82 ,23.88 ,23.81 ,23.77 ,23.69 ,23.7 ,23.77 ,23.83 ,23.86 ,23.81 ,23.79 ,23.8 ,23.74 ,23.79 ,23.87 ,23.86 ,23.82 ,23.81 ,23.83 ,23.75 ,23.76 ,23.78 ,23.73 ,23.79 ,23.9 ,23.94 ,23.86 ,23.69 ,23.78 ,23.83 ,23.89 ,23.94 ,23.85 ,23.72 ,23.84 ,23.83 ,23.74 ,23.66 ,23.7 ,23.8 ,23.82 ,23.78 ,23.74 ,23.78 ,23.7 ,23.75 ,23.79 ,23.81 ,23.78 ,23.75 ,23.86 ,23.77 ,23.84 ,23.78 ,23.73 ,23.78 ,23.8 ,23.7 ,23.72 ,23.79 ,23.8 ,23.73 ,23.71 ,23.75 ,23.76 ,23.74 ,23.68 ,23.74 ,23.83 ,23.78 ,23.78 ,23.79 ,23.77 ,23.66 ,23.77 ,23.81 ,23.77 ,23.73 ,23.81 ,23.74 ,23.72 ,23.76 ,23.78 ,23.84 ,23.79 ,23.79 ,23.77 ,23.69 ,23.71 ,23.67 ,23.73 ,23.82 ,23.78 ,23.79 ,23.89 ,23.83 ,23.64 ,23.67 ,23.77 ,23.78 ,23.79 ,23.76 ,23.77 ,23.75 ,23.67 ,23.71 ,23.81 ,23.83 ,23.71 ,23.68 ,23.56 ,23.54 ,23.57 ,23.63 ,23.76 ,23.75 ,23.76 ,23.69 ,23.48 ,23.51 ,23.43 ,23.33 ,23.42 ,23.49 ,23.34 ,23.29 ,23.37 ,23.25 ,23.26 ,23.29 ,23.34 ,23.4 ,23.39 ,23.47 ,23.44 ,23.4 ,23.37 ,23.38 ,23.4 ,23.44 ,23.44 ,23.45 ,23.34 ,23.35 ,23.43 ,23.45 ,23.41 ,23.44 ,23.38 ,23.34 ,23.28 ,23.29 ,23.24 ,23.31 ,23.43 ,23.34 ,23.43 ,23.4 ,23.31 ,23.19 ,23.17 ,23.14 ,23.12 ,23.09 ,23 ,22.95 ,22.86 ,22.91 ,22.99 ,23.04 ,22.99 ,22.88 ,22.87 ,22.88 ,22.86 ,22.87 ,22.88 ,22.9 ,22.79 ,22.77 ,22.81 ,22.84 ,22.89 ,22.82 ,22.96 ,22.98 ,22.89 ,22.96 ,23.02 ,23.08 ,23.1 ,23 ,22.93 ,23.02 ,23.07 ,22.92 ,22.97 ,22.82 ,22.67 ,22.77 ,22.85 ,22.97 ,22.77 ,22.67 ,22.6 ,22.67 ,22.88 ,22.83 ,22.8 ,22.84 ,22.9 ,22.88 ,22.78 ,22.77 ,22.75 ,22.8 ,22.9 ,23 ,22.98 ,
392,23.29 ,23.23 ,23.21 ,23.31 ,23.3 ,23.2 ,23.28 ,23.34 ,23.28 ,23.31 ,23.17 ,23.22 ,23.32 ,23.27 ,23.24 ,23.34 ,23.22 ,23.25 ,23.39 ,23.31 ,23.29 ,23.27 ,23.23 ,23.29 ,23.28 ,23.35 ,23.31 ,23.29 ,23.33 ,23.42 ,23.49 ,23.47 ,23.39 ,23.49 ,23.38 ,23.39 ,23.54 ,23.56 ,23.5 ,23.38 ,23.4 ,23.43 ,23.42 ,23.42 ,23.5 ,23.61 ,23.65 ,23.62 ,23.47 ,23.46 ,23.49 ,23.46 ,23.57 ,23.56 ,23.59 ,23.56 ,23.63 ,23.64 ,23.56 ,23.59 ,23.57 ,23.54 ,23.55 ,23.6 ,23.58 ,23.6 ,23.58 ,23.66 ,23.51 ,23.54 ,23.49 ,23.43 ,23.58 ,23.62 ,23.56 ,23.56 ,23.57 ,23.57 ,23.65 ,23.62 ,23.65 ,23.7 ,23.61 ,23.55 ,23.59 ,23.61 ,23.68 ,23.71 ,23.56 ,23.56 ,23.65 ,23.61 ,23.65 ,23.64 ,23.6 ,23.65 ,23.67 ,23.62 ,23.7 ,23.71 ,23.64 ,23.63 ,23.65 ,23.62 ,23.57 ,23.57 ,23.55 ,23.59 ,23.63 ,23.62 ,23.62 ,23.63 ,23.62 ,23.49 ,23.58 ,23.56 ,23.67 ,23.74 ,23.71 ,23.67 ,23.74 ,23.66 ,23.57 ,23.67 ,23.68 ,23.66 ,23.66 ,23.68 ,23.7 ,23.69 ,23.59 ,23.59 ,23.67 ,23.63 ,23.57 ,23.54 ,23.62 ,23.69 ,23.73 ,23.66 ,23.64 ,23.62 ,23.7 ,23.71 ,23.75 ,23.76 ,23.73 ,23.68 ,23.69 ,23.75 ,23.75 ,23.69 ,23.68 ,23.69 ,23.6 ,23.65 ,23.62 ,23.63 ,23.69 ,23.65 ,23.72 ,23.7 ,23.74 ,23.58 ,23.61 ,23.7 ,23.65 ,23.61 ,23.66 ,23.68 ,23.66 ,23.55 ,23.59 ,23.64 ,23.66 ,23.62 ,23.61 ,23.64 ,23.72 ,23.71 ,23.6 ,23.66 ,23.64 ,23.66 ,23.55 ,23.59 ,23.66 ,23.61 ,23.49 ,23.58 ,23.68 ,23.62 ,23.54 ,23.59 ,23.63 ,23.64 ,23.62 ,23.68 ,23.61 ,23.51 ,23.6 ,23.67 ,23.56 ,23.6 ,23.58 ,23.58 ,23.64 ,23.63 ,23.58 ,23.65 ,23.69 ,23.63 ,23.65 ,23.74 ,23.73 ,23.67 ,23.67 ,23.78 ,23.73 ,23.78 ,23.72 ,23.65 ,23.69 ,23.7 ,23.69 ,23.74 ,23.77 ,23.78 ,23.73 ,23.71 ,23.78 ,23.66 ,23.82 ,23.83 ,23.76 ,23.78 ,23.86 ,23.76 ,23.74 ,23.72 ,23.66 ,23.73 ,23.8 ,23.79 ,23.85 ,23.86 ,23.77 ,23.73 ,23.77 ,23.76 ,23.75 ,23.71 ,23.8 ,23.8 ,23.78 ,23.76 ,23.73 ,23.75 ,23.72 ,23.71 ,23.74 ,23.71 ,23.81 ,23.77 ,23.77 ,23.75 ,23.8 ,23.87 ,23.87 ,23.73 ,23.74 ,23.71 ,23.72 ,23.79 ,23.8 ,23.75 ,23.78 ,23.76 ,23.72 ,23.73 ,23.81 ,23.81 ,23.76 ,23.82 ,23.79 ,23.75 ,23.79 ,23.77 ,23.77 ,23.8 ,23.87 ,23.83 ,23.79 ,23.85 ,23.84 ,23.84 ,23.83 ,23.92 ,23.92 ,23.77 ,23.74 ,23.71 ,23.65 ,23.71 ,23.68 ,23.72 ,23.7 ,23.7 ,23.78 ,23.76 ,23.8 ,23.83 ,23.72 ,23.82 ,23.84 ,23.82 ,23.79 ,23.79 ,23.79 ,23.78 ,23.78 ,23.81 ,23.85 ,23.92 ,23.82 ,23.83 ,23.87 ,23.9 ,23.87 ,23.78 ,23.83 ,23.73 ,23.73 ,23.72 ,23.79 ,23.76 ,23.77 ,23.84 ,23.84 ,23.82 ,23.89 ,23.78 ,23.79 ,23.83 ,23.88 ,23.74 ,23.73 ,23.77 ,23.74 ,23.77 ,23.83 ,23.81 ,23.84 ,23.79 ,23.79 ,23.81 ,23.81 ,23.81 ,23.75 ,23.76 ,23.8 ,23.84 ,23.89 ,23.9 ,23.88 ,23.87 ,23.81 ,23.82 ,23.82 ,23.84 ,23.89 ,23.8 ,23.82 ,23.83 ,23.73 ,23.75 ,23.76 ,23.9 ,23.94 ,23.88 ,23.84 ,23.8 ,23.79 ,23.83 ,23.82 ,23.81 ,23.87 ,23.87 ,23.79 ,23.79 ,23.81 ,23.79 ,23.81 ,23.78 ,23.74 ,23.83 ,23.82 ,23.91 ,23.87 ,23.78 ,23.87 ,23.91 ,23.91 ,23.88 ,23.82 ,23.82 ,23.85 ,23.87 ,23.79 ,23.85 ,23.9 ,23.76 ,23.79 ,23.83 ,23.79 ,23.84 ,23.89 ,23.78 ,23.78 ,23.92 ,23.77 ,23.79 ,23.85 ,23.85 ,23.71 ,23.76 ,23.82 ,23.85 ,23.86 ,23.86 ,23.8 ,23.82 ,23.87 ,23.82 ,23.81 ,23.91 ,23.92 ,23.81 ,23.85 ,23.87 ,23.79 ,23.79 ,23.83 ,23.81 ,23.82 ,23.88 ,23.9 ,23.8 ,23.72 ,23.75 ,23.84 ,23.84 ,23.88 ,23.84 ,23.76 ,23.77 ,23.81 ,23.75 ,23.79 ,23.78 ,23.78 ,23.82 ,23.75 ,23.77 ,23.81 ,23.68 ,23.71 ,23.71 ,23.76 ,23.78 ,23.78 ,23.79 ,23.8 ,23.79 ,23.81 ,23.79 ,23.71 ,23.75 ,23.8 ,23.7 ,23.84 ,23.82 ,23.67 ,23.69 ,23.67 ,23.8 ,23.86 ,23.78 ,23.79 ,23.8 ,23.86 ,23.83 ,23.84 ,23.83 ,23.71 ,23.74 ,23.85 ,23.75 ,23.73 ,23.85 ,23.81 ,23.75 ,23.78 ,23.81 ,23.91 ,23.85 ,23.82 ,23.81 ,23.77 ,23.73 ,23.73 ,23.75 ,23.82 ,23.8 ,23.79 ,23.79 ,23.77 ,23.69 ,23.7 ,23.85 ,23.77 ,23.66 ,23.72 ,23.85 ,23.87 ,23.68 ,23.67 ,23.73 ,23.75 ,23.68 ,23.64 ,23.59 ,23.61 ,23.61 ,23.68 ,23.73 ,23.67 ,23.75 ,23.72 ,23.56 ,23.53 ,23.39 ,23.39 ,23.46 ,23.49 ,23.38 ,23.37 ,23.44 ,23.36 ,23.33 ,23.35 ,23.38 ,23.53 ,23.47 ,23.51 ,23.48 ,23.47 ,23.44 ,23.46 ,23.51 ,23.48 ,23.38 ,23.42 ,23.45 ,23.45 ,23.43 ,23.38 ,23.36 ,23.37 ,23.33 ,23.48 ,23.4 ,23.4 ,23.37 ,23.4 ,23.44 ,23.31 ,23.31 ,23.41 ,23.33 ,23.25 ,23.25 ,23.32 ,23.32 ,23.15 ,23.1 ,23.03 ,22.97 ,23 ,23 ,22.91 ,22.95 ,22.81 ,22.82 ,22.89 ,23 ,22.97 ,22.86 ,22.86 ,22.81 ,22.86 ,22.85 ,22.83 ,22.87 ,22.92 ,22.97 ,22.96 ,22.99 ,22.94 ,22.99 ,22.98 ,22.98 ,22.94 ,22.97 ,22.95 ,23 ,22.89 ,22.86 ,22.81 ,22.66 ,22.66 ,22.79 ,22.86 ,22.77 ,22.69 ,22.67 ,22.73 ,22.85 ,22.72 ,22.68 ,22.77 ,22.83 ,22.69 ,22.67 ,22.63 ,22.64 ,22.8 ,22.83 ,22.87 ,22.88 ,
393,23.31 ,23.25 ,23.17 ,23.24 ,23.19 ,23.26 ,23.31 ,23.36 ,23.28 ,23.29 ,23.26 ,23.18 ,23.34 ,23.29 ,23.28 ,23.31 ,23.34 ,23.38 ,23.43 ,23.35 ,23.23 ,23.23 ,23.22 ,23.24 ,23.35 ,23.42 ,23.35 ,23.3 ,23.42 ,23.4 ,23.49 ,23.56 ,23.52 ,23.63 ,23.51 ,23.43 ,23.53 ,23.59 ,23.5 ,23.55 ,23.55 ,23.44 ,23.46 ,23.42 ,23.52 ,23.65 ,23.6 ,23.57 ,23.61 ,23.45 ,23.47 ,23.47 ,23.5 ,23.59 ,23.61 ,23.56 ,23.52 ,23.56 ,23.59 ,23.58 ,23.57 ,23.52 ,23.5 ,23.51 ,23.61 ,23.54 ,23.6 ,23.6 ,23.48 ,23.48 ,23.49 ,23.54 ,23.6 ,23.57 ,23.55 ,23.58 ,23.67 ,23.58 ,23.6 ,23.6 ,23.61 ,23.56 ,23.57 ,23.48 ,23.59 ,23.64 ,23.67 ,23.69 ,23.55 ,23.46 ,23.63 ,23.63 ,23.66 ,23.66 ,23.5 ,23.57 ,23.6 ,23.59 ,23.66 ,23.67 ,23.61 ,23.53 ,23.62 ,23.57 ,23.59 ,23.61 ,23.58 ,23.55 ,23.6 ,23.55 ,23.6 ,23.62 ,23.54 ,23.57 ,23.58 ,23.57 ,23.62 ,23.68 ,23.73 ,23.72 ,23.6 ,23.61 ,23.61 ,23.67 ,23.66 ,23.69 ,23.8 ,23.74 ,23.72 ,23.69 ,23.66 ,23.62 ,23.64 ,23.7 ,23.57 ,23.58 ,23.65 ,23.62 ,23.65 ,23.65 ,23.65 ,23.55 ,23.66 ,23.77 ,23.74 ,23.77 ,23.71 ,23.71 ,23.7 ,23.71 ,23.69 ,23.65 ,23.69 ,23.79 ,23.66 ,23.65 ,23.65 ,23.63 ,23.74 ,23.69 ,23.61 ,23.63 ,23.65 ,23.62 ,23.56 ,23.6 ,23.61 ,23.55 ,23.53 ,23.7 ,23.7 ,23.63 ,23.57 ,23.66 ,23.7 ,23.65 ,23.65 ,23.71 ,23.59 ,23.64 ,23.69 ,23.73 ,23.72 ,23.64 ,23.63 ,23.58 ,23.68 ,23.64 ,23.55 ,23.57 ,23.68 ,23.64 ,23.7 ,23.64 ,23.65 ,23.61 ,23.56 ,23.66 ,23.67 ,23.52 ,23.64 ,23.77 ,23.72 ,23.6 ,23.56 ,23.64 ,23.65 ,23.63 ,23.62 ,23.66 ,23.66 ,23.64 ,23.61 ,23.75 ,23.68 ,23.67 ,23.66 ,23.78 ,23.8 ,23.71 ,23.72 ,23.71 ,23.69 ,23.74 ,23.73 ,23.77 ,23.74 ,23.72 ,23.7 ,23.69 ,23.68 ,23.68 ,23.84 ,23.84 ,23.77 ,23.76 ,23.78 ,23.71 ,23.65 ,23.76 ,23.74 ,23.77 ,23.84 ,23.75 ,23.8 ,23.81 ,23.73 ,23.72 ,23.78 ,23.75 ,23.8 ,23.73 ,23.79 ,23.79 ,23.75 ,23.74 ,23.79 ,23.79 ,23.83 ,23.74 ,23.78 ,23.74 ,23.76 ,23.82 ,23.76 ,23.74 ,23.8 ,23.85 ,23.83 ,23.72 ,23.7 ,23.74 ,23.75 ,23.85 ,23.75 ,23.68 ,23.68 ,23.78 ,23.84 ,23.78 ,23.77 ,23.84 ,23.78 ,23.9 ,23.84 ,23.77 ,23.84 ,23.74 ,23.7 ,23.81 ,23.85 ,23.76 ,23.76 ,23.82 ,23.87 ,23.91 ,23.83 ,23.92 ,23.9 ,23.78 ,23.79 ,23.78 ,23.77 ,23.76 ,23.76 ,23.73 ,23.74 ,23.8 ,23.84 ,23.7 ,23.76 ,23.81 ,23.76 ,23.78 ,23.79 ,23.81 ,23.76 ,23.75 ,23.71 ,23.87 ,23.84 ,23.81 ,23.81 ,23.94 ,23.9 ,23.75 ,23.82 ,23.84 ,23.76 ,23.75 ,23.83 ,23.82 ,23.79 ,23.77 ,23.8 ,23.8 ,23.8 ,23.84 ,23.82 ,23.7 ,23.86 ,23.89 ,23.83 ,23.84 ,23.81 ,23.82 ,23.86 ,23.8 ,23.82 ,23.81 ,23.87 ,23.88 ,23.9 ,23.86 ,23.8 ,23.77 ,23.86 ,23.83 ,23.78 ,23.75 ,23.78 ,23.82 ,23.84 ,23.9 ,23.87 ,23.84 ,23.85 ,23.83 ,23.81 ,23.85 ,23.82 ,23.86 ,23.91 ,23.88 ,23.78 ,23.8 ,23.8 ,23.88 ,23.97 ,23.88 ,23.84 ,23.79 ,23.77 ,23.82 ,23.79 ,23.86 ,23.84 ,23.91 ,23.77 ,23.81 ,23.86 ,23.91 ,23.93 ,23.84 ,23.83 ,23.76 ,23.77 ,23.8 ,23.87 ,23.85 ,23.83 ,23.86 ,23.83 ,23.87 ,23.82 ,23.86 ,23.82 ,23.8 ,23.77 ,23.86 ,23.97 ,23.86 ,23.79 ,23.83 ,23.71 ,23.89 ,23.86 ,23.79 ,23.75 ,23.83 ,23.82 ,23.8 ,23.81 ,23.84 ,23.81 ,23.79 ,23.88 ,23.81 ,23.89 ,23.9 ,23.78 ,23.74 ,23.86 ,23.79 ,23.79 ,23.91 ,23.86 ,23.86 ,23.92 ,23.92 ,23.8 ,23.71 ,23.78 ,23.79 ,23.86 ,23.89 ,23.86 ,23.81 ,23.78 ,23.78 ,23.77 ,23.75 ,23.82 ,23.82 ,23.76 ,23.71 ,23.82 ,23.78 ,23.84 ,23.82 ,23.8 ,23.78 ,23.71 ,23.79 ,23.87 ,23.82 ,23.76 ,23.73 ,23.78 ,23.8 ,23.79 ,23.81 ,23.81 ,23.8 ,23.84 ,23.87 ,23.72 ,23.71 ,23.8 ,23.78 ,23.78 ,23.9 ,23.71 ,23.78 ,23.71 ,23.76 ,23.93 ,23.92 ,23.84 ,23.83 ,23.8 ,23.84 ,23.81 ,23.89 ,23.77 ,23.73 ,23.93 ,23.88 ,23.75 ,23.85 ,23.84 ,23.82 ,23.8 ,23.75 ,23.83 ,23.81 ,23.76 ,23.81 ,23.75 ,23.82 ,23.77 ,23.74 ,23.71 ,23.77 ,23.75 ,23.73 ,23.69 ,23.68 ,23.73 ,23.84 ,23.86 ,23.7 ,23.72 ,23.82 ,23.8 ,23.67 ,23.66 ,23.64 ,23.7 ,23.8 ,23.69 ,23.72 ,23.73 ,23.66 ,23.72 ,23.7 ,23.72 ,23.69 ,23.69 ,23.59 ,23.51 ,23.41 ,23.28 ,23.37 ,23.41 ,23.38 ,23.38 ,23.44 ,23.33 ,23.33 ,23.33 ,23.42 ,23.48 ,23.44 ,23.42 ,23.44 ,23.43 ,23.5 ,23.46 ,23.41 ,23.39 ,23.48 ,23.42 ,23.42 ,23.47 ,23.39 ,23.42 ,23.5 ,23.42 ,23.37 ,23.4 ,23.47 ,23.39 ,23.4 ,23.47 ,23.45 ,23.35 ,23.32 ,23.41 ,23.41 ,23.32 ,23.31 ,23.32 ,23.43 ,23.3 ,23.16 ,23.15 ,23 ,22.93 ,22.95 ,22.9 ,22.94 ,22.92 ,22.86 ,22.82 ,22.83 ,22.91 ,22.86 ,22.75 ,22.78 ,22.87 ,22.91 ,22.9 ,22.87 ,22.92 ,23.02 ,22.96 ,22.99 ,23 ,23.07 ,23.11 ,23 ,22.92 ,22.97 ,22.98 ,23.02 ,22.95 ,22.88 ,22.77 ,22.76 ,22.73 ,22.76 ,22.79 ,22.67 ,22.64 ,22.74 ,22.79 ,22.77 ,22.62 ,22.71 ,22.69 ,22.78 ,22.79 ,22.66 ,22.68 ,22.65 ,22.66 ,22.84 ,22.8 ,22.77 ,
394,23.38 ,23.19 ,23.29 ,23.29 ,23.23 ,23.32 ,23.38 ,23.41 ,23.35 ,23.28 ,23.21 ,23.22 ,23.29 ,23.34 ,23.32 ,23.29 ,23.27 ,23.33 ,23.34 ,23.34 ,23.26 ,23.16 ,23.29 ,23.26 ,23.35 ,23.45 ,23.39 ,23.32 ,23.41 ,23.45 ,23.5 ,23.51 ,23.49 ,23.45 ,23.5 ,23.45 ,23.51 ,23.61 ,23.49 ,23.51 ,23.6 ,23.5 ,23.5 ,23.45 ,23.45 ,23.57 ,23.62 ,23.59 ,23.54 ,23.53 ,23.52 ,23.56 ,23.52 ,23.55 ,23.53 ,23.45 ,23.49 ,23.57 ,23.58 ,23.52 ,23.5 ,23.53 ,23.53 ,23.56 ,23.62 ,23.61 ,23.59 ,23.53 ,23.45 ,23.44 ,23.5 ,23.54 ,23.57 ,23.61 ,23.56 ,23.59 ,23.7 ,23.66 ,23.55 ,23.55 ,23.61 ,23.61 ,23.55 ,23.55 ,23.6 ,23.59 ,23.57 ,23.61 ,23.59 ,23.52 ,23.57 ,23.7 ,23.65 ,23.61 ,23.42 ,23.52 ,23.57 ,23.53 ,23.57 ,23.56 ,23.56 ,23.52 ,23.52 ,23.56 ,23.58 ,23.65 ,23.7 ,23.59 ,23.6 ,23.64 ,23.55 ,23.58 ,23.58 ,23.63 ,23.68 ,23.61 ,23.54 ,23.5 ,23.59 ,23.73 ,23.69 ,23.68 ,23.61 ,23.66 ,23.61 ,23.56 ,23.67 ,23.71 ,23.58 ,23.65 ,23.69 ,23.63 ,23.62 ,23.74 ,23.63 ,23.58 ,23.65 ,23.69 ,23.71 ,23.7 ,23.61 ,23.62 ,23.57 ,23.61 ,23.69 ,23.68 ,23.64 ,23.66 ,23.77 ,23.71 ,23.72 ,23.65 ,23.72 ,23.73 ,23.66 ,23.66 ,23.67 ,23.58 ,23.67 ,23.67 ,23.61 ,23.58 ,23.63 ,23.62 ,23.62 ,23.61 ,23.63 ,23.63 ,23.56 ,23.65 ,23.69 ,23.64 ,23.67 ,23.63 ,23.68 ,23.6 ,23.64 ,23.73 ,23.72 ,23.61 ,23.68 ,23.64 ,23.66 ,23.62 ,23.61 ,23.58 ,23.56 ,23.6 ,23.5 ,23.57 ,23.64 ,23.61 ,23.7 ,23.66 ,23.65 ,23.61 ,23.58 ,23.67 ,23.66 ,23.54 ,23.59 ,23.74 ,23.78 ,23.64 ,23.57 ,23.7 ,23.66 ,23.58 ,23.6 ,23.67 ,23.66 ,23.65 ,23.7 ,23.69 ,23.64 ,23.63 ,23.71 ,23.76 ,23.73 ,23.62 ,23.67 ,23.7 ,23.73 ,23.69 ,23.76 ,23.74 ,23.75 ,23.67 ,23.7 ,23.64 ,23.63 ,23.72 ,23.79 ,23.77 ,23.76 ,23.79 ,23.79 ,23.76 ,23.7 ,23.72 ,23.72 ,23.84 ,23.8 ,23.75 ,23.74 ,23.78 ,23.73 ,23.71 ,23.72 ,23.71 ,23.77 ,23.68 ,23.68 ,23.76 ,23.76 ,23.76 ,23.79 ,23.78 ,23.81 ,23.73 ,23.75 ,23.77 ,23.81 ,23.82 ,23.85 ,23.75 ,23.79 ,23.82 ,23.78 ,23.78 ,23.79 ,23.75 ,23.8 ,23.79 ,23.72 ,23.71 ,23.69 ,23.81 ,23.83 ,23.8 ,23.85 ,23.75 ,23.74 ,23.75 ,23.73 ,23.75 ,23.93 ,23.8 ,23.72 ,23.84 ,23.87 ,23.8 ,23.75 ,23.88 ,23.88 ,23.88 ,23.82 ,23.85 ,23.83 ,23.81 ,23.86 ,23.72 ,23.71 ,23.71 ,23.73 ,23.79 ,23.77 ,23.72 ,23.78 ,23.73 ,23.77 ,23.77 ,23.79 ,23.77 ,23.8 ,23.88 ,23.8 ,23.73 ,23.69 ,23.82 ,23.87 ,23.91 ,23.82 ,23.79 ,23.83 ,23.76 ,23.76 ,23.81 ,23.72 ,23.67 ,23.81 ,23.8 ,23.8 ,23.83 ,23.95 ,23.82 ,23.81 ,23.79 ,23.74 ,23.74 ,23.88 ,23.93 ,23.85 ,23.87 ,23.82 ,23.8 ,23.86 ,23.86 ,23.77 ,23.78 ,23.79 ,23.82 ,23.85 ,23.88 ,23.82 ,23.77 ,23.81 ,23.81 ,23.84 ,23.76 ,23.77 ,23.78 ,23.81 ,23.85 ,23.83 ,23.82 ,23.87 ,23.87 ,23.85 ,23.81 ,23.81 ,23.89 ,23.98 ,23.9 ,23.76 ,23.84 ,23.8 ,23.81 ,23.87 ,23.89 ,23.81 ,23.86 ,23.84 ,23.84 ,23.8 ,23.83 ,23.81 ,23.86 ,23.81 ,23.72 ,23.78 ,23.79 ,23.8 ,23.81 ,23.87 ,23.81 ,23.81 ,23.79 ,23.81 ,23.87 ,23.85 ,23.86 ,23.88 ,23.82 ,23.73 ,23.83 ,23.82 ,23.76 ,23.75 ,23.86 ,24 ,23.86 ,23.79 ,23.81 ,23.76 ,23.78 ,23.85 ,23.81 ,23.77 ,23.8 ,23.78 ,23.85 ,23.87 ,23.84 ,23.8 ,23.83 ,23.76 ,23.69 ,23.81 ,23.88 ,23.81 ,23.76 ,23.8 ,23.82 ,23.84 ,23.85 ,23.81 ,23.73 ,23.83 ,23.85 ,23.87 ,23.8 ,23.79 ,23.75 ,23.78 ,23.9 ,23.82 ,23.79 ,23.78 ,23.77 ,23.82 ,23.8 ,23.84 ,23.82 ,23.82 ,23.77 ,23.8 ,23.74 ,23.76 ,23.88 ,23.84 ,23.78 ,23.78 ,23.8 ,23.77 ,23.81 ,23.81 ,23.79 ,23.76 ,23.75 ,23.77 ,23.79 ,23.78 ,23.9 ,23.83 ,23.85 ,23.71 ,23.76 ,23.8 ,23.75 ,23.67 ,23.78 ,23.79 ,23.79 ,23.74 ,23.73 ,23.87 ,23.84 ,23.76 ,23.89 ,23.91 ,23.84 ,23.75 ,23.81 ,23.74 ,23.73 ,23.84 ,23.8 ,23.67 ,23.78 ,23.77 ,23.71 ,23.76 ,23.69 ,23.88 ,23.84 ,23.8 ,23.92 ,23.84 ,23.77 ,23.72 ,23.69 ,23.71 ,23.8 ,23.8 ,23.83 ,23.77 ,23.69 ,23.7 ,23.69 ,23.75 ,23.76 ,23.7 ,23.83 ,23.73 ,23.63 ,23.65 ,23.64 ,23.7 ,23.78 ,23.72 ,23.78 ,23.68 ,23.67 ,23.69 ,23.64 ,23.68 ,23.66 ,23.62 ,23.58 ,23.46 ,23.42 ,23.33 ,23.3 ,23.36 ,23.44 ,23.38 ,23.44 ,23.33 ,23.35 ,23.36 ,23.4 ,23.43 ,23.35 ,23.31 ,23.38 ,23.39 ,23.42 ,23.38 ,23.38 ,23.32 ,23.43 ,23.48 ,23.39 ,23.44 ,23.42 ,23.38 ,23.5 ,23.46 ,23.38 ,23.41 ,23.46 ,23.38 ,23.3 ,23.39 ,23.4 ,23.35 ,23.41 ,23.42 ,23.32 ,23.25 ,23.32 ,23.38 ,23.34 ,23.36 ,23.3 ,23.24 ,23.17 ,22.99 ,22.93 ,22.9 ,22.92 ,22.95 ,22.96 ,22.81 ,22.78 ,22.82 ,22.88 ,22.92 ,22.89 ,22.9 ,23.01 ,22.98 ,22.9 ,22.86 ,22.98 ,23.07 ,22.97 ,22.99 ,23.05 ,23.15 ,23.16 ,22.97 ,22.91 ,22.94 ,22.94 ,22.82 ,22.89 ,22.83 ,22.75 ,22.83 ,22.81 ,22.81 ,22.78 ,22.73 ,22.76 ,22.73 ,22.82 ,22.7 ,22.74 ,22.73 ,22.82 ,22.85 ,22.81 ,22.68 ,22.62 ,22.7 ,22.72 ,22.66 ,22.66 ,
395,23.3 ,23.24 ,23.28 ,23.36 ,23.35 ,23.33 ,23.26 ,23.34 ,23.42 ,23.39 ,23.22 ,23.27 ,23.3 ,23.31 ,23.26 ,23.26 ,23.24 ,23.26 ,23.31 ,23.32 ,23.29 ,23.25 ,23.37 ,23.29 ,23.31 ,23.36 ,23.34 ,23.31 ,23.29 ,23.38 ,23.41 ,23.5 ,23.44 ,23.41 ,23.47 ,23.43 ,23.47 ,23.61 ,23.62 ,23.51 ,23.56 ,23.54 ,23.44 ,23.4 ,23.4 ,23.48 ,23.52 ,23.52 ,23.63 ,23.5 ,23.48 ,23.57 ,23.58 ,23.55 ,23.52 ,23.54 ,23.57 ,23.59 ,23.58 ,23.6 ,23.56 ,23.54 ,23.61 ,23.59 ,23.56 ,23.52 ,23.54 ,23.57 ,23.48 ,23.43 ,23.45 ,23.57 ,23.59 ,23.5 ,23.52 ,23.58 ,23.52 ,23.63 ,23.55 ,23.56 ,23.7 ,23.68 ,23.6 ,23.55 ,23.59 ,23.5 ,23.61 ,23.65 ,23.67 ,23.55 ,23.57 ,23.66 ,23.63 ,23.49 ,23.51 ,23.54 ,23.51 ,23.56 ,23.56 ,23.52 ,23.61 ,23.65 ,23.68 ,23.56 ,23.64 ,23.61 ,23.61 ,23.62 ,23.59 ,23.6 ,23.64 ,23.6 ,23.59 ,23.64 ,23.59 ,23.62 ,23.57 ,23.54 ,23.55 ,23.57 ,23.63 ,23.67 ,23.62 ,23.62 ,23.56 ,23.5 ,23.55 ,23.66 ,23.63 ,23.64 ,23.67 ,23.67 ,23.61 ,23.63 ,23.56 ,23.57 ,23.67 ,23.66 ,23.72 ,23.7 ,23.6 ,23.66 ,23.62 ,23.56 ,23.69 ,23.72 ,23.66 ,23.62 ,23.72 ,23.72 ,23.68 ,23.67 ,23.68 ,23.67 ,23.55 ,23.62 ,23.64 ,23.57 ,23.64 ,23.65 ,23.6 ,23.58 ,23.58 ,23.64 ,23.63 ,23.63 ,23.61 ,23.67 ,23.66 ,23.64 ,23.64 ,23.6 ,23.57 ,23.63 ,23.66 ,23.57 ,23.66 ,23.63 ,23.65 ,23.65 ,23.66 ,23.67 ,23.63 ,23.59 ,23.6 ,23.63 ,23.65 ,23.64 ,23.52 ,23.51 ,23.61 ,23.65 ,23.68 ,23.7 ,23.65 ,23.68 ,23.75 ,23.75 ,23.73 ,23.64 ,23.65 ,23.68 ,23.64 ,23.62 ,23.55 ,23.6 ,23.7 ,23.62 ,23.59 ,23.64 ,23.7 ,23.63 ,23.68 ,23.66 ,23.59 ,23.6 ,23.72 ,23.75 ,23.62 ,23.63 ,23.73 ,23.76 ,23.72 ,23.72 ,23.74 ,23.76 ,23.68 ,23.72 ,23.71 ,23.67 ,23.63 ,23.72 ,23.72 ,23.71 ,23.72 ,23.77 ,23.76 ,23.67 ,23.64 ,23.73 ,23.73 ,23.8 ,23.84 ,23.69 ,23.75 ,23.83 ,23.82 ,23.75 ,23.77 ,23.74 ,23.69 ,23.72 ,23.68 ,23.78 ,23.76 ,23.71 ,23.73 ,23.74 ,23.78 ,23.74 ,23.74 ,23.71 ,23.78 ,23.81 ,23.82 ,23.79 ,23.78 ,23.81 ,23.8 ,23.79 ,23.74 ,23.82 ,23.84 ,23.8 ,23.79 ,23.86 ,23.75 ,23.84 ,23.77 ,23.82 ,23.86 ,23.84 ,23.86 ,23.79 ,23.69 ,23.75 ,23.87 ,23.88 ,23.8 ,23.84 ,23.83 ,23.86 ,23.78 ,23.8 ,23.84 ,23.83 ,23.78 ,23.82 ,23.83 ,23.78 ,23.81 ,23.77 ,23.76 ,23.74 ,23.68 ,23.78 ,23.8 ,23.7 ,23.75 ,23.77 ,23.8 ,23.87 ,23.85 ,23.78 ,23.77 ,23.79 ,23.8 ,23.76 ,23.72 ,23.79 ,23.83 ,23.89 ,23.86 ,23.77 ,23.85 ,23.82 ,23.82 ,23.81 ,23.83 ,23.74 ,23.74 ,23.77 ,23.76 ,23.84 ,23.87 ,23.77 ,23.76 ,23.76 ,23.8 ,23.77 ,23.81 ,23.84 ,23.8 ,23.86 ,23.86 ,23.84 ,23.81 ,23.86 ,23.81 ,23.78 ,23.82 ,23.8 ,23.75 ,23.84 ,23.8 ,23.76 ,23.8 ,23.87 ,23.85 ,23.8 ,23.77 ,23.85 ,23.81 ,23.83 ,23.88 ,23.79 ,23.79 ,23.85 ,23.8 ,23.89 ,23.81 ,23.85 ,23.95 ,23.88 ,23.76 ,23.82 ,23.84 ,23.77 ,23.84 ,23.91 ,23.85 ,23.73 ,23.78 ,23.85 ,23.79 ,23.88 ,23.77 ,23.78 ,23.84 ,23.81 ,23.75 ,23.7 ,23.75 ,23.76 ,23.76 ,23.84 ,23.82 ,23.79 ,23.86 ,23.82 ,23.84 ,23.89 ,23.84 ,23.86 ,23.81 ,23.76 ,23.79 ,23.79 ,23.74 ,23.84 ,23.92 ,23.88 ,23.82 ,23.83 ,23.8 ,23.84 ,23.89 ,23.92 ,23.78 ,23.87 ,23.79 ,23.83 ,23.85 ,23.83 ,23.78 ,23.85 ,23.85 ,23.74 ,23.74 ,23.83 ,23.88 ,23.81 ,23.83 ,23.75 ,23.78 ,23.87 ,23.86 ,23.8 ,23.84 ,23.89 ,23.87 ,23.92 ,23.82 ,23.75 ,23.76 ,23.87 ,23.83 ,23.78 ,23.79 ,23.84 ,23.79 ,23.93 ,23.91 ,23.82 ,23.8 ,23.82 ,23.71 ,23.71 ,23.69 ,23.77 ,23.87 ,23.83 ,23.82 ,23.83 ,23.82 ,23.84 ,23.86 ,23.76 ,23.74 ,23.74 ,23.73 ,23.77 ,23.8 ,23.8 ,23.85 ,23.87 ,23.78 ,23.83 ,23.82 ,23.81 ,23.82 ,23.79 ,23.83 ,23.81 ,23.77 ,23.83 ,23.82 ,23.76 ,23.82 ,23.85 ,23.87 ,23.76 ,23.69 ,23.78 ,23.79 ,23.73 ,23.75 ,23.68 ,23.6 ,23.77 ,23.82 ,23.77 ,23.74 ,23.69 ,23.82 ,23.88 ,23.81 ,23.85 ,23.86 ,23.76 ,23.67 ,23.77 ,23.79 ,23.74 ,23.8 ,23.86 ,23.86 ,23.78 ,23.72 ,23.61 ,23.66 ,23.72 ,23.73 ,23.78 ,23.74 ,23.72 ,23.67 ,23.7 ,23.74 ,23.7 ,23.67 ,23.71 ,23.65 ,23.58 ,23.7 ,23.71 ,23.69 ,23.63 ,23.52 ,23.49 ,23.45 ,23.47 ,23.48 ,23.34 ,23.43 ,23.55 ,23.41 ,23.31 ,23.39 ,23.4 ,23.38 ,23.42 ,23.46 ,23.41 ,23.38 ,23.41 ,23.42 ,23.33 ,23.36 ,23.39 ,23.32 ,23.43 ,23.52 ,23.48 ,23.39 ,23.35 ,23.33 ,23.36 ,23.43 ,23.39 ,23.38 ,23.44 ,23.4 ,23.37 ,23.37 ,23.4 ,23.46 ,23.35 ,23.41 ,23.47 ,23.28 ,23.24 ,23.34 ,23.35 ,23.43 ,23.46 ,23.3 ,23.23 ,23.15 ,23.07 ,22.95 ,22.98 ,22.94 ,23 ,23.02 ,22.94 ,22.99 ,22.93 ,23.03 ,23 ,22.97 ,23.1 ,23.07 ,23.01 ,22.89 ,22.91 ,23.12 ,23.07 ,22.91 ,22.97 ,22.96 ,23 ,22.96 ,22.95 ,22.88 ,22.84 ,22.73 ,22.78 ,22.92 ,22.78 ,22.69 ,22.87 ,22.86 ,22.9 ,22.78 ,22.78 ,22.66 ,22.88 ,22.76 ,22.74 ,22.77 ,22.75 ,22.77 ,22.8 ,22.69 ,22.58 ,22.67 ,22.69 ,22.66 ,22.62 ,
396,23.31 ,23.21 ,23.23 ,23.35 ,23.32 ,23.37 ,23.32 ,23.33 ,23.35 ,23.33 ,23.28 ,23.24 ,23.27 ,23.28 ,23.27 ,23.26 ,23.21 ,23.27 ,23.26 ,23.29 ,23.32 ,23.37 ,23.37 ,23.3 ,23.26 ,23.34 ,23.37 ,23.38 ,23.32 ,23.34 ,23.32 ,23.43 ,23.42 ,23.44 ,23.45 ,23.51 ,23.5 ,23.55 ,23.55 ,23.57 ,23.62 ,23.56 ,23.54 ,23.52 ,23.45 ,23.45 ,23.47 ,23.56 ,23.58 ,23.57 ,23.52 ,23.53 ,23.59 ,23.56 ,23.55 ,23.57 ,23.57 ,23.61 ,23.65 ,23.68 ,23.61 ,23.57 ,23.61 ,23.58 ,23.56 ,23.53 ,23.67 ,23.67 ,23.57 ,23.53 ,23.49 ,23.53 ,23.65 ,23.56 ,23.56 ,23.55 ,23.55 ,23.58 ,23.56 ,23.58 ,23.6 ,23.55 ,23.59 ,23.57 ,23.56 ,23.52 ,23.56 ,23.67 ,23.68 ,23.6 ,23.55 ,23.57 ,23.53 ,23.55 ,23.58 ,23.59 ,23.53 ,23.53 ,23.62 ,23.59 ,23.63 ,23.69 ,23.65 ,23.55 ,23.58 ,23.61 ,23.61 ,23.66 ,23.63 ,23.51 ,23.52 ,23.6 ,23.63 ,23.58 ,23.57 ,23.6 ,23.61 ,23.61 ,23.66 ,23.64 ,23.65 ,23.62 ,23.65 ,23.69 ,23.66 ,23.57 ,23.57 ,23.64 ,23.62 ,23.67 ,23.68 ,23.62 ,23.64 ,23.55 ,23.61 ,23.59 ,23.63 ,23.65 ,23.71 ,23.68 ,23.59 ,23.61 ,23.62 ,23.66 ,23.67 ,23.66 ,23.67 ,23.69 ,23.71 ,23.66 ,23.69 ,23.68 ,23.66 ,23.71 ,23.69 ,23.67 ,23.69 ,23.62 ,23.69 ,23.71 ,23.57 ,23.59 ,23.65 ,23.6 ,23.58 ,23.57 ,23.65 ,23.72 ,23.67 ,23.58 ,23.61 ,23.64 ,23.59 ,23.61 ,23.68 ,23.62 ,23.65 ,23.72 ,23.7 ,23.69 ,23.72 ,23.67 ,23.63 ,23.51 ,23.57 ,23.59 ,23.6 ,23.65 ,23.66 ,23.5 ,23.65 ,23.67 ,23.65 ,23.62 ,23.64 ,23.62 ,23.72 ,23.73 ,23.71 ,23.68 ,23.7 ,23.71 ,23.65 ,23.61 ,23.61 ,23.64 ,23.66 ,23.71 ,23.65 ,23.63 ,23.65 ,23.65 ,23.59 ,23.66 ,23.67 ,23.63 ,23.68 ,23.73 ,23.65 ,23.66 ,23.71 ,23.76 ,23.72 ,23.75 ,23.79 ,23.81 ,23.78 ,23.75 ,23.74 ,23.73 ,23.69 ,23.72 ,23.83 ,23.76 ,23.71 ,23.79 ,23.84 ,23.74 ,23.7 ,23.71 ,23.76 ,23.85 ,23.88 ,23.74 ,23.77 ,23.89 ,23.9 ,23.77 ,23.76 ,23.78 ,23.76 ,23.72 ,23.75 ,23.8 ,23.79 ,23.71 ,23.72 ,23.74 ,23.71 ,23.69 ,23.69 ,23.72 ,23.75 ,23.77 ,23.85 ,23.84 ,23.71 ,23.75 ,23.79 ,23.79 ,23.74 ,23.74 ,23.84 ,23.85 ,23.87 ,23.82 ,23.81 ,23.83 ,23.82 ,23.87 ,23.82 ,23.83 ,23.88 ,23.86 ,23.85 ,23.74 ,23.85 ,23.82 ,23.78 ,23.86 ,23.79 ,23.77 ,23.75 ,23.81 ,23.79 ,23.74 ,23.8 ,23.84 ,23.88 ,23.77 ,23.78 ,23.85 ,23.74 ,23.71 ,23.77 ,23.81 ,23.77 ,23.77 ,23.79 ,23.71 ,23.86 ,23.87 ,23.77 ,23.79 ,23.81 ,23.79 ,23.78 ,23.79 ,23.83 ,23.84 ,23.82 ,23.87 ,23.85 ,23.8 ,23.82 ,23.77 ,23.83 ,23.85 ,23.87 ,23.79 ,23.72 ,23.68 ,23.71 ,23.77 ,23.85 ,23.85 ,23.82 ,23.83 ,23.84 ,23.78 ,23.78 ,23.79 ,23.82 ,23.83 ,23.86 ,23.76 ,23.74 ,23.84 ,23.84 ,23.83 ,23.8 ,23.81 ,23.79 ,23.83 ,23.83 ,23.86 ,23.86 ,23.84 ,23.81 ,23.82 ,23.79 ,23.82 ,23.85 ,23.79 ,23.83 ,23.86 ,23.75 ,23.83 ,23.75 ,23.89 ,23.91 ,23.86 ,23.89 ,23.87 ,23.83 ,23.89 ,23.88 ,23.81 ,23.87 ,23.92 ,23.87 ,23.8 ,23.73 ,23.82 ,23.81 ,23.81 ,23.85 ,23.78 ,23.82 ,23.8 ,23.78 ,23.74 ,23.83 ,23.8 ,23.78 ,23.86 ,23.82 ,23.8 ,23.87 ,23.9 ,23.84 ,23.87 ,23.84 ,23.85 ,23.84 ,23.84 ,23.84 ,23.87 ,23.85 ,23.82 ,23.85 ,23.8 ,23.76 ,23.77 ,23.84 ,23.9 ,23.91 ,23.9 ,23.78 ,23.9 ,23.87 ,23.87 ,23.88 ,23.83 ,23.78 ,23.8 ,23.87 ,23.86 ,23.87 ,23.79 ,23.79 ,23.86 ,23.84 ,23.73 ,23.81 ,23.95 ,23.86 ,23.87 ,23.86 ,23.83 ,23.73 ,23.81 ,23.82 ,23.81 ,23.86 ,23.87 ,23.86 ,23.81 ,23.77 ,23.84 ,23.78 ,23.87 ,23.87 ,23.82 ,23.79 ,23.8 ,23.77 ,23.77 ,23.7 ,23.72 ,23.84 ,23.82 ,23.83 ,23.84 ,23.79 ,23.74 ,23.85 ,23.77 ,23.65 ,23.75 ,23.82 ,23.8 ,23.8 ,23.75 ,23.87 ,23.91 ,23.82 ,23.81 ,23.86 ,23.82 ,23.86 ,23.82 ,23.81 ,23.79 ,23.71 ,23.82 ,23.82 ,23.7 ,23.8 ,23.86 ,23.8 ,23.75 ,23.7 ,23.73 ,23.78 ,23.8 ,23.73 ,23.82 ,23.75 ,23.75 ,23.77 ,23.81 ,23.72 ,23.66 ,23.82 ,23.88 ,23.8 ,23.8 ,23.81 ,23.76 ,23.69 ,23.74 ,23.78 ,23.77 ,23.77 ,23.75 ,23.78 ,23.75 ,23.69 ,23.7 ,23.64 ,23.69 ,23.78 ,23.81 ,23.73 ,23.69 ,23.7 ,23.67 ,23.74 ,23.71 ,23.65 ,23.76 ,23.77 ,23.72 ,23.62 ,23.68 ,23.75 ,23.65 ,23.54 ,23.52 ,23.42 ,23.42 ,23.46 ,23.46 ,23.48 ,23.49 ,23.38 ,23.32 ,23.42 ,23.46 ,23.37 ,23.39 ,23.44 ,23.44 ,23.47 ,23.45 ,23.38 ,23.41 ,23.4 ,23.46 ,23.37 ,23.47 ,23.38 ,23.35 ,23.32 ,23.25 ,23.3 ,23.35 ,23.42 ,23.44 ,23.43 ,23.37 ,23.41 ,23.32 ,23.38 ,23.44 ,23.4 ,23.46 ,23.44 ,23.47 ,23.34 ,23.31 ,23.39 ,23.38 ,23.37 ,23.4 ,23.32 ,23.32 ,23.26 ,23.2 ,23.12 ,23.09 ,22.97 ,22.94 ,23 ,22.95 ,23.1 ,22.99 ,23.01 ,22.97 ,22.87 ,23.08 ,23.14 ,23.08 ,23.07 ,23.03 ,23.14 ,23.12 ,22.92 ,23 ,22.94 ,22.91 ,22.83 ,22.8 ,22.91 ,22.87 ,22.82 ,22.75 ,22.8 ,22.71 ,22.59 ,22.86 ,22.96 ,22.84 ,22.71 ,22.71 ,22.69 ,22.82 ,22.82 ,22.75 ,22.78 ,22.78 ,22.84 ,22.73 ,22.7 ,22.73 ,22.79 ,22.68 ,22.67 ,22.72 ,
397,23.33 ,23.26 ,23.18 ,23.35 ,23.29 ,23.32 ,23.35 ,23.27 ,23.32 ,23.36 ,23.36 ,23.3 ,23.27 ,23.25 ,23.2 ,23.31 ,23.28 ,23.35 ,23.32 ,23.22 ,23.18 ,23.22 ,23.33 ,23.23 ,23.29 ,23.29 ,23.38 ,23.48 ,23.38 ,23.35 ,23.42 ,23.44 ,23.4 ,23.44 ,23.48 ,23.53 ,23.54 ,23.55 ,23.48 ,23.54 ,23.64 ,23.55 ,23.56 ,23.51 ,23.53 ,23.51 ,23.5 ,23.54 ,23.55 ,23.59 ,23.52 ,23.47 ,23.57 ,23.54 ,23.56 ,23.58 ,23.63 ,23.58 ,23.62 ,23.62 ,23.66 ,23.6 ,23.59 ,23.54 ,23.47 ,23.48 ,23.63 ,23.63 ,23.59 ,23.52 ,23.49 ,23.52 ,23.67 ,23.66 ,23.64 ,23.65 ,23.64 ,23.61 ,23.55 ,23.53 ,23.53 ,23.5 ,23.47 ,23.51 ,23.54 ,23.53 ,23.48 ,23.6 ,23.57 ,23.6 ,23.7 ,23.62 ,23.49 ,23.63 ,23.64 ,23.64 ,23.57 ,23.56 ,23.6 ,23.6 ,23.65 ,23.72 ,23.73 ,23.63 ,23.63 ,23.55 ,23.57 ,23.63 ,23.76 ,23.67 ,23.58 ,23.61 ,23.65 ,23.57 ,23.54 ,23.55 ,23.51 ,23.55 ,23.66 ,23.68 ,23.65 ,23.62 ,23.64 ,23.72 ,23.69 ,23.67 ,23.62 ,23.63 ,23.62 ,23.63 ,23.65 ,23.59 ,23.6 ,23.64 ,23.66 ,23.61 ,23.6 ,23.63 ,23.63 ,23.57 ,23.53 ,23.61 ,23.65 ,23.67 ,23.68 ,23.72 ,23.69 ,23.66 ,23.71 ,23.68 ,23.62 ,23.65 ,23.67 ,23.72 ,23.69 ,23.75 ,23.73 ,23.72 ,23.76 ,23.74 ,23.67 ,23.61 ,23.72 ,23.72 ,23.49 ,23.63 ,23.71 ,23.69 ,23.69 ,23.68 ,23.68 ,23.67 ,23.73 ,23.7 ,23.68 ,23.65 ,23.61 ,23.72 ,23.74 ,23.62 ,23.67 ,23.67 ,23.7 ,23.63 ,23.62 ,23.57 ,23.57 ,23.56 ,23.56 ,23.57 ,23.61 ,23.75 ,23.67 ,23.6 ,23.65 ,23.6 ,23.64 ,23.75 ,23.75 ,23.69 ,23.76 ,23.68 ,23.66 ,23.68 ,23.6 ,23.61 ,23.59 ,23.57 ,23.62 ,23.72 ,23.67 ,23.65 ,23.66 ,23.59 ,23.66 ,23.65 ,23.6 ,23.69 ,23.66 ,23.68 ,23.73 ,23.72 ,23.71 ,23.69 ,23.72 ,23.8 ,23.83 ,23.79 ,23.69 ,23.78 ,23.73 ,23.74 ,23.86 ,23.77 ,23.73 ,23.74 ,23.86 ,23.84 ,23.77 ,23.71 ,23.74 ,23.88 ,23.81 ,23.66 ,23.74 ,23.86 ,23.85 ,23.79 ,23.78 ,23.76 ,23.71 ,23.74 ,23.81 ,23.81 ,23.78 ,23.77 ,23.78 ,23.83 ,23.7 ,23.71 ,23.67 ,23.75 ,23.83 ,23.78 ,23.82 ,23.84 ,23.77 ,23.75 ,23.81 ,23.78 ,23.72 ,23.74 ,23.76 ,23.8 ,23.83 ,23.78 ,23.79 ,23.84 ,23.81 ,23.82 ,23.84 ,23.85 ,23.85 ,23.82 ,23.83 ,23.85 ,23.88 ,23.9 ,23.85 ,23.91 ,23.83 ,23.8 ,23.85 ,23.86 ,23.88 ,23.82 ,23.76 ,23.89 ,23.89 ,23.8 ,23.84 ,23.84 ,23.76 ,23.8 ,23.75 ,23.77 ,23.7 ,23.81 ,23.86 ,23.74 ,23.8 ,23.81 ,23.76 ,23.87 ,23.85 ,23.83 ,23.79 ,23.79 ,23.83 ,23.91 ,23.89 ,23.89 ,23.95 ,23.8 ,23.77 ,23.67 ,23.8 ,23.86 ,23.8 ,23.82 ,23.73 ,23.68 ,23.76 ,23.77 ,23.85 ,23.84 ,23.78 ,23.84 ,23.86 ,23.84 ,23.78 ,23.73 ,23.8 ,23.86 ,23.82 ,23.8 ,23.76 ,23.9 ,23.91 ,23.8 ,23.75 ,23.82 ,23.82 ,23.8 ,23.81 ,23.84 ,23.84 ,23.73 ,23.78 ,23.86 ,23.81 ,23.75 ,23.82 ,23.82 ,23.87 ,23.8 ,23.83 ,23.84 ,23.75 ,23.79 ,23.87 ,23.8 ,23.85 ,23.89 ,23.86 ,23.88 ,23.88 ,23.91 ,23.94 ,23.91 ,23.86 ,23.89 ,23.8 ,23.8 ,23.87 ,23.88 ,23.87 ,23.91 ,23.76 ,23.75 ,23.81 ,23.89 ,23.84 ,23.86 ,23.8 ,23.79 ,23.8 ,23.76 ,23.75 ,23.85 ,23.85 ,23.85 ,23.84 ,23.82 ,23.75 ,23.78 ,23.83 ,23.83 ,23.92 ,23.87 ,23.82 ,23.76 ,23.76 ,23.79 ,23.77 ,23.86 ,23.86 ,23.85 ,23.78 ,23.8 ,23.89 ,23.86 ,23.85 ,23.83 ,23.73 ,23.76 ,23.88 ,23.91 ,23.86 ,23.75 ,23.76 ,23.88 ,23.88 ,23.8 ,23.82 ,23.95 ,23.84 ,23.83 ,23.84 ,23.77 ,23.73 ,23.78 ,23.81 ,23.82 ,23.89 ,23.89 ,23.88 ,23.89 ,23.75 ,23.76 ,23.77 ,23.85 ,23.9 ,23.8 ,23.72 ,23.75 ,23.78 ,23.83 ,23.83 ,23.8 ,23.84 ,23.78 ,23.81 ,23.72 ,23.73 ,23.72 ,23.76 ,23.84 ,23.68 ,23.74 ,23.82 ,23.85 ,23.79 ,23.77 ,23.79 ,23.8 ,23.74 ,23.78 ,23.79 ,23.88 ,23.84 ,23.79 ,23.78 ,23.82 ,23.72 ,23.82 ,23.83 ,23.72 ,23.77 ,23.87 ,23.86 ,23.78 ,23.76 ,23.78 ,23.74 ,23.81 ,23.74 ,23.79 ,23.81 ,23.85 ,23.73 ,23.76 ,23.76 ,23.6 ,23.76 ,23.82 ,23.82 ,23.81 ,23.73 ,23.79 ,23.79 ,23.73 ,23.69 ,23.74 ,23.79 ,23.77 ,23.7 ,23.71 ,23.74 ,23.76 ,23.72 ,23.7 ,23.77 ,23.74 ,23.7 ,23.66 ,23.68 ,23.7 ,23.77 ,23.76 ,23.72 ,23.69 ,23.74 ,23.62 ,23.65 ,23.71 ,23.71 ,23.75 ,23.62 ,23.49 ,23.38 ,23.37 ,23.39 ,23.48 ,23.47 ,23.42 ,23.27 ,23.34 ,23.39 ,23.35 ,23.4 ,23.47 ,23.52 ,23.5 ,23.51 ,23.39 ,23.42 ,23.42 ,23.42 ,23.46 ,23.43 ,23.45 ,23.4 ,23.21 ,23.29 ,23.3 ,23.32 ,23.39 ,23.42 ,23.38 ,23.37 ,23.35 ,23.38 ,23.42 ,23.39 ,23.35 ,23.3 ,23.41 ,23.47 ,23.43 ,23.33 ,23.33 ,23.39 ,23.39 ,23.35 ,23.39 ,23.19 ,23.23 ,23.28 ,23.29 ,23.28 ,23.2 ,23.03 ,23.02 ,23.03 ,23.02 ,23.02 ,23.08 ,23.04 ,23.08 ,22.98 ,22.94 ,23.16 ,23.1 ,23.03 ,23.09 ,23.07 ,22.91 ,22.84 ,22.92 ,23.04 ,22.99 ,22.94 ,22.81 ,22.79 ,22.74 ,22.82 ,22.84 ,22.73 ,22.8 ,22.71 ,22.79 ,22.89 ,22.79 ,22.75 ,22.77 ,22.71 ,22.77 ,22.71 ,22.77 ,22.77 ,22.8 ,22.79 ,22.79 ,22.76 ,22.84 ,22.9 ,22.79 ,22.67 ,22.7 ,
398,23.19 ,23.15 ,23.16 ,23.26 ,23.27 ,23.23 ,23.28 ,23.26 ,23.26 ,23.32 ,23.35 ,23.27 ,23.19 ,23.22 ,23.2 ,23.28 ,23.33 ,23.24 ,23.34 ,23.26 ,23.15 ,23.23 ,23.32 ,23.31 ,23.22 ,23.36 ,23.3 ,23.33 ,23.34 ,23.42 ,23.43 ,23.37 ,23.37 ,23.42 ,23.5 ,23.45 ,23.53 ,23.63 ,23.51 ,23.41 ,23.54 ,23.52 ,23.47 ,23.41 ,23.48 ,23.49 ,23.59 ,23.66 ,23.67 ,23.56 ,23.52 ,23.47 ,23.59 ,23.59 ,23.53 ,23.49 ,23.6 ,23.57 ,23.52 ,23.57 ,23.58 ,23.6 ,23.46 ,23.54 ,23.55 ,23.46 ,23.53 ,23.53 ,23.57 ,23.5 ,23.53 ,23.6 ,23.67 ,23.64 ,23.59 ,23.62 ,23.68 ,23.54 ,23.46 ,23.51 ,23.49 ,23.58 ,23.51 ,23.56 ,23.56 ,23.57 ,23.56 ,23.54 ,23.62 ,23.55 ,23.66 ,23.64 ,23.52 ,23.66 ,23.69 ,23.62 ,23.59 ,23.57 ,23.51 ,23.58 ,23.59 ,23.6 ,23.64 ,23.58 ,23.6 ,23.65 ,23.62 ,23.59 ,23.66 ,23.62 ,23.6 ,23.57 ,23.64 ,23.58 ,23.51 ,23.55 ,23.56 ,23.52 ,23.63 ,23.68 ,23.59 ,23.54 ,23.6 ,23.56 ,23.56 ,23.65 ,23.59 ,23.62 ,23.62 ,23.5 ,23.57 ,23.63 ,23.64 ,23.68 ,23.73 ,23.65 ,23.64 ,23.65 ,23.59 ,23.54 ,23.67 ,23.64 ,23.64 ,23.66 ,23.74 ,23.69 ,23.63 ,23.64 ,23.72 ,23.73 ,23.69 ,23.61 ,23.63 ,23.69 ,23.63 ,23.59 ,23.67 ,23.66 ,23.68 ,23.62 ,23.69 ,23.66 ,23.72 ,23.74 ,23.64 ,23.68 ,23.68 ,23.71 ,23.61 ,23.63 ,23.75 ,23.65 ,23.72 ,23.73 ,23.75 ,23.66 ,23.61 ,23.73 ,23.78 ,23.72 ,23.65 ,23.67 ,23.68 ,23.65 ,23.68 ,23.59 ,23.61 ,23.6 ,23.53 ,23.7 ,23.67 ,23.57 ,23.66 ,23.66 ,23.69 ,23.6 ,23.6 ,23.76 ,23.61 ,23.59 ,23.68 ,23.7 ,23.69 ,23.72 ,23.63 ,23.59 ,23.61 ,23.59 ,23.6 ,23.68 ,23.76 ,23.67 ,23.65 ,23.63 ,23.56 ,23.6 ,23.56 ,23.59 ,23.67 ,23.71 ,23.73 ,23.7 ,23.6 ,23.65 ,23.64 ,23.74 ,23.74 ,23.72 ,23.7 ,23.75 ,23.72 ,23.67 ,23.79 ,23.79 ,23.7 ,23.81 ,23.8 ,23.75 ,23.75 ,23.68 ,23.69 ,23.76 ,23.69 ,23.63 ,23.72 ,23.78 ,23.8 ,23.73 ,23.78 ,23.82 ,23.74 ,23.71 ,23.83 ,23.84 ,23.79 ,23.8 ,23.78 ,23.85 ,23.76 ,23.73 ,23.77 ,23.85 ,23.87 ,23.81 ,23.77 ,23.77 ,23.81 ,23.79 ,23.83 ,23.83 ,23.71 ,23.74 ,23.81 ,23.74 ,23.74 ,23.74 ,23.8 ,23.86 ,23.76 ,23.76 ,23.78 ,23.75 ,23.8 ,23.87 ,23.79 ,23.79 ,23.83 ,23.83 ,23.79 ,23.9 ,23.87 ,23.85 ,23.91 ,23.84 ,23.81 ,23.79 ,23.74 ,23.88 ,23.87 ,23.8 ,23.84 ,23.79 ,23.76 ,23.83 ,23.82 ,23.7 ,23.69 ,23.78 ,23.85 ,23.8 ,23.82 ,23.79 ,23.77 ,23.88 ,23.84 ,23.76 ,23.79 ,23.71 ,23.71 ,23.81 ,23.78 ,23.86 ,23.94 ,23.81 ,23.81 ,23.78 ,23.81 ,23.79 ,23.77 ,23.78 ,23.8 ,23.75 ,23.76 ,23.86 ,23.85 ,23.83 ,23.73 ,23.75 ,23.8 ,23.8 ,23.74 ,23.76 ,23.77 ,23.87 ,23.88 ,23.86 ,23.84 ,23.84 ,23.86 ,23.77 ,23.79 ,23.86 ,23.88 ,23.83 ,23.84 ,23.87 ,23.77 ,23.73 ,23.75 ,23.73 ,23.77 ,23.79 ,23.79 ,23.84 ,23.87 ,23.82 ,23.83 ,23.87 ,23.89 ,23.76 ,23.83 ,23.77 ,23.78 ,23.84 ,23.8 ,23.82 ,23.82 ,23.88 ,23.89 ,23.81 ,23.85 ,23.87 ,23.8 ,23.8 ,23.81 ,23.87 ,23.88 ,23.87 ,23.84 ,23.82 ,23.89 ,23.88 ,23.82 ,23.79 ,23.79 ,23.75 ,23.7 ,23.73 ,23.74 ,23.78 ,23.82 ,23.84 ,23.83 ,23.8 ,23.78 ,23.81 ,23.84 ,23.8 ,23.81 ,23.88 ,23.96 ,23.81 ,23.86 ,23.83 ,23.79 ,23.8 ,23.8 ,23.82 ,23.84 ,23.82 ,23.85 ,23.93 ,23.84 ,23.82 ,23.71 ,23.78 ,23.9 ,23.94 ,23.86 ,23.69 ,23.78 ,23.84 ,23.86 ,23.85 ,23.82 ,23.84 ,23.86 ,23.88 ,23.88 ,23.77 ,23.73 ,23.88 ,23.87 ,23.82 ,23.85 ,23.82 ,23.77 ,23.8 ,23.7 ,23.73 ,23.79 ,23.83 ,23.86 ,23.83 ,23.74 ,23.78 ,23.83 ,23.79 ,23.78 ,23.81 ,23.79 ,23.81 ,23.79 ,23.78 ,23.75 ,23.81 ,23.69 ,23.84 ,23.79 ,23.75 ,23.81 ,23.87 ,23.86 ,23.72 ,23.72 ,23.79 ,23.74 ,23.8 ,23.85 ,23.84 ,23.9 ,23.81 ,23.73 ,23.83 ,23.83 ,23.79 ,23.88 ,23.8 ,23.76 ,23.8 ,23.88 ,23.81 ,23.75 ,23.74 ,23.74 ,23.81 ,23.78 ,23.75 ,23.7 ,23.81 ,23.81 ,23.74 ,23.79 ,23.67 ,23.72 ,23.82 ,23.77 ,23.88 ,23.78 ,23.76 ,23.78 ,23.8 ,23.73 ,23.69 ,23.75 ,23.77 ,23.86 ,23.74 ,23.73 ,23.81 ,23.75 ,23.7 ,23.69 ,23.69 ,23.68 ,23.71 ,23.78 ,23.86 ,23.72 ,23.71 ,23.75 ,23.62 ,23.63 ,23.54 ,23.66 ,23.7 ,23.66 ,23.67 ,23.68 ,23.46 ,23.37 ,23.31 ,23.33 ,23.44 ,23.46 ,23.37 ,23.23 ,23.36 ,23.33 ,23.32 ,23.37 ,23.52 ,23.55 ,23.57 ,23.55 ,23.38 ,23.35 ,23.38 ,23.4 ,23.46 ,23.45 ,23.44 ,23.41 ,23.34 ,23.39 ,23.4 ,23.34 ,23.42 ,23.4 ,23.37 ,23.42 ,23.34 ,23.31 ,23.38 ,23.36 ,23.33 ,23.27 ,23.38 ,23.42 ,23.37 ,23.29 ,23.3 ,23.44 ,23.39 ,23.36 ,23.42 ,23.27 ,23.19 ,23.28 ,23.32 ,23.31 ,23.33 ,23.14 ,23.08 ,23.1 ,23.06 ,23.1 ,23.16 ,23.07 ,23.07 ,23.03 ,22.94 ,23.08 ,23.04 ,22.89 ,23.04 ,23 ,22.84 ,22.89 ,23.02 ,22.97 ,22.87 ,22.87 ,22.95 ,22.78 ,22.67 ,22.79 ,22.87 ,22.76 ,22.79 ,22.78 ,22.8 ,22.81 ,22.77 ,22.73 ,22.79 ,22.73 ,22.81 ,22.72 ,22.8 ,22.79 ,22.76 ,22.75 ,22.79 ,22.74 ,22.77 ,22.72 ,22.72 ,22.67 ,22.62 ,
399,23.19 ,23.18 ,23.29 ,23.34 ,23.29 ,23.25 ,23.3 ,23.24 ,23.2 ,23.26 ,23.31 ,23.29 ,23.27 ,23.23 ,23.23 ,23.24 ,23.31 ,23.33 ,23.25 ,23.24 ,23.2 ,23.2 ,23.35 ,23.32 ,23.28 ,23.39 ,23.36 ,23.24 ,23.23 ,23.36 ,23.37 ,23.42 ,23.37 ,23.5 ,23.58 ,23.48 ,23.5 ,23.57 ,23.59 ,23.5 ,23.49 ,23.53 ,23.48 ,23.51 ,23.53 ,23.6 ,23.64 ,23.68 ,23.68 ,23.59 ,23.44 ,23.47 ,23.56 ,23.69 ,23.59 ,23.52 ,23.52 ,23.52 ,23.53 ,23.63 ,23.69 ,23.67 ,23.56 ,23.59 ,23.7 ,23.61 ,23.57 ,23.52 ,23.6 ,23.55 ,23.54 ,23.61 ,23.68 ,23.67 ,23.63 ,23.59 ,23.75 ,23.6 ,23.47 ,23.56 ,23.51 ,23.52 ,23.59 ,23.64 ,23.64 ,23.64 ,23.6 ,23.61 ,23.61 ,23.62 ,23.61 ,23.59 ,23.6 ,23.61 ,23.45 ,23.57 ,23.57 ,23.57 ,23.59 ,23.55 ,23.52 ,23.62 ,23.65 ,23.63 ,23.68 ,23.64 ,23.57 ,23.54 ,23.6 ,23.52 ,23.56 ,23.64 ,23.62 ,23.67 ,23.57 ,23.6 ,23.64 ,23.63 ,23.68 ,23.69 ,23.62 ,23.63 ,23.61 ,23.58 ,23.51 ,23.62 ,23.59 ,23.61 ,23.58 ,23.48 ,23.55 ,23.67 ,23.7 ,23.72 ,23.68 ,23.67 ,23.74 ,23.71 ,23.63 ,23.64 ,23.68 ,23.69 ,23.64 ,23.62 ,23.64 ,23.66 ,23.69 ,23.67 ,23.72 ,23.75 ,23.78 ,23.76 ,23.63 ,23.68 ,23.63 ,23.55 ,23.58 ,23.63 ,23.63 ,23.65 ,23.65 ,23.69 ,23.69 ,23.71 ,23.71 ,23.74 ,23.71 ,23.71 ,23.65 ,23.61 ,23.71 ,23.64 ,23.69 ,23.72 ,23.75 ,23.79 ,23.62 ,23.74 ,23.79 ,23.69 ,23.7 ,23.7 ,23.71 ,23.66 ,23.66 ,23.63 ,23.67 ,23.62 ,23.65 ,23.69 ,23.68 ,23.57 ,23.6 ,23.68 ,23.69 ,23.64 ,23.63 ,23.73 ,23.63 ,23.6 ,23.65 ,23.68 ,23.7 ,23.69 ,23.7 ,23.69 ,23.64 ,23.66 ,23.69 ,23.68 ,23.73 ,23.73 ,23.72 ,23.78 ,23.61 ,23.56 ,23.59 ,23.62 ,23.55 ,23.67 ,23.71 ,23.74 ,23.66 ,23.66 ,23.74 ,23.7 ,23.67 ,23.66 ,23.69 ,23.65 ,23.71 ,23.7 ,23.79 ,23.77 ,23.74 ,23.83 ,23.79 ,23.72 ,23.65 ,23.71 ,23.65 ,23.78 ,23.62 ,23.66 ,23.84 ,23.87 ,23.81 ,23.71 ,23.77 ,23.8 ,23.75 ,23.74 ,23.77 ,23.83 ,23.8 ,23.76 ,23.84 ,23.85 ,23.71 ,23.75 ,23.85 ,23.83 ,23.87 ,23.84 ,23.88 ,23.8 ,23.83 ,23.9 ,23.75 ,23.78 ,23.76 ,23.8 ,23.83 ,23.82 ,23.81 ,23.78 ,23.79 ,23.77 ,23.78 ,23.78 ,23.82 ,23.76 ,23.74 ,23.8 ,23.81 ,23.83 ,23.8 ,23.82 ,23.78 ,23.83 ,23.88 ,23.8 ,23.75 ,23.74 ,23.76 ,23.82 ,23.81 ,23.95 ,23.89 ,23.81 ,23.79 ,23.77 ,23.78 ,23.84 ,23.88 ,23.87 ,23.79 ,23.82 ,23.84 ,23.83 ,23.82 ,23.86 ,23.79 ,23.86 ,23.85 ,23.86 ,23.82 ,23.81 ,23.76 ,23.78 ,23.75 ,23.76 ,23.9 ,23.88 ,23.85 ,23.86 ,23.84 ,23.77 ,23.83 ,23.81 ,23.85 ,23.81 ,23.76 ,23.82 ,23.83 ,23.82 ,23.79 ,23.75 ,23.83 ,23.79 ,23.77 ,23.84 ,23.79 ,23.83 ,23.87 ,23.87 ,23.86 ,23.82 ,23.85 ,23.87 ,23.81 ,23.92 ,23.91 ,23.78 ,23.78 ,23.82 ,23.82 ,23.88 ,23.8 ,23.77 ,23.8 ,23.88 ,23.82 ,23.78 ,23.79 ,23.81 ,23.91 ,23.96 ,23.98 ,23.88 ,23.85 ,23.86 ,23.81 ,23.8 ,23.8 ,23.79 ,23.83 ,23.9 ,23.87 ,23.86 ,23.84 ,23.86 ,23.81 ,23.8 ,23.83 ,23.92 ,23.85 ,23.82 ,23.85 ,23.83 ,23.9 ,23.81 ,23.75 ,23.83 ,23.87 ,23.77 ,23.72 ,23.84 ,23.9 ,23.81 ,23.76 ,23.86 ,23.86 ,23.85 ,23.93 ,23.92 ,23.81 ,23.8 ,23.8 ,23.79 ,23.89 ,23.84 ,23.88 ,23.9 ,23.77 ,23.74 ,23.84 ,23.8 ,23.86 ,23.93 ,23.97 ,23.85 ,23.77 ,23.78 ,23.73 ,23.83 ,23.86 ,23.9 ,23.87 ,23.8 ,23.78 ,23.84 ,23.84 ,23.91 ,23.81 ,23.79 ,23.88 ,23.96 ,23.91 ,23.88 ,23.73 ,23.86 ,23.93 ,23.86 ,23.87 ,23.81 ,23.76 ,23.76 ,23.66 ,23.66 ,23.77 ,23.79 ,23.81 ,23.87 ,23.78 ,23.78 ,23.8 ,23.87 ,23.8 ,23.73 ,23.77 ,23.81 ,23.78 ,23.79 ,23.79 ,23.77 ,23.74 ,23.7 ,23.75 ,23.77 ,23.75 ,23.88 ,23.86 ,23.84 ,23.72 ,23.92 ,23.81 ,23.73 ,23.86 ,23.86 ,23.86 ,23.84 ,23.71 ,23.7 ,23.75 ,23.76 ,23.77 ,23.75 ,23.77 ,23.75 ,23.78 ,23.79 ,23.7 ,23.73 ,23.74 ,23.75 ,23.73 ,23.75 ,23.75 ,23.81 ,23.84 ,23.78 ,23.78 ,23.72 ,23.71 ,23.82 ,23.87 ,23.79 ,23.77 ,23.78 ,23.73 ,23.77 ,23.78 ,23.77 ,23.7 ,23.73 ,23.85 ,23.77 ,23.7 ,23.79 ,23.81 ,23.72 ,23.67 ,23.71 ,23.65 ,23.67 ,23.7 ,23.72 ,23.77 ,23.71 ,23.73 ,23.71 ,23.66 ,23.65 ,23.79 ,23.76 ,23.6 ,23.62 ,23.68 ,23.59 ,23.45 ,23.35 ,23.35 ,23.45 ,23.51 ,23.43 ,23.27 ,23.36 ,23.46 ,23.44 ,23.42 ,23.44 ,23.49 ,23.48 ,23.54 ,23.36 ,23.3 ,23.38 ,23.5 ,23.58 ,23.41 ,23.43 ,23.36 ,23.27 ,23.39 ,23.46 ,23.43 ,23.42 ,23.4 ,23.32 ,23.43 ,23.39 ,23.33 ,23.36 ,23.39 ,23.41 ,23.32 ,23.31 ,23.36 ,23.27 ,23.25 ,23.28 ,23.36 ,23.37 ,23.3 ,23.34 ,23.3 ,23.2 ,23.29 ,23.36 ,23.25 ,23.37 ,23.34 ,23.1 ,23.07 ,23.05 ,23.06 ,23.1 ,23.14 ,23.07 ,23.02 ,23.01 ,23.06 ,23.01 ,22.87 ,22.95 ,22.94 ,22.9 ,22.99 ,23.07 ,22.95 ,22.8 ,22.71 ,22.8 ,22.86 ,22.9 ,22.72 ,22.73 ,22.74 ,22.74 ,22.71 ,22.79 ,22.82 ,22.66 ,22.73 ,22.75 ,22.69 ,22.77 ,22.75 ,22.83 ,22.83 ,22.84 ,22.81 ,22.8 ,22.72 ,22.78 ,22.7 ,22.69 ,22.63 ,22.57 ,
400,23.25 ,23.2 ,23.23 ,23.3 ,23.36 ,23.21 ,23.24 ,23.21 ,23.27 ,23.28 ,23.25 ,23.38 ,23.33 ,23.29 ,23.32 ,23.29 ,23.27 ,23.38 ,23.32 ,23.28 ,23.17 ,23.15 ,23.36 ,23.31 ,23.29 ,23.34 ,23.31 ,23.3 ,23.3 ,23.41 ,23.44 ,23.48 ,23.48 ,23.48 ,23.53 ,23.55 ,23.56 ,23.58 ,23.59 ,23.59 ,23.45 ,23.44 ,23.54 ,23.48 ,23.53 ,23.57 ,23.64 ,23.76 ,23.61 ,23.57 ,23.52 ,23.5 ,23.54 ,23.64 ,23.57 ,23.54 ,23.55 ,23.54 ,23.56 ,23.59 ,23.6 ,23.62 ,23.57 ,23.67 ,23.65 ,23.65 ,23.63 ,23.55 ,23.58 ,23.55 ,23.43 ,23.57 ,23.64 ,23.63 ,23.69 ,23.63 ,23.67 ,23.61 ,23.53 ,23.5 ,23.52 ,23.55 ,23.55 ,23.59 ,23.59 ,23.53 ,23.59 ,23.59 ,23.59 ,23.56 ,23.51 ,23.52 ,23.52 ,23.62 ,23.52 ,23.57 ,23.49 ,23.5 ,23.59 ,23.6 ,23.56 ,23.61 ,23.63 ,23.64 ,23.69 ,23.66 ,23.57 ,23.56 ,23.64 ,23.6 ,23.55 ,23.56 ,23.61 ,23.56 ,23.6 ,23.61 ,23.68 ,23.69 ,23.7 ,23.66 ,23.5 ,23.53 ,23.63 ,23.66 ,23.66 ,23.68 ,23.6 ,23.6 ,23.54 ,23.54 ,23.61 ,23.67 ,23.61 ,23.67 ,23.65 ,23.63 ,23.68 ,23.75 ,23.68 ,23.66 ,23.7 ,23.57 ,23.67 ,23.65 ,23.67 ,23.71 ,23.69 ,23.75 ,23.77 ,23.8 ,23.73 ,23.72 ,23.69 ,23.7 ,23.59 ,23.56 ,23.59 ,23.6 ,23.62 ,23.62 ,23.67 ,23.62 ,23.64 ,23.67 ,23.73 ,23.68 ,23.67 ,23.68 ,23.63 ,23.66 ,23.75 ,23.53 ,23.61 ,23.74 ,23.71 ,23.75 ,23.68 ,23.63 ,23.79 ,23.75 ,23.73 ,23.69 ,23.72 ,23.69 ,23.66 ,23.69 ,23.7 ,23.68 ,23.69 ,23.7 ,23.68 ,23.64 ,23.66 ,23.65 ,23.65 ,23.63 ,23.59 ,23.59 ,23.57 ,23.58 ,23.69 ,23.7 ,23.65 ,23.68 ,23.69 ,23.7 ,23.67 ,23.65 ,23.69 ,23.69 ,23.72 ,23.71 ,23.69 ,23.77 ,23.69 ,23.56 ,23.66 ,23.74 ,23.65 ,23.63 ,23.7 ,23.69 ,23.72 ,23.67 ,23.77 ,23.76 ,23.69 ,23.7 ,23.68 ,23.65 ,23.7 ,23.77 ,23.77 ,23.75 ,23.73 ,23.77 ,23.81 ,23.81 ,23.75 ,23.74 ,23.81 ,23.83 ,23.82 ,23.77 ,23.81 ,23.83 ,23.81 ,23.73 ,23.78 ,23.75 ,23.79 ,23.79 ,23.82 ,23.79 ,23.74 ,23.81 ,23.85 ,23.81 ,23.68 ,23.73 ,23.84 ,23.87 ,23.79 ,23.8 ,23.81 ,23.82 ,23.8 ,23.84 ,23.8 ,23.79 ,23.8 ,23.82 ,23.78 ,23.84 ,23.83 ,23.79 ,23.76 ,23.71 ,23.77 ,23.76 ,23.75 ,23.79 ,23.83 ,23.8 ,23.81 ,23.88 ,23.81 ,23.86 ,23.91 ,23.83 ,23.79 ,23.75 ,23.72 ,23.86 ,23.89 ,23.91 ,23.87 ,23.86 ,23.8 ,23.77 ,23.88 ,23.87 ,23.79 ,23.83 ,23.84 ,23.75 ,23.84 ,23.9 ,23.87 ,23.87 ,23.8 ,23.89 ,23.88 ,23.86 ,23.91 ,23.9 ,23.86 ,23.89 ,23.86 ,23.85 ,23.77 ,23.74 ,23.86 ,23.87 ,23.85 ,23.84 ,23.85 ,23.8 ,23.84 ,23.9 ,23.87 ,23.91 ,23.81 ,23.77 ,23.89 ,23.92 ,23.88 ,23.79 ,23.85 ,23.77 ,23.76 ,23.84 ,23.78 ,23.86 ,23.89 ,23.77 ,23.85 ,23.85 ,23.87 ,23.91 ,23.81 ,23.88 ,23.87 ,23.83 ,23.77 ,23.74 ,23.74 ,23.83 ,23.91 ,23.83 ,23.86 ,23.96 ,23.87 ,23.68 ,23.81 ,23.87 ,23.89 ,23.87 ,23.9 ,23.92 ,23.95 ,23.93 ,23.93 ,23.9 ,23.8 ,23.77 ,23.8 ,23.87 ,23.88 ,23.89 ,23.86 ,23.82 ,23.76 ,23.84 ,23.88 ,23.93 ,23.84 ,23.83 ,23.93 ,23.88 ,23.87 ,23.84 ,23.87 ,23.8 ,23.84 ,23.82 ,23.86 ,23.94 ,23.9 ,23.83 ,23.82 ,23.82 ,23.82 ,23.86 ,23.88 ,23.86 ,23.85 ,23.85 ,23.85 ,23.86 ,23.83 ,23.84 ,23.82 ,23.88 ,23.83 ,23.76 ,23.82 ,23.84 ,23.88 ,23.97 ,23.92 ,23.77 ,23.72 ,23.82 ,23.8 ,23.77 ,23.79 ,23.83 ,23.85 ,23.82 ,23.8 ,23.8 ,23.79 ,23.83 ,23.79 ,23.76 ,23.85 ,23.92 ,23.9 ,23.84 ,23.8 ,23.81 ,23.89 ,23.8 ,23.82 ,23.88 ,23.78 ,23.8 ,23.69 ,23.71 ,23.75 ,23.77 ,23.86 ,23.9 ,23.77 ,23.82 ,23.8 ,23.85 ,23.83 ,23.71 ,23.75 ,23.82 ,23.75 ,23.72 ,23.74 ,23.68 ,23.69 ,23.74 ,23.7 ,23.8 ,23.78 ,23.81 ,23.87 ,23.84 ,23.77 ,23.89 ,23.87 ,23.69 ,23.76 ,23.79 ,23.78 ,23.74 ,23.69 ,23.66 ,23.72 ,23.75 ,23.7 ,23.75 ,23.79 ,23.81 ,23.78 ,23.78 ,23.86 ,23.88 ,23.71 ,23.69 ,23.81 ,23.74 ,23.71 ,23.8 ,23.81 ,23.79 ,23.74 ,23.71 ,23.71 ,23.8 ,23.83 ,23.86 ,23.72 ,23.68 ,23.66 ,23.72 ,23.73 ,23.76 ,23.78 ,23.79 ,23.75 ,23.76 ,23.73 ,23.73 ,23.74 ,23.69 ,23.74 ,23.79 ,23.73 ,23.67 ,23.68 ,23.66 ,23.77 ,23.79 ,23.69 ,23.68 ,23.64 ,23.66 ,23.77 ,23.78 ,23.64 ,23.62 ,23.63 ,23.54 ,23.52 ,23.43 ,23.44 ,23.57 ,23.51 ,23.41 ,23.27 ,23.42 ,23.56 ,23.48 ,23.44 ,23.43 ,23.44 ,23.39 ,23.48 ,23.42 ,23.35 ,23.39 ,23.47 ,23.54 ,23.41 ,23.46 ,23.4 ,23.29 ,23.38 ,23.28 ,23.35 ,23.36 ,23.38 ,23.31 ,23.28 ,23.34 ,23.41 ,23.42 ,23.38 ,23.34 ,23.33 ,23.27 ,23.29 ,23.36 ,23.27 ,23.25 ,23.31 ,23.36 ,23.31 ,23.34 ,23.25 ,23.25 ,23.21 ,23.29 ,23.3 ,23.3 ,23.26 ,23.17 ,23.17 ,23.16 ,23.21 ,23.14 ,23.07 ,22.99 ,23.01 ,22.96 ,23.08 ,23 ,22.88 ,22.88 ,22.87 ,22.79 ,22.92 ,23.03 ,22.95 ,22.87 ,22.77 ,22.75 ,22.69 ,22.79 ,22.72 ,22.69 ,22.72 ,22.75 ,22.56 ,22.76 ,22.89 ,22.75 ,22.65 ,22.71 ,22.7 ,22.75 ,22.77 ,22.83 ,22.84 ,22.78 ,22.8 ,22.82 ,22.72 ,22.68 ,22.76 ,22.63 ,22.66 ,22.67 ,
401,23.31 ,23.23 ,23.22 ,23.31 ,23.25 ,23.29 ,23.21 ,23.25 ,23.33 ,23.37 ,23.19 ,23.32 ,23.38 ,23.21 ,23.29 ,23.3 ,23.3 ,23.34 ,23.31 ,23.25 ,23.2 ,23.12 ,23.22 ,23.23 ,23.26 ,23.31 ,23.27 ,23.26 ,23.26 ,23.43 ,23.46 ,23.47 ,23.51 ,23.48 ,23.62 ,23.57 ,23.57 ,23.66 ,23.58 ,23.45 ,23.53 ,23.45 ,23.52 ,23.52 ,23.48 ,23.56 ,23.59 ,23.66 ,23.56 ,23.47 ,23.49 ,23.54 ,23.51 ,23.59 ,23.58 ,23.56 ,23.55 ,23.61 ,23.6 ,23.56 ,23.53 ,23.47 ,23.57 ,23.58 ,23.67 ,23.63 ,23.66 ,23.64 ,23.61 ,23.51 ,23.46 ,23.5 ,23.58 ,23.58 ,23.55 ,23.64 ,23.64 ,23.61 ,23.58 ,23.56 ,23.54 ,23.58 ,23.5 ,23.57 ,23.56 ,23.48 ,23.63 ,23.64 ,23.61 ,23.51 ,23.49 ,23.57 ,23.51 ,23.52 ,23.53 ,23.67 ,23.53 ,23.49 ,23.55 ,23.63 ,23.54 ,23.65 ,23.56 ,23.47 ,23.52 ,23.65 ,23.7 ,23.62 ,23.6 ,23.64 ,23.61 ,23.52 ,23.48 ,23.51 ,23.65 ,23.64 ,23.56 ,23.61 ,23.65 ,23.61 ,23.55 ,23.49 ,23.59 ,23.65 ,23.66 ,23.63 ,23.65 ,23.61 ,23.6 ,23.6 ,23.63 ,23.61 ,23.64 ,23.64 ,23.66 ,23.63 ,23.69 ,23.72 ,23.68 ,23.66 ,23.59 ,23.56 ,23.61 ,23.68 ,23.74 ,23.74 ,23.65 ,23.68 ,23.7 ,23.74 ,23.68 ,23.62 ,23.7 ,23.76 ,23.66 ,23.51 ,23.61 ,23.64 ,23.6 ,23.68 ,23.67 ,23.72 ,23.69 ,23.59 ,23.7 ,23.67 ,23.69 ,23.67 ,23.62 ,23.68 ,23.74 ,23.57 ,23.54 ,23.7 ,23.77 ,23.72 ,23.7 ,23.67 ,23.63 ,23.65 ,23.65 ,23.73 ,23.78 ,23.7 ,23.65 ,23.66 ,23.7 ,23.6 ,23.68 ,23.71 ,23.74 ,23.7 ,23.64 ,23.59 ,23.68 ,23.6 ,23.61 ,23.66 ,23.57 ,23.59 ,23.58 ,23.69 ,23.64 ,23.69 ,23.69 ,23.67 ,23.62 ,23.64 ,23.72 ,23.77 ,23.69 ,23.67 ,23.67 ,23.63 ,23.7 ,23.61 ,23.65 ,23.82 ,23.75 ,23.63 ,23.7 ,23.74 ,23.76 ,23.7 ,23.75 ,23.76 ,23.71 ,23.78 ,23.74 ,23.75 ,23.7 ,23.7 ,23.74 ,23.75 ,23.7 ,23.8 ,23.8 ,23.77 ,23.82 ,23.8 ,23.85 ,23.85 ,23.78 ,23.69 ,23.82 ,23.79 ,23.72 ,23.69 ,23.74 ,23.8 ,23.81 ,23.8 ,23.81 ,23.78 ,23.77 ,23.8 ,23.84 ,23.78 ,23.74 ,23.72 ,23.82 ,23.84 ,23.79 ,23.83 ,23.85 ,23.85 ,23.8 ,23.76 ,23.74 ,23.86 ,23.79 ,23.78 ,23.78 ,23.78 ,23.82 ,23.76 ,23.77 ,23.74 ,23.67 ,23.79 ,23.74 ,23.8 ,23.87 ,23.79 ,23.79 ,23.87 ,23.81 ,23.73 ,23.81 ,23.76 ,23.73 ,23.85 ,23.82 ,23.88 ,23.8 ,23.83 ,23.86 ,23.85 ,23.86 ,23.79 ,23.88 ,23.92 ,23.8 ,23.8 ,23.82 ,23.77 ,23.83 ,23.88 ,23.78 ,23.86 ,23.83 ,23.87 ,23.92 ,23.86 ,23.81 ,23.89 ,23.86 ,23.86 ,23.81 ,23.83 ,23.75 ,23.71 ,23.76 ,23.75 ,23.82 ,23.77 ,23.85 ,23.86 ,23.86 ,23.83 ,23.9 ,23.81 ,23.74 ,23.73 ,23.95 ,23.92 ,23.88 ,23.87 ,23.83 ,23.77 ,23.83 ,23.79 ,23.84 ,23.91 ,23.88 ,23.79 ,23.76 ,23.9 ,23.91 ,23.88 ,23.87 ,23.9 ,23.82 ,23.72 ,23.83 ,23.77 ,23.74 ,23.72 ,23.84 ,23.91 ,23.79 ,23.83 ,23.86 ,23.78 ,23.85 ,23.84 ,23.75 ,23.81 ,23.88 ,23.89 ,23.91 ,23.82 ,23.88 ,23.96 ,23.83 ,23.82 ,23.75 ,23.82 ,23.85 ,23.87 ,23.9 ,23.85 ,23.81 ,23.89 ,23.9 ,23.89 ,23.8 ,23.76 ,23.82 ,23.86 ,23.86 ,23.82 ,23.8 ,23.78 ,23.76 ,23.78 ,23.85 ,23.94 ,23.9 ,23.81 ,23.79 ,23.84 ,23.83 ,23.89 ,23.84 ,23.78 ,23.78 ,23.85 ,23.89 ,23.89 ,23.88 ,23.8 ,23.84 ,23.9 ,23.86 ,23.81 ,23.82 ,23.87 ,23.83 ,23.89 ,23.8 ,23.78 ,23.78 ,23.77 ,23.92 ,23.94 ,23.86 ,23.84 ,23.82 ,23.86 ,23.75 ,23.86 ,23.87 ,23.74 ,23.8 ,23.82 ,23.8 ,23.84 ,23.78 ,23.78 ,23.79 ,23.79 ,23.93 ,23.79 ,23.8 ,23.92 ,23.81 ,23.77 ,23.77 ,23.81 ,23.89 ,23.87 ,23.78 ,23.86 ,23.77 ,23.76 ,23.84 ,23.85 ,23.82 ,23.73 ,23.7 ,23.85 ,23.76 ,23.76 ,23.79 ,23.77 ,23.74 ,23.76 ,23.78 ,23.8 ,23.82 ,23.83 ,23.86 ,23.75 ,23.73 ,23.83 ,23.78 ,23.69 ,23.7 ,23.73 ,23.8 ,23.76 ,23.73 ,23.71 ,23.79 ,23.74 ,23.76 ,23.79 ,23.81 ,23.82 ,23.81 ,23.71 ,23.75 ,23.9 ,23.75 ,23.73 ,23.82 ,23.85 ,23.66 ,23.69 ,23.75 ,23.8 ,23.82 ,23.83 ,23.81 ,23.82 ,23.83 ,23.81 ,23.74 ,23.7 ,23.69 ,23.71 ,23.73 ,23.67 ,23.71 ,23.77 ,23.75 ,23.73 ,23.72 ,23.77 ,23.74 ,23.73 ,23.73 ,23.86 ,23.81 ,23.72 ,23.73 ,23.75 ,23.82 ,23.79 ,23.81 ,23.75 ,23.62 ,23.69 ,23.71 ,23.75 ,23.71 ,23.68 ,23.58 ,23.43 ,23.42 ,23.44 ,23.4 ,23.44 ,23.31 ,23.31 ,23.31 ,23.39 ,23.53 ,23.47 ,23.35 ,23.4 ,23.39 ,23.35 ,23.41 ,23.47 ,23.33 ,23.32 ,23.37 ,23.43 ,23.38 ,23.46 ,23.36 ,23.33 ,23.39 ,23.31 ,23.35 ,23.43 ,23.36 ,23.39 ,23.33 ,23.37 ,23.32 ,23.38 ,23.38 ,23.33 ,23.26 ,23.32 ,23.2 ,23.25 ,23.31 ,23.15 ,23.13 ,23.26 ,23.28 ,23.34 ,23.22 ,23.24 ,23.26 ,23.19 ,23.29 ,23.33 ,23.24 ,23.21 ,23.23 ,23.27 ,23.32 ,23.21 ,23.1 ,23.05 ,22.98 ,22.9 ,22.89 ,22.99 ,22.84 ,22.84 ,22.78 ,22.8 ,22.84 ,22.93 ,22.87 ,22.76 ,22.75 ,22.83 ,22.72 ,22.66 ,22.71 ,22.77 ,22.71 ,22.65 ,22.65 ,22.69 ,22.89 ,22.82 ,22.75 ,22.63 ,22.64 ,22.76 ,22.66 ,22.79 ,22.75 ,22.71 ,22.76 ,22.79 ,22.71 ,22.73 ,22.81 ,22.79 ,22.7 ,22.69 ,
402,23.2 ,23.11 ,23.18 ,23.32 ,23.34 ,23.32 ,23.36 ,23.29 ,23.33 ,23.34 ,23.31 ,23.37 ,23.4 ,23.31 ,23.2 ,23.33 ,23.36 ,23.38 ,23.3 ,23.23 ,23.16 ,23.24 ,23.29 ,23.27 ,23.31 ,23.36 ,23.35 ,23.34 ,23.33 ,23.42 ,23.44 ,23.39 ,23.44 ,23.51 ,23.58 ,23.62 ,23.51 ,23.61 ,23.53 ,23.41 ,23.46 ,23.57 ,23.54 ,23.5 ,23.43 ,23.54 ,23.63 ,23.54 ,23.49 ,23.47 ,23.52 ,23.56 ,23.49 ,23.49 ,23.48 ,23.57 ,23.52 ,23.55 ,23.57 ,23.51 ,23.57 ,23.62 ,23.49 ,23.61 ,23.64 ,23.53 ,23.58 ,23.65 ,23.66 ,23.5 ,23.49 ,23.46 ,23.54 ,23.57 ,23.55 ,23.57 ,23.65 ,23.63 ,23.56 ,23.55 ,23.54 ,23.54 ,23.54 ,23.6 ,23.61 ,23.57 ,23.57 ,23.61 ,23.58 ,23.45 ,23.45 ,23.52 ,23.62 ,23.58 ,23.56 ,23.57 ,23.62 ,23.51 ,23.53 ,23.64 ,23.65 ,23.63 ,23.56 ,23.42 ,23.53 ,23.57 ,23.63 ,23.59 ,23.52 ,23.54 ,23.56 ,23.51 ,23.5 ,23.46 ,23.5 ,23.58 ,23.56 ,23.57 ,23.64 ,23.61 ,23.6 ,23.58 ,23.6 ,23.59 ,23.58 ,23.59 ,23.58 ,23.65 ,23.63 ,23.62 ,23.64 ,23.63 ,23.65 ,23.64 ,23.63 ,23.61 ,23.67 ,23.77 ,23.69 ,23.65 ,23.61 ,23.56 ,23.61 ,23.67 ,23.64 ,23.65 ,23.66 ,23.64 ,23.65 ,23.69 ,23.72 ,23.67 ,23.72 ,23.73 ,23.69 ,23.6 ,23.59 ,23.72 ,23.75 ,23.66 ,23.69 ,23.7 ,23.73 ,23.67 ,23.65 ,23.66 ,23.64 ,23.65 ,23.7 ,23.74 ,23.71 ,23.64 ,23.59 ,23.69 ,23.69 ,23.73 ,23.74 ,23.68 ,23.62 ,23.56 ,23.66 ,23.72 ,23.71 ,23.67 ,23.69 ,23.68 ,23.7 ,23.72 ,23.66 ,23.69 ,23.76 ,23.69 ,23.65 ,23.61 ,23.63 ,23.57 ,23.52 ,23.63 ,23.64 ,23.64 ,23.63 ,23.66 ,23.65 ,23.62 ,23.66 ,23.66 ,23.62 ,23.64 ,23.71 ,23.75 ,23.75 ,23.65 ,23.68 ,23.64 ,23.64 ,23.62 ,23.65 ,23.74 ,23.71 ,23.67 ,23.69 ,23.7 ,23.69 ,23.74 ,23.71 ,23.76 ,23.71 ,23.71 ,23.7 ,23.73 ,23.73 ,23.71 ,23.76 ,23.82 ,23.75 ,23.8 ,23.79 ,23.75 ,23.77 ,23.77 ,23.79 ,23.83 ,23.73 ,23.62 ,23.78 ,23.76 ,23.65 ,23.66 ,23.73 ,23.75 ,23.79 ,23.81 ,23.84 ,23.76 ,23.75 ,23.76 ,23.75 ,23.71 ,23.77 ,23.76 ,23.79 ,23.82 ,23.76 ,23.78 ,23.87 ,23.85 ,23.88 ,23.94 ,23.85 ,23.81 ,23.82 ,23.77 ,23.78 ,23.82 ,23.77 ,23.74 ,23.8 ,23.86 ,23.76 ,23.76 ,23.85 ,23.83 ,23.9 ,23.84 ,23.82 ,23.85 ,23.89 ,23.76 ,23.76 ,23.81 ,23.8 ,23.9 ,23.88 ,23.87 ,23.8 ,23.76 ,23.75 ,23.9 ,23.93 ,23.79 ,23.84 ,23.88 ,23.79 ,23.74 ,23.83 ,23.87 ,23.83 ,23.87 ,23.78 ,23.76 ,23.82 ,23.88 ,23.85 ,23.88 ,23.79 ,23.76 ,23.79 ,23.84 ,23.86 ,23.8 ,23.75 ,23.81 ,23.81 ,23.78 ,23.82 ,23.78 ,23.82 ,23.88 ,23.91 ,23.84 ,23.74 ,23.8 ,23.82 ,23.75 ,23.88 ,23.84 ,23.85 ,23.85 ,23.82 ,23.84 ,23.88 ,23.83 ,23.78 ,23.91 ,23.89 ,23.83 ,23.8 ,23.84 ,23.82 ,23.9 ,23.77 ,23.83 ,23.89 ,23.82 ,23.79 ,23.77 ,23.76 ,23.79 ,23.79 ,23.84 ,23.82 ,23.85 ,23.87 ,23.83 ,23.89 ,23.89 ,23.75 ,23.81 ,23.89 ,23.84 ,23.9 ,23.82 ,23.79 ,23.86 ,23.88 ,23.8 ,23.81 ,23.83 ,23.88 ,23.84 ,23.88 ,23.89 ,23.77 ,23.83 ,23.81 ,23.85 ,23.77 ,23.83 ,23.82 ,23.85 ,23.82 ,23.76 ,23.78 ,23.75 ,23.74 ,23.77 ,23.84 ,23.83 ,23.86 ,23.79 ,23.79 ,23.84 ,23.76 ,23.85 ,23.79 ,23.77 ,23.85 ,23.82 ,23.77 ,23.87 ,23.92 ,23.85 ,23.8 ,23.88 ,23.81 ,23.81 ,23.81 ,23.85 ,23.81 ,23.81 ,23.81 ,23.8 ,23.74 ,23.77 ,23.87 ,23.88 ,23.87 ,23.87 ,23.87 ,23.85 ,23.69 ,23.77 ,23.88 ,23.83 ,23.8 ,23.86 ,23.87 ,23.8 ,23.74 ,23.82 ,23.86 ,23.84 ,23.89 ,23.84 ,23.87 ,23.93 ,23.79 ,23.72 ,23.74 ,23.71 ,23.86 ,23.94 ,23.84 ,23.79 ,23.68 ,23.73 ,23.76 ,23.83 ,23.73 ,23.76 ,23.76 ,23.73 ,23.84 ,23.87 ,23.85 ,23.85 ,23.91 ,23.77 ,23.81 ,23.77 ,23.79 ,23.75 ,23.76 ,23.76 ,23.75 ,23.83 ,23.78 ,23.67 ,23.71 ,23.84 ,23.85 ,23.81 ,23.82 ,23.78 ,23.83 ,23.79 ,23.74 ,23.81 ,23.83 ,23.83 ,23.84 ,23.83 ,23.68 ,23.8 ,23.76 ,23.85 ,23.86 ,23.77 ,23.66 ,23.74 ,23.73 ,23.85 ,23.86 ,23.81 ,23.84 ,23.86 ,23.82 ,23.8 ,23.71 ,23.69 ,23.72 ,23.75 ,23.84 ,23.77 ,23.81 ,23.81 ,23.79 ,23.71 ,23.73 ,23.68 ,23.7 ,23.8 ,23.75 ,23.8 ,23.75 ,23.73 ,23.71 ,23.73 ,23.82 ,23.78 ,23.76 ,23.72 ,23.68 ,23.71 ,23.68 ,23.74 ,23.75 ,23.69 ,23.58 ,23.42 ,23.49 ,23.51 ,23.36 ,23.31 ,23.31 ,23.32 ,23.34 ,23.37 ,23.42 ,23.41 ,23.32 ,23.33 ,23.39 ,23.32 ,23.41 ,23.52 ,23.37 ,23.24 ,23.33 ,23.43 ,23.53 ,23.47 ,23.34 ,23.35 ,23.37 ,23.32 ,23.38 ,23.44 ,23.4 ,23.42 ,23.29 ,23.3 ,23.32 ,23.28 ,23.37 ,23.34 ,23.25 ,23.24 ,23.28 ,23.2 ,23.14 ,23.12 ,23.2 ,23.21 ,23.27 ,23.23 ,23.17 ,23.18 ,23.2 ,23.13 ,23.19 ,23.38 ,23.26 ,23.24 ,23.27 ,23.23 ,23.2 ,23.21 ,23.26 ,23.17 ,23.04 ,22.93 ,22.86 ,22.77 ,22.74 ,22.82 ,22.85 ,22.77 ,22.81 ,22.85 ,22.82 ,22.71 ,22.68 ,22.79 ,22.73 ,22.74 ,22.77 ,22.74 ,22.61 ,22.58 ,22.64 ,22.74 ,22.84 ,22.75 ,22.63 ,22.7 ,22.7 ,22.89 ,22.67 ,22.74 ,22.73 ,22.87 ,22.82 ,22.75 ,22.68 ,22.68 ,22.74 ,22.73 ,22.71 ,22.64 ,
403,23.3 ,23.2 ,23.21 ,23.26 ,23.33 ,23.29 ,23.35 ,23.28 ,23.3 ,23.38 ,23.34 ,23.35 ,23.3 ,23.27 ,23.32 ,23.34 ,23.31 ,23.38 ,23.31 ,23.24 ,23.16 ,23.23 ,23.36 ,23.31 ,23.36 ,23.38 ,23.4 ,23.41 ,23.39 ,23.44 ,23.35 ,23.39 ,23.52 ,23.43 ,23.4 ,23.53 ,23.56 ,23.63 ,23.56 ,23.4 ,23.5 ,23.47 ,23.48 ,23.4 ,23.49 ,23.55 ,23.61 ,23.51 ,23.46 ,23.53 ,23.48 ,23.52 ,23.49 ,23.48 ,23.51 ,23.53 ,23.47 ,23.49 ,23.53 ,23.51 ,23.56 ,23.69 ,23.68 ,23.67 ,23.66 ,23.43 ,23.5 ,23.6 ,23.54 ,23.54 ,23.5 ,23.6 ,23.57 ,23.61 ,23.57 ,23.61 ,23.7 ,23.6 ,23.53 ,23.53 ,23.58 ,23.6 ,23.59 ,23.54 ,23.53 ,23.6 ,23.58 ,23.62 ,23.64 ,23.43 ,23.45 ,23.49 ,23.55 ,23.53 ,23.53 ,23.56 ,23.54 ,23.43 ,23.55 ,23.64 ,23.61 ,23.59 ,23.64 ,23.57 ,23.55 ,23.52 ,23.57 ,23.52 ,23.53 ,23.51 ,23.49 ,23.5 ,23.54 ,23.55 ,23.58 ,23.54 ,23.57 ,23.62 ,23.6 ,23.6 ,23.56 ,23.55 ,23.58 ,23.63 ,23.6 ,23.51 ,23.56 ,23.66 ,23.64 ,23.57 ,23.63 ,23.67 ,23.64 ,23.58 ,23.53 ,23.6 ,23.73 ,23.73 ,23.64 ,23.66 ,23.66 ,23.64 ,23.63 ,23.69 ,23.65 ,23.64 ,23.65 ,23.66 ,23.64 ,23.68 ,23.7 ,23.6 ,23.72 ,23.68 ,23.65 ,23.65 ,23.67 ,23.77 ,23.78 ,23.71 ,23.67 ,23.61 ,23.65 ,23.67 ,23.65 ,23.62 ,23.63 ,23.61 ,23.63 ,23.74 ,23.74 ,23.7 ,23.7 ,23.7 ,23.72 ,23.74 ,23.67 ,23.64 ,23.58 ,23.63 ,23.69 ,23.62 ,23.7 ,23.77 ,23.73 ,23.7 ,23.66 ,23.66 ,23.69 ,23.7 ,23.74 ,23.66 ,23.66 ,23.62 ,23.57 ,23.5 ,23.56 ,23.58 ,23.57 ,23.62 ,23.7 ,23.65 ,23.58 ,23.57 ,23.68 ,23.67 ,23.63 ,23.7 ,23.69 ,23.66 ,23.63 ,23.73 ,23.7 ,23.61 ,23.65 ,23.66 ,23.69 ,23.7 ,23.6 ,23.67 ,23.73 ,23.64 ,23.67 ,23.63 ,23.72 ,23.79 ,23.79 ,23.7 ,23.67 ,23.67 ,23.74 ,23.75 ,23.81 ,23.73 ,23.78 ,23.8 ,23.82 ,23.77 ,23.7 ,23.73 ,23.74 ,23.79 ,23.79 ,23.72 ,23.72 ,23.75 ,23.81 ,23.8 ,23.75 ,23.74 ,23.75 ,23.73 ,23.9 ,23.82 ,23.69 ,23.75 ,23.85 ,23.84 ,23.81 ,23.79 ,23.72 ,23.74 ,23.73 ,23.84 ,23.83 ,23.82 ,23.9 ,23.98 ,23.89 ,23.78 ,23.75 ,23.74 ,23.76 ,23.87 ,23.82 ,23.7 ,23.8 ,23.87 ,23.88 ,23.8 ,23.77 ,23.86 ,23.91 ,23.86 ,23.81 ,23.82 ,23.81 ,23.81 ,23.85 ,23.88 ,23.8 ,23.89 ,23.87 ,23.84 ,23.86 ,23.82 ,23.79 ,23.93 ,23.96 ,23.87 ,23.77 ,23.8 ,23.74 ,23.76 ,23.81 ,23.86 ,23.87 ,24.01 ,23.85 ,23.69 ,23.79 ,23.92 ,23.86 ,23.82 ,23.78 ,23.71 ,23.73 ,23.83 ,23.83 ,23.84 ,23.73 ,23.85 ,23.84 ,23.75 ,23.85 ,23.82 ,23.79 ,23.83 ,23.83 ,23.8 ,23.75 ,23.74 ,23.87 ,23.8 ,23.8 ,23.87 ,23.81 ,23.86 ,23.78 ,23.79 ,23.81 ,23.83 ,23.8 ,23.88 ,23.85 ,23.82 ,23.85 ,23.8 ,23.71 ,23.76 ,23.79 ,23.81 ,23.89 ,23.87 ,23.84 ,23.85 ,23.77 ,23.84 ,23.77 ,23.81 ,23.85 ,23.81 ,23.83 ,23.8 ,23.92 ,23.86 ,23.76 ,23.83 ,23.87 ,23.8 ,23.83 ,23.85 ,23.87 ,23.86 ,23.8 ,23.79 ,23.84 ,23.83 ,23.8 ,23.75 ,23.77 ,23.79 ,23.8 ,23.85 ,23.8 ,23.79 ,23.84 ,23.88 ,23.88 ,23.87 ,23.77 ,23.76 ,23.79 ,23.73 ,23.69 ,23.75 ,23.78 ,23.8 ,23.8 ,23.82 ,23.86 ,23.83 ,23.78 ,23.87 ,23.87 ,23.83 ,23.89 ,23.86 ,23.9 ,23.86 ,23.9 ,23.81 ,23.9 ,23.91 ,23.8 ,23.84 ,23.87 ,23.81 ,23.79 ,23.81 ,23.79 ,23.85 ,23.76 ,23.78 ,23.81 ,23.82 ,23.8 ,23.82 ,23.88 ,23.85 ,23.75 ,23.72 ,23.82 ,23.84 ,23.85 ,23.83 ,23.85 ,23.86 ,23.79 ,23.82 ,23.77 ,23.84 ,23.88 ,23.72 ,23.73 ,23.79 ,23.76 ,23.75 ,23.72 ,23.78 ,23.77 ,23.88 ,23.84 ,23.79 ,23.72 ,23.73 ,23.7 ,23.8 ,23.78 ,23.8 ,23.77 ,23.76 ,23.74 ,23.81 ,23.84 ,23.84 ,23.78 ,23.73 ,23.72 ,23.84 ,23.74 ,23.72 ,23.72 ,23.78 ,23.77 ,23.79 ,23.77 ,23.75 ,23.69 ,23.82 ,23.86 ,23.83 ,23.76 ,23.82 ,23.76 ,23.78 ,23.82 ,23.8 ,23.76 ,23.82 ,23.92 ,23.81 ,23.73 ,23.8 ,23.72 ,23.83 ,23.94 ,23.86 ,23.75 ,23.78 ,23.75 ,23.77 ,23.75 ,23.67 ,23.81 ,23.87 ,23.79 ,23.91 ,23.84 ,23.72 ,23.66 ,23.66 ,23.76 ,23.83 ,23.79 ,23.86 ,23.8 ,23.71 ,23.65 ,23.72 ,23.74 ,23.79 ,23.79 ,23.82 ,23.7 ,23.67 ,23.65 ,23.64 ,23.7 ,23.72 ,23.74 ,23.64 ,23.63 ,23.65 ,23.66 ,23.67 ,23.75 ,23.66 ,23.57 ,23.47 ,23.47 ,23.45 ,23.35 ,23.32 ,23.39 ,23.38 ,23.38 ,23.38 ,23.36 ,23.34 ,23.37 ,23.35 ,23.4 ,23.36 ,23.42 ,23.44 ,23.44 ,23.37 ,23.38 ,23.43 ,23.46 ,23.41 ,23.34 ,23.4 ,23.34 ,23.4 ,23.38 ,23.36 ,23.4 ,23.52 ,23.36 ,23.4 ,23.46 ,23.36 ,23.3 ,23.3 ,23.16 ,23.19 ,23.26 ,23.16 ,23.06 ,23.14 ,23.18 ,23.16 ,23.17 ,23.16 ,23.16 ,23.18 ,23.18 ,23.1 ,23.14 ,23.26 ,23.23 ,23.28 ,23.33 ,23.34 ,23.2 ,23.15 ,23.23 ,23.24 ,23.15 ,23.08 ,23.05 ,22.9 ,22.78 ,22.78 ,22.79 ,22.69 ,22.7 ,22.86 ,22.79 ,22.76 ,22.74 ,22.81 ,22.75 ,22.75 ,22.78 ,22.76 ,22.65 ,22.53 ,22.68 ,22.78 ,22.9 ,22.84 ,22.65 ,22.7 ,22.8 ,22.78 ,22.74 ,22.72 ,22.76 ,22.74 ,22.84 ,22.74 ,22.68 ,22.68 ,22.69 ,22.72 ,22.57 ,22.56 ,
404,23.31 ,23.27 ,23.35 ,23.31 ,23.31 ,23.28 ,23.24 ,23.26 ,23.28 ,23.35 ,23.35 ,23.31 ,23.36 ,23.33 ,23.39 ,23.44 ,23.34 ,23.36 ,23.33 ,23.29 ,23.22 ,23.2 ,23.29 ,23.29 ,23.31 ,23.4 ,23.4 ,23.4 ,23.4 ,23.46 ,23.4 ,23.29 ,23.44 ,23.48 ,23.4 ,23.48 ,23.53 ,23.65 ,23.63 ,23.46 ,23.51 ,23.43 ,23.39 ,23.4 ,23.44 ,23.61 ,23.65 ,23.55 ,23.5 ,23.57 ,23.56 ,23.46 ,23.53 ,23.54 ,23.58 ,23.54 ,23.5 ,23.53 ,23.6 ,23.58 ,23.6 ,23.56 ,23.6 ,23.67 ,23.56 ,23.47 ,23.5 ,23.57 ,23.48 ,23.5 ,23.5 ,23.58 ,23.71 ,23.72 ,23.58 ,23.48 ,23.57 ,23.6 ,23.51 ,23.53 ,23.49 ,23.51 ,23.57 ,23.48 ,23.45 ,23.51 ,23.59 ,23.51 ,23.59 ,23.56 ,23.56 ,23.55 ,23.55 ,23.61 ,23.49 ,23.6 ,23.56 ,23.47 ,23.53 ,23.59 ,23.59 ,23.55 ,23.58 ,23.61 ,23.54 ,23.52 ,23.55 ,23.5 ,23.52 ,23.52 ,23.5 ,23.51 ,23.62 ,23.61 ,23.64 ,23.61 ,23.53 ,23.59 ,23.63 ,23.64 ,23.62 ,23.58 ,23.57 ,23.66 ,23.66 ,23.58 ,23.52 ,23.66 ,23.65 ,23.54 ,23.55 ,23.65 ,23.61 ,23.65 ,23.57 ,23.61 ,23.69 ,23.69 ,23.59 ,23.61 ,23.61 ,23.64 ,23.66 ,23.69 ,23.63 ,23.65 ,23.62 ,23.63 ,23.72 ,23.72 ,23.68 ,23.57 ,23.64 ,23.71 ,23.67 ,23.72 ,23.72 ,23.71 ,23.69 ,23.66 ,23.64 ,23.66 ,23.67 ,23.69 ,23.66 ,23.65 ,23.71 ,23.69 ,23.67 ,23.71 ,23.7 ,23.56 ,23.67 ,23.69 ,23.69 ,23.7 ,23.65 ,23.68 ,23.66 ,23.62 ,23.67 ,23.7 ,23.65 ,23.75 ,23.69 ,23.68 ,23.62 ,23.61 ,23.63 ,23.67 ,23.72 ,23.62 ,23.67 ,23.63 ,23.61 ,23.54 ,23.57 ,23.62 ,23.55 ,23.64 ,23.74 ,23.62 ,23.6 ,23.59 ,23.61 ,23.66 ,23.63 ,23.67 ,23.76 ,23.64 ,23.61 ,23.66 ,23.71 ,23.56 ,23.55 ,23.66 ,23.66 ,23.67 ,23.68 ,23.59 ,23.63 ,23.66 ,23.67 ,23.65 ,23.75 ,23.81 ,23.81 ,23.78 ,23.69 ,23.65 ,23.66 ,23.77 ,23.74 ,23.65 ,23.65 ,23.76 ,23.79 ,23.75 ,23.7 ,23.75 ,23.75 ,23.73 ,23.72 ,23.73 ,23.79 ,23.77 ,23.78 ,23.82 ,23.73 ,23.68 ,23.81 ,23.72 ,23.78 ,23.78 ,23.81 ,23.81 ,23.95 ,23.95 ,23.79 ,23.71 ,23.76 ,23.84 ,23.8 ,23.83 ,23.87 ,23.85 ,23.81 ,23.85 ,23.84 ,23.82 ,23.83 ,23.79 ,23.82 ,23.86 ,23.8 ,23.86 ,23.84 ,23.82 ,23.74 ,23.74 ,23.79 ,23.77 ,23.82 ,23.81 ,23.69 ,23.79 ,23.86 ,23.77 ,23.8 ,23.76 ,23.75 ,23.86 ,23.87 ,23.86 ,23.85 ,23.89 ,23.81 ,23.91 ,23.97 ,23.86 ,23.8 ,23.77 ,23.73 ,23.79 ,23.81 ,23.84 ,23.9 ,23.96 ,23.82 ,23.74 ,23.85 ,23.96 ,23.86 ,23.84 ,23.87 ,23.85 ,23.83 ,23.85 ,23.74 ,23.81 ,23.76 ,23.81 ,23.84 ,23.75 ,23.9 ,23.81 ,23.83 ,23.82 ,23.76 ,23.75 ,23.76 ,23.77 ,23.81 ,23.79 ,23.79 ,23.81 ,23.86 ,23.87 ,23.83 ,23.8 ,23.82 ,23.8 ,23.8 ,23.89 ,23.87 ,23.8 ,23.67 ,23.73 ,23.72 ,23.76 ,23.79 ,23.88 ,23.89 ,23.91 ,23.84 ,23.8 ,23.79 ,23.87 ,23.78 ,23.67 ,23.77 ,23.73 ,23.8 ,23.77 ,23.85 ,23.87 ,23.81 ,23.88 ,23.91 ,23.81 ,23.78 ,23.8 ,23.82 ,23.84 ,23.86 ,23.82 ,23.78 ,23.9 ,23.81 ,23.69 ,23.79 ,23.82 ,23.73 ,23.88 ,23.83 ,23.84 ,23.79 ,23.83 ,23.89 ,23.84 ,23.85 ,23.79 ,23.81 ,23.77 ,23.79 ,23.79 ,23.77 ,23.84 ,23.81 ,23.82 ,23.89 ,23.88 ,23.84 ,23.89 ,23.86 ,23.81 ,23.85 ,23.84 ,23.86 ,23.83 ,23.84 ,23.73 ,23.82 ,23.91 ,23.79 ,23.82 ,23.84 ,23.78 ,23.78 ,23.83 ,23.78 ,23.84 ,23.88 ,23.81 ,23.78 ,23.82 ,23.88 ,23.81 ,23.83 ,23.77 ,23.68 ,23.83 ,23.8 ,23.84 ,23.79 ,23.77 ,23.83 ,23.88 ,23.77 ,23.76 ,23.74 ,23.79 ,23.88 ,23.75 ,23.75 ,23.73 ,23.83 ,23.8 ,23.76 ,23.83 ,23.82 ,23.83 ,23.86 ,23.81 ,23.84 ,23.82 ,23.76 ,23.87 ,23.89 ,23.81 ,23.74 ,23.79 ,23.76 ,23.8 ,23.83 ,23.8 ,23.77 ,23.77 ,23.8 ,23.72 ,23.69 ,23.69 ,23.72 ,23.77 ,23.74 ,23.8 ,23.81 ,23.78 ,23.73 ,23.81 ,23.84 ,23.79 ,23.79 ,23.81 ,23.7 ,23.75 ,23.77 ,23.77 ,23.74 ,23.78 ,23.74 ,23.8 ,23.73 ,23.77 ,23.68 ,23.65 ,23.84 ,23.86 ,23.73 ,23.76 ,23.75 ,23.67 ,23.71 ,23.74 ,23.67 ,23.79 ,23.82 ,23.86 ,23.83 ,23.71 ,23.71 ,23.7 ,23.75 ,23.89 ,23.83 ,23.71 ,23.72 ,23.6 ,23.63 ,23.72 ,23.82 ,23.73 ,23.72 ,23.74 ,23.65 ,23.66 ,23.68 ,23.69 ,23.7 ,23.72 ,23.68 ,23.61 ,23.61 ,23.69 ,23.63 ,23.6 ,23.65 ,23.62 ,23.48 ,23.49 ,23.45 ,23.4 ,23.41 ,23.38 ,23.43 ,23.32 ,23.24 ,23.41 ,23.43 ,23.43 ,23.36 ,23.33 ,23.41 ,23.39 ,23.44 ,23.43 ,23.37 ,23.44 ,23.46 ,23.41 ,23.46 ,23.43 ,23.41 ,23.37 ,23.36 ,23.38 ,23.42 ,23.51 ,23.46 ,23.45 ,23.41 ,23.33 ,23.35 ,23.43 ,23.39 ,23.32 ,23.18 ,23.21 ,23.25 ,23.21 ,23.19 ,23.16 ,23.22 ,23.18 ,23.17 ,23.2 ,23.25 ,23.25 ,23.17 ,23.17 ,23.18 ,23.19 ,23.18 ,23.26 ,23.25 ,23.25 ,23.24 ,23.14 ,23.17 ,23.12 ,23.15 ,23.19 ,23.16 ,23.12 ,22.98 ,22.83 ,22.72 ,22.66 ,22.72 ,22.79 ,22.77 ,22.83 ,22.69 ,22.76 ,22.73 ,22.76 ,22.76 ,22.74 ,22.72 ,22.61 ,22.71 ,22.86 ,22.82 ,22.73 ,22.75 ,22.71 ,22.73 ,22.76 ,22.61 ,22.63 ,22.69 ,22.71 ,22.72 ,22.72 ,22.68 ,22.66 ,22.64 ,22.7 ,22.64 ,22.52 ,
405,23.26 ,23.21 ,23.26 ,23.33 ,23.29 ,23.32 ,23.35 ,23.31 ,23.35 ,23.36 ,23.31 ,23.2 ,23.32 ,23.26 ,23.3 ,23.47 ,23.36 ,23.32 ,23.32 ,23.27 ,23.17 ,23.26 ,23.33 ,23.21 ,23.26 ,23.36 ,23.39 ,23.34 ,23.34 ,23.43 ,23.45 ,23.33 ,23.33 ,23.52 ,23.48 ,23.49 ,23.47 ,23.55 ,23.56 ,23.46 ,23.53 ,23.5 ,23.42 ,23.54 ,23.54 ,23.62 ,23.67 ,23.63 ,23.56 ,23.57 ,23.57 ,23.53 ,23.53 ,23.59 ,23.61 ,23.59 ,23.63 ,23.61 ,23.55 ,23.57 ,23.62 ,23.67 ,23.6 ,23.59 ,23.56 ,23.5 ,23.54 ,23.53 ,23.53 ,23.53 ,23.48 ,23.47 ,23.67 ,23.65 ,23.5 ,23.47 ,23.55 ,23.64 ,23.56 ,23.55 ,23.52 ,23.56 ,23.56 ,23.57 ,23.55 ,23.64 ,23.55 ,23.54 ,23.54 ,23.57 ,23.63 ,23.68 ,23.62 ,23.64 ,23.6 ,23.65 ,23.57 ,23.54 ,23.62 ,23.58 ,23.56 ,23.63 ,23.64 ,23.67 ,23.6 ,23.5 ,23.6 ,23.58 ,23.57 ,23.58 ,23.55 ,23.56 ,23.57 ,23.57 ,23.66 ,23.61 ,23.52 ,23.62 ,23.63 ,23.7 ,23.66 ,23.63 ,23.57 ,23.59 ,23.64 ,23.66 ,23.58 ,23.67 ,23.66 ,23.5 ,23.51 ,23.65 ,23.61 ,23.66 ,23.6 ,23.58 ,23.69 ,23.7 ,23.61 ,23.55 ,23.59 ,23.59 ,23.62 ,23.67 ,23.63 ,23.63 ,23.65 ,23.6 ,23.67 ,23.69 ,23.74 ,23.63 ,23.66 ,23.65 ,23.64 ,23.67 ,23.66 ,23.64 ,23.63 ,23.61 ,23.64 ,23.66 ,23.65 ,23.63 ,23.78 ,23.79 ,23.74 ,23.76 ,23.71 ,23.83 ,23.75 ,23.61 ,23.61 ,23.71 ,23.69 ,23.7 ,23.68 ,23.71 ,23.7 ,23.7 ,23.72 ,23.68 ,23.68 ,23.69 ,23.66 ,23.71 ,23.72 ,23.64 ,23.65 ,23.61 ,23.67 ,23.72 ,23.67 ,23.66 ,23.63 ,23.6 ,23.62 ,23.67 ,23.62 ,23.56 ,23.69 ,23.72 ,23.67 ,23.64 ,23.59 ,23.68 ,23.56 ,23.6 ,23.62 ,23.75 ,23.67 ,23.65 ,23.67 ,23.64 ,23.58 ,23.64 ,23.6 ,23.7 ,23.66 ,23.69 ,23.6 ,23.65 ,23.69 ,23.73 ,23.75 ,23.74 ,23.78 ,23.76 ,23.78 ,23.72 ,23.67 ,23.76 ,23.81 ,23.73 ,23.7 ,23.69 ,23.75 ,23.7 ,23.69 ,23.83 ,23.84 ,23.75 ,23.73 ,23.71 ,23.8 ,23.85 ,23.79 ,23.77 ,23.83 ,23.69 ,23.8 ,23.82 ,23.77 ,23.75 ,23.83 ,23.88 ,23.88 ,23.93 ,23.77 ,23.72 ,23.77 ,23.89 ,23.83 ,23.79 ,23.84 ,23.93 ,23.84 ,23.86 ,23.91 ,23.8 ,23.81 ,23.87 ,23.85 ,23.87 ,23.8 ,23.86 ,23.85 ,23.84 ,23.81 ,23.76 ,23.78 ,23.8 ,23.73 ,23.77 ,23.8 ,23.86 ,23.95 ,23.84 ,23.81 ,23.82 ,23.83 ,23.9 ,23.88 ,23.85 ,23.83 ,23.94 ,23.9 ,23.92 ,23.89 ,23.82 ,23.76 ,23.79 ,23.8 ,23.86 ,23.83 ,23.87 ,23.83 ,23.82 ,23.84 ,23.81 ,23.88 ,23.93 ,23.87 ,23.86 ,23.95 ,23.89 ,23.78 ,23.82 ,23.83 ,23.84 ,23.85 ,23.87 ,23.89 ,23.77 ,23.8 ,23.74 ,23.86 ,23.89 ,23.88 ,23.78 ,23.83 ,23.85 ,23.85 ,23.82 ,23.8 ,23.79 ,23.86 ,23.87 ,23.85 ,23.88 ,23.85 ,23.81 ,23.8 ,23.83 ,23.86 ,23.84 ,23.78 ,23.78 ,23.75 ,23.81 ,23.79 ,23.85 ,23.86 ,23.8 ,23.77 ,23.78 ,23.74 ,23.79 ,23.82 ,23.81 ,23.82 ,23.83 ,23.89 ,23.8 ,23.83 ,23.76 ,23.85 ,23.92 ,23.91 ,23.83 ,23.81 ,23.88 ,23.97 ,23.85 ,23.78 ,23.79 ,23.83 ,23.96 ,23.92 ,23.79 ,23.74 ,23.78 ,23.74 ,23.86 ,23.83 ,23.81 ,23.76 ,23.77 ,23.87 ,23.89 ,23.84 ,23.86 ,23.87 ,23.82 ,23.83 ,23.84 ,23.75 ,23.81 ,23.87 ,23.68 ,23.74 ,23.87 ,23.9 ,23.82 ,23.86 ,23.83 ,23.83 ,23.81 ,23.81 ,23.76 ,23.83 ,23.82 ,23.85 ,23.93 ,23.8 ,23.8 ,23.75 ,23.65 ,23.78 ,23.88 ,23.75 ,23.74 ,23.87 ,23.95 ,23.81 ,23.86 ,23.8 ,23.84 ,23.88 ,23.78 ,23.78 ,23.81 ,23.84 ,23.83 ,23.86 ,23.84 ,23.85 ,23.89 ,23.83 ,23.69 ,23.71 ,23.79 ,23.86 ,23.82 ,23.79 ,23.83 ,23.81 ,23.84 ,23.87 ,23.9 ,23.83 ,23.79 ,23.82 ,23.83 ,23.78 ,23.81 ,23.85 ,23.86 ,23.82 ,23.88 ,23.75 ,23.79 ,23.78 ,23.81 ,23.86 ,23.79 ,23.79 ,23.84 ,23.85 ,23.73 ,23.7 ,23.74 ,23.73 ,23.75 ,23.69 ,23.71 ,23.72 ,23.77 ,23.73 ,23.74 ,23.8 ,23.85 ,23.84 ,23.83 ,23.83 ,23.77 ,23.82 ,23.85 ,23.75 ,23.74 ,23.77 ,23.75 ,23.76 ,23.8 ,23.75 ,23.68 ,23.73 ,23.78 ,23.7 ,23.81 ,23.83 ,23.8 ,23.76 ,23.72 ,23.73 ,23.89 ,23.87 ,23.83 ,23.75 ,23.75 ,23.74 ,23.72 ,23.77 ,23.88 ,23.87 ,23.83 ,23.85 ,23.66 ,23.62 ,23.72 ,23.72 ,23.72 ,23.68 ,23.7 ,23.69 ,23.63 ,23.7 ,23.73 ,23.76 ,23.74 ,23.72 ,23.7 ,23.66 ,23.7 ,23.67 ,23.6 ,23.69 ,23.72 ,23.57 ,23.42 ,23.54 ,23.42 ,23.4 ,23.44 ,23.38 ,23.34 ,23.28 ,23.48 ,23.51 ,23.5 ,23.38 ,23.36 ,23.41 ,23.41 ,23.49 ,23.52 ,23.42 ,23.33 ,23.48 ,23.5 ,23.37 ,23.5 ,23.49 ,23.46 ,23.44 ,23.36 ,23.42 ,23.6 ,23.57 ,23.43 ,23.42 ,23.47 ,23.29 ,23.3 ,23.31 ,23.38 ,23.28 ,23.17 ,23.2 ,23.3 ,23.27 ,23.28 ,23.28 ,23.21 ,23.25 ,23.21 ,23.22 ,23.2 ,23.14 ,23.17 ,23.18 ,23.25 ,23.24 ,23.21 ,23.18 ,23.23 ,23.19 ,23.11 ,23.21 ,23.16 ,23.15 ,23.33 ,23.31 ,23.17 ,23.03 ,22.86 ,22.75 ,22.76 ,22.71 ,22.83 ,22.8 ,22.71 ,22.62 ,22.66 ,22.79 ,22.67 ,22.74 ,22.72 ,22.59 ,22.64 ,22.71 ,22.78 ,22.69 ,22.67 ,22.7 ,22.57 ,22.63 ,22.72 ,22.63 ,22.67 ,22.79 ,22.72 ,22.72 ,22.74 ,22.66 ,22.73 ,22.63 ,22.67 ,22.62 ,22.56 ,
406,23.21 ,23.22 ,23.23 ,23.22 ,23.24 ,23.26 ,23.26 ,23.29 ,23.38 ,23.38 ,23.25 ,23.23 ,23.32 ,23.32 ,23.28 ,23.37 ,23.27 ,23.31 ,23.39 ,23.36 ,23.22 ,23.26 ,23.44 ,23.27 ,23.31 ,23.37 ,23.43 ,23.42 ,23.36 ,23.43 ,23.41 ,23.36 ,23.31 ,23.5 ,23.58 ,23.57 ,23.58 ,23.6 ,23.47 ,23.45 ,23.54 ,23.57 ,23.53 ,23.56 ,23.45 ,23.52 ,23.6 ,23.61 ,23.48 ,23.53 ,23.47 ,23.55 ,23.47 ,23.47 ,23.55 ,23.51 ,23.62 ,23.61 ,23.46 ,23.43 ,23.55 ,23.65 ,23.57 ,23.54 ,23.55 ,23.48 ,23.49 ,23.5 ,23.47 ,23.48 ,23.51 ,23.48 ,23.57 ,23.59 ,23.53 ,23.54 ,23.59 ,23.62 ,23.61 ,23.57 ,23.59 ,23.55 ,23.61 ,23.58 ,23.63 ,23.64 ,23.69 ,23.54 ,23.58 ,23.6 ,23.55 ,23.63 ,23.71 ,23.62 ,23.54 ,23.64 ,23.54 ,23.43 ,23.62 ,23.67 ,23.67 ,23.69 ,23.68 ,23.65 ,23.68 ,23.57 ,23.55 ,23.57 ,23.61 ,23.55 ,23.5 ,23.57 ,23.51 ,23.47 ,23.57 ,23.56 ,23.54 ,23.53 ,23.59 ,23.64 ,23.66 ,23.55 ,23.56 ,23.62 ,23.59 ,23.65 ,23.64 ,23.61 ,23.61 ,23.56 ,23.57 ,23.6 ,23.62 ,23.6 ,23.62 ,23.63 ,23.73 ,23.65 ,23.69 ,23.61 ,23.63 ,23.52 ,23.52 ,23.6 ,23.65 ,23.67 ,23.68 ,23.6 ,23.68 ,23.71 ,23.71 ,23.76 ,23.73 ,23.68 ,23.67 ,23.64 ,23.59 ,23.68 ,23.76 ,23.7 ,23.66 ,23.64 ,23.69 ,23.58 ,23.7 ,23.76 ,23.65 ,23.74 ,23.7 ,23.72 ,23.76 ,23.71 ,23.65 ,23.67 ,23.73 ,23.71 ,23.68 ,23.64 ,23.62 ,23.63 ,23.71 ,23.67 ,23.65 ,23.67 ,23.69 ,23.67 ,23.69 ,23.71 ,23.64 ,23.59 ,23.71 ,23.78 ,23.73 ,23.68 ,23.7 ,23.61 ,23.65 ,23.64 ,23.62 ,23.6 ,23.64 ,23.64 ,23.63 ,23.66 ,23.66 ,23.67 ,23.64 ,23.56 ,23.59 ,23.69 ,23.65 ,23.6 ,23.63 ,23.63 ,23.62 ,23.64 ,23.62 ,23.68 ,23.61 ,23.7 ,23.71 ,23.68 ,23.61 ,23.73 ,23.8 ,23.7 ,23.63 ,23.74 ,23.74 ,23.8 ,23.72 ,23.78 ,23.8 ,23.77 ,23.71 ,23.69 ,23.74 ,23.75 ,23.71 ,23.76 ,23.84 ,23.8 ,23.76 ,23.7 ,23.79 ,23.81 ,23.8 ,23.76 ,23.78 ,23.74 ,23.76 ,23.76 ,23.8 ,23.77 ,23.81 ,23.84 ,23.79 ,23.88 ,23.84 ,23.67 ,23.69 ,23.8 ,23.79 ,23.76 ,23.82 ,23.88 ,23.8 ,23.86 ,23.87 ,23.79 ,23.75 ,23.87 ,23.86 ,23.9 ,23.85 ,23.79 ,23.78 ,23.8 ,23.76 ,23.75 ,23.78 ,23.78 ,23.73 ,23.7 ,23.79 ,23.86 ,23.85 ,23.86 ,23.82 ,23.82 ,23.88 ,23.85 ,23.79 ,23.78 ,23.88 ,23.95 ,23.93 ,23.9 ,23.91 ,23.8 ,23.81 ,23.78 ,23.78 ,23.84 ,23.77 ,23.83 ,23.78 ,23.73 ,23.89 ,23.88 ,23.87 ,23.84 ,23.85 ,23.88 ,23.89 ,23.85 ,23.79 ,23.84 ,23.83 ,23.82 ,23.79 ,23.87 ,23.87 ,23.74 ,23.74 ,23.78 ,23.84 ,23.89 ,23.93 ,23.85 ,23.83 ,23.81 ,23.87 ,23.81 ,23.86 ,23.84 ,23.85 ,23.87 ,23.8 ,23.81 ,23.85 ,23.92 ,23.87 ,23.92 ,23.93 ,23.85 ,23.84 ,23.8 ,23.79 ,23.83 ,23.77 ,23.75 ,23.82 ,23.77 ,23.77 ,23.81 ,23.77 ,23.81 ,23.9 ,23.89 ,23.92 ,23.91 ,23.92 ,23.86 ,23.91 ,23.8 ,23.84 ,23.93 ,23.88 ,23.86 ,23.83 ,23.89 ,23.95 ,23.85 ,23.79 ,23.73 ,23.79 ,23.88 ,23.89 ,23.84 ,23.76 ,23.77 ,23.81 ,23.88 ,23.87 ,23.83 ,23.72 ,23.81 ,23.86 ,23.81 ,23.79 ,23.82 ,23.84 ,23.8 ,23.83 ,23.89 ,23.84 ,23.82 ,23.9 ,23.81 ,23.75 ,23.87 ,23.89 ,23.85 ,23.86 ,23.81 ,23.79 ,23.79 ,23.74 ,23.78 ,23.84 ,23.83 ,23.83 ,23.88 ,23.79 ,23.81 ,23.8 ,23.72 ,23.72 ,23.88 ,23.85 ,23.79 ,23.85 ,23.87 ,23.8 ,23.82 ,23.82 ,23.88 ,23.9 ,23.81 ,23.84 ,23.79 ,23.84 ,23.81 ,23.82 ,23.94 ,23.96 ,23.86 ,23.73 ,23.75 ,23.75 ,23.74 ,23.81 ,23.8 ,23.76 ,23.78 ,23.82 ,23.81 ,23.77 ,23.84 ,23.84 ,23.77 ,23.76 ,23.8 ,23.74 ,23.79 ,23.77 ,23.81 ,23.76 ,23.77 ,23.73 ,23.77 ,23.78 ,23.78 ,23.77 ,23.78 ,23.79 ,23.84 ,23.8 ,23.79 ,23.79 ,23.83 ,23.86 ,23.8 ,23.71 ,23.77 ,23.72 ,23.73 ,23.79 ,23.71 ,23.75 ,23.83 ,23.8 ,23.81 ,23.83 ,23.8 ,23.85 ,23.93 ,23.79 ,23.74 ,23.83 ,23.85 ,23.77 ,23.82 ,23.75 ,23.73 ,23.79 ,23.83 ,23.74 ,23.76 ,23.81 ,23.79 ,23.82 ,23.67 ,23.68 ,23.9 ,23.92 ,23.79 ,23.76 ,23.7 ,23.74 ,23.79 ,23.73 ,23.78 ,23.82 ,23.82 ,23.81 ,23.7 ,23.7 ,23.72 ,23.62 ,23.68 ,23.76 ,23.7 ,23.69 ,23.61 ,23.67 ,23.8 ,23.81 ,23.79 ,23.68 ,23.64 ,23.68 ,23.72 ,23.61 ,23.6 ,23.61 ,23.71 ,23.66 ,23.49 ,23.4 ,23.47 ,23.38 ,23.36 ,23.43 ,23.41 ,23.32 ,23.47 ,23.51 ,23.48 ,23.46 ,23.44 ,23.48 ,23.36 ,23.37 ,23.43 ,23.41 ,23.3 ,23.36 ,23.53 ,23.37 ,23.4 ,23.41 ,23.41 ,23.46 ,23.33 ,23.42 ,23.53 ,23.51 ,23.51 ,23.43 ,23.4 ,23.39 ,23.3 ,23.32 ,23.42 ,23.4 ,23.27 ,23.28 ,23.25 ,23.13 ,23.11 ,23.21 ,23.23 ,23.21 ,23.26 ,23.23 ,23.18 ,23.15 ,23.13 ,23.22 ,23.38 ,23.38 ,23.3 ,23.23 ,23.25 ,23.34 ,23.12 ,23.2 ,23.22 ,23.13 ,23.22 ,23.32 ,23.15 ,23.12 ,23.09 ,22.83 ,22.77 ,22.77 ,22.86 ,22.8 ,22.74 ,22.54 ,22.64 ,22.73 ,22.69 ,22.71 ,22.66 ,22.65 ,22.6 ,22.67 ,22.63 ,22.58 ,22.62 ,22.76 ,22.7 ,22.69 ,22.74 ,22.7 ,22.72 ,22.78 ,22.78 ,22.8 ,22.76 ,22.7 ,22.69 ,22.77 ,22.75 ,22.62 ,22.65 ,
407,23.23 ,23.26 ,23.33 ,23.24 ,23.21 ,23.28 ,23.25 ,23.2 ,23.4 ,23.36 ,23.21 ,23.21 ,23.29 ,23.34 ,23.35 ,23.4 ,23.27 ,23.28 ,23.35 ,23.37 ,23.28 ,23.3 ,23.42 ,23.27 ,23.31 ,23.41 ,23.38 ,23.37 ,23.32 ,23.31 ,23.35 ,23.32 ,23.39 ,23.47 ,23.52 ,23.56 ,23.57 ,23.58 ,23.57 ,23.54 ,23.55 ,23.47 ,23.44 ,23.46 ,23.43 ,23.4 ,23.58 ,23.68 ,23.52 ,23.49 ,23.47 ,23.53 ,23.51 ,23.48 ,23.52 ,23.55 ,23.53 ,23.62 ,23.6 ,23.55 ,23.61 ,23.61 ,23.58 ,23.47 ,23.43 ,23.4 ,23.44 ,23.48 ,23.45 ,23.43 ,23.54 ,23.58 ,23.51 ,23.65 ,23.57 ,23.59 ,23.67 ,23.62 ,23.59 ,23.53 ,23.5 ,23.52 ,23.58 ,23.64 ,23.6 ,23.62 ,23.59 ,23.56 ,23.52 ,23.57 ,23.56 ,23.54 ,23.59 ,23.63 ,23.47 ,23.47 ,23.56 ,23.48 ,23.55 ,23.64 ,23.62 ,23.69 ,23.66 ,23.56 ,23.54 ,23.58 ,23.57 ,23.66 ,23.59 ,23.54 ,23.46 ,23.52 ,23.59 ,23.53 ,23.53 ,23.62 ,23.59 ,23.5 ,23.52 ,23.57 ,23.55 ,23.51 ,23.58 ,23.64 ,23.57 ,23.63 ,23.69 ,23.58 ,23.61 ,23.61 ,23.59 ,23.62 ,23.61 ,23.59 ,23.54 ,23.57 ,23.62 ,23.64 ,23.64 ,23.67 ,23.59 ,23.54 ,23.57 ,23.66 ,23.68 ,23.74 ,23.73 ,23.65 ,23.63 ,23.69 ,23.7 ,23.66 ,23.7 ,23.67 ,23.61 ,23.61 ,23.52 ,23.59 ,23.73 ,23.77 ,23.71 ,23.75 ,23.72 ,23.75 ,23.76 ,23.65 ,23.56 ,23.65 ,23.63 ,23.66 ,23.69 ,23.66 ,23.66 ,23.63 ,23.68 ,23.73 ,23.67 ,23.66 ,23.64 ,23.62 ,23.69 ,23.78 ,23.74 ,23.62 ,23.61 ,23.64 ,23.58 ,23.69 ,23.67 ,23.65 ,23.7 ,23.72 ,23.69 ,23.63 ,23.69 ,23.66 ,23.64 ,23.71 ,23.68 ,23.64 ,23.71 ,23.63 ,23.63 ,23.65 ,23.66 ,23.56 ,23.54 ,23.61 ,23.61 ,23.64 ,23.71 ,23.71 ,23.66 ,23.59 ,23.62 ,23.65 ,23.58 ,23.68 ,23.69 ,23.75 ,23.74 ,23.68 ,23.6 ,23.64 ,23.78 ,23.79 ,23.65 ,23.68 ,23.68 ,23.75 ,23.74 ,23.77 ,23.78 ,23.72 ,23.68 ,23.7 ,23.7 ,23.75 ,23.77 ,23.74 ,23.75 ,23.82 ,23.82 ,23.76 ,23.76 ,23.78 ,23.75 ,23.85 ,23.83 ,23.76 ,23.8 ,23.72 ,23.71 ,23.78 ,23.83 ,23.78 ,23.76 ,23.81 ,23.84 ,23.83 ,23.71 ,23.81 ,23.84 ,23.81 ,23.85 ,23.86 ,23.83 ,23.9 ,23.85 ,23.77 ,23.71 ,23.72 ,23.85 ,23.87 ,23.8 ,23.78 ,23.78 ,23.8 ,23.82 ,23.8 ,23.76 ,23.72 ,23.75 ,23.79 ,23.78 ,23.85 ,23.91 ,23.79 ,23.71 ,23.84 ,23.85 ,23.77 ,23.68 ,23.76 ,23.84 ,23.92 ,23.87 ,23.87 ,23.89 ,23.85 ,23.9 ,23.84 ,23.81 ,23.81 ,23.78 ,23.78 ,23.81 ,23.85 ,23.86 ,23.77 ,23.81 ,23.9 ,23.83 ,23.8 ,23.79 ,23.77 ,23.82 ,23.84 ,23.82 ,23.86 ,23.81 ,23.77 ,23.82 ,23.79 ,23.79 ,23.83 ,23.83 ,23.81 ,23.86 ,23.81 ,23.84 ,23.83 ,23.8 ,23.84 ,23.9 ,23.84 ,23.81 ,23.83 ,23.82 ,23.76 ,23.83 ,23.86 ,23.82 ,23.83 ,23.93 ,23.88 ,23.8 ,23.8 ,23.82 ,23.79 ,23.71 ,23.72 ,23.79 ,23.78 ,23.86 ,23.73 ,23.77 ,23.82 ,23.87 ,23.84 ,23.85 ,23.99 ,23.97 ,23.87 ,23.89 ,23.83 ,23.83 ,23.89 ,23.83 ,23.79 ,23.81 ,23.83 ,23.87 ,23.84 ,23.74 ,23.78 ,23.81 ,23.81 ,23.88 ,23.85 ,23.83 ,23.75 ,23.79 ,23.9 ,23.87 ,23.85 ,23.72 ,23.82 ,23.89 ,23.81 ,23.77 ,23.77 ,23.8 ,23.79 ,23.83 ,23.84 ,23.83 ,23.85 ,23.83 ,23.86 ,23.86 ,23.81 ,23.74 ,23.75 ,23.87 ,23.81 ,23.79 ,23.85 ,23.82 ,23.82 ,23.88 ,23.79 ,23.81 ,23.87 ,23.83 ,23.81 ,23.84 ,23.82 ,23.75 ,23.81 ,23.9 ,23.83 ,23.9 ,23.89 ,23.77 ,23.77 ,23.83 ,23.82 ,23.85 ,23.77 ,23.79 ,23.8 ,23.77 ,23.76 ,23.82 ,23.94 ,23.95 ,23.86 ,23.77 ,23.75 ,23.73 ,23.82 ,23.74 ,23.71 ,23.76 ,23.79 ,23.8 ,23.78 ,23.73 ,23.76 ,23.77 ,23.77 ,23.83 ,23.81 ,23.78 ,23.86 ,23.75 ,23.77 ,23.77 ,23.75 ,23.69 ,23.75 ,23.77 ,23.75 ,23.77 ,23.77 ,23.73 ,23.75 ,23.77 ,23.73 ,23.86 ,23.83 ,23.79 ,23.84 ,23.78 ,23.82 ,23.81 ,23.77 ,23.83 ,23.78 ,23.75 ,23.78 ,23.73 ,23.73 ,23.82 ,23.75 ,23.77 ,23.83 ,23.75 ,23.83 ,23.81 ,23.8 ,23.77 ,23.76 ,23.75 ,23.76 ,23.76 ,23.85 ,23.79 ,23.8 ,23.74 ,23.68 ,23.67 ,23.69 ,23.65 ,23.89 ,23.91 ,23.8 ,23.78 ,23.67 ,23.66 ,23.76 ,23.76 ,23.74 ,23.74 ,23.71 ,23.69 ,23.66 ,23.71 ,23.77 ,23.68 ,23.67 ,23.73 ,23.79 ,23.73 ,23.68 ,23.62 ,23.68 ,23.7 ,23.8 ,23.72 ,23.57 ,23.68 ,23.66 ,23.59 ,23.6 ,23.59 ,23.58 ,23.59 ,23.46 ,23.37 ,23.43 ,23.47 ,23.37 ,23.34 ,23.48 ,23.31 ,23.33 ,23.47 ,23.41 ,23.41 ,23.5 ,23.4 ,23.35 ,23.34 ,23.4 ,23.33 ,23.38 ,23.4 ,23.46 ,23.43 ,23.43 ,23.41 ,23.41 ,23.5 ,23.32 ,23.41 ,23.46 ,23.49 ,23.45 ,23.51 ,23.36 ,23.4 ,23.38 ,23.37 ,23.31 ,23.38 ,23.39 ,23.31 ,23.21 ,23.08 ,23.11 ,23.17 ,23.14 ,23.25 ,23.2 ,23.21 ,23.26 ,23.27 ,23.24 ,23.19 ,23.38 ,23.37 ,23.25 ,23.25 ,23.34 ,23.34 ,23.16 ,23.21 ,23.23 ,23.15 ,23.17 ,23.19 ,23.15 ,23.08 ,23.12 ,23.04 ,22.98 ,22.91 ,22.88 ,22.76 ,22.79 ,22.63 ,22.73 ,22.67 ,22.8 ,22.7 ,22.61 ,22.65 ,22.72 ,22.64 ,22.65 ,22.64 ,22.65 ,22.68 ,22.86 ,22.7 ,22.67 ,22.66 ,22.65 ,22.74 ,22.74 ,22.72 ,22.69 ,22.65 ,22.67 ,22.69 ,22.69 ,22.6 ,22.55 ,
408,23.31 ,23.3 ,23.31 ,23.31 ,23.29 ,23.35 ,23.27 ,23.26 ,23.36 ,23.35 ,23.23 ,23.31 ,23.37 ,23.29 ,23.3 ,23.36 ,23.28 ,23.31 ,23.3 ,23.29 ,23.27 ,23.31 ,23.39 ,23.3 ,23.25 ,23.33 ,23.3 ,23.25 ,23.27 ,23.23 ,23.37 ,23.34 ,23.3 ,23.45 ,23.5 ,23.55 ,23.51 ,23.57 ,23.6 ,23.52 ,23.52 ,23.44 ,23.38 ,23.43 ,23.48 ,23.52 ,23.53 ,23.62 ,23.55 ,23.46 ,23.51 ,23.52 ,23.51 ,23.59 ,23.59 ,23.51 ,23.56 ,23.5 ,23.42 ,23.54 ,23.55 ,23.59 ,23.57 ,23.58 ,23.5 ,23.47 ,23.49 ,23.54 ,23.44 ,23.47 ,23.54 ,23.57 ,23.52 ,23.55 ,23.6 ,23.55 ,23.67 ,23.64 ,23.52 ,23.53 ,23.59 ,23.49 ,23.47 ,23.65 ,23.62 ,23.55 ,23.61 ,23.56 ,23.61 ,23.52 ,23.51 ,23.47 ,23.45 ,23.56 ,23.48 ,23.49 ,23.57 ,23.49 ,23.5 ,23.54 ,23.58 ,23.57 ,23.55 ,23.55 ,23.52 ,23.53 ,23.48 ,23.47 ,23.58 ,23.56 ,23.54 ,23.49 ,23.58 ,23.67 ,23.56 ,23.57 ,23.58 ,23.52 ,23.52 ,23.56 ,23.57 ,23.54 ,23.45 ,23.56 ,23.59 ,23.61 ,23.67 ,23.65 ,23.52 ,23.58 ,23.65 ,23.6 ,23.56 ,23.55 ,23.49 ,23.52 ,23.53 ,23.65 ,23.66 ,23.65 ,23.66 ,23.59 ,23.64 ,23.62 ,23.7 ,23.77 ,23.69 ,23.68 ,23.7 ,23.67 ,23.69 ,23.64 ,23.66 ,23.69 ,23.65 ,23.59 ,23.61 ,23.56 ,23.62 ,23.72 ,23.65 ,23.76 ,23.78 ,23.71 ,23.67 ,23.63 ,23.58 ,23.67 ,23.65 ,23.73 ,23.78 ,23.59 ,23.68 ,23.65 ,23.69 ,23.66 ,23.69 ,23.74 ,23.7 ,23.67 ,23.83 ,23.84 ,23.8 ,23.68 ,23.68 ,23.7 ,23.7 ,23.68 ,23.67 ,23.62 ,23.67 ,23.63 ,23.74 ,23.7 ,23.68 ,23.72 ,23.72 ,23.68 ,23.68 ,23.59 ,23.65 ,23.66 ,23.64 ,23.7 ,23.68 ,23.65 ,23.56 ,23.58 ,23.61 ,23.7 ,23.69 ,23.66 ,23.64 ,23.65 ,23.62 ,23.65 ,23.63 ,23.7 ,23.73 ,23.75 ,23.75 ,23.68 ,23.61 ,23.71 ,23.79 ,23.78 ,23.78 ,23.74 ,23.66 ,23.71 ,23.7 ,23.77 ,23.79 ,23.74 ,23.68 ,23.71 ,23.72 ,23.65 ,23.74 ,23.67 ,23.71 ,23.84 ,23.8 ,23.8 ,23.79 ,23.82 ,23.75 ,23.77 ,23.79 ,23.83 ,23.8 ,23.75 ,23.76 ,23.75 ,23.8 ,23.77 ,23.84 ,23.82 ,23.77 ,23.76 ,23.79 ,23.82 ,23.9 ,23.9 ,23.96 ,23.85 ,23.88 ,23.94 ,23.95 ,23.88 ,23.81 ,23.81 ,23.83 ,23.8 ,23.79 ,23.79 ,23.8 ,23.84 ,23.86 ,23.88 ,23.83 ,23.88 ,23.8 ,23.83 ,23.86 ,23.8 ,23.84 ,23.79 ,23.73 ,23.76 ,23.84 ,23.76 ,23.78 ,23.81 ,23.8 ,23.85 ,23.89 ,23.9 ,23.82 ,23.9 ,23.91 ,23.82 ,23.82 ,23.84 ,23.78 ,23.8 ,23.83 ,23.89 ,23.85 ,23.82 ,23.79 ,23.84 ,23.74 ,23.74 ,23.73 ,23.84 ,23.86 ,23.82 ,23.81 ,23.86 ,23.94 ,23.88 ,23.79 ,23.82 ,23.84 ,23.81 ,23.79 ,23.75 ,23.8 ,23.83 ,23.86 ,23.86 ,23.79 ,23.77 ,23.85 ,23.75 ,23.77 ,23.89 ,23.9 ,23.81 ,23.81 ,23.8 ,23.72 ,23.76 ,23.86 ,23.87 ,23.79 ,23.8 ,23.81 ,23.84 ,23.74 ,23.76 ,23.74 ,23.76 ,23.81 ,23.8 ,23.75 ,23.81 ,23.78 ,23.79 ,23.82 ,23.85 ,23.93 ,23.82 ,23.81 ,23.72 ,23.76 ,23.85 ,23.83 ,23.77 ,23.73 ,23.82 ,23.86 ,23.95 ,23.81 ,23.79 ,23.83 ,23.82 ,23.83 ,23.9 ,23.85 ,23.71 ,23.66 ,23.83 ,23.87 ,23.86 ,23.85 ,23.81 ,23.86 ,23.85 ,23.82 ,23.77 ,23.83 ,23.82 ,23.82 ,23.76 ,23.79 ,23.84 ,23.86 ,23.83 ,23.89 ,23.87 ,23.84 ,23.81 ,23.83 ,23.84 ,23.76 ,23.89 ,23.85 ,23.88 ,23.95 ,23.83 ,23.91 ,23.93 ,23.87 ,23.84 ,23.84 ,23.87 ,23.83 ,23.83 ,23.86 ,23.75 ,23.78 ,23.91 ,23.77 ,23.8 ,23.77 ,23.75 ,23.83 ,23.81 ,23.85 ,23.82 ,23.87 ,23.75 ,23.8 ,23.95 ,23.92 ,23.85 ,23.8 ,23.75 ,23.79 ,23.84 ,23.81 ,23.74 ,23.8 ,23.88 ,23.87 ,23.75 ,23.66 ,23.76 ,23.81 ,23.81 ,23.84 ,23.89 ,23.85 ,23.94 ,23.77 ,23.74 ,23.75 ,23.79 ,23.76 ,23.7 ,23.79 ,23.8 ,23.76 ,23.79 ,23.74 ,23.65 ,23.71 ,23.73 ,23.73 ,23.86 ,23.83 ,23.75 ,23.77 ,23.74 ,23.76 ,23.79 ,23.78 ,23.77 ,23.74 ,23.77 ,23.79 ,23.71 ,23.69 ,23.74 ,23.74 ,23.75 ,23.73 ,23.8 ,23.88 ,23.81 ,23.71 ,23.77 ,23.76 ,23.71 ,23.8 ,23.85 ,23.82 ,23.79 ,23.74 ,23.7 ,23.69 ,23.68 ,23.71 ,23.83 ,23.82 ,23.81 ,23.78 ,23.67 ,23.66 ,23.73 ,23.77 ,23.78 ,23.71 ,23.74 ,23.76 ,23.73 ,23.64 ,23.72 ,23.76 ,23.75 ,23.78 ,23.79 ,23.71 ,23.68 ,23.64 ,23.6 ,23.65 ,23.73 ,23.76 ,23.6 ,23.72 ,23.7 ,23.64 ,23.63 ,23.6 ,23.6 ,23.48 ,23.33 ,23.32 ,23.37 ,23.35 ,23.41 ,23.42 ,23.4 ,23.29 ,23.33 ,23.5 ,23.51 ,23.43 ,23.41 ,23.42 ,23.31 ,23.41 ,23.39 ,23.3 ,23.42 ,23.47 ,23.44 ,23.43 ,23.49 ,23.42 ,23.35 ,23.48 ,23.38 ,23.4 ,23.44 ,23.42 ,23.38 ,23.4 ,23.38 ,23.39 ,23.43 ,23.43 ,23.33 ,23.27 ,23.33 ,23.32 ,23.23 ,23.22 ,23.18 ,23.21 ,23.18 ,23.25 ,23.28 ,23.27 ,23.23 ,23.33 ,23.26 ,23.17 ,23.37 ,23.32 ,23.17 ,23.16 ,23.33 ,23.3 ,23.24 ,23.26 ,23.26 ,23.23 ,23.27 ,23.28 ,23.14 ,23.13 ,23.17 ,23.08 ,23.04 ,23.05 ,23.05 ,22.82 ,22.84 ,22.66 ,22.73 ,22.6 ,22.76 ,22.73 ,22.63 ,22.62 ,22.71 ,22.63 ,22.6 ,22.71 ,22.69 ,22.68 ,22.72 ,22.68 ,22.71 ,22.63 ,22.58 ,22.64 ,22.76 ,22.72 ,22.62 ,22.59 ,22.7 ,22.71 ,22.66 ,22.6 ,22.5 ,
409,23.36 ,23.25 ,23.29 ,23.29 ,23.3 ,23.35 ,23.38 ,23.38 ,23.36 ,23.37 ,23.2 ,23.26 ,23.44 ,23.35 ,23.29 ,23.42 ,23.28 ,23.3 ,23.28 ,23.38 ,23.24 ,23.32 ,23.4 ,23.33 ,23.2 ,23.45 ,23.35 ,23.3 ,23.32 ,23.3 ,23.39 ,23.43 ,23.38 ,23.41 ,23.52 ,23.61 ,23.62 ,23.56 ,23.54 ,23.55 ,23.5 ,23.51 ,23.49 ,23.49 ,23.53 ,23.57 ,23.6 ,23.57 ,23.54 ,23.53 ,23.48 ,23.52 ,23.57 ,23.61 ,23.58 ,23.63 ,23.58 ,23.57 ,23.49 ,23.46 ,23.57 ,23.59 ,23.59 ,23.63 ,23.58 ,23.57 ,23.62 ,23.6 ,23.5 ,23.51 ,23.57 ,23.61 ,23.67 ,23.69 ,23.63 ,23.61 ,23.66 ,23.63 ,23.56 ,23.54 ,23.67 ,23.57 ,23.47 ,23.53 ,23.61 ,23.62 ,23.57 ,23.69 ,23.65 ,23.49 ,23.56 ,23.55 ,23.49 ,23.57 ,23.67 ,23.68 ,23.58 ,23.56 ,23.54 ,23.51 ,23.55 ,23.63 ,23.52 ,23.52 ,23.52 ,23.52 ,23.6 ,23.55 ,23.59 ,23.64 ,23.55 ,23.54 ,23.54 ,23.61 ,23.63 ,23.53 ,23.46 ,23.5 ,23.58 ,23.6 ,23.59 ,23.57 ,23.56 ,23.62 ,23.62 ,23.63 ,23.65 ,23.65 ,23.56 ,23.53 ,23.63 ,23.62 ,23.58 ,23.56 ,23.57 ,23.6 ,23.55 ,23.58 ,23.63 ,23.58 ,23.59 ,23.64 ,23.66 ,23.67 ,23.65 ,23.7 ,23.68 ,23.67 ,23.69 ,23.71 ,23.71 ,23.73 ,23.74 ,23.73 ,23.67 ,23.66 ,23.67 ,23.68 ,23.68 ,23.7 ,23.67 ,23.69 ,23.76 ,23.74 ,23.63 ,23.63 ,23.62 ,23.67 ,23.59 ,23.66 ,23.62 ,23.62 ,23.58 ,23.76 ,23.75 ,23.66 ,23.67 ,23.7 ,23.71 ,23.71 ,23.79 ,23.78 ,23.75 ,23.7 ,23.68 ,23.73 ,23.73 ,23.7 ,23.7 ,23.63 ,23.66 ,23.63 ,23.62 ,23.68 ,23.62 ,23.62 ,23.64 ,23.71 ,23.72 ,23.65 ,23.6 ,23.71 ,23.73 ,23.69 ,23.66 ,23.73 ,23.71 ,23.62 ,23.7 ,23.78 ,23.75 ,23.66 ,23.68 ,23.6 ,23.61 ,23.67 ,23.72 ,23.78 ,23.77 ,23.76 ,23.76 ,23.68 ,23.68 ,23.72 ,23.81 ,23.78 ,23.7 ,23.67 ,23.68 ,23.7 ,23.71 ,23.73 ,23.7 ,23.79 ,23.79 ,23.81 ,23.88 ,23.66 ,23.69 ,23.72 ,23.7 ,23.84 ,23.79 ,23.73 ,23.78 ,23.75 ,23.79 ,23.79 ,23.76 ,23.79 ,23.79 ,23.76 ,23.74 ,23.73 ,23.81 ,23.85 ,23.85 ,23.85 ,23.8 ,23.72 ,23.68 ,23.84 ,23.89 ,23.88 ,23.88 ,23.77 ,23.79 ,23.79 ,23.88 ,23.87 ,23.76 ,23.78 ,23.9 ,23.85 ,23.78 ,23.75 ,23.78 ,23.83 ,23.88 ,23.86 ,23.89 ,23.89 ,23.87 ,23.8 ,23.8 ,23.76 ,23.83 ,23.79 ,23.74 ,23.81 ,23.86 ,23.78 ,23.81 ,23.91 ,23.85 ,23.88 ,23.9 ,23.91 ,23.88 ,23.86 ,23.87 ,23.8 ,23.79 ,23.78 ,23.8 ,23.86 ,23.79 ,23.82 ,23.76 ,23.78 ,23.78 ,23.84 ,23.75 ,23.7 ,23.76 ,23.9 ,23.86 ,23.79 ,23.77 ,23.81 ,23.86 ,23.87 ,23.83 ,23.8 ,23.87 ,23.81 ,23.82 ,23.79 ,23.84 ,23.77 ,23.8 ,23.88 ,23.8 ,23.77 ,23.82 ,23.75 ,23.75 ,23.82 ,23.92 ,23.85 ,23.76 ,23.75 ,23.81 ,23.78 ,23.81 ,23.8 ,23.76 ,23.76 ,23.8 ,23.86 ,23.81 ,23.76 ,23.75 ,23.76 ,23.79 ,23.89 ,23.87 ,23.8 ,23.81 ,23.77 ,23.88 ,23.93 ,23.9 ,23.76 ,23.82 ,23.75 ,23.76 ,23.85 ,23.87 ,23.81 ,23.85 ,23.83 ,23.82 ,23.92 ,23.81 ,23.78 ,23.87 ,23.82 ,23.82 ,23.88 ,23.9 ,23.81 ,23.81 ,23.84 ,23.85 ,23.85 ,23.84 ,23.85 ,23.8 ,23.84 ,23.88 ,23.88 ,23.81 ,23.81 ,23.83 ,23.84 ,23.81 ,23.84 ,23.86 ,23.82 ,23.89 ,23.97 ,23.93 ,23.87 ,23.89 ,23.84 ,23.85 ,23.9 ,23.9 ,23.89 ,23.92 ,23.82 ,23.92 ,23.82 ,23.76 ,23.78 ,23.84 ,23.77 ,23.83 ,23.91 ,23.82 ,23.79 ,23.8 ,23.89 ,23.77 ,23.72 ,23.73 ,23.77 ,23.82 ,23.8 ,23.9 ,23.79 ,23.86 ,23.85 ,23.81 ,23.88 ,23.98 ,23.87 ,23.77 ,23.83 ,23.84 ,23.85 ,23.81 ,23.68 ,23.75 ,23.9 ,23.92 ,23.8 ,23.69 ,23.78 ,23.81 ,23.82 ,23.81 ,23.83 ,23.78 ,23.94 ,23.86 ,23.76 ,23.83 ,23.86 ,23.86 ,23.73 ,23.72 ,23.8 ,23.77 ,23.78 ,23.73 ,23.64 ,23.65 ,23.71 ,23.69 ,23.8 ,23.8 ,23.74 ,23.79 ,23.8 ,23.74 ,23.8 ,23.8 ,23.72 ,23.8 ,23.72 ,23.73 ,23.8 ,23.76 ,23.75 ,23.73 ,23.75 ,23.76 ,23.85 ,23.91 ,23.82 ,23.69 ,23.79 ,23.71 ,23.76 ,23.78 ,23.81 ,23.72 ,23.8 ,23.81 ,23.77 ,23.72 ,23.73 ,23.77 ,23.89 ,23.83 ,23.83 ,23.79 ,23.75 ,23.72 ,23.71 ,23.78 ,23.84 ,23.74 ,23.73 ,23.82 ,23.86 ,23.71 ,23.72 ,23.73 ,23.73 ,23.8 ,23.75 ,23.69 ,23.68 ,23.72 ,23.67 ,23.68 ,23.7 ,23.69 ,23.82 ,23.7 ,23.68 ,23.67 ,23.62 ,23.57 ,23.55 ,23.46 ,23.37 ,23.38 ,23.41 ,23.34 ,23.32 ,23.43 ,23.41 ,23.34 ,23.43 ,23.48 ,23.45 ,23.52 ,23.36 ,23.49 ,23.44 ,23.41 ,23.47 ,23.32 ,23.39 ,23.42 ,23.46 ,23.48 ,23.41 ,23.36 ,23.24 ,23.37 ,23.38 ,23.36 ,23.39 ,23.47 ,23.46 ,23.37 ,23.35 ,23.36 ,23.46 ,23.52 ,23.37 ,23.29 ,23.33 ,23.37 ,23.36 ,23.35 ,23.37 ,23.32 ,23.21 ,23.23 ,23.25 ,23.23 ,23.26 ,23.29 ,23.24 ,23.22 ,23.35 ,23.41 ,23.28 ,23.22 ,23.21 ,23.29 ,23.32 ,23.29 ,23.26 ,23.25 ,23.33 ,23.27 ,23.22 ,23.22 ,23.18 ,23.25 ,23.15 ,23.06 ,23.08 ,23.04 ,22.89 ,22.74 ,22.7 ,22.72 ,22.8 ,22.82 ,22.74 ,22.63 ,22.7 ,22.57 ,22.58 ,22.7 ,22.69 ,22.7 ,22.76 ,22.75 ,22.83 ,22.61 ,22.56 ,22.75 ,22.78 ,22.73 ,22.68 ,22.58 ,22.71 ,22.84 ,22.63 ,22.65 ,22.56 ,
410,23.36 ,23.26 ,23.24 ,23.35 ,23.5 ,23.4 ,23.41 ,23.33 ,23.3 ,23.31 ,23.19 ,23.21 ,23.33 ,23.26 ,23.26 ,23.39 ,23.27 ,23.32 ,23.33 ,23.35 ,23.28 ,23.28 ,23.39 ,23.23 ,23.16 ,23.38 ,23.41 ,23.33 ,23.38 ,23.46 ,23.54 ,23.48 ,23.43 ,23.57 ,23.39 ,23.52 ,23.62 ,23.52 ,23.48 ,23.53 ,23.51 ,23.54 ,23.52 ,23.56 ,23.58 ,23.61 ,23.63 ,23.58 ,23.49 ,23.47 ,23.4 ,23.52 ,23.66 ,23.59 ,23.6 ,23.58 ,23.53 ,23.58 ,23.49 ,23.51 ,23.56 ,23.6 ,23.6 ,23.53 ,23.53 ,23.51 ,23.57 ,23.57 ,23.61 ,23.5 ,23.47 ,23.51 ,23.58 ,23.58 ,23.62 ,23.61 ,23.67 ,23.64 ,23.64 ,23.58 ,23.57 ,23.63 ,23.57 ,23.54 ,23.53 ,23.56 ,23.63 ,23.69 ,23.56 ,23.51 ,23.63 ,23.68 ,23.59 ,23.59 ,23.65 ,23.64 ,23.54 ,23.58 ,23.67 ,23.61 ,23.53 ,23.6 ,23.63 ,23.56 ,23.57 ,23.53 ,23.59 ,23.64 ,23.63 ,23.66 ,23.67 ,23.53 ,23.48 ,23.57 ,23.59 ,23.58 ,23.49 ,23.47 ,23.61 ,23.54 ,23.53 ,23.52 ,23.54 ,23.65 ,23.61 ,23.57 ,23.56 ,23.61 ,23.6 ,23.59 ,23.61 ,23.61 ,23.57 ,23.66 ,23.65 ,23.64 ,23.63 ,23.63 ,23.53 ,23.55 ,23.58 ,23.6 ,23.68 ,23.71 ,23.64 ,23.63 ,23.58 ,23.6 ,23.71 ,23.69 ,23.7 ,23.63 ,23.69 ,23.75 ,23.59 ,23.57 ,23.68 ,23.64 ,23.73 ,23.72 ,23.72 ,23.71 ,23.74 ,23.71 ,23.74 ,23.71 ,23.67 ,23.72 ,23.63 ,23.59 ,23.59 ,23.61 ,23.63 ,23.67 ,23.78 ,23.7 ,23.62 ,23.59 ,23.63 ,23.68 ,23.73 ,23.7 ,23.71 ,23.68 ,23.73 ,23.71 ,23.73 ,23.72 ,23.64 ,23.61 ,23.75 ,23.68 ,23.65 ,23.7 ,23.72 ,23.59 ,23.57 ,23.78 ,23.73 ,23.72 ,23.63 ,23.69 ,23.77 ,23.69 ,23.65 ,23.66 ,23.67 ,23.67 ,23.7 ,23.74 ,23.69 ,23.73 ,23.65 ,23.55 ,23.58 ,23.69 ,23.68 ,23.73 ,23.77 ,23.74 ,23.77 ,23.73 ,23.72 ,23.74 ,23.8 ,23.77 ,23.74 ,23.69 ,23.67 ,23.68 ,23.7 ,23.65 ,23.74 ,23.74 ,23.69 ,23.72 ,23.77 ,23.74 ,23.72 ,23.67 ,23.75 ,23.8 ,23.79 ,23.72 ,23.81 ,23.78 ,23.78 ,23.84 ,23.76 ,23.8 ,23.79 ,23.71 ,23.74 ,23.7 ,23.78 ,23.86 ,23.81 ,23.87 ,23.81 ,23.78 ,23.7 ,23.81 ,23.91 ,23.79 ,23.87 ,23.78 ,23.8 ,23.86 ,23.86 ,23.8 ,23.67 ,23.67 ,23.82 ,23.88 ,23.8 ,23.81 ,23.77 ,23.82 ,23.76 ,23.67 ,23.81 ,23.9 ,23.89 ,23.8 ,23.79 ,23.81 ,23.82 ,23.8 ,23.8 ,23.91 ,23.87 ,23.89 ,23.88 ,23.92 ,23.92 ,23.85 ,23.86 ,23.9 ,23.89 ,23.92 ,23.98 ,23.81 ,23.79 ,23.84 ,23.87 ,23.81 ,23.76 ,23.73 ,23.77 ,23.76 ,23.74 ,23.84 ,23.82 ,23.78 ,23.88 ,23.88 ,23.83 ,23.78 ,23.83 ,23.86 ,23.79 ,23.82 ,23.82 ,23.82 ,23.83 ,23.79 ,23.86 ,23.77 ,23.79 ,23.76 ,23.74 ,23.78 ,23.82 ,23.78 ,23.8 ,23.78 ,23.81 ,23.79 ,23.85 ,23.87 ,23.84 ,23.81 ,23.81 ,23.8 ,23.82 ,23.82 ,23.8 ,23.86 ,23.79 ,23.82 ,23.87 ,23.75 ,23.74 ,23.79 ,23.81 ,23.82 ,23.84 ,23.85 ,23.85 ,23.79 ,23.81 ,23.9 ,23.89 ,23.78 ,23.86 ,23.81 ,23.78 ,23.86 ,23.8 ,23.74 ,23.81 ,23.91 ,23.82 ,23.84 ,23.81 ,23.77 ,23.79 ,23.86 ,23.84 ,23.86 ,23.82 ,23.77 ,23.76 ,23.84 ,23.78 ,23.85 ,23.9 ,23.86 ,23.82 ,23.73 ,23.83 ,23.88 ,23.9 ,23.75 ,23.84 ,23.76 ,23.8 ,23.87 ,23.78 ,23.77 ,23.83 ,23.97 ,23.88 ,23.85 ,23.9 ,23.89 ,23.89 ,23.91 ,23.92 ,23.9 ,23.91 ,23.81 ,23.8 ,23.8 ,23.77 ,23.84 ,23.86 ,23.79 ,23.78 ,23.89 ,23.84 ,23.82 ,23.83 ,23.82 ,23.84 ,23.78 ,23.84 ,23.87 ,23.83 ,23.85 ,23.89 ,23.85 ,23.83 ,23.79 ,23.77 ,23.79 ,23.85 ,23.87 ,23.79 ,23.77 ,23.82 ,23.84 ,23.84 ,23.73 ,23.78 ,23.85 ,23.83 ,23.82 ,23.71 ,23.75 ,23.72 ,23.71 ,23.82 ,23.89 ,23.73 ,23.77 ,23.82 ,23.83 ,23.81 ,23.77 ,23.78 ,23.8 ,23.76 ,23.8 ,23.85 ,23.83 ,23.77 ,23.72 ,23.74 ,23.79 ,23.73 ,23.74 ,23.76 ,23.78 ,23.78 ,23.78 ,23.73 ,23.77 ,23.74 ,23.72 ,23.82 ,23.81 ,23.64 ,23.81 ,23.86 ,23.82 ,23.79 ,23.76 ,23.85 ,23.83 ,23.88 ,23.81 ,23.68 ,23.73 ,23.79 ,23.82 ,23.82 ,23.69 ,23.64 ,23.73 ,23.93 ,23.84 ,23.76 ,23.76 ,23.77 ,23.84 ,23.69 ,23.79 ,23.8 ,23.67 ,23.74 ,23.7 ,23.81 ,23.9 ,23.78 ,23.7 ,23.7 ,23.72 ,23.72 ,23.81 ,23.73 ,23.74 ,23.78 ,23.75 ,23.69 ,23.68 ,23.72 ,23.74 ,23.68 ,23.67 ,23.59 ,23.65 ,23.65 ,23.6 ,23.61 ,23.66 ,23.64 ,23.61 ,23.43 ,23.37 ,23.34 ,23.37 ,23.46 ,23.43 ,23.49 ,23.39 ,23.39 ,23.4 ,23.36 ,23.33 ,23.39 ,23.39 ,23.36 ,23.33 ,23.34 ,23.37 ,23.31 ,23.36 ,23.37 ,23.44 ,23.45 ,23.39 ,23.4 ,23.32 ,23.37 ,23.36 ,23.37 ,23.39 ,23.44 ,23.48 ,23.41 ,23.42 ,23.43 ,23.47 ,23.52 ,23.51 ,23.42 ,23.36 ,23.38 ,23.45 ,23.3 ,23.39 ,23.42 ,23.28 ,23.23 ,23.22 ,23.21 ,23.15 ,23.2 ,23.12 ,23.13 ,23.32 ,23.33 ,23.27 ,23.23 ,23.21 ,23.28 ,23.22 ,23.2 ,23.28 ,23.27 ,23.16 ,23.18 ,23.15 ,23.19 ,23.19 ,23.24 ,23.13 ,23.1 ,23.15 ,23.16 ,22.98 ,22.93 ,22.83 ,22.82 ,22.92 ,22.79 ,22.73 ,22.6 ,22.65 ,22.62 ,22.57 ,22.73 ,22.64 ,22.52 ,22.69 ,22.73 ,22.79 ,22.76 ,22.68 ,22.75 ,22.7 ,22.66 ,22.73 ,22.66 ,22.63 ,22.71 ,22.72 ,22.68 ,22.68 ,
411,23.23 ,23.25 ,23.24 ,23.35 ,23.24 ,23.28 ,23.31 ,23.25 ,23.28 ,23.24 ,23.14 ,23.21 ,23.33 ,23.29 ,23.28 ,23.37 ,23.24 ,23.3 ,23.32 ,23.29 ,23.35 ,23.36 ,23.42 ,23.21 ,23.24 ,23.34 ,23.27 ,23.25 ,23.3 ,23.49 ,23.56 ,23.46 ,23.4 ,23.5 ,23.45 ,23.52 ,23.62 ,23.59 ,23.48 ,23.54 ,23.5 ,23.47 ,23.5 ,23.47 ,23.48 ,23.64 ,23.66 ,23.67 ,23.59 ,23.55 ,23.53 ,23.5 ,23.59 ,23.56 ,23.48 ,23.61 ,23.63 ,23.56 ,23.48 ,23.49 ,23.5 ,23.59 ,23.6 ,23.61 ,23.61 ,23.54 ,23.57 ,23.59 ,23.64 ,23.58 ,23.52 ,23.57 ,23.53 ,23.51 ,23.53 ,23.59 ,23.69 ,23.59 ,23.61 ,23.6 ,23.57 ,23.54 ,23.53 ,23.57 ,23.53 ,23.49 ,23.64 ,23.67 ,23.59 ,23.54 ,23.56 ,23.63 ,23.53 ,23.48 ,23.57 ,23.61 ,23.63 ,23.55 ,23.67 ,23.67 ,23.57 ,23.51 ,23.64 ,23.58 ,23.55 ,23.58 ,23.59 ,23.6 ,23.62 ,23.55 ,23.57 ,23.62 ,23.53 ,23.51 ,23.47 ,23.56 ,23.62 ,23.57 ,23.64 ,23.55 ,23.43 ,23.45 ,23.48 ,23.65 ,23.59 ,23.51 ,23.48 ,23.58 ,23.56 ,23.56 ,23.6 ,23.53 ,23.54 ,23.64 ,23.61 ,23.61 ,23.7 ,23.69 ,23.61 ,23.52 ,23.58 ,23.66 ,23.68 ,23.7 ,23.62 ,23.64 ,23.64 ,23.58 ,23.68 ,23.71 ,23.71 ,23.61 ,23.64 ,23.67 ,23.61 ,23.64 ,23.74 ,23.65 ,23.67 ,23.74 ,23.64 ,23.68 ,23.73 ,23.74 ,23.74 ,23.67 ,23.77 ,23.79 ,23.71 ,23.69 ,23.65 ,23.6 ,23.62 ,23.67 ,23.74 ,23.74 ,23.7 ,23.71 ,23.69 ,23.65 ,23.7 ,23.66 ,23.65 ,23.7 ,23.72 ,23.72 ,23.74 ,23.7 ,23.7 ,23.64 ,23.69 ,23.69 ,23.74 ,23.77 ,23.81 ,23.71 ,23.66 ,23.81 ,23.74 ,23.73 ,23.76 ,23.72 ,23.72 ,23.67 ,23.6 ,23.65 ,23.72 ,23.66 ,23.71 ,23.75 ,23.75 ,23.7 ,23.65 ,23.61 ,23.69 ,23.67 ,23.67 ,23.71 ,23.78 ,23.77 ,23.75 ,23.77 ,23.76 ,23.74 ,23.69 ,23.78 ,23.77 ,23.7 ,23.7 ,23.71 ,23.71 ,23.64 ,23.7 ,23.77 ,23.74 ,23.66 ,23.68 ,23.77 ,23.79 ,23.72 ,23.83 ,23.8 ,23.76 ,23.77 ,23.78 ,23.83 ,23.78 ,23.73 ,23.8 ,23.82 ,23.78 ,23.7 ,23.81 ,23.76 ,23.74 ,23.81 ,23.79 ,23.81 ,23.85 ,23.82 ,23.74 ,23.8 ,23.83 ,23.79 ,23.95 ,23.92 ,23.79 ,23.78 ,23.9 ,23.88 ,23.72 ,23.76 ,23.77 ,23.85 ,23.82 ,23.79 ,23.84 ,23.79 ,23.69 ,23.61 ,23.78 ,23.87 ,23.9 ,23.82 ,23.78 ,23.8 ,23.81 ,23.8 ,23.86 ,23.92 ,23.74 ,23.78 ,23.86 ,23.9 ,23.89 ,23.92 ,23.8 ,23.88 ,23.92 ,23.9 ,23.96 ,23.93 ,23.83 ,23.91 ,23.83 ,23.8 ,23.76 ,23.76 ,23.84 ,23.77 ,23.85 ,23.83 ,23.8 ,23.83 ,23.89 ,23.85 ,23.76 ,23.78 ,23.84 ,23.95 ,23.86 ,23.76 ,23.85 ,23.87 ,23.81 ,23.78 ,23.88 ,23.93 ,23.85 ,23.82 ,23.84 ,23.77 ,23.88 ,23.91 ,23.81 ,23.77 ,23.79 ,23.83 ,23.87 ,23.86 ,23.8 ,23.78 ,23.74 ,23.81 ,23.8 ,23.78 ,23.84 ,23.86 ,23.86 ,23.84 ,23.8 ,23.78 ,23.82 ,23.87 ,23.83 ,23.86 ,23.81 ,23.92 ,23.96 ,23.84 ,23.82 ,23.88 ,23.91 ,23.92 ,23.94 ,23.86 ,23.78 ,23.81 ,23.77 ,23.71 ,23.77 ,23.91 ,23.96 ,23.86 ,23.81 ,23.88 ,23.82 ,23.88 ,23.81 ,23.76 ,23.8 ,23.84 ,23.84 ,23.88 ,23.8 ,23.81 ,23.87 ,23.85 ,23.83 ,23.79 ,23.81 ,23.79 ,23.86 ,23.83 ,23.83 ,23.87 ,23.82 ,23.86 ,23.93 ,23.88 ,23.9 ,23.88 ,23.81 ,23.82 ,23.87 ,23.89 ,23.81 ,23.87 ,23.94 ,23.92 ,23.92 ,23.79 ,23.74 ,23.8 ,23.8 ,23.85 ,23.89 ,23.79 ,23.74 ,23.89 ,23.93 ,23.85 ,23.84 ,23.81 ,23.84 ,23.79 ,23.85 ,23.82 ,23.79 ,23.88 ,23.84 ,23.8 ,23.83 ,23.84 ,23.77 ,23.8 ,23.77 ,23.79 ,23.8 ,23.75 ,23.79 ,23.81 ,23.85 ,23.8 ,23.74 ,23.84 ,23.85 ,23.8 ,23.75 ,23.71 ,23.71 ,23.77 ,23.77 ,23.83 ,23.73 ,23.82 ,23.77 ,23.74 ,23.71 ,23.73 ,23.74 ,23.77 ,23.71 ,23.78 ,23.86 ,23.81 ,23.74 ,23.83 ,23.73 ,23.79 ,23.76 ,23.65 ,23.76 ,23.88 ,23.76 ,23.78 ,23.74 ,23.76 ,23.78 ,23.74 ,23.73 ,23.77 ,23.67 ,23.74 ,23.83 ,23.8 ,23.75 ,23.77 ,23.85 ,23.86 ,23.9 ,23.85 ,23.76 ,23.76 ,23.8 ,23.82 ,23.84 ,23.79 ,23.68 ,23.72 ,23.82 ,23.82 ,23.77 ,23.79 ,23.77 ,23.84 ,23.7 ,23.73 ,23.85 ,23.7 ,23.74 ,23.67 ,23.73 ,23.95 ,23.86 ,23.79 ,23.81 ,23.73 ,23.75 ,23.76 ,23.74 ,23.73 ,23.8 ,23.7 ,23.72 ,23.64 ,23.7 ,23.69 ,23.76 ,23.75 ,23.59 ,23.54 ,23.54 ,23.69 ,23.62 ,23.55 ,23.6 ,23.64 ,23.48 ,23.33 ,23.24 ,23.26 ,23.29 ,23.34 ,23.46 ,23.36 ,23.29 ,23.46 ,23.41 ,23.39 ,23.37 ,23.44 ,23.42 ,23.26 ,23.23 ,23.37 ,23.32 ,23.33 ,23.4 ,23.49 ,23.43 ,23.34 ,23.36 ,23.4 ,23.39 ,23.29 ,23.36 ,23.42 ,23.43 ,23.42 ,23.48 ,23.45 ,23.36 ,23.45 ,23.46 ,23.49 ,23.48 ,23.45 ,23.45 ,23.49 ,23.3 ,23.29 ,23.44 ,23.41 ,23.28 ,23.33 ,23.21 ,23.23 ,23.1 ,23.06 ,23.09 ,23.28 ,23.29 ,23.28 ,23.21 ,23.19 ,23.28 ,23.1 ,23.08 ,23.28 ,23.3 ,23.16 ,23.18 ,23.17 ,23.21 ,23.19 ,23.23 ,23.04 ,23.06 ,23.14 ,23.17 ,23.05 ,23.02 ,23.12 ,23 ,22.92 ,22.83 ,22.7 ,22.67 ,22.62 ,22.69 ,22.7 ,22.77 ,22.67 ,22.54 ,22.65 ,22.75 ,22.71 ,22.72 ,22.71 ,22.67 ,22.72 ,22.74 ,22.82 ,22.67 ,22.68 ,22.66 ,22.68 ,22.65 ,22.56 ,
412,23.21 ,23.27 ,23.33 ,23.29 ,23.21 ,23.16 ,23.28 ,23.32 ,23.35 ,23.27 ,23.17 ,23.25 ,23.32 ,23.26 ,23.32 ,23.38 ,23.35 ,23.3 ,23.27 ,23.19 ,23.3 ,23.32 ,23.37 ,23.25 ,23.18 ,23.38 ,23.29 ,23.28 ,23.29 ,23.43 ,23.5 ,23.35 ,23.34 ,23.5 ,23.54 ,23.64 ,23.63 ,23.62 ,23.54 ,23.57 ,23.61 ,23.44 ,23.53 ,23.56 ,23.52 ,23.56 ,23.59 ,23.57 ,23.57 ,23.59 ,23.52 ,23.56 ,23.54 ,23.54 ,23.52 ,23.53 ,23.63 ,23.54 ,23.46 ,23.5 ,23.52 ,23.57 ,23.62 ,23.59 ,23.76 ,23.65 ,23.69 ,23.57 ,23.59 ,23.61 ,23.5 ,23.65 ,23.67 ,23.61 ,23.59 ,23.58 ,23.68 ,23.6 ,23.55 ,23.47 ,23.46 ,23.54 ,23.6 ,23.6 ,23.59 ,23.55 ,23.56 ,23.67 ,23.61 ,23.52 ,23.52 ,23.59 ,23.53 ,23.49 ,23.52 ,23.68 ,23.59 ,23.5 ,23.58 ,23.71 ,23.64 ,23.59 ,23.59 ,23.58 ,23.48 ,23.54 ,23.6 ,23.52 ,23.51 ,23.51 ,23.51 ,23.59 ,23.62 ,23.56 ,23.53 ,23.48 ,23.53 ,23.6 ,23.68 ,23.66 ,23.55 ,23.48 ,23.55 ,23.66 ,23.59 ,23.58 ,23.61 ,23.62 ,23.67 ,23.58 ,23.51 ,23.53 ,23.61 ,23.57 ,23.55 ,23.5 ,23.66 ,23.76 ,23.64 ,23.6 ,23.54 ,23.6 ,23.62 ,23.59 ,23.6 ,23.61 ,23.67 ,23.6 ,23.62 ,23.7 ,23.73 ,23.62 ,23.6 ,23.62 ,23.67 ,23.69 ,23.69 ,23.69 ,23.64 ,23.69 ,23.6 ,23.6 ,23.67 ,23.72 ,23.75 ,23.7 ,23.76 ,23.76 ,23.63 ,23.72 ,23.73 ,23.6 ,23.67 ,23.7 ,23.72 ,23.71 ,23.68 ,23.77 ,23.69 ,23.64 ,23.6 ,23.68 ,23.71 ,23.68 ,23.68 ,23.69 ,23.72 ,23.6 ,23.64 ,23.8 ,23.68 ,23.6 ,23.73 ,23.74 ,23.73 ,23.77 ,23.78 ,23.79 ,23.76 ,23.68 ,23.68 ,23.74 ,23.76 ,23.68 ,23.61 ,23.66 ,23.77 ,23.72 ,23.73 ,23.76 ,23.75 ,23.74 ,23.73 ,23.65 ,23.72 ,23.77 ,23.73 ,23.77 ,23.79 ,23.8 ,23.74 ,23.75 ,23.77 ,23.79 ,23.74 ,23.76 ,23.78 ,23.71 ,23.66 ,23.66 ,23.68 ,23.7 ,23.72 ,23.76 ,23.74 ,23.74 ,23.76 ,23.77 ,23.83 ,23.77 ,23.82 ,23.88 ,23.82 ,23.85 ,23.8 ,23.87 ,23.75 ,23.7 ,23.77 ,23.8 ,23.72 ,23.66 ,23.72 ,23.81 ,23.81 ,23.82 ,23.81 ,23.82 ,23.81 ,23.86 ,23.81 ,23.82 ,23.81 ,23.77 ,23.88 ,23.91 ,23.82 ,23.78 ,23.86 ,23.91 ,23.73 ,23.83 ,23.85 ,23.85 ,23.89 ,23.83 ,23.8 ,23.85 ,23.79 ,23.83 ,23.89 ,23.95 ,23.9 ,23.78 ,23.8 ,23.87 ,23.82 ,23.77 ,23.85 ,23.85 ,23.81 ,23.83 ,23.81 ,23.89 ,23.9 ,23.93 ,23.81 ,23.82 ,23.92 ,23.82 ,23.81 ,23.89 ,23.86 ,23.84 ,23.79 ,23.79 ,23.75 ,23.72 ,23.85 ,23.79 ,23.81 ,23.91 ,23.87 ,23.84 ,23.76 ,23.84 ,23.82 ,23.8 ,23.83 ,23.88 ,23.91 ,23.8 ,23.78 ,23.88 ,23.81 ,23.88 ,23.91 ,23.89 ,23.95 ,23.86 ,23.86 ,23.93 ,23.9 ,23.98 ,23.89 ,23.8 ,23.88 ,23.84 ,23.89 ,23.89 ,23.74 ,23.77 ,23.83 ,23.76 ,23.85 ,23.84 ,23.87 ,23.86 ,23.82 ,23.87 ,23.84 ,23.78 ,23.8 ,23.84 ,23.82 ,23.86 ,23.8 ,23.86 ,23.84 ,23.84 ,23.87 ,23.92 ,23.91 ,23.86 ,23.9 ,23.83 ,23.81 ,23.85 ,23.79 ,23.78 ,23.81 ,23.88 ,23.87 ,23.9 ,23.79 ,23.92 ,23.87 ,23.84 ,23.88 ,23.79 ,23.82 ,23.85 ,23.85 ,23.92 ,23.8 ,23.91 ,23.94 ,23.87 ,23.92 ,23.86 ,23.92 ,23.85 ,23.76 ,23.82 ,23.8 ,23.87 ,23.87 ,23.86 ,23.92 ,23.89 ,23.81 ,23.84 ,23.82 ,23.83 ,23.84 ,23.84 ,23.81 ,23.81 ,23.85 ,23.89 ,23.89 ,23.78 ,23.71 ,23.76 ,23.75 ,23.86 ,23.86 ,23.79 ,23.72 ,23.89 ,23.88 ,23.86 ,23.84 ,23.86 ,23.85 ,23.78 ,23.8 ,23.83 ,23.8 ,23.83 ,23.79 ,23.81 ,23.89 ,23.79 ,23.79 ,23.83 ,23.87 ,23.77 ,23.88 ,23.81 ,23.79 ,23.79 ,23.83 ,23.83 ,23.81 ,23.8 ,23.87 ,23.81 ,23.82 ,23.8 ,23.82 ,23.92 ,23.83 ,23.79 ,23.73 ,23.86 ,23.81 ,23.77 ,23.77 ,23.9 ,23.88 ,23.8 ,23.77 ,23.88 ,23.92 ,23.83 ,23.8 ,23.81 ,23.81 ,23.73 ,23.74 ,23.76 ,23.81 ,23.94 ,23.82 ,23.84 ,23.79 ,23.76 ,23.76 ,23.71 ,23.74 ,23.74 ,23.74 ,23.74 ,23.72 ,23.7 ,23.67 ,23.75 ,23.82 ,23.78 ,23.87 ,23.85 ,23.83 ,23.81 ,23.79 ,23.75 ,23.83 ,23.87 ,23.83 ,23.79 ,23.82 ,23.79 ,23.8 ,23.78 ,23.79 ,23.87 ,23.72 ,23.72 ,23.82 ,23.78 ,23.84 ,23.83 ,23.75 ,23.86 ,23.9 ,23.82 ,23.74 ,23.7 ,23.75 ,23.74 ,23.79 ,23.78 ,23.74 ,23.7 ,23.66 ,23.68 ,23.67 ,23.7 ,23.66 ,23.73 ,23.67 ,23.68 ,23.67 ,23.68 ,23.67 ,23.64 ,23.65 ,23.52 ,23.46 ,23.37 ,23.33 ,23.35 ,23.37 ,23.32 ,23.33 ,23.31 ,23.35 ,23.49 ,23.47 ,23.46 ,23.42 ,23.37 ,23.49 ,23.42 ,23.37 ,23.4 ,23.46 ,23.47 ,23.42 ,23.51 ,23.54 ,23.41 ,23.36 ,23.38 ,23.44 ,23.32 ,23.41 ,23.47 ,23.5 ,23.39 ,23.37 ,23.43 ,23.4 ,23.4 ,23.46 ,23.53 ,23.44 ,23.47 ,23.44 ,23.49 ,23.39 ,23.38 ,23.45 ,23.45 ,23.33 ,23.32 ,23.27 ,23.19 ,23.19 ,23.17 ,23.29 ,23.26 ,23.25 ,23.36 ,23.23 ,23.28 ,23.34 ,23.21 ,23.13 ,23.23 ,23.26 ,23.22 ,23.17 ,23.23 ,23.29 ,23.34 ,23.33 ,23.16 ,23.06 ,23.23 ,23.2 ,23.12 ,23.1 ,23.17 ,23.18 ,23.05 ,22.95 ,22.84 ,22.72 ,22.85 ,22.7 ,22.72 ,22.69 ,22.65 ,22.65 ,22.71 ,22.7 ,22.68 ,22.65 ,22.62 ,22.63 ,22.74 ,22.68 ,22.66 ,22.59 ,22.65 ,22.71 ,22.73 ,22.63 ,22.6 ,
413,23.37 ,23.29 ,23.38 ,23.31 ,23.26 ,23.19 ,23.31 ,23.38 ,23.37 ,23.27 ,23.26 ,23.24 ,23.34 ,23.28 ,23.42 ,23.38 ,23.32 ,23.42 ,23.25 ,23.26 ,23.22 ,23.34 ,23.34 ,23.32 ,23.18 ,23.39 ,23.42 ,23.33 ,23.4 ,23.38 ,23.45 ,23.38 ,23.34 ,23.45 ,23.5 ,23.58 ,23.5 ,23.49 ,23.52 ,23.53 ,23.56 ,23.45 ,23.53 ,23.53 ,23.47 ,23.57 ,23.61 ,23.54 ,23.51 ,23.63 ,23.53 ,23.57 ,23.58 ,23.57 ,23.56 ,23.47 ,23.56 ,23.58 ,23.46 ,23.46 ,23.49 ,23.55 ,23.47 ,23.48 ,23.63 ,23.62 ,23.62 ,23.63 ,23.55 ,23.56 ,23.56 ,23.55 ,23.66 ,23.64 ,23.62 ,23.66 ,23.66 ,23.5 ,23.58 ,23.55 ,23.56 ,23.6 ,23.61 ,23.62 ,23.53 ,23.55 ,23.55 ,23.63 ,23.67 ,23.46 ,23.49 ,23.63 ,23.6 ,23.61 ,23.56 ,23.67 ,23.59 ,23.51 ,23.57 ,23.62 ,23.5 ,23.59 ,23.63 ,23.62 ,23.56 ,23.6 ,23.54 ,23.54 ,23.53 ,23.5 ,23.55 ,23.59 ,23.63 ,23.57 ,23.57 ,23.46 ,23.54 ,23.58 ,23.64 ,23.57 ,23.56 ,23.5 ,23.52 ,23.57 ,23.6 ,23.63 ,23.64 ,23.57 ,23.62 ,23.56 ,23.57 ,23.56 ,23.58 ,23.63 ,23.59 ,23.6 ,23.65 ,23.76 ,23.63 ,23.65 ,23.64 ,23.62 ,23.62 ,23.63 ,23.63 ,23.66 ,23.62 ,23.63 ,23.68 ,23.68 ,23.72 ,23.65 ,23.65 ,23.66 ,23.74 ,23.71 ,23.57 ,23.57 ,23.66 ,23.71 ,23.63 ,23.63 ,23.66 ,23.64 ,23.65 ,23.62 ,23.63 ,23.65 ,23.59 ,23.69 ,23.72 ,23.65 ,23.7 ,23.7 ,23.69 ,23.69 ,23.7 ,23.71 ,23.66 ,23.67 ,23.63 ,23.69 ,23.77 ,23.75 ,23.71 ,23.73 ,23.67 ,23.63 ,23.61 ,23.82 ,23.75 ,23.61 ,23.65 ,23.57 ,23.6 ,23.64 ,23.65 ,23.7 ,23.71 ,23.69 ,23.57 ,23.6 ,23.66 ,23.57 ,23.61 ,23.62 ,23.65 ,23.67 ,23.6 ,23.65 ,23.72 ,23.68 ,23.69 ,23.65 ,23.56 ,23.7 ,23.77 ,23.73 ,23.74 ,23.79 ,23.76 ,23.74 ,23.82 ,23.83 ,23.79 ,23.78 ,23.75 ,23.7 ,23.72 ,23.64 ,23.75 ,23.72 ,23.78 ,23.71 ,23.69 ,23.79 ,23.84 ,23.81 ,23.79 ,23.81 ,23.77 ,23.87 ,23.91 ,23.74 ,23.79 ,23.86 ,23.86 ,23.74 ,23.78 ,23.81 ,23.73 ,23.67 ,23.74 ,23.78 ,23.89 ,23.94 ,23.83 ,23.81 ,23.88 ,23.83 ,23.77 ,23.8 ,23.82 ,23.76 ,23.81 ,23.82 ,23.79 ,23.76 ,23.83 ,23.83 ,23.77 ,23.8 ,23.87 ,23.86 ,23.91 ,23.81 ,23.78 ,23.81 ,23.83 ,23.85 ,23.9 ,23.9 ,23.93 ,23.82 ,23.85 ,23.84 ,23.88 ,23.78 ,23.78 ,23.8 ,23.77 ,23.84 ,23.78 ,23.84 ,23.89 ,23.91 ,23.79 ,23.83 ,23.87 ,23.79 ,23.76 ,23.79 ,23.86 ,23.86 ,23.81 ,23.92 ,23.8 ,23.7 ,23.83 ,23.82 ,23.8 ,23.92 ,23.86 ,23.79 ,23.86 ,23.81 ,23.75 ,23.75 ,23.78 ,23.76 ,23.76 ,23.87 ,23.87 ,23.79 ,23.83 ,23.88 ,23.85 ,23.81 ,23.84 ,23.85 ,23.83 ,23.89 ,23.81 ,23.8 ,23.89 ,23.77 ,23.77 ,23.8 ,23.81 ,23.8 ,23.78 ,23.81 ,23.85 ,23.77 ,23.73 ,23.79 ,23.87 ,23.89 ,23.87 ,23.9 ,23.91 ,23.9 ,23.83 ,23.77 ,23.79 ,23.82 ,23.89 ,23.89 ,23.85 ,23.81 ,23.83 ,23.84 ,23.89 ,23.85 ,23.87 ,23.78 ,23.77 ,23.9 ,23.86 ,23.82 ,23.8 ,23.88 ,23.81 ,23.82 ,23.83 ,23.84 ,23.86 ,23.82 ,23.86 ,23.82 ,23.82 ,23.9 ,23.76 ,23.93 ,23.89 ,23.86 ,23.89 ,23.92 ,23.92 ,23.86 ,23.85 ,23.87 ,23.72 ,23.77 ,23.79 ,23.78 ,23.82 ,23.77 ,23.89 ,23.87 ,23.82 ,23.76 ,23.77 ,23.89 ,23.85 ,23.79 ,23.76 ,23.81 ,23.87 ,23.88 ,23.9 ,23.79 ,23.75 ,23.82 ,23.77 ,23.82 ,23.91 ,23.77 ,23.73 ,23.84 ,23.84 ,23.79 ,23.8 ,23.81 ,23.8 ,23.84 ,23.78 ,23.74 ,23.84 ,23.84 ,23.78 ,23.84 ,23.94 ,23.89 ,23.75 ,23.73 ,23.87 ,23.83 ,23.76 ,23.78 ,23.85 ,23.84 ,23.81 ,23.75 ,23.76 ,23.78 ,23.77 ,23.76 ,23.75 ,23.81 ,23.76 ,23.88 ,23.82 ,23.77 ,23.79 ,23.87 ,23.88 ,23.89 ,23.88 ,23.8 ,23.84 ,23.85 ,23.74 ,23.85 ,23.94 ,23.85 ,23.81 ,23.82 ,23.84 ,23.81 ,23.73 ,23.76 ,23.85 ,23.82 ,23.77 ,23.85 ,23.75 ,23.73 ,23.78 ,23.71 ,23.71 ,23.85 ,23.79 ,23.79 ,23.68 ,23.64 ,23.66 ,23.76 ,23.81 ,23.82 ,23.77 ,23.83 ,23.8 ,23.78 ,23.75 ,23.74 ,23.78 ,23.87 ,23.75 ,23.77 ,23.83 ,23.81 ,23.83 ,23.79 ,23.73 ,23.81 ,23.78 ,23.75 ,23.74 ,23.79 ,23.76 ,23.75 ,23.76 ,23.76 ,23.79 ,23.82 ,23.78 ,23.68 ,23.66 ,23.77 ,23.82 ,23.86 ,23.76 ,23.67 ,23.62 ,23.74 ,23.67 ,23.58 ,23.68 ,23.68 ,23.64 ,23.65 ,23.66 ,23.68 ,23.66 ,23.69 ,23.64 ,23.51 ,23.42 ,23.43 ,23.41 ,23.41 ,23.35 ,23.35 ,23.28 ,23.24 ,23.31 ,23.43 ,23.39 ,23.37 ,23.47 ,23.42 ,23.41 ,23.41 ,23.4 ,23.51 ,23.52 ,23.56 ,23.39 ,23.51 ,23.44 ,23.44 ,23.43 ,23.37 ,23.43 ,23.35 ,23.39 ,23.48 ,23.52 ,23.49 ,23.45 ,23.43 ,23.43 ,23.46 ,23.55 ,23.59 ,23.43 ,23.42 ,23.48 ,23.41 ,23.3 ,23.4 ,23.48 ,23.47 ,23.43 ,23.43 ,23.39 ,23.31 ,23.2 ,23.19 ,23.28 ,23.37 ,23.38 ,23.41 ,23.3 ,23.25 ,23.3 ,23.24 ,23.2 ,23.2 ,23.21 ,23.21 ,23.17 ,23.21 ,23.22 ,23.32 ,23.26 ,23.2 ,23.19 ,23.36 ,23.28 ,23.18 ,23.22 ,23.23 ,23.15 ,23.19 ,23.1 ,23 ,22.81 ,22.72 ,22.74 ,22.77 ,22.68 ,22.5 ,22.53 ,22.55 ,22.51 ,22.62 ,22.63 ,22.69 ,22.71 ,22.64 ,22.58 ,22.64 ,22.47 ,22.52 ,22.66 ,22.71 ,22.57 ,22.53 ,
414,23.33 ,23.2 ,23.3 ,23.3 ,23.28 ,23.27 ,23.32 ,23.31 ,23.31 ,23.31 ,23.36 ,23.36 ,23.32 ,23.31 ,23.4 ,23.35 ,23.19 ,23.35 ,23.32 ,23.28 ,23.26 ,23.27 ,23.3 ,23.37 ,23.26 ,23.33 ,23.38 ,23.32 ,23.33 ,23.42 ,23.42 ,23.37 ,23.35 ,23.4 ,23.45 ,23.51 ,23.51 ,23.51 ,23.48 ,23.45 ,23.45 ,23.43 ,23.43 ,23.47 ,23.41 ,23.49 ,23.57 ,23.55 ,23.56 ,23.66 ,23.53 ,23.5 ,23.63 ,23.61 ,23.48 ,23.54 ,23.47 ,23.52 ,23.57 ,23.48 ,23.48 ,23.51 ,23.53 ,23.49 ,23.6 ,23.62 ,23.6 ,23.68 ,23.52 ,23.55 ,23.57 ,23.51 ,23.57 ,23.54 ,23.53 ,23.63 ,23.65 ,23.49 ,23.51 ,23.58 ,23.62 ,23.62 ,23.61 ,23.56 ,23.55 ,23.5 ,23.58 ,23.67 ,23.65 ,23.53 ,23.55 ,23.56 ,23.64 ,23.53 ,23.45 ,23.55 ,23.57 ,23.52 ,23.52 ,23.56 ,23.49 ,23.53 ,23.6 ,23.58 ,23.63 ,23.58 ,23.59 ,23.53 ,23.54 ,23.6 ,23.51 ,23.56 ,23.56 ,23.48 ,23.54 ,23.55 ,23.5 ,23.62 ,23.6 ,23.62 ,23.49 ,23.52 ,23.59 ,23.54 ,23.61 ,23.61 ,23.59 ,23.57 ,23.53 ,23.61 ,23.6 ,23.68 ,23.67 ,23.65 ,23.63 ,23.61 ,23.6 ,23.65 ,23.57 ,23.58 ,23.61 ,23.63 ,23.63 ,23.64 ,23.62 ,23.64 ,23.64 ,23.62 ,23.65 ,23.69 ,23.7 ,23.64 ,23.63 ,23.61 ,23.69 ,23.7 ,23.63 ,23.52 ,23.61 ,23.71 ,23.68 ,23.63 ,23.62 ,23.63 ,23.66 ,23.61 ,23.63 ,23.7 ,23.65 ,23.7 ,23.71 ,23.61 ,23.63 ,23.72 ,23.7 ,23.63 ,23.66 ,23.64 ,23.65 ,23.63 ,23.61 ,23.71 ,23.77 ,23.81 ,23.71 ,23.72 ,23.69 ,23.67 ,23.66 ,23.71 ,23.67 ,23.65 ,23.7 ,23.68 ,23.69 ,23.64 ,23.62 ,23.73 ,23.73 ,23.69 ,23.68 ,23.58 ,23.58 ,23.56 ,23.69 ,23.72 ,23.58 ,23.61 ,23.62 ,23.66 ,23.65 ,23.71 ,23.66 ,23.58 ,23.59 ,23.68 ,23.8 ,23.83 ,23.73 ,23.76 ,23.76 ,23.8 ,23.84 ,23.82 ,23.77 ,23.85 ,23.83 ,23.68 ,23.78 ,23.75 ,23.79 ,23.82 ,23.83 ,23.72 ,23.71 ,23.74 ,23.82 ,23.76 ,23.73 ,23.81 ,23.74 ,23.75 ,23.86 ,23.76 ,23.7 ,23.78 ,23.76 ,23.7 ,23.79 ,23.79 ,23.83 ,23.74 ,23.75 ,23.72 ,23.78 ,23.83 ,23.73 ,23.77 ,23.85 ,23.75 ,23.74 ,23.78 ,23.79 ,23.8 ,23.84 ,23.85 ,23.81 ,23.72 ,23.7 ,23.7 ,23.73 ,23.72 ,23.82 ,23.88 ,23.82 ,23.74 ,23.74 ,23.88 ,23.8 ,23.83 ,23.83 ,23.87 ,23.84 ,23.75 ,23.69 ,23.76 ,23.85 ,23.79 ,23.75 ,23.8 ,23.76 ,23.82 ,23.86 ,23.83 ,23.84 ,23.85 ,23.81 ,23.79 ,23.86 ,23.83 ,23.8 ,23.83 ,23.82 ,23.84 ,23.83 ,23.81 ,23.8 ,23.71 ,23.73 ,23.83 ,23.8 ,23.89 ,23.91 ,23.92 ,24 ,23.87 ,23.73 ,23.77 ,23.8 ,23.86 ,23.76 ,23.76 ,23.87 ,23.79 ,23.83 ,23.85 ,23.85 ,23.86 ,23.77 ,23.8 ,23.83 ,23.78 ,23.81 ,23.76 ,23.77 ,23.82 ,23.82 ,23.87 ,23.84 ,23.76 ,23.73 ,23.81 ,23.84 ,23.86 ,23.85 ,23.73 ,23.77 ,23.83 ,23.79 ,23.81 ,23.79 ,23.84 ,23.77 ,23.83 ,23.84 ,23.74 ,23.9 ,23.87 ,23.84 ,23.86 ,23.84 ,23.78 ,23.82 ,23.82 ,23.86 ,23.78 ,23.75 ,23.83 ,23.85 ,23.82 ,23.86 ,23.88 ,23.88 ,23.75 ,23.71 ,23.75 ,23.78 ,23.81 ,23.81 ,23.86 ,23.86 ,23.89 ,23.79 ,23.79 ,23.78 ,23.87 ,23.86 ,23.81 ,23.81 ,23.79 ,23.78 ,23.8 ,23.86 ,23.8 ,23.78 ,23.77 ,23.79 ,23.78 ,23.84 ,23.83 ,23.86 ,23.81 ,23.71 ,23.87 ,23.89 ,23.8 ,23.79 ,23.83 ,23.81 ,23.9 ,23.9 ,23.87 ,23.79 ,23.81 ,23.81 ,23.83 ,23.81 ,23.81 ,23.78 ,23.85 ,23.83 ,23.77 ,23.74 ,23.86 ,23.81 ,23.8 ,23.87 ,23.77 ,23.82 ,23.83 ,23.78 ,23.78 ,23.82 ,23.8 ,23.73 ,23.73 ,23.81 ,23.83 ,23.78 ,23.74 ,23.86 ,23.79 ,23.77 ,23.74 ,23.7 ,23.77 ,23.78 ,23.68 ,23.66 ,23.7 ,23.76 ,23.88 ,23.84 ,23.76 ,23.74 ,23.88 ,23.91 ,23.91 ,23.83 ,23.74 ,23.68 ,23.78 ,23.76 ,23.75 ,23.75 ,23.78 ,23.72 ,23.73 ,23.78 ,23.82 ,23.79 ,23.8 ,23.84 ,23.78 ,23.67 ,23.81 ,23.72 ,23.71 ,23.81 ,23.82 ,23.77 ,23.75 ,23.71 ,23.72 ,23.75 ,23.75 ,23.76 ,23.75 ,23.82 ,23.82 ,23.8 ,23.8 ,23.72 ,23.77 ,23.75 ,23.74 ,23.78 ,23.81 ,23.7 ,23.66 ,23.72 ,23.79 ,23.78 ,23.74 ,23.67 ,23.66 ,23.68 ,23.73 ,23.71 ,23.68 ,23.7 ,23.74 ,23.74 ,23.78 ,23.7 ,23.78 ,23.8 ,23.7 ,23.73 ,23.77 ,23.78 ,23.83 ,23.77 ,23.69 ,23.71 ,23.78 ,23.7 ,23.62 ,23.7 ,23.72 ,23.64 ,23.63 ,23.7 ,23.69 ,23.68 ,23.59 ,23.62 ,23.59 ,23.53 ,23.48 ,23.43 ,23.36 ,23.28 ,23.21 ,23.2 ,23.11 ,23.06 ,23.18 ,23.31 ,23.28 ,23.28 ,23.35 ,23.37 ,23.37 ,23.38 ,23.44 ,23.47 ,23.42 ,23.39 ,23.48 ,23.5 ,23.41 ,23.4 ,23.39 ,23.33 ,23.26 ,23.29 ,23.37 ,23.5 ,23.44 ,23.52 ,23.44 ,23.42 ,23.49 ,23.54 ,23.5 ,23.33 ,23.48 ,23.52 ,23.44 ,23.3 ,23.37 ,23.47 ,23.37 ,23.38 ,23.46 ,23.41 ,23.38 ,23.26 ,23.2 ,23.2 ,23.3 ,23.26 ,23.33 ,23.24 ,23.29 ,23.32 ,23.25 ,23.31 ,23.2 ,23.26 ,23.29 ,23.21 ,23.34 ,23.2 ,23.22 ,23.28 ,23.21 ,23.24 ,23.31 ,23.32 ,23.27 ,23.2 ,23.21 ,23.15 ,23.17 ,23.3 ,23.19 ,22.95 ,22.9 ,22.77 ,22.8 ,22.69 ,22.58 ,22.57 ,22.61 ,22.62 ,22.69 ,22.74 ,22.73 ,22.7 ,22.66 ,22.53 ,22.58 ,22.6 ,22.53 ,22.58 ,22.68 ,22.63 ,22.57 ,
415,23.29 ,23.27 ,23.28 ,23.3 ,23.35 ,23.26 ,23.36 ,23.37 ,23.4 ,23.32 ,23.37 ,23.45 ,23.41 ,23.3 ,23.31 ,23.33 ,23.26 ,23.36 ,23.4 ,23.23 ,23.2 ,23.3 ,23.23 ,23.22 ,23.34 ,23.41 ,23.34 ,23.28 ,23.19 ,23.4 ,23.46 ,23.45 ,23.43 ,23.49 ,23.5 ,23.49 ,23.54 ,23.6 ,23.52 ,23.53 ,23.47 ,23.5 ,23.44 ,23.39 ,23.5 ,23.52 ,23.5 ,23.54 ,23.47 ,23.62 ,23.52 ,23.44 ,23.53 ,23.63 ,23.57 ,23.56 ,23.53 ,23.51 ,23.54 ,23.5 ,23.5 ,23.53 ,23.61 ,23.6 ,23.66 ,23.66 ,23.61 ,23.56 ,23.43 ,23.5 ,23.58 ,23.53 ,23.52 ,23.57 ,23.57 ,23.6 ,23.58 ,23.54 ,23.43 ,23.49 ,23.55 ,23.47 ,23.55 ,23.56 ,23.58 ,23.56 ,23.54 ,23.7 ,23.58 ,23.5 ,23.57 ,23.55 ,23.53 ,23.57 ,23.5 ,23.61 ,23.53 ,23.44 ,23.56 ,23.62 ,23.59 ,23.52 ,23.6 ,23.63 ,23.59 ,23.51 ,23.5 ,23.55 ,23.51 ,23.51 ,23.53 ,23.48 ,23.54 ,23.43 ,23.45 ,23.53 ,23.46 ,23.56 ,23.57 ,23.53 ,23.53 ,23.53 ,23.55 ,23.63 ,23.66 ,23.61 ,23.64 ,23.6 ,23.55 ,23.65 ,23.59 ,23.62 ,23.74 ,23.61 ,23.6 ,23.6 ,23.6 ,23.68 ,23.6 ,23.64 ,23.66 ,23.54 ,23.59 ,23.58 ,23.63 ,23.64 ,23.64 ,23.59 ,23.66 ,23.64 ,23.62 ,23.57 ,23.52 ,23.55 ,23.56 ,23.65 ,23.63 ,23.48 ,23.51 ,23.7 ,23.78 ,23.64 ,23.61 ,23.6 ,23.65 ,23.59 ,23.59 ,23.8 ,23.62 ,23.71 ,23.75 ,23.62 ,23.61 ,23.68 ,23.69 ,23.66 ,23.68 ,23.67 ,23.66 ,23.62 ,23.58 ,23.64 ,23.75 ,23.78 ,23.68 ,23.7 ,23.75 ,23.59 ,23.62 ,23.64 ,23.65 ,23.7 ,23.69 ,23.73 ,23.69 ,23.61 ,23.6 ,23.7 ,23.73 ,23.75 ,23.69 ,23.69 ,23.63 ,23.62 ,23.78 ,23.81 ,23.65 ,23.69 ,23.72 ,23.79 ,23.76 ,23.69 ,23.74 ,23.73 ,23.68 ,23.77 ,23.76 ,23.77 ,23.78 ,23.77 ,23.74 ,23.79 ,23.81 ,23.77 ,23.71 ,23.75 ,23.84 ,23.79 ,23.74 ,23.68 ,23.73 ,23.76 ,23.81 ,23.77 ,23.72 ,23.72 ,23.82 ,23.81 ,23.74 ,23.79 ,23.72 ,23.76 ,23.75 ,23.69 ,23.76 ,23.76 ,23.82 ,23.7 ,23.81 ,23.79 ,23.77 ,23.74 ,23.71 ,23.79 ,23.8 ,23.82 ,23.73 ,23.76 ,23.85 ,23.74 ,23.68 ,23.73 ,23.72 ,23.74 ,23.84 ,23.88 ,23.81 ,23.79 ,23.8 ,23.76 ,23.76 ,23.78 ,23.81 ,23.78 ,23.77 ,23.75 ,23.73 ,23.76 ,23.79 ,23.81 ,23.78 ,23.87 ,23.87 ,23.72 ,23.67 ,23.78 ,23.9 ,23.77 ,23.76 ,23.78 ,23.8 ,23.79 ,23.84 ,23.85 ,23.84 ,23.89 ,23.8 ,23.86 ,23.88 ,23.92 ,23.91 ,23.84 ,23.82 ,23.75 ,23.79 ,23.81 ,23.75 ,23.79 ,23.8 ,23.81 ,23.79 ,23.84 ,23.88 ,23.87 ,23.94 ,23.88 ,23.79 ,23.85 ,23.84 ,23.84 ,23.8 ,23.84 ,23.9 ,23.9 ,23.86 ,23.83 ,23.83 ,23.89 ,23.79 ,23.75 ,23.8 ,23.85 ,23.8 ,23.73 ,23.75 ,23.77 ,23.9 ,23.9 ,23.83 ,23.83 ,23.78 ,23.76 ,23.79 ,23.83 ,23.9 ,23.77 ,23.74 ,23.75 ,23.74 ,23.81 ,23.74 ,23.79 ,23.79 ,23.85 ,23.92 ,23.81 ,23.76 ,23.88 ,23.78 ,23.8 ,23.82 ,23.81 ,23.85 ,23.83 ,23.78 ,23.77 ,23.81 ,23.82 ,23.83 ,23.86 ,23.88 ,23.94 ,23.93 ,23.87 ,23.75 ,23.68 ,23.71 ,23.8 ,23.79 ,23.75 ,23.85 ,23.85 ,23.81 ,23.78 ,23.73 ,23.83 ,23.87 ,23.87 ,23.85 ,23.84 ,23.84 ,23.79 ,23.79 ,23.84 ,23.8 ,23.81 ,23.86 ,23.87 ,23.84 ,23.76 ,23.86 ,23.89 ,23.81 ,23.84 ,23.9 ,23.85 ,23.73 ,23.87 ,23.9 ,23.84 ,23.83 ,23.78 ,23.79 ,23.84 ,23.77 ,23.78 ,23.75 ,23.81 ,23.77 ,23.78 ,23.78 ,23.76 ,23.84 ,23.95 ,23.85 ,23.7 ,23.81 ,23.9 ,23.81 ,23.77 ,23.79 ,23.86 ,23.94 ,23.84 ,23.74 ,23.82 ,23.81 ,23.72 ,23.75 ,23.76 ,23.81 ,23.72 ,23.69 ,23.76 ,23.79 ,23.77 ,23.76 ,23.76 ,23.61 ,23.64 ,23.72 ,23.8 ,23.84 ,23.73 ,23.78 ,23.86 ,23.9 ,23.77 ,23.74 ,23.82 ,23.77 ,23.78 ,23.74 ,23.64 ,23.64 ,23.69 ,23.7 ,23.68 ,23.67 ,23.73 ,23.7 ,23.83 ,23.86 ,23.85 ,23.72 ,23.72 ,23.68 ,23.68 ,23.77 ,23.78 ,23.85 ,23.7 ,23.73 ,23.69 ,23.68 ,23.81 ,23.83 ,23.73 ,23.85 ,23.85 ,23.82 ,23.77 ,23.66 ,23.71 ,23.75 ,23.7 ,23.78 ,23.8 ,23.76 ,23.71 ,23.77 ,23.81 ,23.89 ,23.74 ,23.75 ,23.82 ,23.71 ,23.74 ,23.75 ,23.71 ,23.67 ,23.68 ,23.76 ,23.79 ,23.76 ,23.68 ,23.75 ,23.64 ,23.73 ,23.73 ,23.69 ,23.76 ,23.77 ,23.71 ,23.66 ,23.76 ,23.73 ,23.67 ,23.7 ,23.7 ,23.65 ,23.61 ,23.68 ,23.63 ,23.59 ,23.57 ,23.61 ,23.64 ,23.55 ,23.46 ,23.44 ,23.38 ,23.25 ,23.23 ,23.25 ,23.1 ,22.96 ,23 ,23.1 ,23.23 ,23.26 ,23.33 ,23.42 ,23.37 ,23.38 ,23.39 ,23.39 ,23.28 ,23.32 ,23.41 ,23.41 ,23.36 ,23.34 ,23.43 ,23.44 ,23.32 ,23.31 ,23.39 ,23.46 ,23.45 ,23.42 ,23.38 ,23.42 ,23.51 ,23.51 ,23.5 ,23.4 ,23.48 ,23.52 ,23.46 ,23.34 ,23.41 ,23.47 ,23.43 ,23.37 ,23.42 ,23.38 ,23.38 ,23.36 ,23.28 ,23.16 ,23.29 ,23.3 ,23.33 ,23.34 ,23.32 ,23.3 ,23.29 ,23.33 ,23.23 ,23.24 ,23.36 ,23.27 ,23.34 ,23.32 ,23.35 ,23.38 ,23.33 ,23.28 ,23.3 ,23.27 ,23.38 ,23.31 ,23.23 ,23.14 ,23.26 ,23.32 ,23.26 ,23.2 ,23.06 ,22.87 ,22.89 ,22.89 ,22.73 ,22.75 ,22.65 ,22.82 ,22.81 ,22.75 ,22.67 ,22.67 ,22.61 ,22.64 ,22.67 ,22.62 ,22.64 ,22.6 ,22.7 ,22.68 ,22.56 ,
416,23.27 ,23.34 ,23.36 ,23.38 ,23.29 ,23.22 ,23.28 ,23.33 ,23.39 ,23.42 ,23.29 ,23.38 ,23.37 ,23.24 ,23.22 ,23.27 ,23.32 ,23.35 ,23.33 ,23.22 ,23.16 ,23.32 ,23.38 ,23.26 ,23.23 ,23.38 ,23.39 ,23.15 ,23.3 ,23.41 ,23.48 ,23.46 ,23.42 ,23.46 ,23.49 ,23.47 ,23.55 ,23.58 ,23.53 ,23.49 ,23.56 ,23.63 ,23.61 ,23.46 ,23.46 ,23.55 ,23.56 ,23.6 ,23.51 ,23.52 ,23.55 ,23.45 ,23.46 ,23.57 ,23.53 ,23.62 ,23.55 ,23.55 ,23.6 ,23.61 ,23.54 ,23.49 ,23.59 ,23.67 ,23.77 ,23.7 ,23.68 ,23.59 ,23.52 ,23.63 ,23.54 ,23.48 ,23.48 ,23.51 ,23.52 ,23.57 ,23.62 ,23.55 ,23.53 ,23.55 ,23.52 ,23.43 ,23.45 ,23.55 ,23.53 ,23.61 ,23.56 ,23.76 ,23.66 ,23.51 ,23.53 ,23.6 ,23.5 ,23.52 ,23.58 ,23.61 ,23.62 ,23.46 ,23.52 ,23.59 ,23.58 ,23.56 ,23.57 ,23.6 ,23.59 ,23.56 ,23.59 ,23.62 ,23.57 ,23.56 ,23.54 ,23.45 ,23.46 ,23.56 ,23.56 ,23.58 ,23.48 ,23.54 ,23.63 ,23.56 ,23.54 ,23.6 ,23.61 ,23.68 ,23.65 ,23.63 ,23.66 ,23.71 ,23.59 ,23.59 ,23.64 ,23.52 ,23.63 ,23.65 ,23.62 ,23.59 ,23.61 ,23.67 ,23.63 ,23.55 ,23.65 ,23.62 ,23.59 ,23.59 ,23.65 ,23.73 ,23.63 ,23.57 ,23.55 ,23.58 ,23.54 ,23.59 ,23.6 ,23.59 ,23.56 ,23.56 ,23.6 ,23.56 ,23.56 ,23.67 ,23.8 ,23.69 ,23.63 ,23.63 ,23.67 ,23.67 ,23.57 ,23.75 ,23.7 ,23.68 ,23.76 ,23.68 ,23.65 ,23.65 ,23.69 ,23.63 ,23.71 ,23.68 ,23.65 ,23.73 ,23.73 ,23.66 ,23.77 ,23.75 ,23.72 ,23.74 ,23.8 ,23.65 ,23.57 ,23.63 ,23.69 ,23.76 ,23.75 ,23.59 ,23.66 ,23.61 ,23.62 ,23.68 ,23.64 ,23.75 ,23.74 ,23.67 ,23.69 ,23.7 ,23.71 ,23.77 ,23.69 ,23.72 ,23.73 ,23.84 ,23.81 ,23.78 ,23.77 ,23.81 ,23.74 ,23.77 ,23.88 ,23.78 ,23.8 ,23.76 ,23.75 ,23.79 ,23.71 ,23.75 ,23.8 ,23.7 ,23.71 ,23.82 ,23.77 ,23.7 ,23.79 ,23.75 ,23.83 ,23.8 ,23.75 ,23.81 ,23.85 ,23.82 ,23.84 ,23.84 ,23.76 ,23.79 ,23.78 ,23.74 ,23.77 ,23.83 ,23.79 ,23.72 ,23.75 ,23.82 ,23.76 ,23.71 ,23.64 ,23.75 ,23.9 ,23.86 ,23.84 ,23.87 ,23.83 ,23.71 ,23.7 ,23.85 ,23.87 ,23.86 ,23.9 ,23.88 ,23.84 ,23.88 ,23.83 ,23.83 ,23.7 ,23.83 ,23.75 ,23.82 ,23.78 ,23.75 ,23.73 ,23.76 ,23.83 ,23.79 ,23.82 ,23.86 ,23.84 ,23.81 ,23.73 ,23.86 ,23.89 ,23.76 ,23.8 ,23.84 ,23.9 ,23.87 ,23.79 ,23.81 ,23.89 ,23.94 ,23.87 ,23.94 ,23.84 ,23.81 ,23.88 ,23.85 ,23.75 ,23.71 ,23.81 ,23.88 ,23.81 ,23.83 ,23.84 ,23.86 ,23.85 ,23.87 ,23.9 ,23.8 ,23.84 ,23.83 ,23.76 ,23.89 ,23.87 ,23.85 ,23.75 ,23.81 ,23.87 ,23.88 ,23.81 ,23.85 ,23.87 ,23.85 ,23.82 ,23.86 ,23.84 ,23.81 ,23.74 ,23.74 ,23.74 ,23.71 ,23.76 ,23.84 ,23.82 ,23.8 ,23.81 ,23.77 ,23.78 ,23.82 ,23.91 ,23.74 ,23.73 ,23.81 ,23.76 ,23.82 ,23.86 ,23.85 ,23.8 ,23.92 ,23.85 ,23.82 ,23.79 ,23.84 ,23.88 ,23.79 ,23.77 ,23.89 ,23.98 ,23.82 ,23.81 ,23.77 ,23.86 ,23.82 ,23.83 ,23.78 ,23.81 ,23.83 ,23.93 ,23.95 ,23.79 ,23.77 ,23.8 ,23.78 ,23.78 ,23.75 ,23.78 ,23.84 ,23.79 ,23.91 ,23.81 ,23.83 ,23.85 ,23.92 ,23.91 ,23.85 ,23.86 ,23.79 ,23.76 ,23.73 ,23.86 ,23.86 ,23.9 ,23.82 ,23.9 ,23.81 ,23.78 ,23.87 ,23.92 ,23.92 ,23.87 ,23.84 ,23.74 ,23.8 ,23.85 ,23.85 ,23.85 ,23.73 ,23.74 ,23.89 ,23.83 ,23.81 ,23.77 ,23.78 ,23.81 ,23.84 ,23.87 ,23.74 ,23.8 ,23.85 ,23.86 ,23.81 ,23.82 ,23.82 ,23.86 ,23.79 ,23.77 ,23.81 ,23.87 ,23.9 ,23.82 ,23.88 ,23.91 ,23.73 ,23.68 ,23.83 ,23.75 ,23.73 ,23.72 ,23.76 ,23.78 ,23.8 ,23.77 ,23.78 ,23.77 ,23.75 ,23.79 ,23.75 ,23.82 ,23.85 ,23.81 ,23.85 ,23.76 ,23.74 ,23.66 ,23.75 ,23.75 ,23.77 ,23.71 ,23.68 ,23.67 ,23.76 ,23.75 ,23.75 ,23.68 ,23.7 ,23.72 ,23.83 ,23.86 ,23.83 ,23.79 ,23.74 ,23.73 ,23.75 ,23.75 ,23.73 ,23.83 ,23.82 ,23.75 ,23.72 ,23.7 ,23.81 ,23.81 ,23.73 ,23.75 ,23.79 ,23.86 ,23.84 ,23.72 ,23.77 ,23.73 ,23.74 ,23.8 ,23.78 ,23.76 ,23.8 ,23.82 ,23.76 ,23.83 ,23.74 ,23.78 ,23.81 ,23.75 ,23.78 ,23.84 ,23.83 ,23.76 ,23.71 ,23.7 ,23.76 ,23.75 ,23.77 ,23.71 ,23.6 ,23.63 ,23.73 ,23.72 ,23.77 ,23.78 ,23.78 ,23.68 ,23.74 ,23.8 ,23.75 ,23.73 ,23.67 ,23.67 ,23.65 ,23.61 ,23.55 ,23.56 ,23.56 ,23.6 ,23.65 ,23.45 ,23.26 ,23.37 ,23.35 ,23.33 ,23.18 ,23.13 ,23.07 ,23.08 ,23.18 ,23.21 ,23.27 ,23.29 ,23.35 ,23.4 ,23.39 ,23.46 ,23.41 ,23.37 ,23.48 ,23.46 ,23.44 ,23.37 ,23.48 ,23.41 ,23.45 ,23.55 ,23.41 ,23.42 ,23.5 ,23.47 ,23.42 ,23.44 ,23.4 ,23.42 ,23.51 ,23.49 ,23.57 ,23.49 ,23.52 ,23.46 ,23.4 ,23.38 ,23.42 ,23.51 ,23.45 ,23.46 ,23.46 ,23.41 ,23.36 ,23.47 ,23.41 ,23.27 ,23.26 ,23.29 ,23.44 ,23.46 ,23.35 ,23.38 ,23.27 ,23.35 ,23.27 ,23.26 ,23.35 ,23.38 ,23.26 ,23.32 ,23.34 ,23.28 ,23.29 ,23.32 ,23.36 ,23.27 ,23.37 ,23.27 ,23.28 ,23.31 ,23.29 ,23.36 ,23.3 ,23.21 ,23.26 ,23.08 ,23.13 ,23.06 ,22.78 ,22.74 ,22.68 ,22.76 ,22.82 ,22.69 ,22.64 ,22.59 ,22.6 ,22.69 ,22.73 ,22.64 ,22.66 ,22.62 ,22.64 ,22.56 ,22.55 ,
417,23.31 ,23.36 ,23.31 ,23.35 ,23.36 ,23.24 ,23.26 ,23.21 ,23.22 ,23.32 ,23.34 ,23.4 ,23.35 ,23.24 ,23.33 ,23.28 ,23.27 ,23.33 ,23.27 ,23.25 ,23.21 ,23.26 ,23.35 ,23.36 ,23.27 ,23.36 ,23.37 ,23.31 ,23.3 ,23.43 ,23.49 ,23.49 ,23.42 ,23.46 ,23.48 ,23.51 ,23.62 ,23.63 ,23.47 ,23.47 ,23.51 ,23.62 ,23.55 ,23.53 ,23.48 ,23.48 ,23.52 ,23.59 ,23.52 ,23.55 ,23.55 ,23.55 ,23.56 ,23.5 ,23.43 ,23.53 ,23.59 ,23.56 ,23.58 ,23.59 ,23.55 ,23.52 ,23.57 ,23.62 ,23.59 ,23.56 ,23.53 ,23.54 ,23.53 ,23.55 ,23.49 ,23.53 ,23.57 ,23.51 ,23.41 ,23.53 ,23.6 ,23.5 ,23.51 ,23.52 ,23.54 ,23.52 ,23.53 ,23.49 ,23.45 ,23.5 ,23.57 ,23.69 ,23.66 ,23.57 ,23.54 ,23.59 ,23.52 ,23.49 ,23.48 ,23.59 ,23.62 ,23.52 ,23.5 ,23.61 ,23.66 ,23.59 ,23.6 ,23.62 ,23.63 ,23.62 ,23.67 ,23.58 ,23.56 ,23.61 ,23.55 ,23.46 ,23.47 ,23.49 ,23.57 ,23.58 ,23.49 ,23.53 ,23.51 ,23.53 ,23.56 ,23.52 ,23.57 ,23.66 ,23.69 ,23.66 ,23.68 ,23.7 ,23.61 ,23.55 ,23.71 ,23.64 ,23.64 ,23.55 ,23.49 ,23.53 ,23.56 ,23.58 ,23.59 ,23.54 ,23.52 ,23.58 ,23.55 ,23.57 ,23.58 ,23.63 ,23.57 ,23.52 ,23.57 ,23.56 ,23.61 ,23.62 ,23.57 ,23.54 ,23.57 ,23.55 ,23.57 ,23.69 ,23.63 ,23.64 ,23.69 ,23.59 ,23.63 ,23.73 ,23.74 ,23.72 ,23.67 ,23.76 ,23.74 ,23.68 ,23.69 ,23.68 ,23.67 ,23.7 ,23.73 ,23.7 ,23.71 ,23.76 ,23.71 ,23.64 ,23.72 ,23.75 ,23.75 ,23.65 ,23.7 ,23.72 ,23.7 ,23.65 ,23.63 ,23.68 ,23.74 ,23.74 ,23.73 ,23.59 ,23.6 ,23.69 ,23.58 ,23.71 ,23.62 ,23.59 ,23.7 ,23.7 ,23.7 ,23.7 ,23.7 ,23.73 ,23.69 ,23.71 ,23.78 ,23.87 ,23.79 ,23.79 ,23.78 ,23.73 ,23.69 ,23.68 ,23.8 ,23.79 ,23.77 ,23.75 ,23.73 ,23.74 ,23.7 ,23.66 ,23.79 ,23.74 ,23.73 ,23.78 ,23.71 ,23.69 ,23.73 ,23.74 ,23.88 ,23.75 ,23.69 ,23.72 ,23.82 ,23.87 ,23.85 ,23.76 ,23.7 ,23.79 ,23.87 ,23.81 ,23.81 ,23.74 ,23.72 ,23.73 ,23.84 ,23.85 ,23.79 ,23.73 ,23.67 ,23.87 ,23.88 ,23.88 ,23.78 ,23.86 ,23.86 ,23.83 ,23.8 ,23.81 ,23.9 ,23.92 ,23.92 ,23.86 ,23.84 ,23.83 ,23.8 ,23.8 ,23.69 ,23.79 ,23.75 ,23.75 ,23.7 ,23.78 ,23.76 ,23.83 ,23.85 ,23.79 ,23.83 ,23.82 ,23.8 ,23.85 ,23.86 ,23.77 ,23.84 ,23.83 ,23.81 ,23.89 ,23.89 ,23.84 ,23.8 ,23.79 ,23.9 ,23.91 ,23.83 ,23.92 ,23.86 ,23.77 ,23.83 ,23.81 ,23.74 ,23.8 ,23.84 ,23.87 ,23.88 ,23.81 ,23.77 ,23.75 ,23.92 ,23.98 ,23.9 ,23.81 ,23.86 ,23.87 ,23.84 ,23.84 ,23.84 ,23.85 ,23.82 ,23.79 ,23.84 ,23.83 ,23.8 ,23.86 ,23.83 ,23.84 ,23.82 ,23.88 ,23.93 ,23.82 ,23.74 ,23.84 ,23.91 ,23.77 ,23.77 ,23.85 ,23.86 ,23.81 ,23.87 ,23.82 ,23.71 ,23.73 ,23.91 ,23.83 ,23.78 ,23.86 ,23.8 ,23.79 ,23.79 ,23.81 ,23.8 ,23.85 ,23.88 ,23.81 ,23.84 ,23.88 ,23.86 ,23.87 ,23.84 ,23.87 ,23.89 ,23.87 ,23.94 ,23.87 ,23.85 ,23.85 ,23.83 ,23.78 ,23.76 ,23.72 ,23.83 ,23.95 ,23.8 ,23.83 ,23.81 ,23.81 ,23.88 ,23.82 ,23.77 ,23.77 ,23.78 ,23.85 ,23.82 ,23.77 ,23.84 ,23.89 ,23.89 ,23.88 ,23.87 ,23.83 ,23.73 ,23.72 ,23.87 ,23.9 ,23.83 ,23.85 ,23.88 ,23.84 ,23.79 ,23.83 ,23.86 ,23.9 ,23.92 ,23.84 ,23.78 ,23.86 ,23.83 ,23.72 ,23.84 ,23.82 ,23.76 ,23.86 ,23.85 ,23.84 ,23.86 ,23.78 ,23.86 ,23.92 ,23.83 ,23.79 ,23.81 ,23.86 ,23.79 ,23.91 ,23.91 ,23.79 ,23.76 ,23.81 ,23.74 ,23.78 ,23.88 ,23.8 ,23.8 ,23.89 ,23.87 ,23.88 ,23.78 ,23.73 ,23.78 ,23.76 ,23.81 ,23.76 ,23.85 ,23.77 ,23.81 ,23.74 ,23.77 ,23.79 ,23.82 ,23.77 ,23.81 ,23.87 ,23.77 ,23.81 ,23.73 ,23.82 ,23.7 ,23.73 ,23.76 ,23.73 ,23.72 ,23.75 ,23.83 ,23.79 ,23.81 ,23.83 ,23.8 ,23.85 ,23.73 ,23.81 ,23.8 ,23.87 ,23.85 ,23.78 ,23.75 ,23.83 ,23.76 ,23.8 ,23.79 ,23.81 ,23.73 ,23.77 ,23.77 ,23.79 ,23.85 ,23.79 ,23.7 ,23.76 ,23.83 ,23.88 ,23.87 ,23.87 ,23.78 ,23.83 ,23.86 ,23.85 ,23.8 ,23.81 ,23.81 ,23.71 ,23.76 ,23.67 ,23.73 ,23.77 ,23.72 ,23.76 ,23.8 ,23.74 ,23.71 ,23.73 ,23.72 ,23.73 ,23.76 ,23.82 ,23.74 ,23.61 ,23.65 ,23.7 ,23.79 ,23.83 ,23.72 ,23.77 ,23.72 ,23.71 ,23.71 ,23.75 ,23.81 ,23.67 ,23.63 ,23.63 ,23.64 ,23.61 ,23.64 ,23.66 ,23.59 ,23.63 ,23.49 ,23.23 ,23.19 ,23.22 ,23.24 ,23.28 ,23.15 ,23.08 ,23.05 ,23.24 ,23.41 ,23.33 ,23.27 ,23.34 ,23.39 ,23.38 ,23.54 ,23.47 ,23.42 ,23.39 ,23.45 ,23.41 ,23.35 ,23.47 ,23.46 ,23.44 ,23.48 ,23.45 ,23.46 ,23.37 ,23.41 ,23.37 ,23.38 ,23.42 ,23.45 ,23.41 ,23.48 ,23.51 ,23.47 ,23.47 ,23.44 ,23.38 ,23.3 ,23.46 ,23.48 ,23.47 ,23.51 ,23.45 ,23.35 ,23.37 ,23.44 ,23.45 ,23.35 ,23.31 ,23.38 ,23.48 ,23.5 ,23.31 ,23.39 ,23.41 ,23.31 ,23.34 ,23.34 ,23.43 ,23.38 ,23.3 ,23.2 ,23.23 ,23.26 ,23.25 ,23.23 ,23.22 ,23.25 ,23.28 ,23.23 ,23.33 ,23.34 ,23.35 ,23.4 ,23.35 ,23.23 ,23.27 ,23.19 ,23.29 ,23.21 ,23.07 ,22.94 ,22.81 ,22.79 ,22.78 ,22.73 ,22.62 ,22.63 ,22.69 ,22.67 ,22.68 ,22.66 ,22.65 ,22.69 ,22.61 ,22.53 ,22.5 ,
418,23.31 ,23.31 ,23.38 ,23.32 ,23.34 ,23.33 ,23.32 ,23.25 ,23.25 ,23.31 ,23.36 ,23.4 ,23.42 ,23.36 ,23.5 ,23.3 ,23.18 ,23.29 ,23.31 ,23.29 ,23.37 ,23.37 ,23.3 ,23.33 ,23.26 ,23.41 ,23.4 ,23.34 ,23.38 ,23.38 ,23.42 ,23.53 ,23.47 ,23.52 ,23.54 ,23.52 ,23.56 ,23.67 ,23.54 ,23.46 ,23.45 ,23.46 ,23.56 ,23.48 ,23.41 ,23.44 ,23.58 ,23.65 ,23.54 ,23.54 ,23.55 ,23.63 ,23.64 ,23.55 ,23.48 ,23.55 ,23.56 ,23.51 ,23.48 ,23.57 ,23.5 ,23.52 ,23.54 ,23.56 ,23.61 ,23.54 ,23.53 ,23.55 ,23.54 ,23.48 ,23.43 ,23.51 ,23.57 ,23.58 ,23.52 ,23.57 ,23.66 ,23.49 ,23.43 ,23.46 ,23.49 ,23.57 ,23.58 ,23.48 ,23.48 ,23.49 ,23.56 ,23.53 ,23.54 ,23.56 ,23.58 ,23.53 ,23.57 ,23.57 ,23.49 ,23.55 ,23.53 ,23.46 ,23.55 ,23.67 ,23.72 ,23.68 ,23.6 ,23.59 ,23.61 ,23.55 ,23.57 ,23.63 ,23.58 ,23.54 ,23.55 ,23.44 ,23.49 ,23.46 ,23.51 ,23.61 ,23.51 ,23.53 ,23.59 ,23.51 ,23.54 ,23.59 ,23.54 ,23.63 ,23.68 ,23.67 ,23.71 ,23.63 ,23.59 ,23.59 ,23.67 ,23.7 ,23.6 ,23.56 ,23.47 ,23.55 ,23.54 ,23.66 ,23.56 ,23.51 ,23.55 ,23.59 ,23.65 ,23.61 ,23.55 ,23.61 ,23.61 ,23.53 ,23.58 ,23.71 ,23.63 ,23.63 ,23.54 ,23.53 ,23.55 ,23.61 ,23.59 ,23.67 ,23.74 ,23.61 ,23.6 ,23.56 ,23.68 ,23.76 ,23.66 ,23.6 ,23.73 ,23.81 ,23.76 ,23.73 ,23.68 ,23.63 ,23.72 ,23.76 ,23.75 ,23.68 ,23.72 ,23.73 ,23.74 ,23.72 ,23.69 ,23.64 ,23.64 ,23.64 ,23.7 ,23.68 ,23.7 ,23.65 ,23.64 ,23.7 ,23.69 ,23.73 ,23.73 ,23.77 ,23.74 ,23.72 ,23.72 ,23.79 ,23.75 ,23.75 ,23.75 ,23.74 ,23.76 ,23.71 ,23.62 ,23.68 ,23.75 ,23.69 ,23.79 ,23.79 ,23.75 ,23.72 ,23.68 ,23.65 ,23.66 ,23.72 ,23.72 ,23.78 ,23.7 ,23.74 ,23.79 ,23.75 ,23.69 ,23.66 ,23.8 ,23.8 ,23.8 ,23.82 ,23.74 ,23.76 ,23.73 ,23.73 ,23.8 ,23.71 ,23.66 ,23.72 ,23.8 ,23.85 ,23.84 ,23.73 ,23.77 ,23.87 ,23.87 ,23.82 ,23.81 ,23.79 ,23.73 ,23.8 ,23.86 ,23.81 ,23.81 ,23.79 ,23.79 ,23.85 ,23.87 ,23.79 ,23.81 ,23.81 ,23.85 ,23.81 ,23.76 ,23.76 ,23.86 ,23.85 ,23.84 ,23.81 ,23.76 ,23.79 ,23.78 ,23.9 ,23.77 ,23.78 ,23.85 ,23.85 ,23.83 ,23.84 ,23.77 ,23.83 ,23.82 ,23.71 ,23.75 ,23.83 ,23.79 ,23.79 ,23.81 ,23.77 ,23.85 ,23.89 ,23.86 ,23.8 ,23.83 ,23.84 ,23.8 ,23.86 ,23.91 ,23.95 ,23.84 ,23.92 ,23.92 ,23.78 ,23.84 ,23.8 ,23.78 ,23.88 ,23.88 ,23.79 ,23.82 ,23.81 ,23.8 ,23.79 ,23.87 ,23.92 ,23.79 ,23.82 ,23.84 ,23.83 ,23.84 ,23.89 ,23.84 ,23.84 ,23.77 ,23.74 ,23.79 ,23.85 ,23.82 ,23.89 ,23.86 ,23.87 ,23.86 ,23.87 ,23.86 ,23.81 ,23.76 ,23.78 ,23.89 ,23.77 ,23.72 ,23.84 ,23.9 ,23.84 ,23.88 ,23.83 ,23.76 ,23.73 ,23.8 ,23.9 ,23.82 ,23.83 ,23.79 ,23.76 ,23.78 ,23.76 ,23.78 ,23.8 ,23.85 ,23.77 ,23.79 ,23.87 ,23.84 ,23.88 ,23.85 ,23.89 ,23.88 ,23.84 ,23.89 ,23.84 ,23.76 ,23.81 ,23.89 ,23.89 ,23.93 ,23.79 ,23.78 ,23.9 ,23.85 ,23.81 ,23.8 ,23.86 ,23.92 ,23.9 ,23.81 ,23.75 ,23.75 ,23.86 ,23.81 ,23.87 ,23.79 ,23.82 ,23.88 ,23.86 ,23.86 ,23.82 ,23.73 ,23.77 ,23.9 ,23.84 ,23.84 ,23.88 ,23.89 ,23.81 ,23.85 ,23.92 ,23.88 ,23.87 ,23.87 ,23.86 ,23.79 ,23.81 ,23.92 ,23.85 ,23.9 ,23.86 ,23.78 ,23.89 ,23.92 ,23.86 ,23.92 ,23.76 ,23.79 ,23.94 ,23.81 ,23.78 ,23.87 ,23.85 ,23.82 ,23.83 ,23.84 ,23.85 ,23.75 ,23.8 ,23.76 ,23.75 ,23.8 ,23.74 ,23.82 ,23.9 ,23.81 ,23.84 ,23.89 ,23.73 ,23.79 ,23.86 ,23.89 ,23.83 ,23.89 ,23.94 ,23.8 ,23.71 ,23.69 ,23.76 ,23.8 ,23.89 ,23.86 ,23.81 ,23.7 ,23.78 ,23.77 ,23.82 ,23.75 ,23.79 ,23.82 ,23.77 ,23.8 ,23.74 ,23.81 ,23.74 ,23.81 ,23.85 ,23.81 ,23.85 ,23.81 ,23.81 ,23.83 ,23.83 ,23.86 ,23.82 ,23.79 ,23.77 ,23.8 ,23.75 ,23.75 ,23.75 ,23.79 ,23.71 ,23.79 ,23.79 ,23.78 ,23.89 ,23.76 ,23.77 ,23.76 ,23.8 ,23.85 ,23.86 ,23.8 ,23.78 ,23.86 ,23.81 ,23.74 ,23.76 ,23.74 ,23.64 ,23.75 ,23.77 ,23.81 ,23.69 ,23.71 ,23.74 ,23.77 ,23.75 ,23.72 ,23.64 ,23.74 ,23.79 ,23.85 ,23.72 ,23.7 ,23.67 ,23.68 ,23.7 ,23.7 ,23.82 ,23.79 ,23.79 ,23.78 ,23.75 ,23.71 ,23.67 ,23.71 ,23.7 ,23.65 ,23.67 ,23.69 ,23.67 ,23.72 ,23.6 ,23.6 ,23.58 ,23.42 ,23.32 ,23.28 ,23.19 ,23.18 ,23.19 ,23.14 ,23.13 ,23.11 ,23.27 ,23.35 ,23.26 ,23.2 ,23.21 ,23.38 ,23.38 ,23.41 ,23.43 ,23.4 ,23.36 ,23.28 ,23.42 ,23.37 ,23.42 ,23.35 ,23.38 ,23.41 ,23.34 ,23.41 ,23.39 ,23.35 ,23.38 ,23.32 ,23.28 ,23.33 ,23.32 ,23.31 ,23.38 ,23.41 ,23.39 ,23.43 ,23.37 ,23.31 ,23.4 ,23.55 ,23.48 ,23.42 ,23.38 ,23.41 ,23.37 ,23.36 ,23.42 ,23.35 ,23.35 ,23.54 ,23.56 ,23.42 ,23.38 ,23.37 ,23.36 ,23.36 ,23.37 ,23.34 ,23.46 ,23.47 ,23.27 ,23.27 ,23.23 ,23.34 ,23.27 ,23.16 ,23.25 ,23.28 ,23.19 ,23.23 ,23.37 ,23.32 ,23.34 ,23.4 ,23.45 ,23.33 ,23.3 ,23.22 ,23.18 ,23.19 ,23.14 ,23.17 ,22.94 ,22.84 ,22.88 ,22.72 ,22.74 ,22.71 ,22.72 ,22.68 ,22.62 ,22.66 ,22.67 ,22.71 ,22.66 ,22.49 ,22.44 ,
419,23.28 ,23.23 ,23.42 ,23.36 ,23.25 ,23.34 ,23.34 ,23.43 ,23.41 ,23.34 ,23.37 ,23.3 ,23.33 ,23.38 ,23.46 ,23.38 ,23.2 ,23.34 ,23.43 ,23.35 ,23.36 ,23.38 ,23.4 ,23.34 ,23.28 ,23.43 ,23.5 ,23.36 ,23.31 ,23.39 ,23.4 ,23.49 ,23.51 ,23.58 ,23.51 ,23.44 ,23.45 ,23.48 ,23.51 ,23.43 ,23.43 ,23.45 ,23.5 ,23.45 ,23.51 ,23.48 ,23.54 ,23.65 ,23.58 ,23.51 ,23.58 ,23.6 ,23.62 ,23.58 ,23.53 ,23.57 ,23.54 ,23.5 ,23.51 ,23.57 ,23.53 ,23.53 ,23.46 ,23.47 ,23.6 ,23.69 ,23.62 ,23.62 ,23.64 ,23.58 ,23.44 ,23.55 ,23.62 ,23.58 ,23.5 ,23.47 ,23.55 ,23.54 ,23.47 ,23.5 ,23.49 ,23.59 ,23.65 ,23.57 ,23.52 ,23.59 ,23.56 ,23.52 ,23.54 ,23.53 ,23.63 ,23.65 ,23.56 ,23.59 ,23.5 ,23.61 ,23.56 ,23.43 ,23.51 ,23.68 ,23.65 ,23.61 ,23.58 ,23.52 ,23.5 ,23.58 ,23.55 ,23.59 ,23.59 ,23.45 ,23.49 ,23.46 ,23.48 ,23.48 ,23.47 ,23.53 ,23.52 ,23.54 ,23.62 ,23.64 ,23.56 ,23.61 ,23.57 ,23.73 ,23.66 ,23.61 ,23.62 ,23.59 ,23.6 ,23.63 ,23.65 ,23.61 ,23.56 ,23.55 ,23.53 ,23.56 ,23.52 ,23.6 ,23.66 ,23.59 ,23.56 ,23.59 ,23.66 ,23.62 ,23.58 ,23.64 ,23.58 ,23.58 ,23.6 ,23.69 ,23.68 ,23.64 ,23.75 ,23.67 ,23.6 ,23.6 ,23.68 ,23.68 ,23.73 ,23.67 ,23.67 ,23.67 ,23.59 ,23.73 ,23.66 ,23.66 ,23.7 ,23.77 ,23.69 ,23.68 ,23.76 ,23.68 ,23.73 ,23.7 ,23.73 ,23.63 ,23.61 ,23.68 ,23.78 ,23.79 ,23.81 ,23.68 ,23.66 ,23.59 ,23.66 ,23.71 ,23.75 ,23.66 ,23.62 ,23.7 ,23.72 ,23.71 ,23.71 ,23.7 ,23.76 ,23.73 ,23.65 ,23.75 ,23.78 ,23.73 ,23.8 ,23.73 ,23.71 ,23.61 ,23.54 ,23.71 ,23.73 ,23.75 ,23.68 ,23.69 ,23.71 ,23.67 ,23.65 ,23.77 ,23.7 ,23.83 ,23.82 ,23.84 ,23.81 ,23.76 ,23.78 ,23.78 ,23.77 ,23.74 ,23.8 ,23.85 ,23.82 ,23.9 ,23.79 ,23.76 ,23.74 ,23.67 ,23.77 ,23.7 ,23.69 ,23.73 ,23.83 ,23.86 ,23.81 ,23.73 ,23.77 ,23.89 ,23.85 ,23.79 ,23.86 ,23.8 ,23.76 ,23.78 ,23.84 ,23.78 ,23.81 ,23.76 ,23.79 ,23.91 ,23.89 ,23.75 ,23.8 ,23.85 ,23.79 ,23.77 ,23.78 ,23.81 ,23.9 ,23.83 ,23.76 ,23.84 ,23.74 ,23.81 ,23.73 ,23.84 ,23.88 ,23.85 ,23.84 ,23.86 ,23.85 ,23.84 ,23.73 ,23.78 ,23.83 ,23.75 ,23.75 ,23.81 ,23.83 ,23.8 ,23.77 ,23.85 ,23.88 ,23.86 ,23.77 ,23.81 ,23.86 ,23.89 ,23.82 ,23.96 ,23.92 ,23.96 ,23.89 ,23.83 ,23.9 ,23.89 ,23.89 ,23.94 ,23.8 ,23.87 ,23.85 ,23.85 ,23.77 ,23.78 ,23.85 ,23.87 ,23.84 ,23.89 ,23.86 ,23.94 ,23.9 ,23.81 ,23.82 ,23.81 ,23.84 ,23.85 ,23.79 ,23.73 ,23.76 ,23.87 ,23.84 ,23.84 ,23.86 ,23.88 ,23.86 ,23.82 ,23.82 ,23.73 ,23.72 ,23.75 ,23.83 ,23.74 ,23.72 ,23.79 ,23.84 ,23.81 ,23.84 ,23.85 ,23.85 ,23.83 ,23.88 ,23.87 ,23.87 ,23.85 ,23.79 ,23.72 ,23.74 ,23.75 ,23.75 ,23.74 ,23.81 ,23.82 ,23.82 ,23.93 ,23.82 ,23.87 ,23.91 ,23.85 ,23.92 ,23.86 ,23.86 ,23.86 ,23.78 ,23.79 ,23.85 ,23.95 ,24 ,23.86 ,23.83 ,23.87 ,23.89 ,23.85 ,23.8 ,23.81 ,23.83 ,23.78 ,23.78 ,23.76 ,23.73 ,23.83 ,23.86 ,23.89 ,23.8 ,23.78 ,23.88 ,23.83 ,23.85 ,23.83 ,23.84 ,23.84 ,23.92 ,23.8 ,23.76 ,23.87 ,23.95 ,23.87 ,23.9 ,23.88 ,23.82 ,23.87 ,23.87 ,23.81 ,23.75 ,23.82 ,23.91 ,23.84 ,23.93 ,23.9 ,23.85 ,23.86 ,23.91 ,23.88 ,23.9 ,23.8 ,23.8 ,23.89 ,23.86 ,23.86 ,23.84 ,23.86 ,23.8 ,23.83 ,23.82 ,23.81 ,23.85 ,23.83 ,23.82 ,23.8 ,23.82 ,23.73 ,23.84 ,23.87 ,23.77 ,23.82 ,23.84 ,23.88 ,23.8 ,23.87 ,23.83 ,23.81 ,23.84 ,23.87 ,23.82 ,23.79 ,23.77 ,23.83 ,23.82 ,23.85 ,23.85 ,23.77 ,23.72 ,23.81 ,23.8 ,23.75 ,23.85 ,23.84 ,23.83 ,23.87 ,23.9 ,23.84 ,23.78 ,23.84 ,23.77 ,23.78 ,23.82 ,23.86 ,23.87 ,23.88 ,23.87 ,23.79 ,23.78 ,23.89 ,23.82 ,23.76 ,23.8 ,23.81 ,23.82 ,23.8 ,23.73 ,23.76 ,23.73 ,23.82 ,23.78 ,23.82 ,23.81 ,23.76 ,23.86 ,23.87 ,23.88 ,23.81 ,23.81 ,23.85 ,23.85 ,23.69 ,23.74 ,23.8 ,23.73 ,23.71 ,23.86 ,23.72 ,23.8 ,23.83 ,23.76 ,23.76 ,23.79 ,23.73 ,23.79 ,23.72 ,23.67 ,23.73 ,23.77 ,23.76 ,23.68 ,23.65 ,23.7 ,23.76 ,23.75 ,23.75 ,23.74 ,23.67 ,23.67 ,23.67 ,23.73 ,23.64 ,23.62 ,23.7 ,23.74 ,23.65 ,23.62 ,23.66 ,23.68 ,23.66 ,23.6 ,23.67 ,23.48 ,23.3 ,23.32 ,23.22 ,23.26 ,23.23 ,23.13 ,23.08 ,23.17 ,23.31 ,23.19 ,23.12 ,23.09 ,23.18 ,23.23 ,23.31 ,23.37 ,23.34 ,23.31 ,23.32 ,23.32 ,23.37 ,23.48 ,23.41 ,23.37 ,23.38 ,23.37 ,23.33 ,23.5 ,23.38 ,23.33 ,23.38 ,23.3 ,23.32 ,23.28 ,23.29 ,23.4 ,23.43 ,23.44 ,23.37 ,23.44 ,23.43 ,23.42 ,23.42 ,23.53 ,23.58 ,23.42 ,23.43 ,23.48 ,23.36 ,23.37 ,23.42 ,23.47 ,23.47 ,23.47 ,23.43 ,23.44 ,23.4 ,23.38 ,23.29 ,23.3 ,23.32 ,23.42 ,23.37 ,23.41 ,23.26 ,23.25 ,23.4 ,23.45 ,23.3 ,23.19 ,23.32 ,23.33 ,23.36 ,23.29 ,23.3 ,23.3 ,23.29 ,23.37 ,23.41 ,23.3 ,23.33 ,23.3 ,23.27 ,23.21 ,23.17 ,23.25 ,23.22 ,23.1 ,23.05 ,22.84 ,22.76 ,22.63 ,22.68 ,22.74 ,22.79 ,22.69 ,22.7 ,22.73 ,22.73 ,22.56 ,22.59 ,
420,23.3 ,23.2 ,23.35 ,23.27 ,23.26 ,23.34 ,23.39 ,23.43 ,23.51 ,23.39 ,23.28 ,23.23 ,23.33 ,23.28 ,23.41 ,23.48 ,23.34 ,23.33 ,23.41 ,23.4 ,23.29 ,23.39 ,23.42 ,23.36 ,23.39 ,23.42 ,23.45 ,23.35 ,23.35 ,23.49 ,23.47 ,23.47 ,23.37 ,23.53 ,23.51 ,23.46 ,23.47 ,23.49 ,23.47 ,23.43 ,23.45 ,23.43 ,23.42 ,23.49 ,23.51 ,23.62 ,23.51 ,23.55 ,23.64 ,23.54 ,23.46 ,23.5 ,23.62 ,23.5 ,23.48 ,23.54 ,23.56 ,23.44 ,23.55 ,23.62 ,23.55 ,23.56 ,23.6 ,23.52 ,23.68 ,23.68 ,23.55 ,23.59 ,23.61 ,23.58 ,23.52 ,23.59 ,23.55 ,23.57 ,23.5 ,23.49 ,23.55 ,23.56 ,23.49 ,23.5 ,23.5 ,23.47 ,23.58 ,23.61 ,23.57 ,23.57 ,23.61 ,23.56 ,23.6 ,23.55 ,23.63 ,23.72 ,23.6 ,23.62 ,23.56 ,23.58 ,23.65 ,23.54 ,23.48 ,23.66 ,23.61 ,23.56 ,23.53 ,23.49 ,23.57 ,23.57 ,23.55 ,23.56 ,23.6 ,23.57 ,23.53 ,23.51 ,23.52 ,23.66 ,23.5 ,23.45 ,23.51 ,23.52 ,23.63 ,23.59 ,23.6 ,23.63 ,23.57 ,23.68 ,23.61 ,23.52 ,23.53 ,23.57 ,23.6 ,23.57 ,23.57 ,23.51 ,23.59 ,23.58 ,23.59 ,23.59 ,23.59 ,23.53 ,23.66 ,23.64 ,23.56 ,23.62 ,23.64 ,23.55 ,23.56 ,23.61 ,23.65 ,23.63 ,23.75 ,23.69 ,23.67 ,23.73 ,23.73 ,23.72 ,23.57 ,23.63 ,23.71 ,23.64 ,23.66 ,23.65 ,23.63 ,23.71 ,23.68 ,23.64 ,23.66 ,23.61 ,23.64 ,23.75 ,23.66 ,23.66 ,23.67 ,23.67 ,23.7 ,23.67 ,23.72 ,23.72 ,23.63 ,23.64 ,23.76 ,23.77 ,23.77 ,23.71 ,23.64 ,23.64 ,23.61 ,23.67 ,23.65 ,23.68 ,23.71 ,23.77 ,23.83 ,23.79 ,23.67 ,23.63 ,23.7 ,23.75 ,23.72 ,23.67 ,23.69 ,23.65 ,23.7 ,23.74 ,23.65 ,23.68 ,23.65 ,23.78 ,23.75 ,23.69 ,23.69 ,23.73 ,23.73 ,23.71 ,23.75 ,23.78 ,23.76 ,23.85 ,23.87 ,23.82 ,23.78 ,23.83 ,23.81 ,23.75 ,23.69 ,23.77 ,23.8 ,23.81 ,23.78 ,23.89 ,23.79 ,23.74 ,23.69 ,23.72 ,23.78 ,23.78 ,23.7 ,23.74 ,23.78 ,23.81 ,23.82 ,23.78 ,23.8 ,23.86 ,23.85 ,23.81 ,23.8 ,23.83 ,23.81 ,23.82 ,23.82 ,23.83 ,23.82 ,23.79 ,23.77 ,23.79 ,23.84 ,23.79 ,23.78 ,23.82 ,23.81 ,23.82 ,23.7 ,23.76 ,23.82 ,23.77 ,23.76 ,23.82 ,23.82 ,23.84 ,23.8 ,23.81 ,23.8 ,23.88 ,23.9 ,23.89 ,23.89 ,23.85 ,23.78 ,23.77 ,23.9 ,23.85 ,23.84 ,23.83 ,23.88 ,23.91 ,23.81 ,23.79 ,23.85 ,23.84 ,23.75 ,23.83 ,23.85 ,23.91 ,23.84 ,23.9 ,23.93 ,23.96 ,23.89 ,23.85 ,23.79 ,23.81 ,23.84 ,23.88 ,23.8 ,23.88 ,23.84 ,23.8 ,23.76 ,23.83 ,23.82 ,23.81 ,23.84 ,23.91 ,23.84 ,23.88 ,23.93 ,23.91 ,23.88 ,23.88 ,23.82 ,23.88 ,23.88 ,23.75 ,23.76 ,23.85 ,23.87 ,23.84 ,23.82 ,23.84 ,23.87 ,23.84 ,23.81 ,23.81 ,23.75 ,23.75 ,23.82 ,23.81 ,23.84 ,23.82 ,23.78 ,23.8 ,23.83 ,23.77 ,23.86 ,23.8 ,23.81 ,23.86 ,23.89 ,23.9 ,23.79 ,23.82 ,23.7 ,23.72 ,23.81 ,23.83 ,23.78 ,23.86 ,23.82 ,23.96 ,23.85 ,23.83 ,23.95 ,23.92 ,23.9 ,23.85 ,23.94 ,23.89 ,23.75 ,23.77 ,23.79 ,23.81 ,23.85 ,23.81 ,23.86 ,23.9 ,23.82 ,23.85 ,23.74 ,23.81 ,23.87 ,23.76 ,23.76 ,23.77 ,23.78 ,23.92 ,23.9 ,23.84 ,23.84 ,23.83 ,23.85 ,23.86 ,23.91 ,23.82 ,23.95 ,23.91 ,23.82 ,23.8 ,23.77 ,23.88 ,23.91 ,23.86 ,23.87 ,23.81 ,23.74 ,23.85 ,23.85 ,23.86 ,23.72 ,23.77 ,23.83 ,23.82 ,23.85 ,23.85 ,23.81 ,23.92 ,23.83 ,23.83 ,23.85 ,23.84 ,23.89 ,23.95 ,23.83 ,23.82 ,23.75 ,23.82 ,23.75 ,23.77 ,23.83 ,23.79 ,23.87 ,23.76 ,23.75 ,23.78 ,23.85 ,23.85 ,23.81 ,23.84 ,23.78 ,23.82 ,23.87 ,23.84 ,23.8 ,23.82 ,23.86 ,23.83 ,23.82 ,23.81 ,23.75 ,23.69 ,23.77 ,23.85 ,23.88 ,23.84 ,23.85 ,23.79 ,23.77 ,23.8 ,23.75 ,23.85 ,23.88 ,23.84 ,23.81 ,23.93 ,23.88 ,23.83 ,23.78 ,23.88 ,23.77 ,23.8 ,23.86 ,23.87 ,23.73 ,23.88 ,23.83 ,23.85 ,23.81 ,23.86 ,23.86 ,23.75 ,23.78 ,23.9 ,23.94 ,23.87 ,23.76 ,23.79 ,23.79 ,23.78 ,23.8 ,23.77 ,23.75 ,23.74 ,23.85 ,23.88 ,23.82 ,23.75 ,23.76 ,23.89 ,23.88 ,23.8 ,23.74 ,23.78 ,23.73 ,23.76 ,23.79 ,23.74 ,23.72 ,23.88 ,23.82 ,23.8 ,23.73 ,23.75 ,23.69 ,23.71 ,23.58 ,23.75 ,23.77 ,23.69 ,23.62 ,23.6 ,23.73 ,23.81 ,23.79 ,23.69 ,23.7 ,23.69 ,23.69 ,23.72 ,23.68 ,23.63 ,23.63 ,23.78 ,23.79 ,23.74 ,23.72 ,23.68 ,23.7 ,23.79 ,23.68 ,23.65 ,23.53 ,23.36 ,23.32 ,23.32 ,23.21 ,23.17 ,23.17 ,23.19 ,23.13 ,23.23 ,23.17 ,23.14 ,23.12 ,23.17 ,23.14 ,23.15 ,23.23 ,23.3 ,23.32 ,23.33 ,23.35 ,23.42 ,23.39 ,23.46 ,23.37 ,23.47 ,23.49 ,23.37 ,23.47 ,23.33 ,23.28 ,23.41 ,23.35 ,23.39 ,23.45 ,23.45 ,23.45 ,23.43 ,23.39 ,23.33 ,23.38 ,23.39 ,23.37 ,23.39 ,23.48 ,23.45 ,23.38 ,23.46 ,23.51 ,23.45 ,23.45 ,23.48 ,23.52 ,23.5 ,23.46 ,23.38 ,23.34 ,23.43 ,23.48 ,23.45 ,23.34 ,23.34 ,23.45 ,23.42 ,23.31 ,23.25 ,23.22 ,23.42 ,23.39 ,23.25 ,23.33 ,23.49 ,23.34 ,23.45 ,23.42 ,23.35 ,23.31 ,23.41 ,23.42 ,23.31 ,23.32 ,23.25 ,23.3 ,23.27 ,23.3 ,23.27 ,23.35 ,23.27 ,23.24 ,23.15 ,22.93 ,22.8 ,22.76 ,22.77 ,22.68 ,22.76 ,22.72 ,22.62 ,22.65 ,22.74 ,22.67 ,22.65 ,
421,23.33 ,23.29 ,23.31 ,23.27 ,23.21 ,23.27 ,23.37 ,23.43 ,23.47 ,23.39 ,23.21 ,23.23 ,23.27 ,23.23 ,23.25 ,23.36 ,23.39 ,23.31 ,23.33 ,23.41 ,23.36 ,23.31 ,23.41 ,23.34 ,23.33 ,23.44 ,23.41 ,23.33 ,23.39 ,23.48 ,23.42 ,23.43 ,23.36 ,23.43 ,23.49 ,23.47 ,23.49 ,23.53 ,23.64 ,23.44 ,23.5 ,23.41 ,23.43 ,23.49 ,23.53 ,23.56 ,23.56 ,23.49 ,23.59 ,23.52 ,23.41 ,23.48 ,23.56 ,23.54 ,23.51 ,23.55 ,23.6 ,23.52 ,23.5 ,23.53 ,23.48 ,23.51 ,23.6 ,23.54 ,23.56 ,23.53 ,23.51 ,23.57 ,23.58 ,23.5 ,23.58 ,23.64 ,23.58 ,23.49 ,23.54 ,23.51 ,23.62 ,23.59 ,23.57 ,23.47 ,23.57 ,23.5 ,23.48 ,23.52 ,23.58 ,23.52 ,23.6 ,23.59 ,23.49 ,23.52 ,23.59 ,23.64 ,23.54 ,23.57 ,23.55 ,23.49 ,23.6 ,23.51 ,23.52 ,23.63 ,23.6 ,23.51 ,23.56 ,23.53 ,23.58 ,23.6 ,23.64 ,23.59 ,23.57 ,23.48 ,23.49 ,23.59 ,23.57 ,23.6 ,23.6 ,23.53 ,23.61 ,23.5 ,23.52 ,23.49 ,23.49 ,23.58 ,23.61 ,23.57 ,23.55 ,23.58 ,23.55 ,23.54 ,23.52 ,23.37 ,23.38 ,23.45 ,23.55 ,23.64 ,23.63 ,23.62 ,23.64 ,23.6 ,23.56 ,23.6 ,23.6 ,23.57 ,23.61 ,23.57 ,23.58 ,23.63 ,23.57 ,23.65 ,23.81 ,23.75 ,23.64 ,23.65 ,23.65 ,23.64 ,23.6 ,23.61 ,23.66 ,23.63 ,23.59 ,23.55 ,23.63 ,23.66 ,23.71 ,23.63 ,23.66 ,23.67 ,23.71 ,23.72 ,23.75 ,23.68 ,23.68 ,23.67 ,23.72 ,23.68 ,23.63 ,23.67 ,23.67 ,23.63 ,23.66 ,23.7 ,23.72 ,23.69 ,23.65 ,23.57 ,23.61 ,23.64 ,23.63 ,23.65 ,23.75 ,23.76 ,23.74 ,23.76 ,23.71 ,23.61 ,23.74 ,23.74 ,23.67 ,23.67 ,23.64 ,23.62 ,23.74 ,23.69 ,23.7 ,23.75 ,23.75 ,23.76 ,23.81 ,23.7 ,23.68 ,23.74 ,23.76 ,23.74 ,23.75 ,23.77 ,23.74 ,23.78 ,23.81 ,23.81 ,23.69 ,23.74 ,23.8 ,23.8 ,23.74 ,23.76 ,23.79 ,23.75 ,23.76 ,23.78 ,23.74 ,23.74 ,23.81 ,23.79 ,23.81 ,23.75 ,23.73 ,23.78 ,23.77 ,23.81 ,23.81 ,23.76 ,23.72 ,23.83 ,23.8 ,23.79 ,23.82 ,23.81 ,23.83 ,23.77 ,23.87 ,23.82 ,23.74 ,23.66 ,23.75 ,23.81 ,23.81 ,23.77 ,23.83 ,23.84 ,23.78 ,23.74 ,23.77 ,23.8 ,23.86 ,23.83 ,23.85 ,23.82 ,23.86 ,23.84 ,23.84 ,23.84 ,23.74 ,23.77 ,23.75 ,23.9 ,23.85 ,23.81 ,23.78 ,23.8 ,23.81 ,23.76 ,23.81 ,23.87 ,23.85 ,23.86 ,23.85 ,23.78 ,23.83 ,23.83 ,23.72 ,23.74 ,23.85 ,23.87 ,23.75 ,23.8 ,23.9 ,23.92 ,23.89 ,23.9 ,23.86 ,23.76 ,23.82 ,23.86 ,23.88 ,23.81 ,23.79 ,23.85 ,23.75 ,23.82 ,23.87 ,23.78 ,23.86 ,23.96 ,23.74 ,23.76 ,23.84 ,23.82 ,23.84 ,23.86 ,23.79 ,23.89 ,23.85 ,23.8 ,23.85 ,23.88 ,23.85 ,23.84 ,23.85 ,23.81 ,23.86 ,23.87 ,23.86 ,23.91 ,23.9 ,23.82 ,23.78 ,23.79 ,23.89 ,23.95 ,23.84 ,23.83 ,23.88 ,23.8 ,23.78 ,23.86 ,23.88 ,23.83 ,23.86 ,23.87 ,23.83 ,23.84 ,23.81 ,23.74 ,23.76 ,23.81 ,23.81 ,23.77 ,23.8 ,23.92 ,23.9 ,23.81 ,23.89 ,23.94 ,23.9 ,23.83 ,23.89 ,23.85 ,23.74 ,23.78 ,23.8 ,23.8 ,23.79 ,23.78 ,23.82 ,23.88 ,23.76 ,23.71 ,23.77 ,23.8 ,23.91 ,23.8 ,23.77 ,23.74 ,23.75 ,23.91 ,23.92 ,23.91 ,23.79 ,23.9 ,23.88 ,23.91 ,23.97 ,23.94 ,23.87 ,23.81 ,23.73 ,23.69 ,23.76 ,23.8 ,23.82 ,23.81 ,23.86 ,23.78 ,23.76 ,23.85 ,23.92 ,23.87 ,23.79 ,23.81 ,23.85 ,23.86 ,23.83 ,23.83 ,23.78 ,23.92 ,23.85 ,23.8 ,23.89 ,23.85 ,23.92 ,23.99 ,23.88 ,23.72 ,23.75 ,23.79 ,23.75 ,23.69 ,23.83 ,23.72 ,23.76 ,23.75 ,23.71 ,23.8 ,23.82 ,23.85 ,23.8 ,23.75 ,23.79 ,23.82 ,23.85 ,23.83 ,23.77 ,23.85 ,23.84 ,23.85 ,23.8 ,23.84 ,23.78 ,23.76 ,23.7 ,23.77 ,23.89 ,23.81 ,23.87 ,23.85 ,23.81 ,23.78 ,23.74 ,23.83 ,23.86 ,23.76 ,23.8 ,23.93 ,23.83 ,23.74 ,23.86 ,23.72 ,23.71 ,23.75 ,23.83 ,23.84 ,23.71 ,23.75 ,23.77 ,23.78 ,23.79 ,23.75 ,23.75 ,23.71 ,23.71 ,23.78 ,23.88 ,23.9 ,23.77 ,23.81 ,23.79 ,23.8 ,23.81 ,23.83 ,23.77 ,23.74 ,23.75 ,23.82 ,23.87 ,23.85 ,23.8 ,23.83 ,23.89 ,23.83 ,23.77 ,23.75 ,23.77 ,23.76 ,23.68 ,23.75 ,23.77 ,23.81 ,23.78 ,23.79 ,23.68 ,23.66 ,23.71 ,23.64 ,23.61 ,23.76 ,23.8 ,23.75 ,23.61 ,23.68 ,23.72 ,23.74 ,23.73 ,23.66 ,23.61 ,23.75 ,23.8 ,23.78 ,23.67 ,23.64 ,23.7 ,23.73 ,23.7 ,23.76 ,23.75 ,23.74 ,23.66 ,23.73 ,23.71 ,23.64 ,23.47 ,23.42 ,23.3 ,23.17 ,23.11 ,23.11 ,23.13 ,23.2 ,23.12 ,23.26 ,23.21 ,23.14 ,23.16 ,23.21 ,23.12 ,23.02 ,23.15 ,23.26 ,23.29 ,23.32 ,23.35 ,23.46 ,23.43 ,23.44 ,23.41 ,23.44 ,23.46 ,23.37 ,23.36 ,23.37 ,23.38 ,23.39 ,23.37 ,23.39 ,23.51 ,23.52 ,23.43 ,23.35 ,23.39 ,23.42 ,23.46 ,23.41 ,23.29 ,23.34 ,23.43 ,23.45 ,23.34 ,23.45 ,23.51 ,23.53 ,23.47 ,23.44 ,23.47 ,23.58 ,23.46 ,23.42 ,23.38 ,23.4 ,23.35 ,23.36 ,23.35 ,23.38 ,23.45 ,23.44 ,23.3 ,23.34 ,23.3 ,23.26 ,23.27 ,23.34 ,23.45 ,23.54 ,23.37 ,23.33 ,23.38 ,23.37 ,23.33 ,23.34 ,23.43 ,23.42 ,23.33 ,23.33 ,23.28 ,23.26 ,23.34 ,23.31 ,23.32 ,23.29 ,23.2 ,23.2 ,23.1 ,22.97 ,22.84 ,22.75 ,22.65 ,22.69 ,22.7 ,22.62 ,22.53 ,22.6 ,22.64 ,22.59 ,
422,23.32 ,23.23 ,23.28 ,23.43 ,23.3 ,23.32 ,23.4 ,23.4 ,23.37 ,23.36 ,23.18 ,23.31 ,23.42 ,23.31 ,23.28 ,23.3 ,23.32 ,23.39 ,23.43 ,23.42 ,23.44 ,23.31 ,23.37 ,23.39 ,23.32 ,23.47 ,23.44 ,23.35 ,23.38 ,23.3 ,23.37 ,23.43 ,23.4 ,23.43 ,23.39 ,23.45 ,23.59 ,23.57 ,23.59 ,23.43 ,23.46 ,23.54 ,23.4 ,23.47 ,23.48 ,23.53 ,23.59 ,23.51 ,23.49 ,23.57 ,23.5 ,23.53 ,23.51 ,23.48 ,23.55 ,23.54 ,23.59 ,23.62 ,23.48 ,23.49 ,23.51 ,23.47 ,23.58 ,23.49 ,23.56 ,23.55 ,23.53 ,23.53 ,23.59 ,23.5 ,23.52 ,23.58 ,23.49 ,23.55 ,23.54 ,23.5 ,23.59 ,23.6 ,23.56 ,23.47 ,23.51 ,23.61 ,23.53 ,23.51 ,23.48 ,23.56 ,23.55 ,23.63 ,23.51 ,23.43 ,23.55 ,23.65 ,23.52 ,23.5 ,23.57 ,23.59 ,23.6 ,23.47 ,23.49 ,23.58 ,23.66 ,23.54 ,23.52 ,23.48 ,23.59 ,23.64 ,23.64 ,23.63 ,23.51 ,23.46 ,23.46 ,23.62 ,23.61 ,23.5 ,23.51 ,23.55 ,23.58 ,23.52 ,23.56 ,23.56 ,23.48 ,23.49 ,23.58 ,23.56 ,23.5 ,23.52 ,23.56 ,23.56 ,23.54 ,23.45 ,23.51 ,23.54 ,23.57 ,23.64 ,23.65 ,23.6 ,23.59 ,23.6 ,23.68 ,23.67 ,23.61 ,23.58 ,23.62 ,23.62 ,23.59 ,23.62 ,23.6 ,23.58 ,23.7 ,23.72 ,23.63 ,23.63 ,23.61 ,23.68 ,23.66 ,23.67 ,23.64 ,23.64 ,23.7 ,23.59 ,23.62 ,23.7 ,23.68 ,23.67 ,23.65 ,23.66 ,23.7 ,23.7 ,23.75 ,23.8 ,23.68 ,23.61 ,23.66 ,23.72 ,23.69 ,23.69 ,23.73 ,23.69 ,23.66 ,23.7 ,23.71 ,23.66 ,23.7 ,23.66 ,23.69 ,23.72 ,23.67 ,23.6 ,23.64 ,23.73 ,23.68 ,23.71 ,23.68 ,23.68 ,23.76 ,23.75 ,23.59 ,23.61 ,23.62 ,23.63 ,23.7 ,23.73 ,23.71 ,23.77 ,23.72 ,23.78 ,23.74 ,23.69 ,23.64 ,23.71 ,23.78 ,23.77 ,23.76 ,23.7 ,23.74 ,23.77 ,23.72 ,23.78 ,23.77 ,23.7 ,23.7 ,23.73 ,23.76 ,23.78 ,23.75 ,23.7 ,23.76 ,23.76 ,23.72 ,23.81 ,23.82 ,23.73 ,23.75 ,23.78 ,23.8 ,23.79 ,23.78 ,23.76 ,23.76 ,23.76 ,23.77 ,23.81 ,23.82 ,23.79 ,23.84 ,23.81 ,23.75 ,23.73 ,23.83 ,23.94 ,23.81 ,23.66 ,23.7 ,23.84 ,23.84 ,23.71 ,23.75 ,23.75 ,23.82 ,23.81 ,23.86 ,23.91 ,23.9 ,23.9 ,23.92 ,23.89 ,23.89 ,23.88 ,23.87 ,23.84 ,23.7 ,23.75 ,23.79 ,23.88 ,23.85 ,23.78 ,23.82 ,23.79 ,23.8 ,23.76 ,23.78 ,23.84 ,23.79 ,23.83 ,23.86 ,23.8 ,23.78 ,23.81 ,23.75 ,23.8 ,23.73 ,23.82 ,23.79 ,23.76 ,23.79 ,23.9 ,23.88 ,23.85 ,23.83 ,23.86 ,23.82 ,23.81 ,23.83 ,23.74 ,23.75 ,23.86 ,23.84 ,23.85 ,23.86 ,23.78 ,23.84 ,23.9 ,23.84 ,23.77 ,23.82 ,23.86 ,23.76 ,23.75 ,23.72 ,23.84 ,23.82 ,23.86 ,23.88 ,23.9 ,23.87 ,23.87 ,23.87 ,23.91 ,23.83 ,23.86 ,23.9 ,23.91 ,23.83 ,23.81 ,23.82 ,23.76 ,23.82 ,23.88 ,23.94 ,23.85 ,23.84 ,23.81 ,23.72 ,23.84 ,23.93 ,23.83 ,23.77 ,23.89 ,23.83 ,23.8 ,23.81 ,23.83 ,23.77 ,23.77 ,23.77 ,23.72 ,23.77 ,23.91 ,23.84 ,23.83 ,23.86 ,23.96 ,23.89 ,23.81 ,23.81 ,23.78 ,23.8 ,23.89 ,23.83 ,23.83 ,23.87 ,23.84 ,23.83 ,23.86 ,23.82 ,23.75 ,23.69 ,23.82 ,23.88 ,23.88 ,23.91 ,23.88 ,23.77 ,23.86 ,23.85 ,23.87 ,23.81 ,23.79 ,23.81 ,23.82 ,23.81 ,23.88 ,23.89 ,23.81 ,23.72 ,23.8 ,23.78 ,23.74 ,23.76 ,23.79 ,23.87 ,23.88 ,23.83 ,23.86 ,23.92 ,23.85 ,23.79 ,23.82 ,23.82 ,23.87 ,23.88 ,23.84 ,23.72 ,23.81 ,23.82 ,23.83 ,23.88 ,23.8 ,23.81 ,23.94 ,23.85 ,23.75 ,23.76 ,23.81 ,23.81 ,23.77 ,23.83 ,23.82 ,23.8 ,23.82 ,23.79 ,23.78 ,23.86 ,23.8 ,23.74 ,23.79 ,23.88 ,23.74 ,23.75 ,23.76 ,23.82 ,23.8 ,23.79 ,23.75 ,23.78 ,23.78 ,23.76 ,23.76 ,23.7 ,23.79 ,23.79 ,23.78 ,23.91 ,23.88 ,23.87 ,23.8 ,23.76 ,23.74 ,23.79 ,23.78 ,23.82 ,23.89 ,23.84 ,23.76 ,23.81 ,23.78 ,23.64 ,23.68 ,23.72 ,23.77 ,23.72 ,23.79 ,23.85 ,23.8 ,23.82 ,23.77 ,23.73 ,23.82 ,23.76 ,23.83 ,23.81 ,23.79 ,23.73 ,23.68 ,23.71 ,23.76 ,23.8 ,23.8 ,23.88 ,23.79 ,23.73 ,23.73 ,23.82 ,23.91 ,23.82 ,23.88 ,23.83 ,23.82 ,23.72 ,23.79 ,23.81 ,23.79 ,23.75 ,23.75 ,23.79 ,23.85 ,23.83 ,23.8 ,23.76 ,23.62 ,23.65 ,23.67 ,23.67 ,23.76 ,23.83 ,23.79 ,23.69 ,23.74 ,23.72 ,23.7 ,23.67 ,23.7 ,23.78 ,23.73 ,23.73 ,23.78 ,23.68 ,23.65 ,23.71 ,23.65 ,23.68 ,23.66 ,23.61 ,23.61 ,23.64 ,23.59 ,23.6 ,23.62 ,23.49 ,23.33 ,23.38 ,23.26 ,23.12 ,23.2 ,23.28 ,23.32 ,23.28 ,23.25 ,23.27 ,23.15 ,23.19 ,23.28 ,23.31 ,23.14 ,23.13 ,23.25 ,23.31 ,23.33 ,23.28 ,23.39 ,23.39 ,23.45 ,23.43 ,23.46 ,23.43 ,23.35 ,23.38 ,23.46 ,23.44 ,23.4 ,23.34 ,23.46 ,23.38 ,23.42 ,23.44 ,23.45 ,23.37 ,23.35 ,23.41 ,23.46 ,23.39 ,23.38 ,23.39 ,23.46 ,23.42 ,23.54 ,23.45 ,23.51 ,23.51 ,23.41 ,23.35 ,23.4 ,23.47 ,23.44 ,23.36 ,23.34 ,23.39 ,23.44 ,23.42 ,23.38 ,23.43 ,23.36 ,23.31 ,23.26 ,23.29 ,23.26 ,23.22 ,23.36 ,23.46 ,23.49 ,23.42 ,23.41 ,23.32 ,23.43 ,23.34 ,23.3 ,23.41 ,23.38 ,23.34 ,23.41 ,23.39 ,23.39 ,23.41 ,23.4 ,23.29 ,23.3 ,23.21 ,23.28 ,23.26 ,23.14 ,23.06 ,22.94 ,22.83 ,22.8 ,22.87 ,22.62 ,22.58 ,22.5 ,22.51 ,22.51 ,
423,23.31 ,23.22 ,23.29 ,23.41 ,23.27 ,23.22 ,23.42 ,23.42 ,23.31 ,23.31 ,23.26 ,23.27 ,23.43 ,23.42 ,23.32 ,23.34 ,23.37 ,23.47 ,23.41 ,23.45 ,23.43 ,23.33 ,23.34 ,23.32 ,23.34 ,23.46 ,23.47 ,23.32 ,23.35 ,23.37 ,23.46 ,23.4 ,23.4 ,23.46 ,23.41 ,23.47 ,23.56 ,23.6 ,23.52 ,23.5 ,23.43 ,23.5 ,23.47 ,23.39 ,23.42 ,23.46 ,23.5 ,23.66 ,23.48 ,23.57 ,23.64 ,23.6 ,23.56 ,23.45 ,23.53 ,23.49 ,23.48 ,23.49 ,23.4 ,23.47 ,23.53 ,23.48 ,23.53 ,23.47 ,23.52 ,23.59 ,23.63 ,23.52 ,23.52 ,23.54 ,23.49 ,23.5 ,23.55 ,23.61 ,23.59 ,23.54 ,23.53 ,23.55 ,23.59 ,23.58 ,23.51 ,23.55 ,23.57 ,23.5 ,23.45 ,23.51 ,23.58 ,23.57 ,23.46 ,23.46 ,23.57 ,23.67 ,23.62 ,23.52 ,23.58 ,23.62 ,23.61 ,23.55 ,23.52 ,23.48 ,23.57 ,23.63 ,23.61 ,23.55 ,23.58 ,23.57 ,23.54 ,23.57 ,23.6 ,23.54 ,23.5 ,23.57 ,23.63 ,23.5 ,23.57 ,23.56 ,23.54 ,23.6 ,23.78 ,23.66 ,23.55 ,23.53 ,23.52 ,23.58 ,23.51 ,23.45 ,23.53 ,23.59 ,23.61 ,23.55 ,23.55 ,23.62 ,23.62 ,23.58 ,23.67 ,23.6 ,23.63 ,23.6 ,23.73 ,23.77 ,23.64 ,23.55 ,23.66 ,23.62 ,23.62 ,23.64 ,23.66 ,23.6 ,23.64 ,23.67 ,23.63 ,23.63 ,23.69 ,23.68 ,23.62 ,23.67 ,23.64 ,23.6 ,23.77 ,23.71 ,23.64 ,23.78 ,23.72 ,23.69 ,23.67 ,23.6 ,23.62 ,23.75 ,23.77 ,23.75 ,23.77 ,23.67 ,23.66 ,23.69 ,23.71 ,23.68 ,23.81 ,23.72 ,23.71 ,23.74 ,23.64 ,23.59 ,23.7 ,23.76 ,23.75 ,23.79 ,23.74 ,23.64 ,23.61 ,23.66 ,23.73 ,23.64 ,23.69 ,23.73 ,23.85 ,23.8 ,23.69 ,23.62 ,23.64 ,23.63 ,23.68 ,23.7 ,23.61 ,23.71 ,23.75 ,23.73 ,23.71 ,23.63 ,23.67 ,23.74 ,23.84 ,23.88 ,23.9 ,23.71 ,23.7 ,23.84 ,23.76 ,23.81 ,23.8 ,23.77 ,23.76 ,23.81 ,23.71 ,23.7 ,23.74 ,23.74 ,23.74 ,23.79 ,23.81 ,23.82 ,23.78 ,23.71 ,23.74 ,23.71 ,23.69 ,23.76 ,23.8 ,23.73 ,23.68 ,23.76 ,23.84 ,23.81 ,23.79 ,23.79 ,23.83 ,23.8 ,23.71 ,23.73 ,23.83 ,23.85 ,23.8 ,23.76 ,23.79 ,23.83 ,23.89 ,23.77 ,23.76 ,23.75 ,23.74 ,23.79 ,23.79 ,23.82 ,23.83 ,23.81 ,23.83 ,23.86 ,23.86 ,23.83 ,23.91 ,23.91 ,23.73 ,23.77 ,23.88 ,23.9 ,23.83 ,23.75 ,23.78 ,23.82 ,23.82 ,23.8 ,23.79 ,23.87 ,23.8 ,23.81 ,23.87 ,23.89 ,23.81 ,23.79 ,23.82 ,23.89 ,23.89 ,23.79 ,23.84 ,23.86 ,23.89 ,23.93 ,23.88 ,23.8 ,23.78 ,23.84 ,23.84 ,23.84 ,23.78 ,23.81 ,23.83 ,23.85 ,23.81 ,23.91 ,23.92 ,23.81 ,23.84 ,23.84 ,23.87 ,23.88 ,23.83 ,23.9 ,23.92 ,23.82 ,23.79 ,23.81 ,23.74 ,23.77 ,23.8 ,23.83 ,23.87 ,23.85 ,23.89 ,23.79 ,23.81 ,23.77 ,23.82 ,23.89 ,23.84 ,23.79 ,23.8 ,23.76 ,23.74 ,23.86 ,23.91 ,23.87 ,23.8 ,23.88 ,23.78 ,23.83 ,23.91 ,23.82 ,23.82 ,23.86 ,23.83 ,23.79 ,23.79 ,23.8 ,23.8 ,23.77 ,23.82 ,23.84 ,23.83 ,23.86 ,23.86 ,23.84 ,23.86 ,23.87 ,23.89 ,23.84 ,23.86 ,23.78 ,23.8 ,23.93 ,23.85 ,23.81 ,23.84 ,23.94 ,23.96 ,23.84 ,23.81 ,23.8 ,23.78 ,23.84 ,23.89 ,23.88 ,23.89 ,23.84 ,23.83 ,23.85 ,23.84 ,23.87 ,23.87 ,23.92 ,23.86 ,23.82 ,23.77 ,23.83 ,23.88 ,23.81 ,23.76 ,23.81 ,23.79 ,23.82 ,23.79 ,23.81 ,23.84 ,23.9 ,23.8 ,23.86 ,23.85 ,23.8 ,23.83 ,23.8 ,23.82 ,23.81 ,23.79 ,23.83 ,23.79 ,23.8 ,23.78 ,23.8 ,23.85 ,23.78 ,23.86 ,23.92 ,23.84 ,23.77 ,23.83 ,23.82 ,23.83 ,23.82 ,23.77 ,23.82 ,23.9 ,23.88 ,23.79 ,23.78 ,23.95 ,23.87 ,23.76 ,23.74 ,23.79 ,23.7 ,23.68 ,23.79 ,23.79 ,23.79 ,23.77 ,23.74 ,23.79 ,23.82 ,23.77 ,23.78 ,23.77 ,23.75 ,23.8 ,23.65 ,23.76 ,23.84 ,23.78 ,23.82 ,23.75 ,23.73 ,23.73 ,23.77 ,23.82 ,23.8 ,23.78 ,23.74 ,23.74 ,23.82 ,23.71 ,23.69 ,23.71 ,23.75 ,23.69 ,23.88 ,23.91 ,23.84 ,23.86 ,23.91 ,23.77 ,23.85 ,23.87 ,23.84 ,23.79 ,23.68 ,23.7 ,23.77 ,23.73 ,23.8 ,23.82 ,23.8 ,23.84 ,23.79 ,23.81 ,23.78 ,23.76 ,23.87 ,23.78 ,23.81 ,23.86 ,23.87 ,23.76 ,23.76 ,23.8 ,23.76 ,23.87 ,23.76 ,23.82 ,23.86 ,23.86 ,23.88 ,23.81 ,23.73 ,23.76 ,23.74 ,23.73 ,23.73 ,23.77 ,23.78 ,23.68 ,23.67 ,23.72 ,23.77 ,23.64 ,23.68 ,23.83 ,23.78 ,23.67 ,23.66 ,23.65 ,23.69 ,23.72 ,23.72 ,23.72 ,23.7 ,23.62 ,23.65 ,23.72 ,23.6 ,23.61 ,23.61 ,23.52 ,23.38 ,23.4 ,23.37 ,23.37 ,23.28 ,23.37 ,23.33 ,23.27 ,23.31 ,23.27 ,23.27 ,23.23 ,23.17 ,23.35 ,23.33 ,23.24 ,23.22 ,23.33 ,23.34 ,23.38 ,23.39 ,23.46 ,23.51 ,23.43 ,23.4 ,23.39 ,23.38 ,23.35 ,23.45 ,23.51 ,23.44 ,23.34 ,23.4 ,23.49 ,23.44 ,23.41 ,23.41 ,23.41 ,23.31 ,23.41 ,23.47 ,23.38 ,23.45 ,23.37 ,23.37 ,23.37 ,23.48 ,23.46 ,23.43 ,23.59 ,23.53 ,23.42 ,23.41 ,23.42 ,23.43 ,23.4 ,23.43 ,23.42 ,23.49 ,23.4 ,23.34 ,23.33 ,23.37 ,23.31 ,23.3 ,23.31 ,23.37 ,23.38 ,23.41 ,23.48 ,23.45 ,23.44 ,23.47 ,23.31 ,23.36 ,23.31 ,23.31 ,23.37 ,23.39 ,23.33 ,23.41 ,23.47 ,23.45 ,23.53 ,23.48 ,23.36 ,23.4 ,23.36 ,23.28 ,23.23 ,23.2 ,23.12 ,23.19 ,23.06 ,23.02 ,22.95 ,22.75 ,22.69 ,22.62 ,22.52 ,22.49 ,
424,23.31 ,23.31 ,23.3 ,23.35 ,23.3 ,23.2 ,23.34 ,23.39 ,23.32 ,23.26 ,23.28 ,23.39 ,23.52 ,23.37 ,23.35 ,23.44 ,23.3 ,23.35 ,23.35 ,23.36 ,23.5 ,23.45 ,23.42 ,23.33 ,23.36 ,23.4 ,23.43 ,23.41 ,23.43 ,23.46 ,23.47 ,23.39 ,23.41 ,23.48 ,23.43 ,23.52 ,23.51 ,23.49 ,23.48 ,23.42 ,23.56 ,23.52 ,23.51 ,23.39 ,23.44 ,23.46 ,23.47 ,23.57 ,23.51 ,23.51 ,23.52 ,23.54 ,23.53 ,23.49 ,23.51 ,23.55 ,23.54 ,23.4 ,23.41 ,23.48 ,23.52 ,23.55 ,23.59 ,23.56 ,23.56 ,23.55 ,23.62 ,23.56 ,23.47 ,23.63 ,23.62 ,23.58 ,23.64 ,23.57 ,23.57 ,23.54 ,23.54 ,23.58 ,23.52 ,23.54 ,23.58 ,23.47 ,23.42 ,23.45 ,23.48 ,23.58 ,23.63 ,23.69 ,23.51 ,23.52 ,23.59 ,23.67 ,23.62 ,23.62 ,23.52 ,23.57 ,23.56 ,23.56 ,23.57 ,23.53 ,23.51 ,23.58 ,23.63 ,23.58 ,23.61 ,23.55 ,23.57 ,23.51 ,23.52 ,23.58 ,23.51 ,23.52 ,23.57 ,23.59 ,23.61 ,23.63 ,23.61 ,23.6 ,23.72 ,23.7 ,23.61 ,23.55 ,23.57 ,23.55 ,23.57 ,23.56 ,23.6 ,23.58 ,23.62 ,23.61 ,23.6 ,23.64 ,23.57 ,23.58 ,23.64 ,23.69 ,23.69 ,23.64 ,23.67 ,23.67 ,23.69 ,23.6 ,23.63 ,23.62 ,23.71 ,23.67 ,23.64 ,23.63 ,23.63 ,23.72 ,23.65 ,23.64 ,23.71 ,23.7 ,23.62 ,23.61 ,23.61 ,23.63 ,23.73 ,23.73 ,23.75 ,23.75 ,23.8 ,23.71 ,23.71 ,23.64 ,23.61 ,23.7 ,23.72 ,23.76 ,23.81 ,23.76 ,23.69 ,23.73 ,23.73 ,23.69 ,23.71 ,23.66 ,23.7 ,23.7 ,23.76 ,23.64 ,23.6 ,23.71 ,23.72 ,23.83 ,23.71 ,23.69 ,23.71 ,23.8 ,23.74 ,23.68 ,23.75 ,23.69 ,23.79 ,23.72 ,23.65 ,23.7 ,23.67 ,23.62 ,23.63 ,23.7 ,23.64 ,23.65 ,23.73 ,23.67 ,23.72 ,23.74 ,23.71 ,23.76 ,23.79 ,23.79 ,23.85 ,23.76 ,23.72 ,23.8 ,23.79 ,23.94 ,23.8 ,23.72 ,23.85 ,23.83 ,23.72 ,23.72 ,23.77 ,23.79 ,23.78 ,23.79 ,23.85 ,23.85 ,23.8 ,23.78 ,23.76 ,23.75 ,23.72 ,23.82 ,23.89 ,23.74 ,23.76 ,23.77 ,23.78 ,23.88 ,23.83 ,23.74 ,23.8 ,23.76 ,23.68 ,23.71 ,23.76 ,23.77 ,23.85 ,23.74 ,23.73 ,23.85 ,23.88 ,23.83 ,23.84 ,23.88 ,23.79 ,23.77 ,23.78 ,23.78 ,23.81 ,23.83 ,23.85 ,23.77 ,23.77 ,23.79 ,23.85 ,23.91 ,23.86 ,23.87 ,23.82 ,23.78 ,23.79 ,23.78 ,23.73 ,23.75 ,23.72 ,23.8 ,23.76 ,23.81 ,23.84 ,23.93 ,23.84 ,23.9 ,23.89 ,23.86 ,23.84 ,23.87 ,23.98 ,23.82 ,23.78 ,23.89 ,23.9 ,23.87 ,23.82 ,23.88 ,23.86 ,23.85 ,23.84 ,23.9 ,23.83 ,23.84 ,23.88 ,23.82 ,23.79 ,23.86 ,23.91 ,23.87 ,23.85 ,23.9 ,23.88 ,23.81 ,23.87 ,23.87 ,23.84 ,23.76 ,23.77 ,23.79 ,23.79 ,23.78 ,23.77 ,23.8 ,23.86 ,23.77 ,23.82 ,23.81 ,23.79 ,23.78 ,23.74 ,23.73 ,23.8 ,23.83 ,23.84 ,23.77 ,23.75 ,23.83 ,23.89 ,23.84 ,23.85 ,23.85 ,23.85 ,23.85 ,23.88 ,23.79 ,23.8 ,23.87 ,23.81 ,23.79 ,23.79 ,23.8 ,23.81 ,23.87 ,23.83 ,23.92 ,23.9 ,23.83 ,23.85 ,23.85 ,23.86 ,23.87 ,23.85 ,23.87 ,23.9 ,23.83 ,23.85 ,23.84 ,23.84 ,23.86 ,23.86 ,23.9 ,24.02 ,23.88 ,23.77 ,23.76 ,23.74 ,23.84 ,23.87 ,23.95 ,23.91 ,23.77 ,23.79 ,23.92 ,23.82 ,23.84 ,23.89 ,23.96 ,23.88 ,23.84 ,23.8 ,23.84 ,23.84 ,23.8 ,23.77 ,23.89 ,23.86 ,23.85 ,23.82 ,23.79 ,23.94 ,23.91 ,23.79 ,23.87 ,23.91 ,23.83 ,23.81 ,23.9 ,23.85 ,23.82 ,23.82 ,23.81 ,23.79 ,23.83 ,23.97 ,23.83 ,23.84 ,23.83 ,23.8 ,23.79 ,23.8 ,23.83 ,23.85 ,23.83 ,23.83 ,23.9 ,23.85 ,23.83 ,23.93 ,23.92 ,23.76 ,23.8 ,23.84 ,23.79 ,23.74 ,23.77 ,23.78 ,23.75 ,23.71 ,23.76 ,23.83 ,23.81 ,23.82 ,23.66 ,23.76 ,23.8 ,23.72 ,23.76 ,23.76 ,23.81 ,23.8 ,23.77 ,23.79 ,23.78 ,23.77 ,23.81 ,23.85 ,23.76 ,23.69 ,23.76 ,23.8 ,23.84 ,23.77 ,23.8 ,23.79 ,23.82 ,23.7 ,23.73 ,23.83 ,23.81 ,23.78 ,23.83 ,23.86 ,23.81 ,23.84 ,23.89 ,23.79 ,23.84 ,23.82 ,23.81 ,23.81 ,23.75 ,23.68 ,23.81 ,23.76 ,23.76 ,23.8 ,23.84 ,23.78 ,23.77 ,23.79 ,23.83 ,23.71 ,23.78 ,23.72 ,23.75 ,23.74 ,23.85 ,23.85 ,23.82 ,23.78 ,23.71 ,23.79 ,23.8 ,23.81 ,23.87 ,23.81 ,23.78 ,23.8 ,23.74 ,23.75 ,23.76 ,23.7 ,23.7 ,23.64 ,23.71 ,23.64 ,23.57 ,23.66 ,23.78 ,23.75 ,23.7 ,23.77 ,23.75 ,23.73 ,23.76 ,23.74 ,23.65 ,23.67 ,23.72 ,23.72 ,23.68 ,23.65 ,23.63 ,23.63 ,23.63 ,23.63 ,23.55 ,23.46 ,23.43 ,23.36 ,23.35 ,23.5 ,23.46 ,23.41 ,23.35 ,23.31 ,23.39 ,23.35 ,23.27 ,23.27 ,23.31 ,23.29 ,23.38 ,23.32 ,23.32 ,23.4 ,23.37 ,23.41 ,23.47 ,23.49 ,23.47 ,23.39 ,23.35 ,23.5 ,23.41 ,23.38 ,23.38 ,23.46 ,23.47 ,23.36 ,23.29 ,23.37 ,23.5 ,23.54 ,23.46 ,23.39 ,23.29 ,23.34 ,23.38 ,23.29 ,23.3 ,23.37 ,23.34 ,23.36 ,23.45 ,23.5 ,23.53 ,23.49 ,23.57 ,23.48 ,23.45 ,23.48 ,23.53 ,23.55 ,23.49 ,23.47 ,23.47 ,23.4 ,23.22 ,23.39 ,23.41 ,23.28 ,23.27 ,23.32 ,23.39 ,23.37 ,23.38 ,23.35 ,23.32 ,23.4 ,23.42 ,23.31 ,23.36 ,23.38 ,23.38 ,23.46 ,23.43 ,23.38 ,23.31 ,23.34 ,23.43 ,23.55 ,23.37 ,23.34 ,23.35 ,23.4 ,23.36 ,23.26 ,23.26 ,23.2 ,23.29 ,23.26 ,23.15 ,23.04 ,22.8 ,22.78 ,22.68 ,22.58 ,22.56 ,
425,23.42 ,23.38 ,23.37 ,23.38 ,23.28 ,23.2 ,23.35 ,23.41 ,23.42 ,23.35 ,23.28 ,23.38 ,23.58 ,23.44 ,23.32 ,23.37 ,23.39 ,23.36 ,23.29 ,23.3 ,23.35 ,23.37 ,23.37 ,23.32 ,23.32 ,23.36 ,23.4 ,23.36 ,23.44 ,23.45 ,23.4 ,23.46 ,23.42 ,23.45 ,23.46 ,23.46 ,23.49 ,23.53 ,23.45 ,23.45 ,23.56 ,23.54 ,23.51 ,23.41 ,23.41 ,23.56 ,23.57 ,23.62 ,23.58 ,23.48 ,23.54 ,23.48 ,23.48 ,23.51 ,23.46 ,23.57 ,23.53 ,23.43 ,23.46 ,23.48 ,23.52 ,23.68 ,23.63 ,23.52 ,23.64 ,23.55 ,23.68 ,23.57 ,23.51 ,23.53 ,23.54 ,23.58 ,23.63 ,23.59 ,23.55 ,23.53 ,23.53 ,23.55 ,23.55 ,23.55 ,23.54 ,23.48 ,23.39 ,23.42 ,23.42 ,23.54 ,23.63 ,23.62 ,23.5 ,23.41 ,23.55 ,23.56 ,23.64 ,23.59 ,23.57 ,23.58 ,23.53 ,23.42 ,23.56 ,23.52 ,23.5 ,23.58 ,23.59 ,23.51 ,23.57 ,23.56 ,23.53 ,23.5 ,23.51 ,23.49 ,23.55 ,23.48 ,23.54 ,23.61 ,23.61 ,23.62 ,23.62 ,23.61 ,23.66 ,23.64 ,23.63 ,23.64 ,23.58 ,23.56 ,23.44 ,23.59 ,23.63 ,23.63 ,23.58 ,23.48 ,23.62 ,23.77 ,23.66 ,23.64 ,23.71 ,23.65 ,23.67 ,23.68 ,23.71 ,23.66 ,23.68 ,23.63 ,23.62 ,23.57 ,23.66 ,23.73 ,23.67 ,23.57 ,23.66 ,23.79 ,23.69 ,23.66 ,23.75 ,23.71 ,23.7 ,23.68 ,23.74 ,23.68 ,23.65 ,23.58 ,23.69 ,23.76 ,23.79 ,23.66 ,23.72 ,23.76 ,23.71 ,23.77 ,23.71 ,23.68 ,23.73 ,23.64 ,23.7 ,23.7 ,23.72 ,23.73 ,23.65 ,23.65 ,23.68 ,23.79 ,23.74 ,23.71 ,23.66 ,23.67 ,23.74 ,23.77 ,23.76 ,23.61 ,23.68 ,23.77 ,23.71 ,23.67 ,23.7 ,23.65 ,23.66 ,23.72 ,23.72 ,23.74 ,23.72 ,23.65 ,23.71 ,23.75 ,23.69 ,23.65 ,23.66 ,23.69 ,23.71 ,23.76 ,23.75 ,23.76 ,23.78 ,23.76 ,23.79 ,23.77 ,23.72 ,23.79 ,23.81 ,23.91 ,23.84 ,23.72 ,23.84 ,23.8 ,23.73 ,23.76 ,23.72 ,23.75 ,23.74 ,23.77 ,23.76 ,23.86 ,23.8 ,23.81 ,23.86 ,23.74 ,23.72 ,23.78 ,23.84 ,23.79 ,23.8 ,23.8 ,23.74 ,23.84 ,23.84 ,23.74 ,23.72 ,23.73 ,23.81 ,23.78 ,23.79 ,23.77 ,23.85 ,23.72 ,23.69 ,23.85 ,23.87 ,23.85 ,23.86 ,23.86 ,23.82 ,23.77 ,23.84 ,23.84 ,23.86 ,23.85 ,23.9 ,23.84 ,23.79 ,23.82 ,23.79 ,23.89 ,23.9 ,23.87 ,23.86 ,23.85 ,23.84 ,23.86 ,23.83 ,23.81 ,23.74 ,23.79 ,23.85 ,23.87 ,23.98 ,23.95 ,23.9 ,23.81 ,23.89 ,23.85 ,23.92 ,23.92 ,23.96 ,23.85 ,23.84 ,23.95 ,23.87 ,23.88 ,23.82 ,23.9 ,23.95 ,23.91 ,23.79 ,23.82 ,23.8 ,23.84 ,23.88 ,23.94 ,23.82 ,23.84 ,23.87 ,23.89 ,23.83 ,23.9 ,23.87 ,23.86 ,23.9 ,23.86 ,23.86 ,23.84 ,23.74 ,23.79 ,23.8 ,23.86 ,23.86 ,23.84 ,23.83 ,23.87 ,23.81 ,23.79 ,23.81 ,23.79 ,23.75 ,23.74 ,23.79 ,23.78 ,23.88 ,23.82 ,23.8 ,23.85 ,23.87 ,23.85 ,23.87 ,23.9 ,23.81 ,23.81 ,23.86 ,23.8 ,23.73 ,23.84 ,23.83 ,23.81 ,23.86 ,23.91 ,23.87 ,23.93 ,23.87 ,23.84 ,23.89 ,23.83 ,23.89 ,23.83 ,23.83 ,23.89 ,23.91 ,23.87 ,23.96 ,23.9 ,23.88 ,23.84 ,23.83 ,23.89 ,23.84 ,23.88 ,23.83 ,23.89 ,23.83 ,23.77 ,23.81 ,23.79 ,23.91 ,23.9 ,23.86 ,23.75 ,23.74 ,23.91 ,23.93 ,23.87 ,23.84 ,23.83 ,23.88 ,23.86 ,23.86 ,23.84 ,23.86 ,23.77 ,23.84 ,23.87 ,23.94 ,23.9 ,23.8 ,23.83 ,23.82 ,23.93 ,23.85 ,23.85 ,23.94 ,23.87 ,23.77 ,23.81 ,23.84 ,23.8 ,23.87 ,23.81 ,23.81 ,23.87 ,23.89 ,23.85 ,23.78 ,23.81 ,23.79 ,23.87 ,23.8 ,23.86 ,23.91 ,23.86 ,23.81 ,23.87 ,23.88 ,23.89 ,23.91 ,23.78 ,23.74 ,23.78 ,23.86 ,23.71 ,23.73 ,23.83 ,23.89 ,23.78 ,23.81 ,23.77 ,23.78 ,23.82 ,23.79 ,23.73 ,23.7 ,23.76 ,23.69 ,23.75 ,23.78 ,23.85 ,23.9 ,23.89 ,23.86 ,23.86 ,23.72 ,23.7 ,23.75 ,23.78 ,23.6 ,23.69 ,23.82 ,23.89 ,23.84 ,23.72 ,23.81 ,23.76 ,23.74 ,23.8 ,23.83 ,23.73 ,23.75 ,23.87 ,23.77 ,23.83 ,23.88 ,23.91 ,23.84 ,23.83 ,23.76 ,23.69 ,23.78 ,23.89 ,23.72 ,23.78 ,23.84 ,23.76 ,23.74 ,23.82 ,23.84 ,23.74 ,23.81 ,23.85 ,23.79 ,23.78 ,23.72 ,23.75 ,23.78 ,23.8 ,23.83 ,23.85 ,23.82 ,23.85 ,23.86 ,23.79 ,23.78 ,23.83 ,23.83 ,23.77 ,23.73 ,23.79 ,23.78 ,23.75 ,23.69 ,23.74 ,23.67 ,23.72 ,23.71 ,23.61 ,23.51 ,23.68 ,23.74 ,23.77 ,23.76 ,23.74 ,23.7 ,23.72 ,23.72 ,23.56 ,23.53 ,23.71 ,23.64 ,23.57 ,23.65 ,23.58 ,23.57 ,23.6 ,23.56 ,23.58 ,23.44 ,23.36 ,23.38 ,23.37 ,23.4 ,23.43 ,23.42 ,23.32 ,23.28 ,23.39 ,23.41 ,23.3 ,23.21 ,23.34 ,23.3 ,23.31 ,23.48 ,23.34 ,23.38 ,23.42 ,23.41 ,23.48 ,23.36 ,23.4 ,23.38 ,23.45 ,23.54 ,23.5 ,23.34 ,23.43 ,23.44 ,23.42 ,23.38 ,23.34 ,23.39 ,23.49 ,23.5 ,23.44 ,23.39 ,23.39 ,23.42 ,23.41 ,23.4 ,23.39 ,23.34 ,23.41 ,23.39 ,23.38 ,23.5 ,23.54 ,23.5 ,23.43 ,23.37 ,23.47 ,23.45 ,23.43 ,23.51 ,23.58 ,23.5 ,23.5 ,23.47 ,23.31 ,23.47 ,23.5 ,23.4 ,23.25 ,23.3 ,23.35 ,23.35 ,23.39 ,23.39 ,23.3 ,23.36 ,23.42 ,23.3 ,23.38 ,23.49 ,23.49 ,23.48 ,23.46 ,23.4 ,23.29 ,23.26 ,23.38 ,23.52 ,23.31 ,23.24 ,23.32 ,23.31 ,23.42 ,23.32 ,23.36 ,23.32 ,23.38 ,23.39 ,23.34 ,23.06 ,23.08 ,22.93 ,22.86 ,22.66 ,22.61 ,
426,23.34 ,23.34 ,23.43 ,23.51 ,23.37 ,23.25 ,23.37 ,23.46 ,23.42 ,23.41 ,23.35 ,23.39 ,23.49 ,23.42 ,23.38 ,23.42 ,23.37 ,23.44 ,23.38 ,23.32 ,23.31 ,23.36 ,23.42 ,23.28 ,23.37 ,23.4 ,23.4 ,23.36 ,23.36 ,23.45 ,23.41 ,23.5 ,23.43 ,23.43 ,23.45 ,23.41 ,23.41 ,23.56 ,23.59 ,23.49 ,23.48 ,23.53 ,23.52 ,23.46 ,23.39 ,23.53 ,23.54 ,23.57 ,23.51 ,23.47 ,23.53 ,23.52 ,23.44 ,23.44 ,23.42 ,23.48 ,23.56 ,23.46 ,23.43 ,23.51 ,23.54 ,23.55 ,23.51 ,23.46 ,23.6 ,23.58 ,23.63 ,23.62 ,23.55 ,23.47 ,23.44 ,23.48 ,23.55 ,23.54 ,23.51 ,23.5 ,23.54 ,23.61 ,23.57 ,23.45 ,23.44 ,23.44 ,23.46 ,23.57 ,23.5 ,23.45 ,23.6 ,23.59 ,23.49 ,23.42 ,23.53 ,23.55 ,23.59 ,23.51 ,23.53 ,23.64 ,23.6 ,23.46 ,23.49 ,23.57 ,23.53 ,23.56 ,23.57 ,23.51 ,23.58 ,23.56 ,23.52 ,23.48 ,23.52 ,23.49 ,23.55 ,23.53 ,23.47 ,23.62 ,23.61 ,23.59 ,23.65 ,23.64 ,23.66 ,23.63 ,23.55 ,23.64 ,23.59 ,23.59 ,23.5 ,23.53 ,23.6 ,23.64 ,23.63 ,23.51 ,23.51 ,23.61 ,23.66 ,23.64 ,23.72 ,23.67 ,23.66 ,23.69 ,23.7 ,23.64 ,23.61 ,23.61 ,23.58 ,23.59 ,23.59 ,23.76 ,23.73 ,23.61 ,23.63 ,23.77 ,23.66 ,23.67 ,23.74 ,23.76 ,23.72 ,23.67 ,23.67 ,23.63 ,23.59 ,23.6 ,23.66 ,23.67 ,23.72 ,23.66 ,23.72 ,23.73 ,23.72 ,23.64 ,23.64 ,23.7 ,23.73 ,23.65 ,23.66 ,23.72 ,23.66 ,23.65 ,23.63 ,23.67 ,23.67 ,23.72 ,23.7 ,23.68 ,23.74 ,23.65 ,23.66 ,23.73 ,23.74 ,23.66 ,23.63 ,23.73 ,23.7 ,23.72 ,23.71 ,23.7 ,23.68 ,23.71 ,23.75 ,23.77 ,23.74 ,23.66 ,23.71 ,23.81 ,23.73 ,23.65 ,23.65 ,23.6 ,23.72 ,23.69 ,23.77 ,23.78 ,23.72 ,23.72 ,23.77 ,23.75 ,23.68 ,23.73 ,23.81 ,23.75 ,23.72 ,23.79 ,23.78 ,23.8 ,23.76 ,23.78 ,23.78 ,23.77 ,23.78 ,23.8 ,23.79 ,23.75 ,23.83 ,23.74 ,23.85 ,23.79 ,23.72 ,23.69 ,23.71 ,23.85 ,23.86 ,23.84 ,23.77 ,23.83 ,23.89 ,23.77 ,23.78 ,23.78 ,23.78 ,23.81 ,23.81 ,23.81 ,23.79 ,23.69 ,23.8 ,23.86 ,23.82 ,23.8 ,23.86 ,23.82 ,23.8 ,23.71 ,23.84 ,23.92 ,23.93 ,23.89 ,23.87 ,23.84 ,23.82 ,23.83 ,23.83 ,23.84 ,23.85 ,23.82 ,23.83 ,23.89 ,23.86 ,23.87 ,23.94 ,23.89 ,23.76 ,23.83 ,23.84 ,23.88 ,23.9 ,23.91 ,23.86 ,23.84 ,23.83 ,23.85 ,23.84 ,23.92 ,23.89 ,23.84 ,23.84 ,23.93 ,23.84 ,23.85 ,23.79 ,23.83 ,23.92 ,23.85 ,23.79 ,23.82 ,23.85 ,23.87 ,23.83 ,23.84 ,23.85 ,23.84 ,23.81 ,23.82 ,23.86 ,23.92 ,23.86 ,23.86 ,23.9 ,23.9 ,23.82 ,23.83 ,23.83 ,23.79 ,23.87 ,23.9 ,23.9 ,23.9 ,23.92 ,23.9 ,23.96 ,23.83 ,23.81 ,23.82 ,23.84 ,23.82 ,23.86 ,23.85 ,23.92 ,23.97 ,23.96 ,23.88 ,23.88 ,23.84 ,23.85 ,23.87 ,23.9 ,23.87 ,23.94 ,23.89 ,23.74 ,23.77 ,23.81 ,23.9 ,23.88 ,23.9 ,23.87 ,23.94 ,23.93 ,23.91 ,23.9 ,23.83 ,23.87 ,23.81 ,23.87 ,23.95 ,23.88 ,23.82 ,23.89 ,23.88 ,23.88 ,23.88 ,23.88 ,23.86 ,23.86 ,23.88 ,23.85 ,23.88 ,23.92 ,23.89 ,23.87 ,23.82 ,23.84 ,23.84 ,23.87 ,23.73 ,23.71 ,23.85 ,23.82 ,23.92 ,23.84 ,23.82 ,23.83 ,23.84 ,23.76 ,23.8 ,23.86 ,23.79 ,23.81 ,23.83 ,23.88 ,23.95 ,23.83 ,23.8 ,23.82 ,23.88 ,23.88 ,23.84 ,23.9 ,23.79 ,23.74 ,23.77 ,23.86 ,23.86 ,23.81 ,23.8 ,23.81 ,23.86 ,23.81 ,23.91 ,23.86 ,23.85 ,23.78 ,23.84 ,23.8 ,23.77 ,23.82 ,23.81 ,23.77 ,23.74 ,23.74 ,23.84 ,23.84 ,23.82 ,23.79 ,23.85 ,23.87 ,23.81 ,23.8 ,23.91 ,23.86 ,23.74 ,23.75 ,23.79 ,23.76 ,23.75 ,23.76 ,23.85 ,23.83 ,23.86 ,23.78 ,23.8 ,23.79 ,23.78 ,23.86 ,23.91 ,23.85 ,23.83 ,23.77 ,23.8 ,23.77 ,23.8 ,23.67 ,23.76 ,23.84 ,23.8 ,23.78 ,23.71 ,23.78 ,23.79 ,23.79 ,23.75 ,23.7 ,23.74 ,23.77 ,23.85 ,23.83 ,23.85 ,23.88 ,23.93 ,23.81 ,23.77 ,23.75 ,23.7 ,23.79 ,23.87 ,23.71 ,23.75 ,23.83 ,23.77 ,23.73 ,23.74 ,23.79 ,23.74 ,23.77 ,23.8 ,23.78 ,23.86 ,23.84 ,23.79 ,23.81 ,23.74 ,23.73 ,23.76 ,23.75 ,23.84 ,23.97 ,23.8 ,23.77 ,23.89 ,23.83 ,23.83 ,23.81 ,23.74 ,23.86 ,23.85 ,23.77 ,23.79 ,23.73 ,23.74 ,23.76 ,23.58 ,23.56 ,23.66 ,23.68 ,23.64 ,23.65 ,23.69 ,23.67 ,23.64 ,23.7 ,23.7 ,23.68 ,23.75 ,23.61 ,23.58 ,23.63 ,23.68 ,23.62 ,23.6 ,23.58 ,23.49 ,23.35 ,23.38 ,23.43 ,23.42 ,23.41 ,23.44 ,23.4 ,23.27 ,23.24 ,23.32 ,23.32 ,23.38 ,23.31 ,23.35 ,23.36 ,23.44 ,23.53 ,23.45 ,23.33 ,23.47 ,23.46 ,23.51 ,23.38 ,23.26 ,23.26 ,23.38 ,23.53 ,23.43 ,23.38 ,23.46 ,23.48 ,23.44 ,23.28 ,23.32 ,23.48 ,23.47 ,23.48 ,23.39 ,23.34 ,23.4 ,23.47 ,23.49 ,23.4 ,23.45 ,23.42 ,23.47 ,23.48 ,23.37 ,23.45 ,23.47 ,23.43 ,23.45 ,23.34 ,23.46 ,23.49 ,23.48 ,23.49 ,23.41 ,23.52 ,23.48 ,23.49 ,23.4 ,23.49 ,23.55 ,23.5 ,23.38 ,23.2 ,23.37 ,23.41 ,23.37 ,23.42 ,23.36 ,23.38 ,23.38 ,23.37 ,23.34 ,23.4 ,23.45 ,23.46 ,23.42 ,23.4 ,23.21 ,23.25 ,23.39 ,23.42 ,23.28 ,23.33 ,23.33 ,23.35 ,23.46 ,23.28 ,23.27 ,23.28 ,23.34 ,23.33 ,23.34 ,23.19 ,23.22 ,23.2 ,23 ,22.78 ,22.7 ,
427,23.24 ,23.27 ,23.32 ,23.43 ,23.41 ,23.33 ,23.33 ,23.33 ,23.38 ,23.34 ,23.4 ,23.36 ,23.4 ,23.33 ,23.39 ,23.39 ,23.26 ,23.44 ,23.45 ,23.38 ,23.33 ,23.25 ,23.33 ,23.36 ,23.33 ,23.41 ,23.38 ,23.42 ,23.37 ,23.43 ,23.48 ,23.38 ,23.36 ,23.49 ,23.49 ,23.38 ,23.45 ,23.55 ,23.48 ,23.52 ,23.53 ,23.55 ,23.61 ,23.51 ,23.45 ,23.53 ,23.5 ,23.53 ,23.44 ,23.4 ,23.44 ,23.55 ,23.52 ,23.48 ,23.46 ,23.54 ,23.54 ,23.48 ,23.4 ,23.47 ,23.51 ,23.47 ,23.47 ,23.48 ,23.58 ,23.54 ,23.59 ,23.6 ,23.55 ,23.49 ,23.45 ,23.48 ,23.61 ,23.55 ,23.46 ,23.5 ,23.51 ,23.57 ,23.61 ,23.54 ,23.51 ,23.44 ,23.47 ,23.55 ,23.5 ,23.44 ,23.51 ,23.61 ,23.47 ,23.44 ,23.52 ,23.52 ,23.54 ,23.55 ,23.57 ,23.63 ,23.55 ,23.54 ,23.57 ,23.51 ,23.56 ,23.67 ,23.65 ,23.55 ,23.6 ,23.62 ,23.7 ,23.64 ,23.52 ,23.56 ,23.62 ,23.47 ,23.51 ,23.55 ,23.53 ,23.52 ,23.58 ,23.61 ,23.7 ,23.77 ,23.68 ,23.57 ,23.55 ,23.56 ,23.64 ,23.61 ,23.61 ,23.65 ,23.65 ,23.55 ,23.52 ,23.55 ,23.61 ,23.69 ,23.71 ,23.68 ,23.64 ,23.59 ,23.61 ,23.61 ,23.62 ,23.68 ,23.66 ,23.69 ,23.59 ,23.73 ,23.65 ,23.57 ,23.65 ,23.74 ,23.75 ,23.64 ,23.69 ,23.68 ,23.69 ,23.6 ,23.59 ,23.58 ,23.64 ,23.67 ,23.69 ,23.56 ,23.69 ,23.75 ,23.69 ,23.66 ,23.72 ,23.67 ,23.67 ,23.68 ,23.79 ,23.72 ,23.69 ,23.63 ,23.67 ,23.65 ,23.66 ,23.68 ,23.65 ,23.67 ,23.65 ,23.74 ,23.74 ,23.66 ,23.69 ,23.71 ,23.62 ,23.6 ,23.72 ,23.76 ,23.73 ,23.77 ,23.68 ,23.73 ,23.77 ,23.73 ,23.73 ,23.82 ,23.81 ,23.73 ,23.65 ,23.71 ,23.76 ,23.64 ,23.76 ,23.75 ,23.79 ,23.71 ,23.69 ,23.79 ,23.79 ,23.74 ,23.71 ,23.74 ,23.75 ,23.71 ,23.76 ,23.7 ,23.72 ,23.75 ,23.77 ,23.82 ,23.8 ,23.74 ,23.82 ,23.79 ,23.74 ,23.78 ,23.81 ,23.81 ,23.83 ,23.86 ,23.82 ,23.81 ,23.79 ,23.72 ,23.71 ,23.81 ,23.82 ,23.79 ,23.7 ,23.81 ,23.89 ,23.82 ,23.79 ,23.85 ,23.73 ,23.71 ,23.81 ,23.77 ,23.73 ,23.7 ,23.73 ,23.83 ,23.85 ,23.75 ,23.76 ,23.82 ,23.83 ,23.78 ,23.81 ,23.81 ,23.94 ,23.93 ,23.84 ,23.88 ,23.87 ,23.82 ,23.83 ,23.82 ,23.79 ,23.78 ,23.76 ,23.85 ,23.83 ,23.73 ,23.83 ,23.82 ,23.84 ,23.84 ,23.84 ,23.91 ,23.9 ,23.75 ,23.72 ,23.81 ,23.9 ,23.9 ,23.84 ,23.82 ,23.8 ,23.85 ,23.83 ,23.89 ,23.88 ,23.83 ,23.88 ,23.93 ,23.96 ,23.85 ,23.82 ,23.88 ,23.91 ,23.88 ,23.84 ,23.81 ,23.83 ,23.83 ,23.78 ,23.81 ,23.82 ,23.88 ,23.88 ,23.86 ,23.86 ,23.87 ,23.81 ,23.83 ,23.9 ,23.93 ,23.87 ,23.89 ,23.91 ,23.9 ,23.93 ,23.83 ,23.92 ,23.83 ,23.82 ,23.86 ,23.87 ,23.89 ,23.9 ,23.96 ,23.95 ,23.88 ,23.93 ,23.86 ,23.83 ,23.83 ,23.85 ,23.9 ,23.9 ,23.91 ,23.92 ,23.93 ,23.85 ,23.78 ,23.8 ,23.9 ,23.89 ,23.86 ,23.85 ,23.92 ,23.85 ,23.89 ,23.91 ,23.86 ,23.93 ,23.9 ,23.97 ,23.95 ,23.84 ,23.86 ,23.93 ,23.88 ,23.89 ,23.95 ,23.95 ,23.9 ,23.88 ,23.89 ,23.92 ,23.86 ,23.79 ,23.85 ,23.89 ,23.81 ,23.78 ,23.79 ,23.86 ,23.79 ,23.72 ,23.88 ,23.81 ,23.8 ,23.86 ,23.89 ,23.89 ,23.9 ,23.79 ,23.77 ,23.88 ,23.8 ,23.76 ,23.8 ,23.94 ,23.95 ,23.85 ,23.79 ,23.87 ,23.84 ,23.86 ,23.85 ,23.88 ,23.83 ,23.79 ,23.81 ,23.83 ,23.88 ,23.8 ,23.76 ,23.78 ,23.85 ,23.85 ,23.92 ,23.89 ,23.87 ,23.84 ,23.86 ,23.8 ,23.82 ,23.87 ,23.84 ,23.73 ,23.75 ,23.79 ,23.8 ,23.81 ,23.85 ,23.83 ,23.81 ,23.8 ,23.85 ,23.83 ,23.81 ,23.82 ,23.81 ,23.78 ,23.86 ,23.75 ,23.8 ,23.8 ,23.77 ,23.82 ,23.94 ,23.77 ,23.72 ,23.78 ,23.81 ,23.83 ,23.84 ,23.8 ,23.74 ,23.73 ,23.82 ,23.83 ,23.79 ,23.8 ,23.85 ,23.81 ,23.83 ,23.74 ,23.74 ,23.8 ,23.79 ,23.75 ,23.78 ,23.73 ,23.85 ,23.83 ,23.81 ,23.8 ,23.84 ,23.92 ,23.83 ,23.77 ,23.7 ,23.79 ,23.75 ,23.82 ,23.87 ,23.69 ,23.76 ,23.86 ,23.82 ,23.81 ,23.77 ,23.7 ,23.79 ,23.8 ,23.87 ,23.81 ,23.82 ,23.72 ,23.75 ,23.82 ,23.84 ,23.8 ,23.75 ,23.8 ,23.72 ,23.85 ,23.79 ,23.77 ,23.84 ,23.87 ,23.84 ,23.81 ,23.74 ,23.93 ,23.81 ,23.77 ,23.83 ,23.79 ,23.8 ,23.67 ,23.62 ,23.68 ,23.78 ,23.75 ,23.72 ,23.74 ,23.66 ,23.69 ,23.65 ,23.68 ,23.73 ,23.74 ,23.74 ,23.65 ,23.57 ,23.55 ,23.68 ,23.7 ,23.61 ,23.62 ,23.54 ,23.41 ,23.4 ,23.46 ,23.45 ,23.45 ,23.45 ,23.46 ,23.36 ,23.32 ,23.38 ,23.43 ,23.4 ,23.32 ,23.36 ,23.4 ,23.41 ,23.47 ,23.44 ,23.33 ,23.37 ,23.45 ,23.47 ,23.37 ,23.4 ,23.22 ,23.36 ,23.49 ,23.3 ,23.38 ,23.5 ,23.51 ,23.44 ,23.35 ,23.39 ,23.47 ,23.41 ,23.46 ,23.49 ,23.34 ,23.31 ,23.37 ,23.44 ,23.36 ,23.42 ,23.5 ,23.41 ,23.47 ,23.44 ,23.44 ,23.49 ,23.43 ,23.49 ,23.38 ,23.41 ,23.53 ,23.59 ,23.55 ,23.42 ,23.45 ,23.49 ,23.47 ,23.42 ,23.47 ,23.54 ,23.51 ,23.47 ,23.31 ,23.27 ,23.42 ,23.35 ,23.33 ,23.4 ,23.34 ,23.34 ,23.45 ,23.37 ,23.33 ,23.46 ,23.33 ,23.34 ,23.39 ,23.28 ,23.35 ,23.42 ,23.48 ,23.29 ,23.44 ,23.45 ,23.34 ,23.46 ,23.37 ,23.35 ,23.33 ,23.29 ,23.35 ,23.41 ,23.4 ,23.28 ,23.24 ,23.17 ,22.92 ,22.83 ,
428,23.24 ,23.27 ,23.31 ,23.39 ,23.34 ,23.26 ,23.3 ,23.31 ,23.3 ,23.29 ,23.31 ,23.4 ,23.43 ,23.32 ,23.44 ,23.44 ,23.29 ,23.39 ,23.43 ,23.35 ,23.44 ,23.32 ,23.36 ,23.35 ,23.35 ,23.37 ,23.28 ,23.31 ,23.44 ,23.47 ,23.45 ,23.4 ,23.36 ,23.4 ,23.47 ,23.48 ,23.46 ,23.63 ,23.46 ,23.39 ,23.43 ,23.47 ,23.56 ,23.57 ,23.53 ,23.56 ,23.57 ,23.5 ,23.45 ,23.45 ,23.44 ,23.6 ,23.62 ,23.66 ,23.6 ,23.65 ,23.63 ,23.47 ,23.38 ,23.49 ,23.54 ,23.5 ,23.39 ,23.45 ,23.57 ,23.51 ,23.55 ,23.52 ,23.43 ,23.48 ,23.4 ,23.39 ,23.56 ,23.52 ,23.5 ,23.49 ,23.55 ,23.59 ,23.51 ,23.59 ,23.64 ,23.55 ,23.49 ,23.58 ,23.51 ,23.46 ,23.58 ,23.61 ,23.56 ,23.42 ,23.48 ,23.5 ,23.53 ,23.49 ,23.57 ,23.68 ,23.55 ,23.42 ,23.54 ,23.6 ,23.6 ,23.63 ,23.73 ,23.6 ,23.61 ,23.64 ,23.65 ,23.62 ,23.62 ,23.55 ,23.57 ,23.53 ,23.51 ,23.49 ,23.52 ,23.51 ,23.54 ,23.54 ,23.66 ,23.77 ,23.65 ,23.59 ,23.6 ,23.62 ,23.68 ,23.71 ,23.67 ,23.61 ,23.63 ,23.5 ,23.54 ,23.62 ,23.59 ,23.64 ,23.6 ,23.58 ,23.62 ,23.61 ,23.68 ,23.64 ,23.55 ,23.63 ,23.68 ,23.71 ,23.66 ,23.57 ,23.62 ,23.63 ,23.7 ,23.73 ,23.72 ,23.72 ,23.73 ,23.75 ,23.64 ,23.7 ,23.63 ,23.62 ,23.68 ,23.59 ,23.62 ,23.64 ,23.65 ,23.72 ,23.67 ,23.63 ,23.72 ,23.74 ,23.67 ,23.76 ,23.76 ,23.64 ,23.61 ,23.73 ,23.7 ,23.66 ,23.69 ,23.7 ,23.62 ,23.6 ,23.61 ,23.68 ,23.75 ,23.69 ,23.73 ,23.77 ,23.68 ,23.57 ,23.62 ,23.71 ,23.69 ,23.68 ,23.67 ,23.73 ,23.73 ,23.72 ,23.73 ,23.77 ,23.74 ,23.76 ,23.77 ,23.7 ,23.79 ,23.71 ,23.7 ,23.78 ,23.81 ,23.73 ,23.68 ,23.73 ,23.76 ,23.76 ,23.78 ,23.74 ,23.77 ,23.78 ,23.76 ,23.8 ,23.82 ,23.84 ,23.83 ,23.84 ,23.85 ,23.77 ,23.81 ,23.81 ,23.72 ,23.72 ,23.71 ,23.75 ,23.74 ,23.84 ,23.87 ,23.75 ,23.77 ,23.81 ,23.81 ,23.77 ,23.75 ,23.72 ,23.68 ,23.81 ,23.92 ,23.79 ,23.77 ,23.81 ,23.74 ,23.74 ,23.76 ,23.73 ,23.72 ,23.73 ,23.8 ,23.89 ,23.82 ,23.79 ,23.74 ,23.79 ,23.87 ,23.88 ,23.82 ,23.78 ,23.84 ,23.88 ,23.91 ,23.84 ,23.83 ,23.79 ,23.85 ,23.75 ,23.74 ,23.82 ,23.79 ,23.84 ,23.77 ,23.74 ,23.86 ,23.84 ,23.81 ,23.85 ,23.86 ,23.85 ,23.85 ,23.77 ,23.77 ,23.85 ,23.94 ,23.94 ,23.86 ,23.85 ,23.83 ,23.87 ,23.86 ,23.97 ,24 ,23.94 ,23.84 ,23.9 ,23.96 ,23.82 ,23.83 ,23.95 ,23.89 ,23.81 ,23.78 ,23.81 ,23.88 ,23.92 ,23.86 ,23.89 ,23.94 ,23.95 ,23.93 ,23.91 ,23.86 ,23.83 ,23.84 ,23.91 ,23.89 ,23.89 ,23.87 ,23.88 ,23.95 ,23.94 ,23.98 ,23.86 ,23.86 ,23.93 ,23.83 ,23.86 ,23.88 ,23.89 ,23.87 ,23.79 ,23.87 ,23.83 ,23.87 ,23.9 ,23.88 ,23.9 ,23.89 ,23.79 ,23.8 ,23.85 ,23.94 ,23.91 ,23.83 ,23.91 ,23.93 ,23.88 ,23.87 ,23.88 ,23.83 ,23.84 ,23.8 ,23.79 ,23.89 ,23.87 ,23.9 ,23.95 ,23.95 ,23.95 ,23.89 ,23.91 ,23.96 ,23.91 ,23.89 ,23.95 ,23.97 ,23.98 ,23.96 ,23.88 ,23.94 ,23.97 ,23.84 ,23.82 ,23.81 ,23.84 ,23.81 ,23.8 ,23.87 ,23.83 ,23.76 ,23.88 ,23.87 ,23.81 ,23.84 ,23.86 ,23.9 ,23.92 ,23.87 ,23.74 ,23.76 ,23.8 ,23.77 ,23.8 ,23.92 ,23.9 ,23.83 ,23.85 ,23.87 ,23.89 ,23.86 ,23.86 ,23.83 ,23.84 ,23.88 ,23.83 ,23.9 ,23.87 ,23.82 ,23.7 ,23.78 ,23.86 ,23.81 ,23.84 ,23.79 ,23.78 ,23.89 ,23.88 ,23.79 ,23.9 ,23.95 ,23.89 ,23.84 ,23.8 ,23.89 ,23.8 ,23.85 ,23.85 ,23.83 ,23.76 ,23.73 ,23.78 ,23.88 ,23.85 ,23.82 ,23.82 ,23.83 ,23.81 ,23.74 ,23.77 ,23.8 ,23.75 ,23.76 ,23.82 ,23.73 ,23.68 ,23.72 ,23.82 ,23.74 ,23.84 ,23.8 ,23.77 ,23.7 ,23.81 ,23.81 ,23.83 ,23.83 ,23.87 ,23.77 ,23.83 ,23.74 ,23.75 ,23.74 ,23.71 ,23.71 ,23.76 ,23.85 ,23.83 ,23.8 ,23.74 ,23.8 ,23.81 ,23.79 ,23.84 ,23.71 ,23.69 ,23.76 ,23.82 ,23.81 ,23.93 ,23.79 ,23.82 ,23.85 ,23.85 ,23.85 ,23.83 ,23.7 ,23.76 ,23.78 ,23.79 ,23.82 ,23.78 ,23.73 ,23.75 ,23.85 ,23.8 ,23.75 ,23.8 ,23.79 ,23.81 ,23.83 ,23.73 ,23.69 ,23.79 ,23.76 ,23.82 ,23.83 ,23.75 ,23.82 ,23.81 ,23.68 ,23.84 ,23.86 ,23.79 ,23.72 ,23.64 ,23.76 ,23.8 ,23.8 ,23.76 ,23.67 ,23.72 ,23.76 ,23.79 ,23.71 ,23.7 ,23.64 ,23.58 ,23.63 ,23.5 ,23.53 ,23.56 ,23.62 ,23.57 ,23.58 ,23.61 ,23.58 ,23.46 ,23.47 ,23.43 ,23.34 ,23.46 ,23.41 ,23.43 ,23.4 ,23.44 ,23.42 ,23.46 ,23.48 ,23.47 ,23.41 ,23.37 ,23.43 ,23.42 ,23.4 ,23.26 ,23.3 ,23.44 ,23.36 ,23.37 ,23.26 ,23.28 ,23.49 ,23.36 ,23.44 ,23.5 ,23.53 ,23.45 ,23.38 ,23.39 ,23.42 ,23.46 ,23.44 ,23.45 ,23.34 ,23.36 ,23.46 ,23.38 ,23.41 ,23.38 ,23.47 ,23.52 ,23.5 ,23.47 ,23.42 ,23.47 ,23.49 ,23.4 ,23.48 ,23.48 ,23.45 ,23.57 ,23.54 ,23.46 ,23.45 ,23.43 ,23.43 ,23.44 ,23.45 ,23.54 ,23.54 ,23.54 ,23.54 ,23.39 ,23.33 ,23.32 ,23.39 ,23.5 ,23.56 ,23.37 ,23.39 ,23.39 ,23.42 ,23.43 ,23.4 ,23.36 ,23.33 ,23.32 ,23.36 ,23.45 ,23.56 ,23.5 ,23.38 ,23.46 ,23.46 ,23.56 ,23.43 ,23.42 ,23.39 ,23.44 ,23.44 ,23.47 ,23.4 ,23.26 ,23.17 ,23.22 ,23.19 ,23.09 ,
429,23.28 ,23.22 ,23.27 ,23.4 ,23.31 ,23.17 ,23.26 ,23.35 ,23.42 ,23.39 ,23.32 ,23.37 ,23.46 ,23.42 ,23.47 ,23.45 ,23.38 ,23.42 ,23.41 ,23.36 ,23.34 ,23.4 ,23.48 ,23.41 ,23.27 ,23.35 ,23.36 ,23.36 ,23.39 ,23.48 ,23.43 ,23.4 ,23.31 ,23.38 ,23.43 ,23.45 ,23.38 ,23.48 ,23.45 ,23.34 ,23.34 ,23.46 ,23.55 ,23.51 ,23.48 ,23.58 ,23.57 ,23.56 ,23.48 ,23.46 ,23.42 ,23.5 ,23.54 ,23.66 ,23.67 ,23.65 ,23.58 ,23.45 ,23.47 ,23.54 ,23.57 ,23.55 ,23.44 ,23.42 ,23.6 ,23.58 ,23.52 ,23.5 ,23.48 ,23.51 ,23.42 ,23.39 ,23.49 ,23.6 ,23.5 ,23.51 ,23.53 ,23.64 ,23.56 ,23.5 ,23.57 ,23.52 ,23.52 ,23.56 ,23.53 ,23.51 ,23.59 ,23.61 ,23.65 ,23.52 ,23.55 ,23.5 ,23.58 ,23.53 ,23.47 ,23.66 ,23.57 ,23.53 ,23.5 ,23.63 ,23.62 ,23.63 ,23.64 ,23.62 ,23.67 ,23.62 ,23.5 ,23.51 ,23.58 ,23.6 ,23.48 ,23.55 ,23.51 ,23.52 ,23.58 ,23.54 ,23.56 ,23.57 ,23.56 ,23.64 ,23.66 ,23.64 ,23.55 ,23.58 ,23.69 ,23.59 ,23.68 ,23.7 ,23.64 ,23.53 ,23.6 ,23.66 ,23.63 ,23.62 ,23.66 ,23.53 ,23.66 ,23.71 ,23.69 ,23.73 ,23.64 ,23.69 ,23.68 ,23.65 ,23.62 ,23.65 ,23.69 ,23.75 ,23.7 ,23.69 ,23.68 ,23.7 ,23.78 ,23.76 ,23.69 ,23.73 ,23.66 ,23.69 ,23.69 ,23.65 ,23.62 ,23.66 ,23.7 ,23.68 ,23.68 ,23.72 ,23.72 ,23.84 ,23.68 ,23.68 ,23.76 ,23.66 ,23.59 ,23.66 ,23.75 ,23.71 ,23.74 ,23.72 ,23.59 ,23.66 ,23.7 ,23.69 ,23.78 ,23.7 ,23.69 ,23.77 ,23.8 ,23.69 ,23.72 ,23.74 ,23.74 ,23.73 ,23.69 ,23.72 ,23.76 ,23.7 ,23.75 ,23.76 ,23.74 ,23.7 ,23.82 ,23.73 ,23.8 ,23.81 ,23.79 ,23.74 ,23.74 ,23.71 ,23.72 ,23.75 ,23.68 ,23.7 ,23.8 ,23.75 ,23.74 ,23.76 ,23.83 ,23.82 ,23.76 ,23.77 ,23.79 ,23.81 ,23.82 ,23.82 ,23.86 ,23.85 ,23.74 ,23.83 ,23.72 ,23.7 ,23.7 ,23.77 ,23.81 ,23.71 ,23.77 ,23.87 ,23.85 ,23.86 ,23.85 ,23.77 ,23.74 ,23.89 ,23.88 ,23.82 ,23.87 ,23.85 ,23.78 ,23.79 ,23.76 ,23.73 ,23.76 ,23.77 ,23.83 ,23.93 ,23.79 ,23.72 ,23.83 ,23.83 ,23.82 ,23.82 ,23.81 ,23.82 ,23.86 ,23.8 ,23.91 ,23.93 ,23.87 ,23.9 ,23.88 ,23.85 ,23.77 ,23.92 ,23.88 ,23.82 ,23.74 ,23.82 ,23.85 ,23.89 ,23.86 ,23.88 ,23.91 ,23.99 ,23.89 ,23.93 ,23.88 ,23.85 ,23.93 ,23.95 ,23.88 ,23.83 ,23.82 ,23.94 ,23.87 ,24.01 ,24.01 ,23.99 ,23.87 ,23.84 ,23.92 ,23.88 ,23.91 ,23.95 ,23.93 ,23.88 ,23.8 ,23.81 ,23.87 ,23.89 ,23.92 ,23.86 ,23.93 ,23.99 ,23.98 ,23.94 ,23.89 ,23.87 ,23.92 ,23.94 ,23.9 ,23.87 ,23.87 ,23.9 ,23.94 ,23.92 ,23.94 ,23.93 ,23.87 ,23.88 ,23.84 ,23.88 ,23.84 ,23.85 ,23.86 ,23.81 ,23.95 ,23.86 ,23.85 ,23.96 ,23.94 ,23.92 ,23.91 ,23.8 ,23.83 ,23.89 ,23.92 ,23.94 ,23.85 ,23.95 ,23.99 ,23.92 ,23.84 ,23.85 ,23.84 ,23.82 ,23.8 ,23.82 ,23.85 ,23.87 ,23.83 ,23.96 ,23.96 ,23.95 ,23.9 ,23.91 ,23.95 ,23.92 ,23.88 ,23.91 ,23.92 ,23.91 ,23.94 ,23.93 ,23.98 ,24.01 ,23.9 ,23.82 ,23.81 ,23.83 ,23.91 ,23.86 ,23.9 ,23.85 ,23.76 ,23.86 ,23.82 ,23.93 ,23.97 ,23.85 ,23.85 ,23.86 ,23.94 ,23.85 ,23.8 ,23.81 ,23.85 ,23.81 ,23.79 ,23.84 ,23.84 ,23.87 ,23.87 ,23.91 ,23.91 ,23.89 ,23.91 ,23.89 ,23.85 ,23.82 ,23.88 ,23.9 ,23.9 ,23.8 ,23.85 ,23.91 ,23.84 ,23.81 ,23.85 ,23.84 ,23.86 ,23.84 ,23.78 ,23.8 ,23.89 ,23.86 ,23.81 ,23.87 ,23.92 ,23.76 ,23.75 ,23.82 ,23.82 ,23.84 ,23.81 ,23.86 ,23.83 ,23.9 ,23.82 ,23.79 ,23.81 ,23.85 ,23.78 ,23.81 ,23.73 ,23.72 ,23.78 ,23.79 ,23.69 ,23.67 ,23.71 ,23.76 ,23.76 ,23.84 ,23.8 ,23.79 ,23.71 ,23.8 ,23.8 ,23.81 ,23.82 ,23.82 ,23.85 ,23.77 ,23.75 ,23.69 ,23.73 ,23.76 ,23.68 ,23.72 ,23.8 ,23.88 ,23.75 ,23.76 ,23.78 ,23.84 ,23.77 ,23.81 ,23.79 ,23.76 ,23.83 ,23.79 ,23.82 ,23.88 ,23.82 ,23.75 ,23.77 ,23.83 ,23.88 ,23.91 ,23.78 ,23.75 ,23.76 ,23.78 ,23.79 ,23.88 ,23.83 ,23.78 ,23.82 ,23.73 ,23.65 ,23.79 ,23.87 ,23.82 ,23.84 ,23.73 ,23.75 ,23.81 ,23.76 ,23.84 ,23.93 ,23.77 ,23.81 ,23.85 ,23.76 ,23.82 ,23.89 ,23.8 ,23.73 ,23.68 ,23.64 ,23.8 ,23.7 ,23.74 ,23.69 ,23.73 ,23.7 ,23.78 ,23.73 ,23.66 ,23.61 ,23.62 ,23.6 ,23.62 ,23.51 ,23.63 ,23.66 ,23.61 ,23.69 ,23.65 ,23.63 ,23.55 ,23.49 ,23.43 ,23.35 ,23.36 ,23.42 ,23.38 ,23.35 ,23.39 ,23.46 ,23.34 ,23.41 ,23.44 ,23.42 ,23.33 ,23.4 ,23.43 ,23.35 ,23.33 ,23.35 ,23.35 ,23.36 ,23.31 ,23.18 ,23.3 ,23.37 ,23.32 ,23.34 ,23.56 ,23.52 ,23.42 ,23.4 ,23.51 ,23.5 ,23.48 ,23.43 ,23.37 ,23.42 ,23.48 ,23.36 ,23.32 ,23.36 ,23.45 ,23.4 ,23.49 ,23.64 ,23.5 ,23.45 ,23.48 ,23.43 ,23.34 ,23.52 ,23.43 ,23.45 ,23.49 ,23.53 ,23.51 ,23.45 ,23.45 ,23.46 ,23.44 ,23.51 ,23.49 ,23.54 ,23.57 ,23.59 ,23.55 ,23.49 ,23.42 ,23.36 ,23.58 ,23.51 ,23.39 ,23.35 ,23.43 ,23.37 ,23.36 ,23.54 ,23.44 ,23.31 ,23.32 ,23.36 ,23.4 ,23.53 ,23.5 ,23.52 ,23.41 ,23.36 ,23.52 ,23.41 ,23.32 ,23.33 ,23.4 ,23.48 ,23.48 ,23.36 ,23.32 ,23.33 ,23.27 ,23.27 ,23.18 ,
430,23.36 ,23.22 ,23.3 ,23.33 ,23.4 ,23.28 ,23.3 ,23.29 ,23.33 ,23.47 ,23.33 ,23.23 ,23.41 ,23.44 ,23.42 ,23.44 ,23.37 ,23.43 ,23.45 ,23.41 ,23.27 ,23.28 ,23.42 ,23.46 ,23.35 ,23.41 ,23.42 ,23.37 ,23.4 ,23.49 ,23.42 ,23.36 ,23.24 ,23.36 ,23.46 ,23.4 ,23.44 ,23.39 ,23.38 ,23.37 ,23.41 ,23.59 ,23.55 ,23.44 ,23.49 ,23.53 ,23.48 ,23.5 ,23.5 ,23.48 ,23.51 ,23.49 ,23.51 ,23.55 ,23.51 ,23.55 ,23.67 ,23.54 ,23.51 ,23.47 ,23.56 ,23.51 ,23.53 ,23.52 ,23.57 ,23.57 ,23.52 ,23.48 ,23.57 ,23.49 ,23.49 ,23.46 ,23.56 ,23.57 ,23.52 ,23.48 ,23.63 ,23.6 ,23.46 ,23.4 ,23.45 ,23.48 ,23.45 ,23.5 ,23.64 ,23.57 ,23.55 ,23.62 ,23.64 ,23.54 ,23.53 ,23.54 ,23.66 ,23.58 ,23.48 ,23.61 ,23.57 ,23.61 ,23.51 ,23.6 ,23.56 ,23.51 ,23.54 ,23.58 ,23.64 ,23.64 ,23.5 ,23.55 ,23.6 ,23.54 ,23.6 ,23.57 ,23.6 ,23.55 ,23.61 ,23.6 ,23.56 ,23.5 ,23.53 ,23.52 ,23.63 ,23.63 ,23.52 ,23.54 ,23.58 ,23.62 ,23.54 ,23.67 ,23.66 ,23.59 ,23.61 ,23.65 ,23.57 ,23.6 ,23.68 ,23.64 ,23.64 ,23.72 ,23.68 ,23.75 ,23.76 ,23.68 ,23.62 ,23.58 ,23.54 ,23.59 ,23.62 ,23.62 ,23.66 ,23.72 ,23.64 ,23.7 ,23.77 ,23.74 ,23.64 ,23.61 ,23.64 ,23.66 ,23.69 ,23.67 ,23.67 ,23.71 ,23.67 ,23.69 ,23.68 ,23.76 ,23.7 ,23.69 ,23.68 ,23.65 ,23.7 ,23.61 ,23.64 ,23.67 ,23.66 ,23.77 ,23.75 ,23.67 ,23.68 ,23.71 ,23.74 ,23.73 ,23.79 ,23.74 ,23.68 ,23.69 ,23.68 ,23.72 ,23.71 ,23.8 ,23.79 ,23.79 ,23.74 ,23.68 ,23.71 ,23.7 ,23.74 ,23.79 ,23.7 ,23.68 ,23.76 ,23.73 ,23.75 ,23.73 ,23.69 ,23.76 ,23.69 ,23.69 ,23.75 ,23.8 ,23.76 ,23.66 ,23.65 ,23.77 ,23.71 ,23.73 ,23.77 ,23.81 ,23.77 ,23.73 ,23.75 ,23.83 ,23.71 ,23.7 ,23.8 ,23.82 ,23.77 ,23.8 ,23.71 ,23.66 ,23.72 ,23.83 ,23.81 ,23.73 ,23.65 ,23.87 ,23.92 ,23.87 ,23.84 ,23.75 ,23.66 ,23.83 ,23.83 ,23.75 ,23.81 ,23.84 ,23.71 ,23.72 ,23.78 ,23.79 ,23.91 ,23.75 ,23.73 ,23.86 ,23.89 ,23.75 ,23.76 ,23.92 ,23.82 ,23.76 ,23.89 ,23.88 ,23.84 ,23.87 ,23.92 ,23.91 ,23.94 ,23.91 ,23.87 ,23.8 ,23.78 ,23.86 ,23.87 ,23.83 ,23.78 ,23.8 ,23.83 ,23.92 ,23.9 ,23.86 ,23.85 ,23.91 ,23.87 ,23.9 ,23.95 ,23.89 ,23.92 ,23.89 ,23.79 ,23.84 ,23.87 ,23.87 ,23.91 ,23.97 ,23.92 ,23.84 ,23.83 ,23.92 ,23.96 ,23.89 ,23.9 ,23.88 ,23.82 ,23.86 ,23.8 ,23.84 ,23.88 ,23.85 ,23.88 ,23.87 ,23.9 ,23.94 ,23.94 ,23.92 ,23.85 ,23.78 ,23.86 ,23.92 ,23.91 ,23.89 ,23.87 ,23.89 ,23.91 ,23.95 ,23.92 ,23.87 ,23.9 ,23.87 ,23.82 ,23.8 ,23.83 ,23.83 ,23.84 ,23.83 ,23.96 ,23.9 ,23.79 ,23.9 ,23.88 ,23.87 ,23.92 ,23.83 ,23.88 ,23.95 ,23.94 ,23.88 ,23.85 ,23.92 ,23.95 ,23.95 ,23.86 ,23.85 ,23.87 ,23.9 ,23.82 ,23.8 ,23.88 ,23.88 ,23.86 ,23.94 ,23.96 ,23.87 ,23.84 ,23.85 ,23.92 ,23.92 ,23.85 ,23.89 ,23.88 ,23.8 ,23.83 ,23.93 ,23.97 ,23.96 ,23.91 ,23.85 ,23.85 ,23.81 ,23.83 ,23.86 ,23.91 ,23.89 ,23.78 ,23.88 ,23.82 ,23.92 ,23.96 ,23.89 ,23.83 ,23.85 ,23.91 ,23.89 ,23.83 ,23.82 ,23.86 ,23.8 ,23.76 ,23.83 ,23.85 ,23.78 ,23.81 ,23.88 ,23.94 ,23.89 ,23.89 ,23.79 ,23.81 ,23.87 ,23.78 ,23.84 ,23.89 ,23.87 ,23.87 ,23.86 ,23.85 ,23.79 ,23.8 ,23.87 ,23.82 ,23.83 ,23.82 ,23.83 ,23.84 ,23.78 ,23.73 ,23.8 ,23.86 ,23.82 ,23.73 ,23.73 ,23.73 ,23.77 ,23.8 ,23.82 ,23.79 ,23.83 ,23.83 ,23.82 ,23.81 ,23.78 ,23.79 ,23.78 ,23.71 ,23.68 ,23.71 ,23.8 ,23.71 ,23.71 ,23.75 ,23.75 ,23.77 ,23.79 ,23.79 ,23.79 ,23.78 ,23.76 ,23.78 ,23.71 ,23.76 ,23.82 ,23.77 ,23.75 ,23.67 ,23.81 ,23.8 ,23.82 ,23.77 ,23.73 ,23.74 ,23.81 ,23.76 ,23.73 ,23.75 ,23.82 ,23.84 ,23.87 ,23.86 ,23.84 ,23.83 ,23.75 ,23.81 ,23.8 ,23.76 ,23.76 ,23.84 ,23.82 ,23.86 ,23.88 ,23.8 ,23.75 ,23.76 ,23.88 ,23.84 ,23.78 ,23.75 ,23.77 ,23.85 ,23.82 ,23.66 ,23.74 ,23.84 ,23.82 ,23.81 ,23.69 ,23.78 ,23.87 ,23.82 ,23.86 ,23.86 ,23.74 ,23.77 ,23.74 ,23.73 ,23.79 ,23.85 ,23.77 ,23.71 ,23.63 ,23.66 ,23.71 ,23.64 ,23.67 ,23.74 ,23.76 ,23.72 ,23.76 ,23.68 ,23.57 ,23.59 ,23.63 ,23.62 ,23.63 ,23.69 ,23.72 ,23.67 ,23.61 ,23.6 ,23.69 ,23.59 ,23.52 ,23.45 ,23.45 ,23.39 ,23.37 ,23.42 ,23.4 ,23.29 ,23.34 ,23.43 ,23.37 ,23.32 ,23.45 ,23.42 ,23.28 ,23.34 ,23.4 ,23.32 ,23.39 ,23.44 ,23.46 ,23.32 ,23.3 ,23.18 ,23.25 ,23.31 ,23.35 ,23.33 ,23.48 ,23.54 ,23.46 ,23.43 ,23.44 ,23.43 ,23.48 ,23.55 ,23.52 ,23.38 ,23.44 ,23.37 ,23.37 ,23.35 ,23.46 ,23.43 ,23.41 ,23.48 ,23.5 ,23.46 ,23.52 ,23.42 ,23.35 ,23.47 ,23.54 ,23.45 ,23.46 ,23.54 ,23.43 ,23.44 ,23.48 ,23.47 ,23.44 ,23.47 ,23.45 ,23.43 ,23.47 ,23.47 ,23.54 ,23.5 ,23.46 ,23.35 ,23.54 ,23.47 ,23.28 ,23.36 ,23.53 ,23.4 ,23.39 ,23.57 ,23.5 ,23.4 ,23.37 ,23.41 ,23.41 ,23.48 ,23.46 ,23.51 ,23.4 ,23.29 ,23.35 ,23.31 ,23.3 ,23.35 ,23.42 ,23.44 ,23.42 ,23.33 ,23.27 ,23.29 ,23.35 ,23.29 ,23.24 ,
431,23.34 ,23.24 ,23.35 ,23.42 ,23.38 ,23.4 ,23.33 ,23.34 ,23.34 ,23.33 ,23.35 ,23.27 ,23.32 ,23.36 ,23.42 ,23.47 ,23.34 ,23.43 ,23.42 ,23.34 ,23.3 ,23.35 ,23.38 ,23.45 ,23.43 ,23.42 ,23.48 ,23.32 ,23.32 ,23.46 ,23.45 ,23.4 ,23.35 ,23.37 ,23.34 ,23.33 ,23.42 ,23.41 ,23.3 ,23.34 ,23.52 ,23.55 ,23.57 ,23.51 ,23.6 ,23.53 ,23.43 ,23.45 ,23.47 ,23.56 ,23.47 ,23.48 ,23.54 ,23.49 ,23.42 ,23.38 ,23.66 ,23.56 ,23.56 ,23.52 ,23.58 ,23.54 ,23.53 ,23.52 ,23.55 ,23.57 ,23.44 ,23.51 ,23.58 ,23.59 ,23.57 ,23.56 ,23.57 ,23.61 ,23.59 ,23.5 ,23.56 ,23.56 ,23.42 ,23.43 ,23.43 ,23.42 ,23.46 ,23.56 ,23.61 ,23.58 ,23.55 ,23.68 ,23.58 ,23.44 ,23.49 ,23.64 ,23.69 ,23.62 ,23.57 ,23.58 ,23.52 ,23.5 ,23.52 ,23.6 ,23.54 ,23.51 ,23.46 ,23.57 ,23.6 ,23.6 ,23.58 ,23.58 ,23.61 ,23.59 ,23.58 ,23.65 ,23.59 ,23.55 ,23.59 ,23.59 ,23.54 ,23.48 ,23.51 ,23.52 ,23.57 ,23.56 ,23.42 ,23.58 ,23.67 ,23.62 ,23.67 ,23.68 ,23.7 ,23.54 ,23.61 ,23.61 ,23.56 ,23.62 ,23.66 ,23.62 ,23.65 ,23.63 ,23.65 ,23.68 ,23.66 ,23.63 ,23.63 ,23.52 ,23.59 ,23.63 ,23.59 ,23.57 ,23.6 ,23.69 ,23.68 ,23.69 ,23.67 ,23.68 ,23.62 ,23.65 ,23.63 ,23.66 ,23.7 ,23.68 ,23.68 ,23.77 ,23.73 ,23.69 ,23.75 ,23.73 ,23.67 ,23.7 ,23.65 ,23.7 ,23.76 ,23.68 ,23.64 ,23.73 ,23.72 ,23.73 ,23.75 ,23.65 ,23.69 ,23.66 ,23.71 ,23.82 ,23.77 ,23.73 ,23.74 ,23.71 ,23.68 ,23.76 ,23.77 ,23.74 ,23.83 ,23.75 ,23.72 ,23.71 ,23.71 ,23.66 ,23.68 ,23.76 ,23.67 ,23.73 ,23.78 ,23.65 ,23.7 ,23.7 ,23.63 ,23.65 ,23.64 ,23.68 ,23.76 ,23.78 ,23.78 ,23.68 ,23.61 ,23.66 ,23.74 ,23.7 ,23.76 ,23.84 ,23.78 ,23.71 ,23.74 ,23.81 ,23.69 ,23.73 ,23.81 ,23.74 ,23.74 ,23.8 ,23.68 ,23.76 ,23.79 ,23.82 ,23.92 ,23.81 ,23.74 ,23.78 ,23.9 ,23.89 ,23.87 ,23.77 ,23.74 ,23.8 ,23.78 ,23.72 ,23.84 ,23.84 ,23.69 ,23.74 ,23.9 ,23.83 ,23.84 ,23.82 ,23.78 ,23.87 ,23.88 ,23.83 ,23.85 ,23.88 ,23.79 ,23.77 ,23.82 ,23.85 ,23.76 ,23.87 ,23.86 ,23.89 ,23.89 ,23.92 ,23.92 ,23.83 ,23.79 ,23.91 ,23.88 ,23.82 ,23.8 ,23.83 ,23.92 ,23.94 ,23.9 ,23.86 ,23.78 ,23.8 ,23.82 ,23.82 ,23.92 ,23.92 ,23.96 ,23.92 ,23.87 ,23.86 ,23.95 ,23.83 ,23.83 ,23.94 ,24 ,23.94 ,23.81 ,23.85 ,23.92 ,23.87 ,23.9 ,23.93 ,23.89 ,23.84 ,23.73 ,23.78 ,23.83 ,23.84 ,23.93 ,23.95 ,24.01 ,23.91 ,23.92 ,23.91 ,23.9 ,23.84 ,23.86 ,23.88 ,23.83 ,23.85 ,23.91 ,23.89 ,23.88 ,23.84 ,23.92 ,23.87 ,23.85 ,23.82 ,23.84 ,23.86 ,23.93 ,23.87 ,23.83 ,23.77 ,23.94 ,23.89 ,23.75 ,23.85 ,23.92 ,23.91 ,23.92 ,23.88 ,23.86 ,23.97 ,23.94 ,23.98 ,23.8 ,23.89 ,23.92 ,23.88 ,23.87 ,23.84 ,23.95 ,23.97 ,23.84 ,23.84 ,23.85 ,23.83 ,23.83 ,23.92 ,23.9 ,23.81 ,23.85 ,23.9 ,23.96 ,23.93 ,23.79 ,23.82 ,23.83 ,23.83 ,23.92 ,23.98 ,23.96 ,23.93 ,23.87 ,23.84 ,23.84 ,23.76 ,23.82 ,23.79 ,23.79 ,23.8 ,23.75 ,23.8 ,23.84 ,23.94 ,23.9 ,23.89 ,23.89 ,23.9 ,23.84 ,23.84 ,23.91 ,23.77 ,23.72 ,23.85 ,23.84 ,23.84 ,23.83 ,23.85 ,23.83 ,23.8 ,23.88 ,23.84 ,23.82 ,23.79 ,23.79 ,23.85 ,23.86 ,23.88 ,23.94 ,23.86 ,23.81 ,23.83 ,23.82 ,23.84 ,23.78 ,23.8 ,23.81 ,23.86 ,23.86 ,23.8 ,23.81 ,23.73 ,23.74 ,23.83 ,23.84 ,23.85 ,23.76 ,23.73 ,23.76 ,23.76 ,23.78 ,23.77 ,23.76 ,23.85 ,23.77 ,23.81 ,23.8 ,23.83 ,23.78 ,23.88 ,23.82 ,23.75 ,23.77 ,23.86 ,23.86 ,23.79 ,23.73 ,23.82 ,23.81 ,23.79 ,23.81 ,23.8 ,23.75 ,23.8 ,23.78 ,23.72 ,23.76 ,23.8 ,23.79 ,23.76 ,23.71 ,23.8 ,23.86 ,23.82 ,23.77 ,23.77 ,23.77 ,23.83 ,23.79 ,23.74 ,23.75 ,23.76 ,23.81 ,23.87 ,23.87 ,23.79 ,23.87 ,23.82 ,23.74 ,23.81 ,23.75 ,23.8 ,23.82 ,23.79 ,23.75 ,23.72 ,23.8 ,23.89 ,23.8 ,23.79 ,23.75 ,23.78 ,23.7 ,23.76 ,23.81 ,23.86 ,23.82 ,23.74 ,23.78 ,23.79 ,23.8 ,23.72 ,23.68 ,23.88 ,23.8 ,23.85 ,23.79 ,23.74 ,23.74 ,23.73 ,23.71 ,23.83 ,23.81 ,23.69 ,23.75 ,23.65 ,23.66 ,23.75 ,23.7 ,23.76 ,23.7 ,23.61 ,23.69 ,23.75 ,23.66 ,23.55 ,23.65 ,23.69 ,23.57 ,23.65 ,23.7 ,23.68 ,23.61 ,23.56 ,23.62 ,23.56 ,23.53 ,23.52 ,23.46 ,23.45 ,23.45 ,23.43 ,23.43 ,23.39 ,23.28 ,23.31 ,23.4 ,23.33 ,23.32 ,23.41 ,23.4 ,23.33 ,23.34 ,23.38 ,23.35 ,23.4 ,23.5 ,23.44 ,23.38 ,23.3 ,23.27 ,23.21 ,23.22 ,23.27 ,23.37 ,23.29 ,23.46 ,23.49 ,23.44 ,23.32 ,23.38 ,23.48 ,23.58 ,23.55 ,23.47 ,23.51 ,23.43 ,23.53 ,23.51 ,23.57 ,23.58 ,23.46 ,23.43 ,23.44 ,23.47 ,23.42 ,23.37 ,23.27 ,23.44 ,23.58 ,23.55 ,23.55 ,23.6 ,23.44 ,23.49 ,23.54 ,23.57 ,23.51 ,23.44 ,23.43 ,23.32 ,23.43 ,23.51 ,23.59 ,23.53 ,23.39 ,23.42 ,23.62 ,23.51 ,23.48 ,23.42 ,23.46 ,23.41 ,23.44 ,23.46 ,23.36 ,23.32 ,23.37 ,23.38 ,23.42 ,23.47 ,23.48 ,23.44 ,23.41 ,23.34 ,23.37 ,23.31 ,23.36 ,23.3 ,23.44 ,23.48 ,23.48 ,23.38 ,23.41 ,23.33 ,23.3 ,23.29 ,23.29 ,
432,23.37 ,23.24 ,23.32 ,23.36 ,23.37 ,23.36 ,23.44 ,23.35 ,23.44 ,23.48 ,23.33 ,23.32 ,23.46 ,23.41 ,23.46 ,23.55 ,23.43 ,23.44 ,23.45 ,23.37 ,23.34 ,23.52 ,23.47 ,23.59 ,23.41 ,23.4 ,23.48 ,23.39 ,23.36 ,23.42 ,23.49 ,23.38 ,23.37 ,23.37 ,23.35 ,23.47 ,23.45 ,23.43 ,23.45 ,23.35 ,23.53 ,23.53 ,23.43 ,23.43 ,23.54 ,23.51 ,23.46 ,23.51 ,23.41 ,23.49 ,23.43 ,23.44 ,23.5 ,23.48 ,23.47 ,23.47 ,23.47 ,23.45 ,23.39 ,23.47 ,23.61 ,23.6 ,23.5 ,23.34 ,23.54 ,23.59 ,23.61 ,23.5 ,23.53 ,23.46 ,23.48 ,23.42 ,23.46 ,23.56 ,23.57 ,23.47 ,23.41 ,23.56 ,23.54 ,23.54 ,23.53 ,23.49 ,23.51 ,23.57 ,23.59 ,23.5 ,23.57 ,23.66 ,23.56 ,23.38 ,23.58 ,23.63 ,23.62 ,23.52 ,23.51 ,23.58 ,23.56 ,23.41 ,23.48 ,23.58 ,23.59 ,23.61 ,23.65 ,23.65 ,23.64 ,23.55 ,23.55 ,23.55 ,23.55 ,23.62 ,23.55 ,23.57 ,23.66 ,23.54 ,23.54 ,23.55 ,23.49 ,23.49 ,23.48 ,23.51 ,23.54 ,23.64 ,23.55 ,23.51 ,23.64 ,23.55 ,23.56 ,23.7 ,23.68 ,23.51 ,23.6 ,23.76 ,23.56 ,23.56 ,23.63 ,23.62 ,23.66 ,23.58 ,23.59 ,23.63 ,23.66 ,23.62 ,23.61 ,23.55 ,23.57 ,23.65 ,23.61 ,23.63 ,23.69 ,23.7 ,23.7 ,23.57 ,23.63 ,23.64 ,23.68 ,23.64 ,23.63 ,23.56 ,23.73 ,23.7 ,23.73 ,23.74 ,23.67 ,23.61 ,23.8 ,23.67 ,23.66 ,23.75 ,23.72 ,23.69 ,23.72 ,23.68 ,23.7 ,23.77 ,23.77 ,23.63 ,23.65 ,23.64 ,23.7 ,23.73 ,23.68 ,23.82 ,23.76 ,23.74 ,23.73 ,23.72 ,23.76 ,23.77 ,23.78 ,23.64 ,23.73 ,23.7 ,23.67 ,23.74 ,23.73 ,23.64 ,23.74 ,23.74 ,23.76 ,23.77 ,23.74 ,23.71 ,23.77 ,23.74 ,23.72 ,23.67 ,23.67 ,23.68 ,23.68 ,23.78 ,23.73 ,23.77 ,23.76 ,23.76 ,23.77 ,23.75 ,23.79 ,23.78 ,23.77 ,23.69 ,23.73 ,23.77 ,23.7 ,23.82 ,23.89 ,23.81 ,23.71 ,23.76 ,23.65 ,23.78 ,23.9 ,23.84 ,23.92 ,23.86 ,23.79 ,23.79 ,23.83 ,23.85 ,23.88 ,23.81 ,23.75 ,23.8 ,23.84 ,23.85 ,23.84 ,23.83 ,23.77 ,23.78 ,23.86 ,23.84 ,23.76 ,23.79 ,23.86 ,23.9 ,23.91 ,23.82 ,23.9 ,23.97 ,23.91 ,23.75 ,23.8 ,23.84 ,23.87 ,23.82 ,23.81 ,23.84 ,23.82 ,24 ,23.97 ,23.85 ,23.78 ,23.85 ,23.93 ,23.89 ,23.83 ,23.86 ,23.85 ,23.87 ,23.85 ,23.84 ,23.87 ,23.83 ,23.82 ,23.83 ,23.87 ,23.87 ,23.97 ,23.99 ,23.96 ,23.89 ,23.93 ,23.9 ,23.84 ,23.92 ,23.97 ,23.98 ,23.88 ,23.93 ,23.96 ,23.85 ,23.87 ,23.97 ,23.87 ,23.81 ,23.78 ,23.81 ,23.78 ,23.82 ,23.93 ,23.88 ,23.95 ,23.99 ,24.02 ,23.93 ,23.92 ,23.84 ,23.8 ,23.8 ,23.81 ,23.85 ,23.9 ,23.93 ,23.91 ,23.81 ,23.87 ,23.87 ,23.92 ,23.83 ,23.83 ,23.88 ,23.87 ,23.86 ,23.82 ,23.85 ,23.9 ,23.87 ,23.71 ,23.91 ,23.94 ,23.92 ,23.86 ,23.83 ,23.84 ,23.96 ,23.93 ,23.89 ,23.91 ,23.86 ,23.88 ,23.87 ,23.8 ,23.82 ,23.83 ,23.87 ,23.79 ,23.81 ,23.87 ,23.86 ,23.84 ,23.89 ,23.9 ,23.85 ,23.89 ,23.91 ,24 ,23.9 ,23.86 ,23.94 ,23.92 ,23.87 ,23.87 ,23.89 ,23.93 ,23.95 ,23.79 ,23.78 ,23.82 ,23.75 ,23.91 ,23.92 ,23.82 ,23.82 ,23.81 ,23.85 ,23.91 ,23.97 ,23.83 ,23.86 ,23.85 ,23.86 ,23.82 ,23.79 ,23.91 ,23.82 ,23.71 ,23.79 ,23.92 ,23.89 ,23.85 ,23.88 ,23.84 ,23.86 ,23.77 ,23.87 ,23.8 ,23.81 ,23.8 ,23.79 ,23.91 ,23.9 ,23.83 ,23.83 ,23.81 ,23.84 ,23.85 ,23.82 ,23.83 ,23.83 ,23.86 ,23.87 ,23.88 ,23.81 ,23.77 ,23.85 ,23.83 ,23.87 ,23.82 ,23.82 ,23.8 ,23.79 ,23.79 ,23.81 ,23.8 ,23.74 ,23.82 ,23.84 ,23.82 ,23.84 ,23.88 ,23.89 ,23.78 ,23.87 ,23.87 ,23.78 ,23.79 ,23.87 ,23.84 ,23.77 ,23.7 ,23.76 ,23.84 ,23.76 ,23.82 ,23.84 ,23.76 ,23.88 ,23.77 ,23.71 ,23.77 ,23.75 ,23.79 ,23.78 ,23.78 ,23.73 ,23.74 ,23.73 ,23.71 ,23.72 ,23.79 ,23.87 ,23.9 ,23.82 ,23.82 ,23.82 ,23.71 ,23.77 ,23.89 ,23.81 ,23.79 ,23.84 ,23.7 ,23.75 ,23.8 ,23.86 ,23.81 ,23.81 ,23.76 ,23.72 ,23.79 ,23.87 ,23.9 ,23.8 ,23.76 ,23.78 ,23.79 ,23.77 ,23.79 ,23.8 ,23.8 ,23.84 ,23.8 ,23.76 ,23.82 ,23.78 ,23.77 ,23.83 ,23.8 ,23.77 ,23.74 ,23.69 ,23.78 ,23.7 ,23.72 ,23.84 ,23.73 ,23.65 ,23.67 ,23.59 ,23.7 ,23.75 ,23.69 ,23.74 ,23.72 ,23.63 ,23.66 ,23.69 ,23.65 ,23.63 ,23.58 ,23.58 ,23.63 ,23.63 ,23.49 ,23.6 ,23.61 ,23.58 ,23.61 ,23.53 ,23.46 ,23.4 ,23.35 ,23.33 ,23.47 ,23.42 ,23.37 ,23.31 ,23.19 ,23.3 ,23.36 ,23.38 ,23.38 ,23.35 ,23.38 ,23.31 ,23.29 ,23.24 ,23.31 ,23.41 ,23.44 ,23.42 ,23.37 ,23.35 ,23.27 ,23.31 ,23.28 ,23.24 ,23.28 ,23.27 ,23.32 ,23.44 ,23.47 ,23.41 ,23.41 ,23.46 ,23.51 ,23.45 ,23.46 ,23.45 ,23.35 ,23.41 ,23.48 ,23.44 ,23.49 ,23.45 ,23.38 ,23.45 ,23.45 ,23.39 ,23.42 ,23.32 ,23.31 ,23.39 ,23.46 ,23.48 ,23.5 ,23.49 ,23.49 ,23.52 ,23.58 ,23.47 ,23.35 ,23.35 ,23.31 ,23.33 ,23.48 ,23.48 ,23.4 ,23.39 ,23.5 ,23.59 ,23.59 ,23.55 ,23.47 ,23.34 ,23.46 ,23.47 ,23.41 ,23.28 ,23.26 ,23.25 ,23.21 ,23.33 ,23.41 ,23.38 ,23.3 ,23.36 ,23.42 ,23.48 ,23.44 ,23.37 ,23.4 ,23.43 ,23.4 ,23.36 ,23.36 ,23.38 ,23.4 ,23.28 ,23.32 ,23.35 ,
433,23.26 ,23.23 ,23.25 ,23.17 ,23.27 ,23.35 ,23.34 ,23.3 ,23.34 ,23.45 ,23.35 ,23.23 ,23.42 ,23.4 ,23.45 ,23.55 ,23.5 ,23.41 ,23.39 ,23.4 ,23.41 ,23.45 ,23.48 ,23.4 ,23.4 ,23.4 ,23.41 ,23.42 ,23.34 ,23.45 ,23.5 ,23.33 ,23.3 ,23.39 ,23.36 ,23.46 ,23.54 ,23.36 ,23.46 ,23.39 ,23.4 ,23.39 ,23.35 ,23.45 ,23.51 ,23.42 ,23.43 ,23.57 ,23.53 ,23.49 ,23.36 ,23.39 ,23.46 ,23.43 ,23.48 ,23.48 ,23.45 ,23.47 ,23.37 ,23.38 ,23.46 ,23.51 ,23.4 ,23.38 ,23.51 ,23.57 ,23.64 ,23.53 ,23.46 ,23.47 ,23.43 ,23.49 ,23.48 ,23.62 ,23.55 ,23.35 ,23.42 ,23.47 ,23.45 ,23.46 ,23.55 ,23.44 ,23.54 ,23.5 ,23.47 ,23.52 ,23.61 ,23.58 ,23.5 ,23.41 ,23.55 ,23.61 ,23.57 ,23.58 ,23.54 ,23.54 ,23.68 ,23.5 ,23.48 ,23.57 ,23.55 ,23.62 ,23.61 ,23.64 ,23.6 ,23.49 ,23.51 ,23.54 ,23.56 ,23.61 ,23.56 ,23.51 ,23.57 ,23.51 ,23.51 ,23.44 ,23.45 ,23.54 ,23.47 ,23.47 ,23.55 ,23.68 ,23.68 ,23.62 ,23.67 ,23.58 ,23.56 ,23.66 ,23.62 ,23.58 ,23.66 ,23.71 ,23.51 ,23.57 ,23.64 ,23.65 ,23.71 ,23.61 ,23.6 ,23.69 ,23.64 ,23.57 ,23.63 ,23.61 ,23.56 ,23.64 ,23.71 ,23.71 ,23.74 ,23.79 ,23.76 ,23.68 ,23.72 ,23.67 ,23.64 ,23.6 ,23.61 ,23.58 ,23.68 ,23.76 ,23.69 ,23.65 ,23.75 ,23.72 ,23.79 ,23.74 ,23.62 ,23.68 ,23.67 ,23.73 ,23.64 ,23.61 ,23.69 ,23.76 ,23.8 ,23.66 ,23.61 ,23.69 ,23.73 ,23.73 ,23.73 ,23.79 ,23.78 ,23.66 ,23.75 ,23.69 ,23.76 ,23.77 ,23.73 ,23.74 ,23.76 ,23.77 ,23.73 ,23.75 ,23.71 ,23.67 ,23.69 ,23.77 ,23.7 ,23.71 ,23.7 ,23.72 ,23.83 ,23.77 ,23.74 ,23.76 ,23.74 ,23.74 ,23.68 ,23.75 ,23.78 ,23.75 ,23.8 ,23.79 ,23.75 ,23.73 ,23.77 ,23.75 ,23.81 ,23.82 ,23.76 ,23.73 ,23.78 ,23.88 ,23.91 ,23.81 ,23.85 ,23.77 ,23.68 ,23.75 ,23.84 ,23.84 ,23.86 ,23.89 ,23.75 ,23.75 ,23.88 ,23.84 ,23.86 ,23.78 ,23.79 ,23.88 ,23.91 ,23.84 ,23.88 ,23.86 ,23.79 ,23.79 ,23.89 ,23.84 ,23.78 ,23.77 ,23.87 ,23.92 ,23.89 ,23.85 ,23.95 ,23.93 ,23.85 ,23.77 ,23.77 ,23.88 ,23.88 ,23.86 ,23.81 ,23.81 ,23.78 ,23.83 ,23.92 ,23.76 ,23.76 ,23.87 ,23.89 ,23.91 ,23.89 ,23.88 ,23.83 ,23.92 ,23.85 ,23.8 ,23.88 ,23.89 ,23.85 ,23.94 ,23.92 ,23.91 ,23.93 ,23.88 ,23.98 ,23.94 ,23.94 ,24 ,23.88 ,23.86 ,23.92 ,23.99 ,23.93 ,24.02 ,24.01 ,23.87 ,23.86 ,23.93 ,23.91 ,23.85 ,23.88 ,23.93 ,23.85 ,23.79 ,23.89 ,23.86 ,23.85 ,24 ,23.98 ,24 ,23.95 ,23.92 ,23.7 ,23.78 ,23.87 ,23.85 ,23.82 ,23.91 ,23.97 ,23.89 ,23.91 ,23.91 ,23.9 ,23.88 ,23.9 ,23.87 ,23.86 ,23.78 ,23.8 ,23.84 ,23.89 ,23.84 ,23.81 ,23.93 ,24 ,23.97 ,23.94 ,23.79 ,23.72 ,23.83 ,23.89 ,23.82 ,23.86 ,23.95 ,23.9 ,23.93 ,23.89 ,23.83 ,23.87 ,23.94 ,23.85 ,23.81 ,23.88 ,23.94 ,23.81 ,23.9 ,23.98 ,23.95 ,23.9 ,23.87 ,23.98 ,23.94 ,23.95 ,23.99 ,23.98 ,23.97 ,23.87 ,23.81 ,23.84 ,23.93 ,23.78 ,23.76 ,23.83 ,23.82 ,23.93 ,23.91 ,23.88 ,23.91 ,23.78 ,23.79 ,23.94 ,24.01 ,23.86 ,23.85 ,23.82 ,23.83 ,23.81 ,23.85 ,23.87 ,23.77 ,23.78 ,23.81 ,23.83 ,23.84 ,23.83 ,23.85 ,23.78 ,23.76 ,23.77 ,23.9 ,23.92 ,23.98 ,23.84 ,23.8 ,23.91 ,23.93 ,23.8 ,23.81 ,23.85 ,23.89 ,23.84 ,23.84 ,23.83 ,23.84 ,23.88 ,23.88 ,23.77 ,23.83 ,23.85 ,23.9 ,23.85 ,23.85 ,23.82 ,23.8 ,23.78 ,23.85 ,23.78 ,23.78 ,23.83 ,23.69 ,23.76 ,23.84 ,23.84 ,23.75 ,23.82 ,23.83 ,23.84 ,23.88 ,23.87 ,23.79 ,23.74 ,23.76 ,23.76 ,23.73 ,23.56 ,23.67 ,23.72 ,23.73 ,23.78 ,23.78 ,23.76 ,23.88 ,23.77 ,23.69 ,23.82 ,23.84 ,23.79 ,23.76 ,23.82 ,23.77 ,23.7 ,23.76 ,23.78 ,23.75 ,23.87 ,23.9 ,23.83 ,23.87 ,23.86 ,23.92 ,23.81 ,23.81 ,23.89 ,23.86 ,23.79 ,23.76 ,23.71 ,23.74 ,23.77 ,23.86 ,23.84 ,23.79 ,23.8 ,23.79 ,23.77 ,23.77 ,23.8 ,23.83 ,23.77 ,23.75 ,23.76 ,23.82 ,23.79 ,23.76 ,23.72 ,23.74 ,23.68 ,23.66 ,23.69 ,23.76 ,23.74 ,23.8 ,23.8 ,23.8 ,23.77 ,23.74 ,23.75 ,23.73 ,23.75 ,23.79 ,23.73 ,23.68 ,23.75 ,23.58 ,23.59 ,23.68 ,23.69 ,23.7 ,23.74 ,23.78 ,23.74 ,23.72 ,23.58 ,23.58 ,23.59 ,23.6 ,23.57 ,23.56 ,23.5 ,23.55 ,23.6 ,23.57 ,23.7 ,23.58 ,23.41 ,23.33 ,23.38 ,23.33 ,23.36 ,23.4 ,23.28 ,23.22 ,23.23 ,23.33 ,23.32 ,23.4 ,23.37 ,23.42 ,23.47 ,23.38 ,23.37 ,23.29 ,23.36 ,23.38 ,23.39 ,23.35 ,23.29 ,23.31 ,23.32 ,23.29 ,23.37 ,23.35 ,23.29 ,23.28 ,23.23 ,23.32 ,23.32 ,23.42 ,23.46 ,23.47 ,23.53 ,23.4 ,23.49 ,23.45 ,23.46 ,23.45 ,23.39 ,23.52 ,23.46 ,23.4 ,23.39 ,23.43 ,23.45 ,23.46 ,23.46 ,23.46 ,23.46 ,23.44 ,23.5 ,23.54 ,23.45 ,23.47 ,23.48 ,23.46 ,23.44 ,23.45 ,23.47 ,23.46 ,23.43 ,23.4 ,23.43 ,23.47 ,23.4 ,23.38 ,23.47 ,23.49 ,23.61 ,23.58 ,23.46 ,23.43 ,23.44 ,23.54 ,23.38 ,23.37 ,23.32 ,23.23 ,23.15 ,23.25 ,23.43 ,23.32 ,23.36 ,23.37 ,23.39 ,23.51 ,23.44 ,23.43 ,23.39 ,23.36 ,23.31 ,23.37 ,23.42 ,23.38 ,23.37 ,23.39 ,23.37 ,23.34 ,
434,23.25 ,23.25 ,23.26 ,23.21 ,23.31 ,23.34 ,23.36 ,23.27 ,23.35 ,23.44 ,23.34 ,23.28 ,23.4 ,23.32 ,23.38 ,23.45 ,23.42 ,23.41 ,23.36 ,23.26 ,23.34 ,23.41 ,23.45 ,23.41 ,23.41 ,23.42 ,23.37 ,23.32 ,23.3 ,23.35 ,23.47 ,23.45 ,23.37 ,23.35 ,23.4 ,23.38 ,23.46 ,23.45 ,23.39 ,23.36 ,23.45 ,23.47 ,23.39 ,23.44 ,23.53 ,23.43 ,23.45 ,23.5 ,23.51 ,23.52 ,23.4 ,23.49 ,23.53 ,23.47 ,23.5 ,23.48 ,23.37 ,23.45 ,23.49 ,23.45 ,23.46 ,23.45 ,23.4 ,23.48 ,23.59 ,23.59 ,23.61 ,23.54 ,23.48 ,23.46 ,23.51 ,23.53 ,23.59 ,23.62 ,23.56 ,23.41 ,23.55 ,23.57 ,23.48 ,23.45 ,23.43 ,23.47 ,23.5 ,23.56 ,23.49 ,23.55 ,23.6 ,23.65 ,23.53 ,23.49 ,23.55 ,23.65 ,23.55 ,23.63 ,23.6 ,23.57 ,23.71 ,23.61 ,23.54 ,23.57 ,23.57 ,23.54 ,23.53 ,23.54 ,23.64 ,23.61 ,23.57 ,23.5 ,23.59 ,23.61 ,23.64 ,23.63 ,23.65 ,23.51 ,23.53 ,23.51 ,23.45 ,23.53 ,23.51 ,23.45 ,23.61 ,23.61 ,23.6 ,23.64 ,23.68 ,23.59 ,23.64 ,23.75 ,23.7 ,23.56 ,23.6 ,23.6 ,23.51 ,23.56 ,23.61 ,23.63 ,23.68 ,23.69 ,23.71 ,23.6 ,23.56 ,23.53 ,23.62 ,23.63 ,23.64 ,23.71 ,23.75 ,23.68 ,23.65 ,23.74 ,23.73 ,23.67 ,23.71 ,23.69 ,23.69 ,23.62 ,23.62 ,23.68 ,23.68 ,23.73 ,23.8 ,23.7 ,23.74 ,23.73 ,23.74 ,23.77 ,23.61 ,23.69 ,23.69 ,23.7 ,23.62 ,23.64 ,23.69 ,23.78 ,23.81 ,23.67 ,23.65 ,23.7 ,23.68 ,23.62 ,23.73 ,23.75 ,23.82 ,23.77 ,23.78 ,23.77 ,23.73 ,23.72 ,23.7 ,23.64 ,23.68 ,23.75 ,23.76 ,23.72 ,23.76 ,23.71 ,23.62 ,23.74 ,23.77 ,23.65 ,23.72 ,23.76 ,23.77 ,23.78 ,23.68 ,23.72 ,23.76 ,23.76 ,23.76 ,23.73 ,23.73 ,23.79 ,23.75 ,23.73 ,23.71 ,23.68 ,23.79 ,23.86 ,23.88 ,23.75 ,23.69 ,23.72 ,23.77 ,23.82 ,23.8 ,23.72 ,23.77 ,23.84 ,23.75 ,23.73 ,23.75 ,23.82 ,23.8 ,23.86 ,23.75 ,23.7 ,23.79 ,23.84 ,23.89 ,23.82 ,23.79 ,23.89 ,23.88 ,23.76 ,23.83 ,23.86 ,23.78 ,23.77 ,23.79 ,23.82 ,23.87 ,23.79 ,23.79 ,23.84 ,23.84 ,23.87 ,23.95 ,23.87 ,23.8 ,23.77 ,23.79 ,23.79 ,23.85 ,23.84 ,23.85 ,23.81 ,23.84 ,23.92 ,23.91 ,23.8 ,23.74 ,23.85 ,23.84 ,23.84 ,23.86 ,23.78 ,23.7 ,23.89 ,23.86 ,23.78 ,23.83 ,23.84 ,23.85 ,23.94 ,23.99 ,23.97 ,23.96 ,23.86 ,23.86 ,23.89 ,23.92 ,23.99 ,23.92 ,23.85 ,23.89 ,24.01 ,23.97 ,23.97 ,23.98 ,23.89 ,23.91 ,23.85 ,23.85 ,23.86 ,23.96 ,23.95 ,23.88 ,23.81 ,23.83 ,23.86 ,23.91 ,24 ,23.88 ,23.89 ,23.89 ,23.87 ,23.81 ,23.86 ,23.9 ,23.89 ,23.86 ,23.87 ,23.91 ,23.96 ,23.93 ,23.88 ,23.86 ,23.85 ,23.93 ,23.92 ,23.88 ,23.79 ,23.83 ,23.87 ,23.95 ,23.9 ,23.81 ,23.94 ,23.94 ,23.85 ,23.88 ,23.83 ,23.81 ,23.79 ,23.82 ,23.85 ,23.81 ,23.89 ,23.87 ,23.89 ,23.84 ,23.85 ,23.91 ,23.86 ,23.88 ,23.89 ,23.91 ,23.84 ,23.81 ,23.81 ,24 ,23.94 ,23.88 ,23.82 ,23.88 ,23.91 ,23.91 ,23.91 ,23.93 ,23.92 ,23.83 ,23.81 ,23.88 ,23.82 ,23.81 ,23.81 ,23.84 ,23.87 ,23.94 ,23.87 ,23.8 ,23.81 ,23.76 ,23.76 ,23.85 ,23.91 ,23.79 ,23.87 ,23.81 ,23.85 ,23.91 ,23.86 ,23.84 ,23.71 ,23.7 ,23.78 ,23.87 ,23.8 ,23.85 ,23.9 ,23.84 ,23.75 ,23.74 ,23.85 ,23.88 ,23.92 ,23.83 ,23.8 ,23.89 ,23.9 ,23.84 ,23.81 ,23.84 ,23.85 ,23.87 ,23.87 ,23.9 ,23.79 ,23.81 ,23.95 ,23.71 ,23.83 ,23.92 ,23.89 ,23.77 ,23.74 ,23.79 ,23.82 ,23.75 ,23.78 ,23.81 ,23.82 ,23.79 ,23.76 ,23.76 ,23.77 ,23.87 ,23.72 ,23.73 ,23.68 ,23.72 ,23.8 ,23.78 ,23.78 ,23.76 ,23.82 ,23.79 ,23.77 ,23.73 ,23.73 ,23.68 ,23.79 ,23.85 ,23.78 ,23.74 ,23.82 ,23.77 ,23.65 ,23.71 ,23.83 ,23.79 ,23.76 ,23.8 ,23.85 ,23.84 ,23.73 ,23.68 ,23.73 ,23.88 ,23.87 ,23.81 ,23.76 ,23.78 ,23.82 ,23.85 ,23.82 ,23.85 ,23.83 ,23.78 ,23.75 ,23.71 ,23.87 ,23.79 ,23.75 ,23.81 ,23.78 ,23.84 ,23.8 ,23.69 ,23.65 ,23.77 ,23.86 ,23.81 ,23.79 ,23.75 ,23.71 ,23.78 ,23.81 ,23.7 ,23.72 ,23.73 ,23.68 ,23.7 ,23.74 ,23.72 ,23.76 ,23.77 ,23.75 ,23.8 ,23.8 ,23.8 ,23.73 ,23.76 ,23.81 ,23.73 ,23.68 ,23.74 ,23.71 ,23.62 ,23.65 ,23.69 ,23.66 ,23.76 ,23.78 ,23.7 ,23.74 ,23.63 ,23.68 ,23.55 ,23.59 ,23.6 ,23.58 ,23.62 ,23.65 ,23.51 ,23.51 ,23.65 ,23.71 ,23.41 ,23.43 ,23.44 ,23.42 ,23.25 ,23.35 ,23.31 ,23.26 ,23.38 ,23.41 ,23.34 ,23.34 ,23.51 ,23.4 ,23.51 ,23.38 ,23.4 ,23.38 ,23.33 ,23.43 ,23.4 ,23.38 ,23.31 ,23.3 ,23.29 ,23.28 ,23.29 ,23.15 ,23.19 ,23.21 ,23.2 ,23.19 ,23.13 ,23.21 ,23.38 ,23.33 ,23.46 ,23.44 ,23.39 ,23.32 ,23.38 ,23.47 ,23.41 ,23.3 ,23.51 ,23.51 ,23.39 ,23.38 ,23.4 ,23.4 ,23.51 ,23.49 ,23.49 ,23.62 ,23.51 ,23.56 ,23.44 ,23.39 ,23.48 ,23.55 ,23.42 ,23.37 ,23.56 ,23.52 ,23.41 ,23.51 ,23.49 ,23.52 ,23.53 ,23.44 ,23.47 ,23.54 ,23.55 ,23.56 ,23.4 ,23.47 ,23.54 ,23.56 ,23.47 ,23.45 ,23.45 ,23.3 ,23.21 ,23.35 ,23.4 ,23.44 ,23.42 ,23.39 ,23.42 ,23.42 ,23.31 ,23.35 ,23.39 ,23.37 ,23.38 ,23.34 ,23.32 ,23.41 ,23.44 ,23.44 ,23.35 ,23.26 ,
435,23.26 ,23.22 ,23.36 ,23.33 ,23.37 ,23.32 ,23.34 ,23.33 ,23.37 ,23.41 ,23.32 ,23.29 ,23.47 ,23.36 ,23.33 ,23.37 ,23.38 ,23.41 ,23.45 ,23.4 ,23.34 ,23.42 ,23.44 ,23.37 ,23.4 ,23.39 ,23.39 ,23.19 ,23.26 ,23.32 ,23.43 ,23.47 ,23.35 ,23.29 ,23.43 ,23.42 ,23.33 ,23.37 ,23.41 ,23.33 ,23.42 ,23.57 ,23.46 ,23.35 ,23.47 ,23.52 ,23.36 ,23.41 ,23.47 ,23.55 ,23.44 ,23.48 ,23.6 ,23.5 ,23.52 ,23.46 ,23.53 ,23.51 ,23.48 ,23.48 ,23.44 ,23.5 ,23.43 ,23.38 ,23.62 ,23.61 ,23.65 ,23.57 ,23.37 ,23.42 ,23.55 ,23.62 ,23.54 ,23.53 ,23.51 ,23.47 ,23.61 ,23.6 ,23.54 ,23.43 ,23.57 ,23.65 ,23.6 ,23.54 ,23.48 ,23.56 ,23.57 ,23.59 ,23.54 ,23.51 ,23.54 ,23.64 ,23.63 ,23.55 ,23.53 ,23.6 ,23.69 ,23.52 ,23.55 ,23.58 ,23.66 ,23.63 ,23.56 ,23.58 ,23.67 ,23.67 ,23.59 ,23.57 ,23.61 ,23.6 ,23.52 ,23.62 ,23.69 ,23.5 ,23.47 ,23.53 ,23.54 ,23.57 ,23.67 ,23.58 ,23.59 ,23.74 ,23.66 ,23.67 ,23.68 ,23.64 ,23.63 ,23.72 ,23.67 ,23.55 ,23.55 ,23.6 ,23.54 ,23.63 ,23.63 ,23.58 ,23.6 ,23.73 ,23.72 ,23.6 ,23.53 ,23.58 ,23.69 ,23.59 ,23.65 ,23.68 ,23.7 ,23.58 ,23.62 ,23.63 ,23.73 ,23.65 ,23.62 ,23.69 ,23.57 ,23.59 ,23.63 ,23.7 ,23.65 ,23.67 ,23.73 ,23.72 ,23.7 ,23.72 ,23.69 ,23.71 ,23.63 ,23.69 ,23.71 ,23.66 ,23.64 ,23.66 ,23.7 ,23.77 ,23.77 ,23.69 ,23.68 ,23.75 ,23.69 ,23.68 ,23.74 ,23.73 ,23.79 ,23.74 ,23.67 ,23.75 ,23.7 ,23.64 ,23.68 ,23.68 ,23.61 ,23.62 ,23.72 ,23.68 ,23.73 ,23.71 ,23.66 ,23.71 ,23.68 ,23.71 ,23.65 ,23.66 ,23.74 ,23.7 ,23.67 ,23.67 ,23.7 ,23.78 ,23.76 ,23.8 ,23.79 ,23.79 ,23.77 ,23.69 ,23.74 ,23.72 ,23.84 ,23.8 ,23.77 ,23.7 ,23.62 ,23.68 ,23.73 ,23.77 ,23.83 ,23.77 ,23.76 ,23.79 ,23.81 ,23.75 ,23.72 ,23.8 ,23.84 ,23.75 ,23.7 ,23.78 ,23.86 ,23.78 ,23.79 ,23.84 ,23.84 ,23.87 ,23.84 ,23.77 ,23.85 ,23.85 ,23.8 ,23.68 ,23.69 ,23.71 ,23.87 ,23.8 ,23.8 ,23.8 ,23.88 ,23.87 ,23.9 ,23.97 ,23.86 ,23.79 ,23.81 ,23.8 ,23.86 ,23.86 ,23.83 ,23.82 ,23.85 ,23.97 ,23.91 ,23.81 ,23.75 ,23.83 ,23.82 ,23.86 ,23.78 ,23.74 ,23.76 ,23.77 ,23.79 ,23.81 ,23.93 ,23.95 ,23.88 ,23.97 ,23.97 ,23.99 ,23.92 ,23.87 ,23.82 ,23.84 ,23.87 ,23.9 ,23.95 ,23.86 ,23.91 ,23.99 ,23.91 ,23.92 ,23.9 ,23.87 ,23.87 ,23.86 ,23.89 ,23.89 ,23.91 ,23.87 ,23.78 ,23.77 ,23.83 ,23.89 ,23.87 ,23.94 ,23.92 ,23.87 ,24 ,23.9 ,23.84 ,23.87 ,23.88 ,23.85 ,23.88 ,23.92 ,23.91 ,23.93 ,23.94 ,23.86 ,23.81 ,23.87 ,23.9 ,23.93 ,23.95 ,23.91 ,23.93 ,23.91 ,23.87 ,23.91 ,23.89 ,23.89 ,23.98 ,23.82 ,23.84 ,23.89 ,23.92 ,23.91 ,23.88 ,23.88 ,23.91 ,23.88 ,23.91 ,23.96 ,23.86 ,23.8 ,23.87 ,23.9 ,23.91 ,23.91 ,23.93 ,23.78 ,23.79 ,23.88 ,23.89 ,23.97 ,23.91 ,23.9 ,23.94 ,23.93 ,23.84 ,23.81 ,23.88 ,23.91 ,23.87 ,23.84 ,23.93 ,23.82 ,23.82 ,23.86 ,23.97 ,23.88 ,23.88 ,23.88 ,23.85 ,23.73 ,23.72 ,23.9 ,23.89 ,23.82 ,23.75 ,23.79 ,23.96 ,23.91 ,23.96 ,23.9 ,23.88 ,23.8 ,23.8 ,23.81 ,23.87 ,23.9 ,23.86 ,23.84 ,23.87 ,23.87 ,23.82 ,23.79 ,23.83 ,23.9 ,23.81 ,23.73 ,23.72 ,23.81 ,23.83 ,23.82 ,23.83 ,23.84 ,23.84 ,23.82 ,23.84 ,23.78 ,23.82 ,24.03 ,23.94 ,23.8 ,23.83 ,23.86 ,23.76 ,23.79 ,23.8 ,23.91 ,23.81 ,23.72 ,23.82 ,23.89 ,23.9 ,23.86 ,23.86 ,23.81 ,23.87 ,23.82 ,23.76 ,23.66 ,23.68 ,23.73 ,23.75 ,23.82 ,23.84 ,23.93 ,23.94 ,23.8 ,23.74 ,23.81 ,23.84 ,23.88 ,23.85 ,23.86 ,23.82 ,23.8 ,23.72 ,23.65 ,23.75 ,23.84 ,23.77 ,23.75 ,23.69 ,23.69 ,23.77 ,23.77 ,23.78 ,23.74 ,23.74 ,23.81 ,23.73 ,23.73 ,23.79 ,23.88 ,23.78 ,23.77 ,23.76 ,23.79 ,23.8 ,23.81 ,23.85 ,23.84 ,23.79 ,23.72 ,23.75 ,23.79 ,23.74 ,23.82 ,23.76 ,23.62 ,23.66 ,23.74 ,23.76 ,23.86 ,23.8 ,23.79 ,23.78 ,23.83 ,23.74 ,23.74 ,23.82 ,23.74 ,23.74 ,23.75 ,23.73 ,23.78 ,23.73 ,23.74 ,23.73 ,23.78 ,23.81 ,23.72 ,23.69 ,23.73 ,23.81 ,23.76 ,23.73 ,23.74 ,23.61 ,23.61 ,23.73 ,23.7 ,23.74 ,23.66 ,23.64 ,23.7 ,23.64 ,23.66 ,23.57 ,23.51 ,23.62 ,23.64 ,23.56 ,23.63 ,23.62 ,23.64 ,23.59 ,23.63 ,23.54 ,23.36 ,23.38 ,23.41 ,23.35 ,23.35 ,23.37 ,23.36 ,23.35 ,23.41 ,23.39 ,23.4 ,23.47 ,23.46 ,23.44 ,23.4 ,23.39 ,23.36 ,23.3 ,23.37 ,23.36 ,23.37 ,23.25 ,23.23 ,23.19 ,23.18 ,23.19 ,23.04 ,23.06 ,23.13 ,23.04 ,23.04 ,23.03 ,23.13 ,23.21 ,23.34 ,23.44 ,23.43 ,23.37 ,23.37 ,23.4 ,23.42 ,23.34 ,23.22 ,23.38 ,23.56 ,23.41 ,23.36 ,23.35 ,23.39 ,23.37 ,23.42 ,23.31 ,23.47 ,23.43 ,23.41 ,23.32 ,23.31 ,23.46 ,23.48 ,23.39 ,23.31 ,23.49 ,23.52 ,23.47 ,23.53 ,23.5 ,23.48 ,23.54 ,23.44 ,23.49 ,23.62 ,23.65 ,23.61 ,23.45 ,23.4 ,23.39 ,23.46 ,23.5 ,23.52 ,23.42 ,23.31 ,23.28 ,23.41 ,23.46 ,23.39 ,23.41 ,23.4 ,23.49 ,23.49 ,23.39 ,23.4 ,23.35 ,23.47 ,23.44 ,23.37 ,23.37 ,23.48 ,23.54 ,23.48 ,23.38 ,23.34 ,
436,23.28 ,23.16 ,23.28 ,23.36 ,23.39 ,23.35 ,23.35 ,23.46 ,23.49 ,23.41 ,23.37 ,23.29 ,23.42 ,23.32 ,23.3 ,23.48 ,23.38 ,23.41 ,23.47 ,23.4 ,23.41 ,23.36 ,23.38 ,23.42 ,23.35 ,23.39 ,23.4 ,23.37 ,23.28 ,23.28 ,23.45 ,23.47 ,23.41 ,23.42 ,23.51 ,23.53 ,23.45 ,23.36 ,23.44 ,23.44 ,23.46 ,23.51 ,23.47 ,23.34 ,23.49 ,23.57 ,23.45 ,23.45 ,23.47 ,23.48 ,23.42 ,23.32 ,23.52 ,23.56 ,23.47 ,23.49 ,23.51 ,23.61 ,23.46 ,23.39 ,23.48 ,23.57 ,23.46 ,23.49 ,23.59 ,23.61 ,23.58 ,23.48 ,23.38 ,23.45 ,23.51 ,23.59 ,23.59 ,23.56 ,23.5 ,23.5 ,23.6 ,23.59 ,23.51 ,23.36 ,23.48 ,23.66 ,23.61 ,23.54 ,23.5 ,23.49 ,23.61 ,23.64 ,23.58 ,23.47 ,23.56 ,23.61 ,23.57 ,23.54 ,23.6 ,23.68 ,23.66 ,23.52 ,23.56 ,23.59 ,23.66 ,23.59 ,23.54 ,23.64 ,23.66 ,23.59 ,23.53 ,23.55 ,23.6 ,23.57 ,23.53 ,23.56 ,23.67 ,23.53 ,23.55 ,23.57 ,23.63 ,23.68 ,23.78 ,23.69 ,23.68 ,23.69 ,23.67 ,23.58 ,23.61 ,23.67 ,23.65 ,23.61 ,23.57 ,23.59 ,23.6 ,23.56 ,23.57 ,23.64 ,23.72 ,23.67 ,23.6 ,23.68 ,23.7 ,23.62 ,23.62 ,23.6 ,23.65 ,23.59 ,23.53 ,23.59 ,23.59 ,23.62 ,23.59 ,23.7 ,23.75 ,23.71 ,23.66 ,23.66 ,23.66 ,23.67 ,23.65 ,23.66 ,23.67 ,23.64 ,23.62 ,23.62 ,23.66 ,23.71 ,23.71 ,23.66 ,23.67 ,23.69 ,23.67 ,23.66 ,23.68 ,23.67 ,23.7 ,23.62 ,23.7 ,23.79 ,23.64 ,23.66 ,23.72 ,23.67 ,23.74 ,23.75 ,23.77 ,23.69 ,23.66 ,23.7 ,23.74 ,23.68 ,23.73 ,23.73 ,23.69 ,23.68 ,23.69 ,23.7 ,23.72 ,23.73 ,23.62 ,23.72 ,23.68 ,23.68 ,23.75 ,23.69 ,23.72 ,23.71 ,23.68 ,23.75 ,23.64 ,23.71 ,23.83 ,23.84 ,23.8 ,23.74 ,23.68 ,23.74 ,23.71 ,23.71 ,23.78 ,23.82 ,23.68 ,23.73 ,23.68 ,23.69 ,23.76 ,23.78 ,23.81 ,23.8 ,23.78 ,23.76 ,23.74 ,23.75 ,23.68 ,23.77 ,23.82 ,23.78 ,23.62 ,23.78 ,23.91 ,23.77 ,23.75 ,23.8 ,23.79 ,23.89 ,23.84 ,23.79 ,23.81 ,23.9 ,23.77 ,23.62 ,23.7 ,23.76 ,23.82 ,23.7 ,23.79 ,23.82 ,23.87 ,23.89 ,23.84 ,23.85 ,23.85 ,23.82 ,23.83 ,23.84 ,23.89 ,23.83 ,23.81 ,23.82 ,23.88 ,23.87 ,23.85 ,23.79 ,23.71 ,23.78 ,23.74 ,23.87 ,23.87 ,23.84 ,23.88 ,23.89 ,23.87 ,23.89 ,23.93 ,23.88 ,23.81 ,23.86 ,23.86 ,23.85 ,23.93 ,23.88 ,23.91 ,23.94 ,23.86 ,23.88 ,23.89 ,23.84 ,23.84 ,24 ,23.85 ,23.93 ,23.93 ,23.9 ,23.84 ,23.88 ,23.88 ,23.88 ,23.86 ,23.86 ,23.8 ,23.75 ,23.72 ,23.84 ,23.86 ,23.85 ,23.9 ,23.93 ,24.06 ,24.01 ,23.87 ,23.85 ,23.83 ,23.75 ,23.84 ,23.88 ,23.93 ,23.81 ,23.81 ,23.92 ,23.87 ,23.83 ,23.89 ,23.92 ,23.96 ,23.95 ,23.89 ,23.88 ,23.78 ,23.88 ,23.96 ,23.91 ,23.97 ,23.89 ,23.82 ,23.84 ,23.86 ,23.92 ,24.04 ,23.94 ,23.9 ,23.89 ,23.83 ,23.93 ,23.84 ,23.84 ,23.97 ,23.96 ,23.95 ,23.84 ,23.88 ,23.83 ,23.89 ,23.97 ,23.97 ,23.88 ,23.93 ,23.86 ,23.96 ,23.98 ,23.9 ,23.84 ,23.84 ,23.91 ,23.9 ,23.85 ,23.93 ,23.92 ,23.85 ,23.89 ,23.91 ,23.84 ,23.85 ,23.82 ,23.84 ,23.82 ,23.73 ,23.9 ,23.98 ,23.84 ,23.76 ,23.7 ,23.8 ,23.83 ,23.8 ,23.82 ,23.9 ,23.96 ,23.85 ,23.82 ,23.83 ,23.85 ,23.89 ,23.85 ,23.82 ,23.87 ,23.87 ,23.89 ,23.82 ,23.85 ,23.84 ,23.8 ,23.8 ,23.73 ,23.76 ,23.7 ,23.83 ,23.84 ,23.83 ,23.76 ,23.82 ,23.76 ,23.79 ,23.92 ,23.92 ,23.86 ,23.81 ,23.83 ,23.77 ,23.81 ,23.85 ,23.85 ,23.81 ,23.76 ,23.8 ,23.76 ,23.82 ,23.84 ,23.86 ,23.83 ,23.86 ,23.81 ,23.78 ,23.78 ,23.69 ,23.73 ,23.84 ,23.85 ,23.74 ,23.79 ,23.89 ,23.83 ,23.76 ,23.79 ,23.88 ,23.84 ,23.75 ,23.79 ,23.79 ,23.77 ,23.73 ,23.67 ,23.74 ,23.79 ,23.77 ,23.78 ,23.73 ,23.64 ,23.76 ,23.75 ,23.79 ,23.79 ,23.69 ,23.78 ,23.83 ,23.77 ,23.88 ,23.89 ,23.82 ,23.81 ,23.71 ,23.75 ,23.75 ,23.76 ,23.81 ,23.76 ,23.67 ,23.79 ,23.84 ,23.84 ,23.81 ,23.82 ,23.73 ,23.69 ,23.7 ,23.77 ,23.79 ,23.79 ,23.74 ,23.86 ,23.91 ,23.87 ,23.72 ,23.75 ,23.78 ,23.78 ,23.74 ,23.75 ,23.74 ,23.81 ,23.81 ,23.74 ,23.71 ,23.75 ,23.77 ,23.65 ,23.66 ,23.61 ,23.77 ,23.85 ,23.76 ,23.75 ,23.69 ,23.77 ,23.81 ,23.68 ,23.63 ,23.67 ,23.61 ,23.56 ,23.62 ,23.6 ,23.58 ,23.62 ,23.55 ,23.48 ,23.58 ,23.68 ,23.63 ,23.58 ,23.59 ,23.52 ,23.54 ,23.45 ,23.32 ,23.41 ,23.4 ,23.35 ,23.39 ,23.36 ,23.29 ,23.4 ,23.39 ,23.32 ,23.3 ,23.34 ,23.31 ,23.25 ,23.36 ,23.39 ,23.27 ,23.3 ,23.24 ,23.17 ,23.13 ,23.13 ,23.19 ,23.11 ,23.04 ,23.06 ,22.96 ,23.04 ,22.97 ,22.95 ,22.96 ,23.11 ,23.08 ,23.28 ,23.44 ,23.46 ,23.23 ,23.37 ,23.43 ,23.45 ,23.33 ,23.26 ,23.38 ,23.5 ,23.49 ,23.45 ,23.39 ,23.43 ,23.45 ,23.41 ,23.46 ,23.55 ,23.37 ,23.41 ,23.53 ,23.43 ,23.46 ,23.48 ,23.38 ,23.29 ,23.45 ,23.47 ,23.52 ,23.46 ,23.36 ,23.41 ,23.51 ,23.52 ,23.58 ,23.69 ,23.62 ,23.59 ,23.44 ,23.45 ,23.39 ,23.39 ,23.41 ,23.5 ,23.47 ,23.42 ,23.35 ,23.42 ,23.51 ,23.38 ,23.38 ,23.43 ,23.35 ,23.5 ,23.39 ,23.44 ,23.43 ,23.51 ,23.49 ,23.39 ,23.31 ,23.4 ,23.47 ,23.46 ,23.4 ,23.41 ,
437,23.27 ,23.23 ,23.3 ,23.37 ,23.37 ,23.3 ,23.46 ,23.45 ,23.49 ,23.44 ,23.34 ,23.44 ,23.46 ,23.3 ,23.34 ,23.47 ,23.46 ,23.41 ,23.39 ,23.34 ,23.38 ,23.41 ,23.44 ,23.31 ,23.37 ,23.35 ,23.35 ,23.35 ,23.35 ,23.37 ,23.43 ,23.43 ,23.4 ,23.47 ,23.49 ,23.53 ,23.61 ,23.51 ,23.52 ,23.44 ,23.51 ,23.44 ,23.37 ,23.42 ,23.46 ,23.51 ,23.54 ,23.52 ,23.44 ,23.43 ,23.4 ,23.44 ,23.49 ,23.56 ,23.51 ,23.46 ,23.51 ,23.49 ,23.52 ,23.46 ,23.57 ,23.59 ,23.44 ,23.47 ,23.58 ,23.48 ,23.56 ,23.52 ,23.45 ,23.52 ,23.54 ,23.51 ,23.56 ,23.62 ,23.56 ,23.53 ,23.62 ,23.63 ,23.49 ,23.46 ,23.54 ,23.53 ,23.53 ,23.56 ,23.52 ,23.5 ,23.59 ,23.72 ,23.63 ,23.49 ,23.68 ,23.57 ,23.46 ,23.51 ,23.6 ,23.71 ,23.67 ,23.55 ,23.6 ,23.57 ,23.59 ,23.48 ,23.53 ,23.66 ,23.66 ,23.59 ,23.62 ,23.54 ,23.56 ,23.49 ,23.48 ,23.48 ,23.66 ,23.57 ,23.51 ,23.58 ,23.61 ,23.65 ,23.7 ,23.66 ,23.72 ,23.67 ,23.65 ,23.61 ,23.57 ,23.59 ,23.72 ,23.7 ,23.6 ,23.57 ,23.67 ,23.67 ,23.56 ,23.58 ,23.67 ,23.65 ,23.58 ,23.63 ,23.68 ,23.64 ,23.67 ,23.64 ,23.58 ,23.51 ,23.54 ,23.63 ,23.63 ,23.64 ,23.68 ,23.63 ,23.71 ,23.74 ,23.7 ,23.7 ,23.68 ,23.71 ,23.6 ,23.61 ,23.66 ,23.64 ,23.71 ,23.65 ,23.63 ,23.65 ,23.66 ,23.72 ,23.71 ,23.7 ,23.68 ,23.65 ,23.69 ,23.67 ,23.71 ,23.71 ,23.67 ,23.68 ,23.68 ,23.61 ,23.71 ,23.67 ,23.7 ,23.75 ,23.84 ,23.71 ,23.67 ,23.7 ,23.75 ,23.71 ,23.72 ,23.8 ,23.78 ,23.77 ,23.76 ,23.81 ,23.8 ,23.7 ,23.67 ,23.7 ,23.71 ,23.74 ,23.75 ,23.8 ,23.8 ,23.72 ,23.62 ,23.73 ,23.7 ,23.69 ,23.82 ,23.83 ,23.78 ,23.78 ,23.7 ,23.68 ,23.75 ,23.74 ,23.69 ,23.71 ,23.74 ,23.78 ,23.78 ,23.72 ,23.7 ,23.72 ,23.71 ,23.71 ,23.85 ,23.77 ,23.68 ,23.72 ,23.71 ,23.73 ,23.84 ,23.81 ,23.68 ,23.78 ,23.81 ,23.69 ,23.76 ,23.73 ,23.78 ,23.76 ,23.76 ,23.81 ,23.9 ,23.8 ,23.8 ,23.77 ,23.79 ,23.79 ,23.75 ,23.75 ,23.8 ,23.81 ,23.83 ,23.83 ,23.79 ,23.77 ,23.8 ,23.8 ,23.73 ,23.75 ,23.83 ,23.87 ,23.91 ,23.85 ,23.92 ,23.85 ,23.79 ,23.8 ,23.78 ,23.74 ,23.81 ,23.9 ,23.94 ,23.91 ,23.84 ,23.85 ,23.9 ,23.89 ,23.93 ,23.82 ,23.78 ,23.88 ,23.94 ,23.88 ,23.94 ,23.9 ,23.96 ,23.96 ,24 ,23.84 ,23.85 ,23.84 ,23.81 ,23.93 ,23.93 ,23.92 ,23.99 ,23.91 ,23.94 ,23.93 ,23.97 ,23.94 ,23.89 ,23.84 ,23.85 ,23.81 ,23.86 ,23.8 ,23.9 ,23.83 ,23.81 ,23.83 ,23.91 ,24 ,23.93 ,23.94 ,23.93 ,23.86 ,23.92 ,23.93 ,23.83 ,23.91 ,23.84 ,23.86 ,23.85 ,23.87 ,23.85 ,23.92 ,23.98 ,23.95 ,23.82 ,23.81 ,23.83 ,23.86 ,23.96 ,23.92 ,23.9 ,23.85 ,23.8 ,23.8 ,23.84 ,23.88 ,23.95 ,23.92 ,23.86 ,23.91 ,23.91 ,23.9 ,23.82 ,23.83 ,23.92 ,23.93 ,23.88 ,23.81 ,23.82 ,23.87 ,23.92 ,23.96 ,23.99 ,23.87 ,23.89 ,23.87 ,24 ,23.93 ,23.88 ,23.85 ,23.92 ,23.91 ,23.93 ,23.87 ,23.89 ,23.95 ,23.93 ,23.83 ,23.86 ,23.77 ,23.86 ,23.89 ,23.9 ,23.88 ,23.78 ,23.9 ,23.9 ,23.89 ,23.77 ,23.72 ,23.79 ,23.79 ,23.79 ,23.84 ,23.88 ,23.95 ,23.9 ,23.83 ,23.84 ,23.86 ,23.89 ,23.87 ,23.82 ,23.9 ,23.89 ,23.88 ,23.8 ,23.82 ,23.79 ,23.76 ,23.86 ,23.86 ,23.86 ,23.8 ,23.91 ,23.88 ,23.89 ,23.85 ,23.83 ,23.79 ,23.75 ,23.84 ,23.72 ,23.82 ,23.86 ,23.85 ,23.84 ,23.9 ,23.91 ,23.76 ,23.73 ,23.76 ,23.84 ,23.84 ,23.87 ,23.85 ,23.82 ,23.84 ,23.83 ,23.87 ,23.81 ,23.85 ,23.79 ,23.74 ,23.8 ,23.8 ,23.72 ,23.73 ,23.73 ,23.78 ,23.78 ,23.81 ,23.82 ,23.79 ,23.78 ,23.75 ,23.71 ,23.79 ,23.8 ,23.79 ,23.7 ,23.77 ,23.8 ,23.81 ,23.81 ,23.77 ,23.75 ,23.74 ,23.72 ,23.72 ,23.72 ,23.72 ,23.79 ,23.85 ,23.87 ,23.86 ,23.82 ,23.86 ,23.71 ,23.69 ,23.67 ,23.79 ,23.75 ,23.78 ,23.75 ,23.79 ,23.73 ,23.71 ,23.7 ,23.74 ,23.72 ,23.77 ,23.78 ,23.72 ,23.76 ,23.8 ,23.68 ,23.7 ,23.83 ,23.74 ,23.72 ,23.8 ,23.71 ,23.69 ,23.74 ,23.75 ,23.74 ,23.81 ,23.82 ,23.72 ,23.7 ,23.74 ,23.78 ,23.78 ,23.75 ,23.78 ,23.71 ,23.85 ,23.79 ,23.67 ,23.69 ,23.78 ,23.74 ,23.75 ,23.72 ,23.68 ,23.66 ,23.69 ,23.66 ,23.6 ,23.66 ,23.73 ,23.71 ,23.51 ,23.54 ,23.62 ,23.54 ,23.45 ,23.51 ,23.56 ,23.41 ,23.4 ,23.36 ,23.31 ,23.37 ,23.31 ,23.36 ,23.35 ,23.29 ,23.35 ,23.34 ,23.25 ,23.2 ,23.21 ,23.22 ,23.14 ,23.18 ,23.24 ,23.22 ,23.36 ,23.24 ,23.11 ,23.08 ,23.11 ,23.11 ,23.15 ,23.09 ,23.03 ,23.04 ,22.99 ,23.04 ,22.95 ,22.95 ,23.04 ,23.15 ,23.16 ,23.34 ,23.33 ,23.2 ,23.27 ,23.37 ,23.49 ,23.44 ,23.33 ,23.32 ,23.42 ,23.38 ,23.46 ,23.43 ,23.42 ,23.5 ,23.56 ,23.57 ,23.63 ,23.44 ,23.37 ,23.57 ,23.53 ,23.59 ,23.44 ,23.34 ,23.35 ,23.39 ,23.45 ,23.39 ,23.39 ,23.37 ,23.38 ,23.51 ,23.53 ,23.48 ,23.61 ,23.57 ,23.51 ,23.43 ,23.46 ,23.51 ,23.56 ,23.42 ,23.38 ,23.41 ,23.52 ,23.37 ,23.46 ,23.47 ,23.33 ,23.45 ,23.46 ,23.39 ,23.39 ,23.39 ,23.34 ,23.4 ,23.53 ,23.45 ,23.36 ,23.42 ,23.4 ,23.38 ,23.48 ,23.33 ,23.24 ,
438,23.41 ,23.29 ,23.29 ,23.29 ,23.21 ,23.3 ,23.39 ,23.39 ,23.39 ,23.33 ,23.39 ,23.37 ,23.45 ,23.28 ,23.43 ,23.43 ,23.39 ,23.44 ,23.44 ,23.42 ,23.35 ,23.36 ,23.49 ,23.42 ,23.34 ,23.45 ,23.41 ,23.37 ,23.35 ,23.46 ,23.54 ,23.36 ,23.42 ,23.5 ,23.41 ,23.53 ,23.5 ,23.48 ,23.52 ,23.51 ,23.5 ,23.57 ,23.45 ,23.43 ,23.45 ,23.41 ,23.46 ,23.46 ,23.45 ,23.54 ,23.44 ,23.46 ,23.49 ,23.56 ,23.47 ,23.38 ,23.46 ,23.54 ,23.55 ,23.52 ,23.62 ,23.61 ,23.48 ,23.47 ,23.54 ,23.47 ,23.53 ,23.56 ,23.51 ,23.52 ,23.61 ,23.59 ,23.55 ,23.51 ,23.53 ,23.58 ,23.64 ,23.65 ,23.6 ,23.59 ,23.53 ,23.49 ,23.51 ,23.56 ,23.52 ,23.44 ,23.58 ,23.66 ,23.57 ,23.53 ,23.61 ,23.57 ,23.45 ,23.49 ,23.49 ,23.6 ,23.61 ,23.56 ,23.65 ,23.55 ,23.48 ,23.53 ,23.56 ,23.62 ,23.63 ,23.6 ,23.6 ,23.61 ,23.62 ,23.64 ,23.61 ,23.6 ,23.6 ,23.63 ,23.57 ,23.55 ,23.49 ,23.53 ,23.61 ,23.64 ,23.69 ,23.73 ,23.64 ,23.64 ,23.71 ,23.66 ,23.66 ,23.69 ,23.6 ,23.59 ,23.63 ,23.68 ,23.59 ,23.63 ,23.69 ,23.68 ,23.63 ,23.55 ,23.68 ,23.67 ,23.65 ,23.58 ,23.6 ,23.59 ,23.58 ,23.71 ,23.66 ,23.63 ,23.68 ,23.74 ,23.68 ,23.66 ,23.74 ,23.77 ,23.64 ,23.68 ,23.68 ,23.59 ,23.64 ,23.66 ,23.69 ,23.71 ,23.66 ,23.65 ,23.71 ,23.71 ,23.65 ,23.7 ,23.7 ,23.71 ,23.71 ,23.7 ,23.68 ,23.71 ,23.68 ,23.71 ,23.72 ,23.66 ,23.61 ,23.59 ,23.7 ,23.68 ,23.73 ,23.72 ,23.64 ,23.66 ,23.64 ,23.73 ,23.72 ,23.75 ,23.81 ,23.75 ,23.76 ,23.84 ,23.75 ,23.66 ,23.76 ,23.73 ,23.67 ,23.73 ,23.72 ,23.72 ,23.81 ,23.76 ,23.65 ,23.64 ,23.62 ,23.69 ,23.81 ,23.8 ,23.76 ,23.84 ,23.79 ,23.69 ,23.71 ,23.74 ,23.78 ,23.77 ,23.81 ,23.86 ,23.85 ,23.79 ,23.66 ,23.71 ,23.77 ,23.77 ,23.75 ,23.77 ,23.69 ,23.78 ,23.73 ,23.71 ,23.77 ,23.71 ,23.73 ,23.82 ,23.8 ,23.72 ,23.73 ,23.7 ,23.74 ,23.83 ,23.78 ,23.75 ,23.9 ,23.85 ,23.72 ,23.7 ,23.85 ,23.86 ,23.77 ,23.71 ,23.8 ,23.84 ,23.83 ,23.81 ,23.87 ,23.85 ,23.79 ,23.79 ,23.74 ,23.74 ,23.77 ,23.8 ,23.9 ,23.86 ,23.83 ,23.83 ,23.85 ,23.72 ,23.79 ,23.91 ,23.86 ,23.86 ,23.86 ,23.94 ,23.84 ,23.77 ,23.76 ,23.81 ,23.88 ,23.82 ,23.8 ,23.91 ,23.93 ,23.86 ,23.95 ,23.85 ,23.89 ,23.89 ,23.95 ,23.95 ,23.85 ,23.92 ,23.86 ,23.99 ,23.94 ,23.99 ,24.02 ,23.99 ,23.87 ,23.86 ,23.93 ,23.92 ,23.83 ,23.85 ,23.8 ,23.84 ,23.89 ,23.85 ,23.88 ,23.92 ,23.85 ,23.86 ,23.87 ,23.9 ,23.91 ,23.97 ,23.86 ,23.87 ,23.86 ,23.9 ,23.89 ,23.91 ,24 ,23.96 ,23.83 ,23.89 ,23.85 ,23.87 ,23.94 ,23.94 ,23.85 ,23.84 ,23.89 ,23.9 ,23.84 ,23.91 ,23.94 ,23.84 ,23.88 ,23.89 ,23.87 ,23.9 ,23.99 ,23.94 ,23.9 ,23.92 ,23.91 ,23.87 ,23.82 ,23.87 ,23.92 ,23.96 ,23.94 ,23.86 ,23.88 ,23.93 ,23.89 ,23.99 ,23.98 ,23.91 ,23.83 ,23.87 ,23.98 ,23.95 ,23.83 ,23.87 ,23.97 ,23.91 ,23.86 ,23.89 ,23.91 ,23.96 ,23.86 ,23.82 ,23.9 ,23.89 ,23.87 ,23.96 ,23.94 ,23.9 ,23.81 ,23.96 ,23.9 ,23.85 ,23.83 ,23.82 ,23.91 ,23.83 ,23.91 ,23.88 ,23.92 ,23.87 ,23.82 ,23.81 ,23.88 ,23.94 ,23.9 ,23.79 ,23.78 ,23.88 ,23.77 ,23.82 ,23.85 ,23.89 ,23.81 ,23.8 ,23.87 ,23.86 ,23.88 ,23.92 ,23.89 ,23.88 ,23.84 ,23.8 ,23.8 ,23.79 ,23.69 ,23.82 ,23.85 ,23.82 ,23.82 ,23.81 ,23.8 ,23.81 ,23.85 ,23.79 ,23.74 ,23.79 ,23.89 ,23.84 ,23.85 ,23.89 ,23.89 ,23.85 ,23.92 ,23.91 ,23.84 ,23.84 ,23.79 ,23.85 ,23.77 ,23.71 ,23.68 ,23.71 ,23.64 ,23.71 ,23.79 ,23.82 ,23.8 ,23.78 ,23.81 ,23.88 ,23.71 ,23.81 ,23.8 ,23.85 ,23.82 ,23.74 ,23.82 ,23.81 ,23.8 ,23.8 ,23.76 ,23.76 ,23.71 ,23.65 ,23.72 ,23.79 ,23.77 ,23.82 ,23.82 ,23.76 ,23.84 ,23.94 ,23.8 ,23.7 ,23.73 ,23.77 ,23.82 ,23.81 ,23.79 ,23.85 ,23.76 ,23.62 ,23.68 ,23.74 ,23.72 ,23.8 ,23.73 ,23.68 ,23.73 ,23.74 ,23.59 ,23.66 ,23.74 ,23.68 ,23.69 ,23.78 ,23.68 ,23.64 ,23.8 ,23.82 ,23.78 ,23.87 ,23.82 ,23.87 ,23.86 ,23.78 ,23.74 ,23.75 ,23.78 ,23.76 ,23.75 ,23.74 ,23.72 ,23.7 ,23.65 ,23.7 ,23.66 ,23.7 ,23.73 ,23.68 ,23.63 ,23.7 ,23.65 ,23.6 ,23.65 ,23.73 ,23.72 ,23.68 ,23.64 ,23.6 ,23.57 ,23.55 ,23.49 ,23.47 ,23.34 ,23.26 ,23.25 ,23.18 ,23.21 ,23.36 ,23.36 ,23.34 ,23.25 ,23.31 ,23.23 ,23.09 ,23.15 ,23.22 ,23.24 ,23.18 ,23.15 ,23.18 ,23.14 ,23.31 ,23.23 ,23.2 ,23.18 ,23.1 ,23.11 ,23.07 ,23.15 ,22.96 ,23.1 ,23.09 ,23.01 ,22.98 ,23.08 ,23.05 ,23.13 ,23.16 ,23.15 ,23.2 ,23.22 ,23.3 ,23.44 ,23.44 ,23.41 ,23.36 ,23.37 ,23.5 ,23.49 ,23.44 ,23.43 ,23.39 ,23.44 ,23.46 ,23.49 ,23.52 ,23.51 ,23.47 ,23.39 ,23.39 ,23.42 ,23.51 ,23.4 ,23.34 ,23.4 ,23.43 ,23.43 ,23.39 ,23.43 ,23.55 ,23.53 ,23.52 ,23.52 ,23.64 ,23.7 ,23.6 ,23.49 ,23.52 ,23.49 ,23.53 ,23.46 ,23.49 ,23.45 ,23.45 ,23.41 ,23.48 ,23.51 ,23.43 ,23.53 ,23.49 ,23.47 ,23.43 ,23.37 ,23.4 ,23.42 ,23.5 ,23.38 ,23.43 ,23.44 ,23.43 ,23.43 ,23.37 ,23.28 ,23.27 ,
439,23.39 ,23.35 ,23.33 ,23.34 ,23.27 ,23.26 ,23.35 ,23.32 ,23.35 ,23.36 ,23.41 ,23.38 ,23.39 ,23.32 ,23.44 ,23.58 ,23.41 ,23.46 ,23.42 ,23.41 ,23.36 ,23.31 ,23.37 ,23.33 ,23.39 ,23.42 ,23.49 ,23.4 ,23.41 ,23.52 ,23.6 ,23.41 ,23.44 ,23.54 ,23.48 ,23.56 ,23.44 ,23.45 ,23.48 ,23.52 ,23.54 ,23.58 ,23.52 ,23.35 ,23.47 ,23.58 ,23.53 ,23.48 ,23.45 ,23.5 ,23.49 ,23.49 ,23.56 ,23.58 ,23.5 ,23.43 ,23.45 ,23.56 ,23.53 ,23.48 ,23.52 ,23.61 ,23.49 ,23.51 ,23.61 ,23.55 ,23.52 ,23.55 ,23.45 ,23.52 ,23.66 ,23.63 ,23.57 ,23.54 ,23.57 ,23.54 ,23.62 ,23.62 ,23.63 ,23.56 ,23.43 ,23.39 ,23.53 ,23.56 ,23.63 ,23.59 ,23.5 ,23.53 ,23.5 ,23.54 ,23.67 ,23.63 ,23.65 ,23.6 ,23.5 ,23.56 ,23.53 ,23.54 ,23.6 ,23.55 ,23.5 ,23.61 ,23.62 ,23.6 ,23.63 ,23.53 ,23.62 ,23.52 ,23.59 ,23.59 ,23.63 ,23.61 ,23.7 ,23.65 ,23.59 ,23.55 ,23.54 ,23.5 ,23.57 ,23.61 ,23.62 ,23.67 ,23.63 ,23.67 ,23.69 ,23.69 ,23.64 ,23.58 ,23.67 ,23.58 ,23.66 ,23.7 ,23.62 ,23.65 ,23.68 ,23.7 ,23.73 ,23.62 ,23.68 ,23.58 ,23.61 ,23.59 ,23.6 ,23.68 ,23.71 ,23.67 ,23.64 ,23.71 ,23.71 ,23.7 ,23.68 ,23.66 ,23.75 ,23.76 ,23.63 ,23.66 ,23.69 ,23.64 ,23.61 ,23.67 ,23.75 ,23.77 ,23.75 ,23.74 ,23.75 ,23.63 ,23.68 ,23.7 ,23.66 ,23.7 ,23.69 ,23.71 ,23.7 ,23.75 ,23.73 ,23.69 ,23.66 ,23.71 ,23.66 ,23.58 ,23.7 ,23.64 ,23.63 ,23.57 ,23.65 ,23.68 ,23.68 ,23.72 ,23.71 ,23.73 ,23.8 ,23.73 ,23.78 ,23.77 ,23.77 ,23.72 ,23.75 ,23.76 ,23.68 ,23.73 ,23.75 ,23.73 ,23.77 ,23.71 ,23.67 ,23.67 ,23.64 ,23.68 ,23.79 ,23.87 ,23.78 ,23.84 ,23.74 ,23.72 ,23.77 ,23.7 ,23.76 ,23.79 ,23.85 ,23.81 ,23.81 ,23.86 ,23.82 ,23.79 ,23.76 ,23.86 ,23.77 ,23.7 ,23.66 ,23.75 ,23.79 ,23.7 ,23.78 ,23.75 ,23.71 ,23.75 ,23.76 ,23.71 ,23.84 ,23.75 ,23.73 ,23.92 ,23.85 ,23.78 ,23.95 ,23.86 ,23.69 ,23.67 ,23.79 ,23.87 ,23.76 ,23.76 ,23.84 ,23.85 ,23.89 ,23.87 ,23.89 ,23.81 ,23.79 ,23.82 ,23.79 ,23.83 ,23.86 ,23.8 ,23.81 ,23.86 ,23.87 ,23.88 ,23.86 ,23.82 ,23.75 ,23.9 ,23.85 ,23.84 ,23.91 ,23.86 ,23.78 ,23.8 ,23.8 ,23.8 ,23.82 ,23.81 ,23.82 ,23.92 ,23.86 ,23.8 ,23.91 ,23.83 ,23.85 ,23.87 ,23.95 ,23.89 ,23.84 ,23.97 ,23.93 ,23.93 ,23.98 ,23.97 ,23.97 ,23.91 ,23.89 ,23.87 ,23.91 ,23.94 ,23.86 ,23.86 ,23.8 ,23.83 ,23.86 ,23.87 ,23.92 ,23.93 ,23.89 ,23.92 ,23.96 ,23.96 ,23.85 ,23.92 ,23.93 ,23.84 ,23.94 ,23.88 ,23.82 ,23.93 ,24 ,23.93 ,23.84 ,23.93 ,23.91 ,23.91 ,23.9 ,23.87 ,23.84 ,23.79 ,23.88 ,23.9 ,23.93 ,23.92 ,23.94 ,23.85 ,23.9 ,23.96 ,23.86 ,23.81 ,23.97 ,23.93 ,23.85 ,23.88 ,23.83 ,23.79 ,23.86 ,23.93 ,23.88 ,23.86 ,23.88 ,23.91 ,23.84 ,23.84 ,23.84 ,23.89 ,23.93 ,23.91 ,23.92 ,23.94 ,23.93 ,23.89 ,23.91 ,23.85 ,23.89 ,23.95 ,23.87 ,23.89 ,23.89 ,24.04 ,23.91 ,23.84 ,23.87 ,23.94 ,23.92 ,23.91 ,23.94 ,23.85 ,23.89 ,23.91 ,23.87 ,23.89 ,23.82 ,23.82 ,23.88 ,23.88 ,23.89 ,23.84 ,23.88 ,23.92 ,23.82 ,23.86 ,23.86 ,23.97 ,23.91 ,23.79 ,23.82 ,23.89 ,23.79 ,23.82 ,23.93 ,23.9 ,23.79 ,23.75 ,23.81 ,23.84 ,23.83 ,23.81 ,23.74 ,23.78 ,23.87 ,23.93 ,23.81 ,23.84 ,23.82 ,23.84 ,23.87 ,23.82 ,23.76 ,23.78 ,23.75 ,23.77 ,23.76 ,23.86 ,23.85 ,23.83 ,23.89 ,23.87 ,23.83 ,23.85 ,23.96 ,23.95 ,23.94 ,23.84 ,23.82 ,23.85 ,23.84 ,23.88 ,23.78 ,23.67 ,23.73 ,23.76 ,23.77 ,23.71 ,23.69 ,23.75 ,23.74 ,23.68 ,23.74 ,23.78 ,23.71 ,23.81 ,23.81 ,23.76 ,23.77 ,23.8 ,23.76 ,23.81 ,23.79 ,23.85 ,23.79 ,23.87 ,23.77 ,23.8 ,23.81 ,23.78 ,23.74 ,23.81 ,23.85 ,23.79 ,23.86 ,23.95 ,23.87 ,23.75 ,23.71 ,23.74 ,23.72 ,23.72 ,23.65 ,23.79 ,23.85 ,23.75 ,23.75 ,23.73 ,23.75 ,23.78 ,23.76 ,23.71 ,23.73 ,23.74 ,23.63 ,23.72 ,23.8 ,23.77 ,23.83 ,23.72 ,23.73 ,23.7 ,23.74 ,23.81 ,23.78 ,23.82 ,23.8 ,23.75 ,23.81 ,23.78 ,23.75 ,23.68 ,23.69 ,23.82 ,23.83 ,23.71 ,23.76 ,23.79 ,23.76 ,23.77 ,23.72 ,23.74 ,23.74 ,23.75 ,23.71 ,23.67 ,23.67 ,23.67 ,23.67 ,23.7 ,23.65 ,23.62 ,23.64 ,23.65 ,23.65 ,23.56 ,23.53 ,23.39 ,23.36 ,23.35 ,23.22 ,23.16 ,23.19 ,23.24 ,23.32 ,23.25 ,23.21 ,23.32 ,23.21 ,23.12 ,23.17 ,23.29 ,23.21 ,23.22 ,23.23 ,23.23 ,23.19 ,23.28 ,23.27 ,23.16 ,23.16 ,23.15 ,23.07 ,23.16 ,23.22 ,23.13 ,23.18 ,23.18 ,23.13 ,23.11 ,23.25 ,23.2 ,23.12 ,23.12 ,23.1 ,23.11 ,23.18 ,23.32 ,23.37 ,23.48 ,23.46 ,23.38 ,23.35 ,23.55 ,23.61 ,23.48 ,23.43 ,23.39 ,23.49 ,23.49 ,23.43 ,23.45 ,23.55 ,23.53 ,23.4 ,23.4 ,23.44 ,23.52 ,23.43 ,23.42 ,23.51 ,23.49 ,23.5 ,23.46 ,23.42 ,23.57 ,23.56 ,23.47 ,23.56 ,23.64 ,23.65 ,23.68 ,23.58 ,23.57 ,23.46 ,23.48 ,23.55 ,23.54 ,23.41 ,23.4 ,23.43 ,23.52 ,23.52 ,23.48 ,23.5 ,23.37 ,23.35 ,23.5 ,23.37 ,23.38 ,23.51 ,23.5 ,23.39 ,23.41 ,23.43 ,23.41 ,23.38 ,23.32 ,23.27 ,23.25 ,
440,23.37 ,23.3 ,23.35 ,23.38 ,23.32 ,23.29 ,23.32 ,23.36 ,23.37 ,23.33 ,23.37 ,23.4 ,23.4 ,23.29 ,23.28 ,23.46 ,23.37 ,23.48 ,23.44 ,23.37 ,23.37 ,23.38 ,23.41 ,23.36 ,23.32 ,23.35 ,23.38 ,23.32 ,23.3 ,23.37 ,23.52 ,23.42 ,23.44 ,23.52 ,23.43 ,23.55 ,23.43 ,23.46 ,23.53 ,23.47 ,23.6 ,23.54 ,23.59 ,23.52 ,23.46 ,23.54 ,23.54 ,23.62 ,23.57 ,23.51 ,23.57 ,23.52 ,23.56 ,23.54 ,23.51 ,23.49 ,23.52 ,23.49 ,23.5 ,23.55 ,23.51 ,23.59 ,23.49 ,23.49 ,23.57 ,23.53 ,23.59 ,23.55 ,23.5 ,23.49 ,23.58 ,23.59 ,23.54 ,23.59 ,23.63 ,23.62 ,23.61 ,23.54 ,23.61 ,23.58 ,23.4 ,23.37 ,23.5 ,23.55 ,23.58 ,23.66 ,23.67 ,23.61 ,23.62 ,23.56 ,23.66 ,23.62 ,23.61 ,23.62 ,23.62 ,23.61 ,23.62 ,23.58 ,23.56 ,23.53 ,23.59 ,23.58 ,23.55 ,23.53 ,23.64 ,23.54 ,23.62 ,23.56 ,23.61 ,23.57 ,23.49 ,23.49 ,23.6 ,23.58 ,23.51 ,23.53 ,23.55 ,23.61 ,23.57 ,23.63 ,23.65 ,23.6 ,23.61 ,23.66 ,23.78 ,23.69 ,23.66 ,23.72 ,23.65 ,23.59 ,23.58 ,23.69 ,23.65 ,23.69 ,23.6 ,23.62 ,23.62 ,23.65 ,23.68 ,23.65 ,23.59 ,23.62 ,23.57 ,23.6 ,23.72 ,23.69 ,23.56 ,23.66 ,23.74 ,23.77 ,23.7 ,23.59 ,23.63 ,23.66 ,23.65 ,23.74 ,23.69 ,23.61 ,23.64 ,23.67 ,23.76 ,23.81 ,23.78 ,23.65 ,23.73 ,23.62 ,23.6 ,23.69 ,23.7 ,23.65 ,23.69 ,23.61 ,23.68 ,23.72 ,23.77 ,23.72 ,23.65 ,23.62 ,23.72 ,23.69 ,23.74 ,23.7 ,23.65 ,23.61 ,23.64 ,23.68 ,23.71 ,23.63 ,23.57 ,23.69 ,23.78 ,23.71 ,23.71 ,23.7 ,23.74 ,23.78 ,23.77 ,23.76 ,23.72 ,23.71 ,23.73 ,23.77 ,23.81 ,23.76 ,23.68 ,23.69 ,23.76 ,23.63 ,23.69 ,23.85 ,23.86 ,23.82 ,23.74 ,23.75 ,23.8 ,23.76 ,23.72 ,23.82 ,23.87 ,23.77 ,23.75 ,23.82 ,23.81 ,23.77 ,23.92 ,23.91 ,23.81 ,23.74 ,23.7 ,23.82 ,23.85 ,23.86 ,23.85 ,23.82 ,23.71 ,23.79 ,23.81 ,23.74 ,23.83 ,23.87 ,23.68 ,23.85 ,23.84 ,23.84 ,23.89 ,23.85 ,23.77 ,23.72 ,23.81 ,23.83 ,23.78 ,23.83 ,23.89 ,23.89 ,23.96 ,23.93 ,23.89 ,23.84 ,23.76 ,23.85 ,23.81 ,23.82 ,23.93 ,23.91 ,23.89 ,23.86 ,23.91 ,23.81 ,23.84 ,23.88 ,23.8 ,23.71 ,23.79 ,23.87 ,23.96 ,23.83 ,23.78 ,23.79 ,23.89 ,23.78 ,23.81 ,23.83 ,23.85 ,23.84 ,23.87 ,23.89 ,23.98 ,23.95 ,23.9 ,23.99 ,23.99 ,23.94 ,23.93 ,23.89 ,23.92 ,23.94 ,23.86 ,23.86 ,23.8 ,23.84 ,23.85 ,23.97 ,23.95 ,23.92 ,23.92 ,23.83 ,23.83 ,23.87 ,23.83 ,23.86 ,24.01 ,24.03 ,23.87 ,23.92 ,23.95 ,23.94 ,23.94 ,23.8 ,23.88 ,23.8 ,23.87 ,23.83 ,23.86 ,23.94 ,23.98 ,23.93 ,23.88 ,23.91 ,23.87 ,23.94 ,23.92 ,23.84 ,23.9 ,23.89 ,23.9 ,23.92 ,23.95 ,23.93 ,23.87 ,23.83 ,23.83 ,23.83 ,23.86 ,23.84 ,23.88 ,23.89 ,23.79 ,23.91 ,23.85 ,23.78 ,23.89 ,23.91 ,23.86 ,23.8 ,23.8 ,23.84 ,23.85 ,23.81 ,23.76 ,23.81 ,23.88 ,23.92 ,23.91 ,23.93 ,23.93 ,23.84 ,23.95 ,23.87 ,23.75 ,24.04 ,24.02 ,23.82 ,23.89 ,23.97 ,23.87 ,23.81 ,23.83 ,23.81 ,23.88 ,23.87 ,23.92 ,23.86 ,23.78 ,23.92 ,23.88 ,23.92 ,23.84 ,23.8 ,23.86 ,23.8 ,23.8 ,23.81 ,23.82 ,23.85 ,23.88 ,23.83 ,23.86 ,23.93 ,23.95 ,23.82 ,23.87 ,23.91 ,23.9 ,23.9 ,23.92 ,23.91 ,23.85 ,23.76 ,23.8 ,23.87 ,23.84 ,23.7 ,23.73 ,23.85 ,23.86 ,23.93 ,23.87 ,23.81 ,23.85 ,23.85 ,23.84 ,23.79 ,23.82 ,23.88 ,23.78 ,23.84 ,23.84 ,23.91 ,23.86 ,23.8 ,23.84 ,23.86 ,23.83 ,23.81 ,23.86 ,23.93 ,23.85 ,23.82 ,23.82 ,23.83 ,23.9 ,23.92 ,23.79 ,23.74 ,23.83 ,23.89 ,23.89 ,23.8 ,23.65 ,23.75 ,23.78 ,23.72 ,23.72 ,23.76 ,23.79 ,23.93 ,23.87 ,23.83 ,23.77 ,23.76 ,23.77 ,23.82 ,23.8 ,23.78 ,23.78 ,23.87 ,23.87 ,23.85 ,23.86 ,23.82 ,23.7 ,23.75 ,23.83 ,23.85 ,23.8 ,23.82 ,23.78 ,23.86 ,23.77 ,23.77 ,23.71 ,23.68 ,23.66 ,23.68 ,23.84 ,23.81 ,23.73 ,23.7 ,23.74 ,23.79 ,23.8 ,23.83 ,23.72 ,23.82 ,23.7 ,23.8 ,23.99 ,23.85 ,23.78 ,23.77 ,23.71 ,23.76 ,23.83 ,23.81 ,23.74 ,23.75 ,23.74 ,23.76 ,23.7 ,23.73 ,23.72 ,23.73 ,23.68 ,23.73 ,23.78 ,23.74 ,23.64 ,23.72 ,23.79 ,23.74 ,23.77 ,23.76 ,23.69 ,23.69 ,23.72 ,23.68 ,23.69 ,23.69 ,23.66 ,23.77 ,23.68 ,23.65 ,23.64 ,23.69 ,23.74 ,23.54 ,23.53 ,23.43 ,23.41 ,23.37 ,23.35 ,23.29 ,23.27 ,23.33 ,23.3 ,23.18 ,23.16 ,23.37 ,23.25 ,23.18 ,23.2 ,23.21 ,23.21 ,23.29 ,23.27 ,23.24 ,23.2 ,23.24 ,23.28 ,23.26 ,23.2 ,23.28 ,23.13 ,23.19 ,23.32 ,23.2 ,23.15 ,23.17 ,23.25 ,23.23 ,23.18 ,23.14 ,23.07 ,23.03 ,23.04 ,23.01 ,23 ,23.12 ,23.33 ,23.43 ,23.43 ,23.36 ,23.4 ,23.43 ,23.47 ,23.42 ,23.37 ,23.41 ,23.39 ,23.46 ,23.46 ,23.54 ,23.48 ,23.4 ,23.45 ,23.46 ,23.42 ,23.4 ,23.4 ,23.4 ,23.48 ,23.48 ,23.51 ,23.46 ,23.51 ,23.53 ,23.43 ,23.43 ,23.44 ,23.54 ,23.51 ,23.59 ,23.55 ,23.5 ,23.45 ,23.45 ,23.51 ,23.52 ,23.47 ,23.37 ,23.41 ,23.51 ,23.57 ,23.46 ,23.53 ,23.38 ,23.29 ,23.5 ,23.46 ,23.37 ,23.46 ,23.45 ,23.44 ,23.4 ,23.36 ,23.38 ,23.35 ,23.28 ,23.3 ,23.31 ,
441,23.24 ,23.32 ,23.26 ,23.27 ,23.39 ,23.32 ,23.33 ,23.45 ,23.47 ,23.37 ,23.34 ,23.41 ,23.44 ,23.27 ,23.37 ,23.43 ,23.37 ,23.4 ,23.48 ,23.38 ,23.34 ,23.42 ,23.42 ,23.34 ,23.32 ,23.36 ,23.36 ,23.39 ,23.36 ,23.41 ,23.53 ,23.42 ,23.46 ,23.56 ,23.41 ,23.48 ,23.49 ,23.5 ,23.57 ,23.44 ,23.53 ,23.47 ,23.54 ,23.53 ,23.45 ,23.48 ,23.54 ,23.65 ,23.66 ,23.59 ,23.48 ,23.51 ,23.52 ,23.58 ,23.57 ,23.5 ,23.48 ,23.55 ,23.51 ,23.64 ,23.54 ,23.6 ,23.57 ,23.57 ,23.56 ,23.51 ,23.63 ,23.65 ,23.53 ,23.55 ,23.51 ,23.61 ,23.59 ,23.64 ,23.63 ,23.6 ,23.56 ,23.46 ,23.45 ,23.58 ,23.5 ,23.36 ,23.5 ,23.63 ,23.61 ,23.61 ,23.62 ,23.59 ,23.62 ,23.59 ,23.58 ,23.61 ,23.61 ,23.53 ,23.49 ,23.68 ,23.68 ,23.51 ,23.59 ,23.61 ,23.57 ,23.64 ,23.63 ,23.54 ,23.58 ,23.62 ,23.66 ,23.66 ,23.64 ,23.67 ,23.54 ,23.59 ,23.62 ,23.55 ,23.55 ,23.58 ,23.57 ,23.59 ,23.62 ,23.57 ,23.59 ,23.58 ,23.63 ,23.63 ,23.74 ,23.66 ,23.6 ,23.63 ,23.66 ,23.58 ,23.66 ,23.64 ,23.68 ,23.64 ,23.59 ,23.6 ,23.58 ,23.61 ,23.66 ,23.65 ,23.7 ,23.66 ,23.54 ,23.51 ,23.62 ,23.65 ,23.57 ,23.63 ,23.71 ,23.83 ,23.78 ,23.65 ,23.64 ,23.64 ,23.64 ,23.66 ,23.66 ,23.58 ,23.58 ,23.71 ,23.74 ,23.71 ,23.7 ,23.6 ,23.63 ,23.66 ,23.65 ,23.64 ,23.69 ,23.69 ,23.66 ,23.62 ,23.66 ,23.72 ,23.76 ,23.7 ,23.72 ,23.71 ,23.74 ,23.7 ,23.74 ,23.84 ,23.69 ,23.69 ,23.66 ,23.7 ,23.71 ,23.66 ,23.63 ,23.67 ,23.69 ,23.68 ,23.67 ,23.75 ,23.76 ,23.69 ,23.75 ,23.71 ,23.71 ,23.65 ,23.68 ,23.8 ,23.72 ,23.76 ,23.73 ,23.69 ,23.67 ,23.7 ,23.72 ,23.79 ,23.84 ,23.8 ,23.74 ,23.68 ,23.78 ,23.76 ,23.75 ,23.84 ,23.9 ,23.77 ,23.8 ,23.8 ,23.76 ,23.71 ,23.75 ,23.87 ,23.83 ,23.81 ,23.71 ,23.82 ,23.83 ,23.86 ,23.86 ,23.82 ,23.77 ,23.79 ,23.79 ,23.73 ,23.82 ,23.86 ,23.75 ,23.73 ,23.79 ,23.75 ,23.79 ,23.78 ,23.78 ,23.77 ,23.76 ,23.79 ,23.79 ,23.79 ,23.85 ,23.91 ,23.9 ,23.9 ,23.87 ,23.82 ,23.76 ,23.79 ,23.76 ,23.77 ,23.87 ,23.88 ,23.96 ,23.96 ,23.84 ,23.85 ,23.85 ,23.92 ,23.79 ,23.73 ,23.77 ,23.88 ,23.94 ,23.84 ,23.82 ,23.88 ,23.85 ,23.79 ,23.78 ,23.84 ,23.91 ,23.84 ,23.81 ,23.91 ,24.01 ,23.93 ,23.94 ,23.98 ,24.02 ,23.93 ,23.86 ,23.84 ,23.87 ,23.98 ,23.88 ,23.9 ,23.89 ,23.86 ,23.84 ,23.89 ,23.9 ,23.84 ,23.9 ,23.9 ,23.86 ,23.93 ,23.92 ,23.84 ,23.9 ,24.02 ,23.87 ,23.92 ,23.92 ,23.85 ,23.9 ,23.86 ,23.76 ,23.78 ,23.82 ,23.88 ,23.86 ,23.94 ,23.91 ,23.86 ,24 ,23.98 ,23.86 ,23.89 ,23.97 ,23.89 ,23.86 ,23.89 ,23.92 ,23.93 ,23.93 ,23.98 ,23.9 ,23.9 ,23.91 ,23.93 ,23.85 ,23.87 ,23.91 ,23.92 ,23.89 ,23.89 ,23.89 ,23.93 ,23.95 ,23.89 ,23.82 ,23.8 ,23.86 ,23.82 ,23.85 ,23.84 ,23.81 ,23.83 ,23.84 ,23.97 ,23.9 ,23.86 ,23.98 ,23.85 ,23.89 ,23.97 ,23.87 ,23.97 ,24.02 ,23.85 ,23.82 ,23.89 ,23.87 ,23.84 ,23.75 ,23.77 ,23.83 ,23.86 ,23.81 ,23.81 ,23.79 ,23.87 ,23.92 ,24.01 ,23.95 ,23.92 ,23.91 ,23.84 ,23.86 ,23.81 ,23.81 ,23.86 ,23.87 ,23.83 ,23.82 ,23.82 ,23.87 ,23.86 ,23.87 ,23.87 ,23.87 ,23.96 ,24 ,23.91 ,23.85 ,23.82 ,23.76 ,23.81 ,23.8 ,23.74 ,23.84 ,23.95 ,23.89 ,23.87 ,23.86 ,23.76 ,23.79 ,23.82 ,23.88 ,23.86 ,23.88 ,23.83 ,23.78 ,23.89 ,23.85 ,23.87 ,23.87 ,23.88 ,23.8 ,23.78 ,23.8 ,23.8 ,23.82 ,23.86 ,23.87 ,23.76 ,23.74 ,23.81 ,23.75 ,23.81 ,23.81 ,23.82 ,23.81 ,23.88 ,23.8 ,23.77 ,23.66 ,23.71 ,23.76 ,23.79 ,23.77 ,23.81 ,23.84 ,23.91 ,23.84 ,23.8 ,23.77 ,23.75 ,23.73 ,23.83 ,23.78 ,23.7 ,23.83 ,23.91 ,23.8 ,23.79 ,23.79 ,23.79 ,23.73 ,23.72 ,23.69 ,23.75 ,23.72 ,23.77 ,23.66 ,23.74 ,23.84 ,23.8 ,23.81 ,23.75 ,23.77 ,23.78 ,23.74 ,23.77 ,23.73 ,23.8 ,23.82 ,23.87 ,23.86 ,23.84 ,23.77 ,23.78 ,23.73 ,23.71 ,23.8 ,23.81 ,23.66 ,23.7 ,23.78 ,23.78 ,23.82 ,23.78 ,23.7 ,23.77 ,23.81 ,23.74 ,23.75 ,23.66 ,23.74 ,23.68 ,23.63 ,23.76 ,23.73 ,23.7 ,23.66 ,23.58 ,23.64 ,23.68 ,23.75 ,23.79 ,23.69 ,23.59 ,23.72 ,23.66 ,23.65 ,23.65 ,23.69 ,23.67 ,23.59 ,23.62 ,23.65 ,23.69 ,23.68 ,23.6 ,23.51 ,23.38 ,23.36 ,23.38 ,23.39 ,23.4 ,23.29 ,23.35 ,23.34 ,23.29 ,23.2 ,23.28 ,23.38 ,23.22 ,23.31 ,23.22 ,23.25 ,23.32 ,23.24 ,23.28 ,23.25 ,23.24 ,23.25 ,23.38 ,23.31 ,23.3 ,23.23 ,23.19 ,23.24 ,23.15 ,23.12 ,23.17 ,23.26 ,23.18 ,23.05 ,22.93 ,22.98 ,23.01 ,23 ,22.91 ,22.81 ,22.97 ,23.18 ,23.2 ,23.34 ,23.29 ,23.32 ,23.37 ,23.38 ,23.38 ,23.4 ,23.45 ,23.43 ,23.38 ,23.49 ,23.54 ,23.53 ,23.42 ,23.44 ,23.46 ,23.43 ,23.39 ,23.35 ,23.38 ,23.44 ,23.45 ,23.51 ,23.48 ,23.46 ,23.45 ,23.39 ,23.37 ,23.38 ,23.5 ,23.48 ,23.48 ,23.52 ,23.5 ,23.41 ,23.45 ,23.5 ,23.53 ,23.48 ,23.39 ,23.44 ,23.49 ,23.57 ,23.53 ,23.48 ,23.47 ,23.31 ,23.49 ,23.39 ,23.34 ,23.44 ,23.49 ,23.39 ,23.23 ,23.39 ,23.47 ,23.46 ,23.46 ,23.44 ,23.38 ,
442,23.35 ,23.14 ,23.29 ,23.33 ,23.36 ,23.41 ,23.4 ,23.31 ,23.39 ,23.35 ,23.37 ,23.5 ,23.6 ,23.35 ,23.41 ,23.44 ,23.38 ,23.42 ,23.48 ,23.43 ,23.33 ,23.36 ,23.48 ,23.42 ,23.31 ,23.31 ,23.39 ,23.44 ,23.39 ,23.48 ,23.55 ,23.43 ,23.58 ,23.6 ,23.47 ,23.42 ,23.54 ,23.51 ,23.53 ,23.52 ,23.58 ,23.46 ,23.41 ,23.45 ,23.47 ,23.48 ,23.5 ,23.5 ,23.5 ,23.51 ,23.53 ,23.43 ,23.46 ,23.59 ,23.6 ,23.45 ,23.4 ,23.51 ,23.58 ,23.63 ,23.54 ,23.56 ,23.61 ,23.66 ,23.66 ,23.5 ,23.64 ,23.65 ,23.49 ,23.56 ,23.55 ,23.53 ,23.5 ,23.57 ,23.51 ,23.48 ,23.46 ,23.53 ,23.51 ,23.54 ,23.56 ,23.48 ,23.5 ,23.63 ,23.62 ,23.62 ,23.62 ,23.53 ,23.56 ,23.51 ,23.61 ,23.62 ,23.64 ,23.59 ,23.46 ,23.6 ,23.64 ,23.54 ,23.59 ,23.7 ,23.66 ,23.62 ,23.65 ,23.64 ,23.58 ,23.61 ,23.64 ,23.59 ,23.74 ,23.74 ,23.64 ,23.55 ,23.56 ,23.64 ,23.64 ,23.66 ,23.65 ,23.6 ,23.61 ,23.55 ,23.54 ,23.61 ,23.63 ,23.65 ,23.63 ,23.6 ,23.53 ,23.65 ,23.66 ,23.64 ,23.7 ,23.69 ,23.61 ,23.65 ,23.57 ,23.62 ,23.63 ,23.59 ,23.62 ,23.62 ,23.67 ,23.66 ,23.55 ,23.48 ,23.65 ,23.7 ,23.59 ,23.61 ,23.69 ,23.7 ,23.79 ,23.7 ,23.64 ,23.7 ,23.58 ,23.61 ,23.63 ,23.64 ,23.65 ,23.65 ,23.77 ,23.74 ,23.74 ,23.74 ,23.69 ,23.7 ,23.7 ,23.68 ,23.67 ,23.78 ,23.66 ,23.59 ,23.71 ,23.75 ,23.83 ,23.78 ,23.67 ,23.6 ,23.72 ,23.71 ,23.67 ,23.81 ,23.77 ,23.71 ,23.7 ,23.65 ,23.69 ,23.66 ,23.73 ,23.73 ,23.7 ,23.68 ,23.66 ,23.72 ,23.78 ,23.66 ,23.67 ,23.69 ,23.71 ,23.7 ,23.64 ,23.79 ,23.73 ,23.68 ,23.7 ,23.73 ,23.69 ,23.65 ,23.77 ,23.87 ,23.86 ,23.76 ,23.68 ,23.61 ,23.7 ,23.71 ,23.72 ,23.85 ,23.81 ,23.69 ,23.75 ,23.77 ,23.73 ,23.69 ,23.65 ,23.76 ,23.79 ,23.82 ,23.79 ,23.8 ,23.79 ,23.8 ,23.85 ,23.76 ,23.8 ,23.79 ,23.82 ,23.77 ,23.85 ,23.85 ,23.75 ,23.85 ,23.82 ,23.66 ,23.81 ,23.81 ,23.76 ,23.72 ,23.75 ,23.8 ,23.8 ,23.79 ,23.81 ,23.85 ,23.83 ,23.82 ,23.85 ,23.84 ,23.78 ,23.8 ,23.75 ,23.83 ,23.87 ,23.82 ,23.88 ,23.86 ,23.86 ,23.86 ,23.86 ,23.81 ,23.77 ,23.76 ,23.83 ,23.81 ,23.85 ,23.81 ,23.8 ,23.81 ,23.83 ,23.84 ,23.86 ,23.87 ,23.98 ,23.85 ,23.81 ,23.89 ,23.94 ,23.89 ,23.84 ,23.95 ,23.93 ,23.94 ,23.83 ,23.84 ,23.87 ,23.93 ,23.86 ,23.9 ,23.98 ,23.91 ,23.83 ,23.87 ,23.9 ,23.86 ,23.88 ,23.88 ,23.94 ,23.91 ,23.84 ,23.86 ,23.91 ,23.95 ,23.91 ,23.89 ,23.99 ,23.95 ,23.9 ,23.87 ,23.79 ,23.82 ,23.85 ,23.89 ,23.9 ,23.93 ,23.97 ,23.9 ,23.98 ,23.96 ,23.89 ,23.91 ,23.92 ,23.9 ,23.86 ,23.8 ,23.9 ,23.87 ,23.89 ,24.04 ,23.97 ,23.9 ,23.93 ,23.9 ,23.81 ,23.81 ,23.93 ,23.92 ,23.92 ,23.88 ,23.83 ,23.86 ,23.87 ,23.8 ,23.85 ,23.88 ,23.82 ,23.82 ,23.84 ,23.83 ,23.82 ,23.89 ,23.8 ,23.89 ,23.87 ,23.82 ,23.92 ,23.85 ,23.87 ,23.88 ,23.89 ,23.96 ,23.88 ,23.82 ,23.89 ,23.86 ,23.79 ,23.8 ,23.9 ,23.88 ,23.88 ,23.87 ,23.78 ,23.8 ,23.81 ,23.89 ,23.88 ,23.9 ,23.9 ,23.87 ,23.86 ,23.75 ,23.87 ,23.85 ,23.82 ,23.84 ,23.83 ,23.83 ,23.8 ,23.78 ,23.77 ,23.84 ,23.87 ,23.82 ,23.85 ,23.94 ,23.99 ,23.88 ,23.79 ,23.72 ,23.78 ,23.81 ,23.8 ,23.77 ,23.77 ,23.99 ,23.91 ,23.82 ,23.82 ,23.76 ,23.83 ,23.89 ,23.86 ,23.87 ,23.92 ,23.93 ,23.82 ,23.82 ,23.85 ,23.86 ,23.82 ,23.86 ,23.85 ,23.84 ,23.75 ,23.8 ,23.82 ,23.81 ,23.79 ,23.71 ,23.71 ,23.78 ,23.74 ,23.8 ,23.79 ,23.77 ,23.83 ,23.83 ,23.64 ,23.63 ,23.71 ,23.75 ,23.77 ,23.81 ,23.79 ,23.9 ,23.81 ,23.82 ,23.82 ,23.79 ,23.71 ,23.71 ,23.78 ,23.8 ,23.76 ,23.73 ,23.85 ,23.91 ,23.81 ,23.76 ,23.74 ,23.76 ,23.74 ,23.79 ,23.71 ,23.62 ,23.68 ,23.79 ,23.71 ,23.7 ,23.78 ,23.75 ,23.78 ,23.75 ,23.75 ,23.86 ,23.79 ,23.77 ,23.8 ,23.82 ,23.86 ,23.83 ,23.8 ,23.84 ,23.77 ,23.78 ,23.72 ,23.62 ,23.75 ,23.83 ,23.54 ,23.57 ,23.78 ,23.81 ,23.79 ,23.83 ,23.81 ,23.86 ,23.8 ,23.78 ,23.75 ,23.7 ,23.67 ,23.62 ,23.67 ,23.7 ,23.67 ,23.7 ,23.71 ,23.62 ,23.55 ,23.7 ,23.76 ,23.76 ,23.77 ,23.64 ,23.55 ,23.66 ,23.64 ,23.7 ,23.7 ,23.71 ,23.6 ,23.66 ,23.65 ,23.66 ,23.64 ,23.55 ,23.49 ,23.46 ,23.39 ,23.41 ,23.37 ,23.33 ,23.24 ,23.28 ,23.31 ,23.36 ,23.31 ,23.36 ,23.35 ,23.25 ,23.29 ,23.38 ,23.31 ,23.28 ,23.19 ,23.26 ,23.23 ,23.2 ,23.17 ,23.34 ,23.27 ,23.24 ,23.2 ,23.23 ,23.21 ,23.07 ,23.16 ,23.16 ,23.2 ,23.11 ,23.02 ,22.98 ,22.99 ,23.06 ,22.95 ,22.94 ,22.91 ,22.94 ,22.92 ,23.02 ,23.09 ,23.27 ,23.3 ,23.37 ,23.45 ,23.45 ,23.45 ,23.4 ,23.39 ,23.34 ,23.39 ,23.57 ,23.55 ,23.51 ,23.43 ,23.41 ,23.4 ,23.55 ,23.41 ,23.39 ,23.54 ,23.6 ,23.51 ,23.5 ,23.42 ,23.43 ,23.46 ,23.46 ,23.43 ,23.42 ,23.48 ,23.6 ,23.46 ,23.47 ,23.44 ,23.4 ,23.54 ,23.5 ,23.45 ,23.4 ,23.38 ,23.5 ,23.6 ,23.66 ,23.5 ,23.48 ,23.4 ,23.48 ,23.46 ,23.38 ,23.41 ,23.47 ,23.44 ,23.34 ,23.37 ,23.42 ,23.5 ,23.54 ,23.37 ,23.34 ,
443,23.45 ,23.34 ,23.14 ,23.37 ,23.39 ,23.42 ,23.35 ,23.24 ,23.35 ,23.41 ,23.32 ,23.37 ,23.46 ,23.37 ,23.3 ,23.46 ,23.44 ,23.44 ,23.51 ,23.4 ,23.39 ,23.35 ,23.47 ,23.55 ,23.5 ,23.41 ,23.43 ,23.35 ,23.35 ,23.45 ,23.63 ,23.5 ,23.49 ,23.57 ,23.37 ,23.42 ,23.5 ,23.48 ,23.5 ,23.52 ,23.54 ,23.49 ,23.47 ,23.43 ,23.47 ,23.46 ,23.48 ,23.41 ,23.4 ,23.45 ,23.49 ,23.45 ,23.55 ,23.68 ,23.56 ,23.44 ,23.41 ,23.44 ,23.55 ,23.63 ,23.48 ,23.48 ,23.48 ,23.51 ,23.61 ,23.47 ,23.54 ,23.51 ,23.41 ,23.52 ,23.48 ,23.59 ,23.6 ,23.57 ,23.56 ,23.47 ,23.61 ,23.53 ,23.49 ,23.52 ,23.46 ,23.53 ,23.48 ,23.53 ,23.54 ,23.67 ,23.71 ,23.6 ,23.53 ,23.56 ,23.62 ,23.62 ,23.67 ,23.69 ,23.55 ,23.56 ,23.57 ,23.45 ,23.53 ,23.68 ,23.66 ,23.6 ,23.56 ,23.58 ,23.68 ,23.66 ,23.59 ,23.61 ,23.67 ,23.7 ,23.6 ,23.5 ,23.52 ,23.54 ,23.61 ,23.58 ,23.58 ,23.63 ,23.63 ,23.6 ,23.65 ,23.65 ,23.68 ,23.67 ,23.64 ,23.56 ,23.56 ,23.63 ,23.64 ,23.58 ,23.66 ,23.68 ,23.57 ,23.65 ,23.64 ,23.63 ,23.62 ,23.56 ,23.67 ,23.7 ,23.71 ,23.61 ,23.62 ,23.53 ,23.62 ,23.71 ,23.67 ,23.63 ,23.67 ,23.7 ,23.67 ,23.71 ,23.68 ,23.61 ,23.59 ,23.58 ,23.64 ,23.65 ,23.7 ,23.68 ,23.66 ,23.7 ,23.72 ,23.74 ,23.67 ,23.67 ,23.68 ,23.74 ,23.69 ,23.75 ,23.69 ,23.58 ,23.69 ,23.8 ,23.84 ,23.8 ,23.7 ,23.68 ,23.7 ,23.66 ,23.65 ,23.75 ,23.81 ,23.67 ,23.69 ,23.66 ,23.6 ,23.64 ,23.66 ,23.72 ,23.79 ,23.68 ,23.69 ,23.67 ,23.72 ,23.67 ,23.62 ,23.66 ,23.72 ,23.7 ,23.68 ,23.73 ,23.7 ,23.65 ,23.65 ,23.72 ,23.76 ,23.71 ,23.72 ,23.85 ,23.82 ,23.75 ,23.74 ,23.71 ,23.71 ,23.76 ,23.75 ,23.82 ,23.82 ,23.77 ,23.82 ,23.74 ,23.73 ,23.76 ,23.81 ,23.71 ,23.68 ,23.76 ,23.74 ,23.7 ,23.75 ,23.76 ,23.86 ,23.72 ,23.71 ,23.81 ,23.8 ,23.85 ,23.85 ,23.86 ,23.86 ,23.84 ,23.87 ,23.84 ,23.78 ,23.81 ,23.78 ,23.87 ,23.8 ,23.82 ,23.88 ,23.75 ,23.71 ,23.79 ,23.79 ,23.8 ,23.86 ,23.84 ,23.73 ,23.72 ,23.76 ,23.89 ,23.82 ,23.75 ,23.87 ,23.81 ,23.84 ,23.84 ,23.82 ,23.83 ,23.8 ,23.86 ,23.85 ,23.85 ,23.8 ,23.78 ,23.88 ,23.87 ,23.81 ,23.82 ,23.86 ,23.83 ,23.88 ,23.91 ,23.79 ,23.78 ,23.89 ,23.88 ,23.74 ,23.84 ,23.87 ,23.82 ,23.85 ,23.84 ,23.84 ,23.94 ,23.94 ,23.88 ,23.91 ,23.89 ,23.86 ,23.85 ,23.85 ,23.89 ,23.89 ,23.86 ,23.9 ,23.91 ,23.86 ,23.85 ,23.9 ,24.03 ,23.95 ,23.94 ,23.9 ,23.89 ,23.88 ,23.86 ,23.76 ,23.84 ,23.91 ,23.86 ,23.91 ,23.98 ,23.94 ,23.95 ,23.88 ,23.9 ,23.95 ,23.91 ,23.85 ,23.83 ,23.81 ,23.87 ,23.91 ,23.83 ,23.74 ,23.9 ,23.92 ,23.91 ,23.87 ,23.81 ,23.74 ,23.79 ,23.91 ,23.86 ,23.86 ,23.91 ,23.86 ,23.82 ,23.83 ,23.85 ,23.88 ,23.93 ,23.86 ,23.8 ,23.8 ,23.83 ,23.84 ,23.87 ,23.87 ,23.9 ,23.92 ,23.8 ,23.88 ,23.83 ,23.86 ,23.83 ,23.84 ,23.91 ,23.89 ,23.86 ,23.9 ,23.89 ,23.75 ,23.8 ,23.97 ,23.95 ,23.9 ,23.86 ,23.87 ,23.8 ,23.75 ,23.73 ,23.82 ,23.86 ,23.82 ,23.82 ,23.91 ,23.82 ,23.74 ,23.85 ,23.82 ,23.8 ,23.77 ,23.84 ,23.79 ,23.81 ,23.79 ,23.86 ,23.88 ,23.88 ,23.89 ,23.88 ,23.86 ,23.87 ,23.79 ,23.7 ,23.82 ,23.93 ,23.83 ,23.83 ,23.84 ,23.87 ,23.89 ,23.82 ,23.8 ,23.82 ,23.9 ,23.93 ,23.86 ,23.94 ,23.77 ,23.83 ,23.78 ,23.78 ,23.81 ,23.83 ,23.76 ,23.82 ,23.8 ,23.82 ,23.79 ,23.8 ,23.87 ,23.83 ,23.83 ,23.76 ,23.82 ,23.82 ,23.69 ,23.78 ,23.78 ,23.75 ,23.84 ,23.83 ,23.72 ,23.66 ,23.7 ,23.84 ,23.89 ,23.85 ,23.78 ,23.79 ,23.83 ,23.84 ,23.75 ,23.75 ,23.71 ,23.71 ,23.78 ,23.8 ,23.76 ,23.82 ,23.92 ,23.84 ,23.83 ,23.87 ,23.77 ,23.7 ,23.74 ,23.82 ,23.86 ,23.71 ,23.71 ,23.8 ,23.79 ,23.73 ,23.81 ,23.76 ,23.83 ,23.78 ,23.65 ,23.82 ,23.83 ,23.76 ,23.83 ,23.8 ,23.72 ,23.76 ,23.76 ,23.65 ,23.73 ,23.84 ,23.74 ,23.67 ,23.82 ,23.86 ,23.69 ,23.65 ,23.73 ,23.71 ,23.71 ,23.8 ,23.76 ,23.72 ,23.79 ,23.83 ,23.72 ,23.62 ,23.62 ,23.62 ,23.72 ,23.78 ,23.73 ,23.76 ,23.79 ,23.69 ,23.64 ,23.72 ,23.73 ,23.75 ,23.71 ,23.75 ,23.61 ,23.68 ,23.74 ,23.62 ,23.67 ,23.72 ,23.59 ,23.68 ,23.68 ,23.6 ,23.56 ,23.53 ,23.41 ,23.42 ,23.37 ,23.37 ,23.33 ,23.31 ,23.23 ,23.22 ,23.33 ,23.32 ,23.31 ,23.35 ,23.32 ,23.19 ,23.22 ,23.31 ,23.35 ,23.25 ,23.17 ,23.19 ,23.21 ,23.17 ,23.11 ,23.21 ,23.16 ,23.16 ,23.15 ,23.13 ,23.28 ,23.12 ,23.11 ,23.15 ,23.14 ,23.12 ,23.02 ,23.02 ,23.04 ,23.03 ,23 ,23.01 ,23 ,23.05 ,22.96 ,23.05 ,23.13 ,23.1 ,23.3 ,23.5 ,23.52 ,23.49 ,23.38 ,23.35 ,23.26 ,23.29 ,23.34 ,23.43 ,23.48 ,23.48 ,23.38 ,23.41 ,23.39 ,23.42 ,23.52 ,23.38 ,23.51 ,23.47 ,23.47 ,23.44 ,23.44 ,23.47 ,23.51 ,23.46 ,23.39 ,23.48 ,23.52 ,23.56 ,23.48 ,23.42 ,23.52 ,23.51 ,23.53 ,23.58 ,23.44 ,23.39 ,23.42 ,23.52 ,23.49 ,23.46 ,23.46 ,23.42 ,23.46 ,23.5 ,23.52 ,23.46 ,23.41 ,23.44 ,23.48 ,23.35 ,23.33 ,23.39 ,23.47 ,23.5 ,23.37 ,23.35 ,
444,23.5 ,23.39 ,23.25 ,23.32 ,23.32 ,23.33 ,23.31 ,23.32 ,23.37 ,23.37 ,23.3 ,23.31 ,23.37 ,23.38 ,23.42 ,23.49 ,23.49 ,23.44 ,23.38 ,23.31 ,23.32 ,23.39 ,23.45 ,23.4 ,23.36 ,23.48 ,23.47 ,23.33 ,23.39 ,23.43 ,23.46 ,23.5 ,23.51 ,23.31 ,23.4 ,23.39 ,23.41 ,23.46 ,23.47 ,23.45 ,23.51 ,23.46 ,23.52 ,23.48 ,23.48 ,23.53 ,23.48 ,23.5 ,23.42 ,23.47 ,23.48 ,23.54 ,23.58 ,23.61 ,23.54 ,23.47 ,23.45 ,23.49 ,23.44 ,23.54 ,23.58 ,23.47 ,23.41 ,23.41 ,23.5 ,23.5 ,23.6 ,23.57 ,23.53 ,23.52 ,23.52 ,23.55 ,23.61 ,23.66 ,23.62 ,23.51 ,23.52 ,23.53 ,23.49 ,23.47 ,23.47 ,23.5 ,23.55 ,23.49 ,23.58 ,23.66 ,23.74 ,23.66 ,23.41 ,23.45 ,23.63 ,23.69 ,23.7 ,23.67 ,23.46 ,23.53 ,23.54 ,23.51 ,23.55 ,23.59 ,23.55 ,23.56 ,23.61 ,23.63 ,23.7 ,23.75 ,23.73 ,23.69 ,23.68 ,23.59 ,23.57 ,23.56 ,23.58 ,23.56 ,23.6 ,23.56 ,23.56 ,23.6 ,23.61 ,23.63 ,23.59 ,23.59 ,23.65 ,23.7 ,23.63 ,23.62 ,23.58 ,23.62 ,23.64 ,23.54 ,23.53 ,23.62 ,23.63 ,23.68 ,23.68 ,23.63 ,23.67 ,23.64 ,23.62 ,23.74 ,23.73 ,23.72 ,23.67 ,23.66 ,23.6 ,23.72 ,23.65 ,23.64 ,23.65 ,23.65 ,23.65 ,23.67 ,23.69 ,23.63 ,23.55 ,23.57 ,23.6 ,23.58 ,23.59 ,23.7 ,23.69 ,23.7 ,23.67 ,23.68 ,23.69 ,23.68 ,23.69 ,23.74 ,23.73 ,23.76 ,23.65 ,23.59 ,23.71 ,23.7 ,23.79 ,23.69 ,23.7 ,23.7 ,23.79 ,23.72 ,23.67 ,23.74 ,23.76 ,23.7 ,23.66 ,23.74 ,23.63 ,23.57 ,23.6 ,23.7 ,23.78 ,23.75 ,23.76 ,23.77 ,23.77 ,23.76 ,23.7 ,23.68 ,23.75 ,23.69 ,23.68 ,23.68 ,23.65 ,23.63 ,23.59 ,23.64 ,23.69 ,23.76 ,23.76 ,23.83 ,23.74 ,23.69 ,23.75 ,23.77 ,23.78 ,23.74 ,23.82 ,23.8 ,23.78 ,23.79 ,23.8 ,23.71 ,23.75 ,23.82 ,23.86 ,23.78 ,23.67 ,23.77 ,23.8 ,23.79 ,23.72 ,23.77 ,23.84 ,23.79 ,23.71 ,23.81 ,23.79 ,23.76 ,23.83 ,23.85 ,23.83 ,23.89 ,23.86 ,23.89 ,23.81 ,23.66 ,23.77 ,23.76 ,23.74 ,23.78 ,23.83 ,23.72 ,23.64 ,23.72 ,23.71 ,23.75 ,23.84 ,23.87 ,23.71 ,23.76 ,23.81 ,23.73 ,23.81 ,23.82 ,23.94 ,23.95 ,23.86 ,23.79 ,23.81 ,23.82 ,23.73 ,23.8 ,23.86 ,23.88 ,23.81 ,23.77 ,23.84 ,23.84 ,23.91 ,23.81 ,23.81 ,23.81 ,23.82 ,23.89 ,23.87 ,23.8 ,23.9 ,23.91 ,23.78 ,23.77 ,23.84 ,23.8 ,23.87 ,23.86 ,23.84 ,23.96 ,23.88 ,23.89 ,23.81 ,23.78 ,23.8 ,23.78 ,23.78 ,23.85 ,23.83 ,23.83 ,23.77 ,23.85 ,23.86 ,23.84 ,23.84 ,23.97 ,23.89 ,23.86 ,23.9 ,23.81 ,23.82 ,23.79 ,23.76 ,23.87 ,23.85 ,23.76 ,23.75 ,23.83 ,23.79 ,23.79 ,23.8 ,23.79 ,23.88 ,23.87 ,23.84 ,23.84 ,23.82 ,23.85 ,23.89 ,23.79 ,23.69 ,23.89 ,23.93 ,23.85 ,23.82 ,23.77 ,23.76 ,23.81 ,23.89 ,23.88 ,23.84 ,23.86 ,23.86 ,23.83 ,23.88 ,23.87 ,23.93 ,23.85 ,23.79 ,23.76 ,23.81 ,23.82 ,23.81 ,23.88 ,23.86 ,23.89 ,23.91 ,23.78 ,23.92 ,23.88 ,23.92 ,23.85 ,23.89 ,23.89 ,23.9 ,23.88 ,23.95 ,23.89 ,23.82 ,23.85 ,23.76 ,23.83 ,23.84 ,23.88 ,23.81 ,23.8 ,23.75 ,23.73 ,23.79 ,23.86 ,23.76 ,23.75 ,23.79 ,23.78 ,23.8 ,23.89 ,23.85 ,23.78 ,23.81 ,23.79 ,23.89 ,23.82 ,23.84 ,23.89 ,23.89 ,23.92 ,23.92 ,23.83 ,23.88 ,23.84 ,23.81 ,23.75 ,23.83 ,23.85 ,23.81 ,23.82 ,23.82 ,23.79 ,23.85 ,23.83 ,23.79 ,23.78 ,23.87 ,23.85 ,23.88 ,23.9 ,23.78 ,23.86 ,23.8 ,23.83 ,23.85 ,23.79 ,23.81 ,23.8 ,23.72 ,23.8 ,23.78 ,23.73 ,23.81 ,23.87 ,23.81 ,23.77 ,23.7 ,23.81 ,23.71 ,23.71 ,23.76 ,23.75 ,23.74 ,23.91 ,23.86 ,23.72 ,23.66 ,23.83 ,23.86 ,23.91 ,23.91 ,23.72 ,23.7 ,23.8 ,23.81 ,23.79 ,23.75 ,23.76 ,23.79 ,23.79 ,23.73 ,23.75 ,23.82 ,23.79 ,23.76 ,23.77 ,23.74 ,23.78 ,23.78 ,23.77 ,23.84 ,23.8 ,23.76 ,23.83 ,23.79 ,23.74 ,23.8 ,23.79 ,23.69 ,23.83 ,23.73 ,23.8 ,23.8 ,23.72 ,23.8 ,23.8 ,23.8 ,23.74 ,23.75 ,23.78 ,23.69 ,23.74 ,23.68 ,23.76 ,23.78 ,23.73 ,23.7 ,23.66 ,23.71 ,23.68 ,23.63 ,23.75 ,23.69 ,23.67 ,23.67 ,23.77 ,23.67 ,23.61 ,23.7 ,23.7 ,23.72 ,23.75 ,23.73 ,23.72 ,23.72 ,23.69 ,23.72 ,23.67 ,23.7 ,23.7 ,23.62 ,23.75 ,23.6 ,23.6 ,23.64 ,23.63 ,23.7 ,23.69 ,23.6 ,23.64 ,23.64 ,23.58 ,23.49 ,23.52 ,23.44 ,23.34 ,23.3 ,23.24 ,23.24 ,23.16 ,23.16 ,23.18 ,23.26 ,23.15 ,23.17 ,23.22 ,23.19 ,23.11 ,23.18 ,23.25 ,23.21 ,23.26 ,23.2 ,23.24 ,23.17 ,23.1 ,23.12 ,23.19 ,23.22 ,23.16 ,23.01 ,23.04 ,23.18 ,23.03 ,23.07 ,23.14 ,23.19 ,23.25 ,23.05 ,23.02 ,23.06 ,22.98 ,22.94 ,22.91 ,22.85 ,23.05 ,23.1 ,23.17 ,23.15 ,23.12 ,23.2 ,23.45 ,23.45 ,23.47 ,23.4 ,23.4 ,23.4 ,23.29 ,23.31 ,23.38 ,23.38 ,23.46 ,23.4 ,23.33 ,23.34 ,23.32 ,23.45 ,23.46 ,23.43 ,23.39 ,23.43 ,23.54 ,23.51 ,23.49 ,23.48 ,23.46 ,23.39 ,23.51 ,23.56 ,23.47 ,23.39 ,23.49 ,23.5 ,23.52 ,23.51 ,23.51 ,23.48 ,23.44 ,23.37 ,23.45 ,23.51 ,23.45 ,23.43 ,23.44 ,23.36 ,23.43 ,23.5 ,23.42 ,23.43 ,23.56 ,23.52 ,23.5 ,23.41 ,23.33 ,23.47 ,23.49 ,23.33 ,23.28 ,
445,23.35 ,23.28 ,23.36 ,23.4 ,23.28 ,23.3 ,23.29 ,23.31 ,23.35 ,23.41 ,23.37 ,23.43 ,23.42 ,23.38 ,23.38 ,23.45 ,23.48 ,23.4 ,23.35 ,23.28 ,23.37 ,23.41 ,23.37 ,23.32 ,23.39 ,23.42 ,23.43 ,23.34 ,23.43 ,23.51 ,23.53 ,23.42 ,23.45 ,23.36 ,23.54 ,23.43 ,23.4 ,23.41 ,23.5 ,23.48 ,23.46 ,23.51 ,23.55 ,23.54 ,23.56 ,23.64 ,23.57 ,23.49 ,23.55 ,23.55 ,23.45 ,23.45 ,23.64 ,23.62 ,23.49 ,23.46 ,23.46 ,23.48 ,23.51 ,23.58 ,23.62 ,23.46 ,23.41 ,23.49 ,23.63 ,23.44 ,23.53 ,23.55 ,23.56 ,23.57 ,23.49 ,23.54 ,23.57 ,23.56 ,23.62 ,23.49 ,23.52 ,23.52 ,23.47 ,23.48 ,23.55 ,23.54 ,23.55 ,23.54 ,23.51 ,23.57 ,23.66 ,23.64 ,23.48 ,23.49 ,23.6 ,23.62 ,23.68 ,23.65 ,23.53 ,23.64 ,23.59 ,23.53 ,23.63 ,23.67 ,23.6 ,23.59 ,23.55 ,23.62 ,23.69 ,23.7 ,23.71 ,23.61 ,23.59 ,23.63 ,23.62 ,23.64 ,23.68 ,23.65 ,23.56 ,23.71 ,23.71 ,23.67 ,23.63 ,23.69 ,23.61 ,23.56 ,23.68 ,23.73 ,23.73 ,23.71 ,23.62 ,23.66 ,23.58 ,23.56 ,23.6 ,23.6 ,23.64 ,23.64 ,23.67 ,23.66 ,23.67 ,23.68 ,23.57 ,23.66 ,23.73 ,23.66 ,23.65 ,23.64 ,23.7 ,23.63 ,23.61 ,23.71 ,23.67 ,23.68 ,23.68 ,23.63 ,23.72 ,23.66 ,23.62 ,23.59 ,23.56 ,23.64 ,23.7 ,23.66 ,23.7 ,23.73 ,23.63 ,23.59 ,23.72 ,23.63 ,23.65 ,23.71 ,23.7 ,23.75 ,23.69 ,23.55 ,23.66 ,23.68 ,23.73 ,23.7 ,23.67 ,23.63 ,23.7 ,23.75 ,23.74 ,23.78 ,23.72 ,23.69 ,23.68 ,23.73 ,23.77 ,23.62 ,23.63 ,23.73 ,23.76 ,23.77 ,23.77 ,23.81 ,23.8 ,23.79 ,23.75 ,23.77 ,23.74 ,23.8 ,23.69 ,23.67 ,23.74 ,23.76 ,23.66 ,23.67 ,23.72 ,23.74 ,23.74 ,23.83 ,23.82 ,23.68 ,23.72 ,23.72 ,23.69 ,23.77 ,23.84 ,23.82 ,23.73 ,23.75 ,23.77 ,23.8 ,23.7 ,23.76 ,23.75 ,23.69 ,23.73 ,23.72 ,23.79 ,23.88 ,23.81 ,23.75 ,23.87 ,23.84 ,23.75 ,23.8 ,23.76 ,23.78 ,23.83 ,23.8 ,23.77 ,23.81 ,23.85 ,23.83 ,23.88 ,23.83 ,23.73 ,23.68 ,23.72 ,23.73 ,23.76 ,23.74 ,23.73 ,23.78 ,23.82 ,23.79 ,23.84 ,23.83 ,23.81 ,23.87 ,23.86 ,23.73 ,23.83 ,23.87 ,23.88 ,23.93 ,23.88 ,23.83 ,23.84 ,23.81 ,23.71 ,23.78 ,23.78 ,23.78 ,23.78 ,23.81 ,23.81 ,23.85 ,23.82 ,23.87 ,23.83 ,23.78 ,23.81 ,23.86 ,23.84 ,23.84 ,23.91 ,23.87 ,23.8 ,23.83 ,23.89 ,23.81 ,23.84 ,23.92 ,23.87 ,23.93 ,23.84 ,23.95 ,23.92 ,23.8 ,23.79 ,23.88 ,23.86 ,23.92 ,23.83 ,23.82 ,23.81 ,23.92 ,23.88 ,23.83 ,23.83 ,23.9 ,23.84 ,23.83 ,23.88 ,23.82 ,23.8 ,23.76 ,23.79 ,23.85 ,23.85 ,23.82 ,23.76 ,23.77 ,23.72 ,23.72 ,23.8 ,23.81 ,23.83 ,23.89 ,23.9 ,23.85 ,23.84 ,23.88 ,23.93 ,23.87 ,23.77 ,23.85 ,23.99 ,23.86 ,23.77 ,23.79 ,23.76 ,23.81 ,23.92 ,23.89 ,23.89 ,23.88 ,23.86 ,23.79 ,23.83 ,23.81 ,23.9 ,23.85 ,23.76 ,23.82 ,23.77 ,23.86 ,23.86 ,23.82 ,23.91 ,23.89 ,23.77 ,23.74 ,23.86 ,23.87 ,23.86 ,23.92 ,23.94 ,23.86 ,23.88 ,23.88 ,23.85 ,23.86 ,23.82 ,23.79 ,23.75 ,23.75 ,23.78 ,23.79 ,23.85 ,23.86 ,23.78 ,23.8 ,23.8 ,23.82 ,23.75 ,23.79 ,23.78 ,23.74 ,23.82 ,23.85 ,23.91 ,23.78 ,23.8 ,23.8 ,23.92 ,23.91 ,23.83 ,23.9 ,23.92 ,23.93 ,23.92 ,23.85 ,23.86 ,23.89 ,23.82 ,23.89 ,23.85 ,23.9 ,23.85 ,23.82 ,23.84 ,23.81 ,23.87 ,23.93 ,23.92 ,23.79 ,23.82 ,23.89 ,23.86 ,23.8 ,23.77 ,23.86 ,23.85 ,23.84 ,23.82 ,23.79 ,23.84 ,23.85 ,23.78 ,23.81 ,23.88 ,23.7 ,23.73 ,23.79 ,23.85 ,23.77 ,23.79 ,23.73 ,23.74 ,23.85 ,23.82 ,23.7 ,23.72 ,23.82 ,23.8 ,23.67 ,23.69 ,23.81 ,23.9 ,23.86 ,23.82 ,23.74 ,23.74 ,23.79 ,23.8 ,23.83 ,23.79 ,23.79 ,23.78 ,23.86 ,23.82 ,23.72 ,23.72 ,23.78 ,23.71 ,23.69 ,23.72 ,23.75 ,23.75 ,23.75 ,23.76 ,23.79 ,23.74 ,23.76 ,23.7 ,23.71 ,23.71 ,23.74 ,23.7 ,23.78 ,23.69 ,23.74 ,23.82 ,23.88 ,23.88 ,23.81 ,23.78 ,23.74 ,23.71 ,23.77 ,23.82 ,23.73 ,23.76 ,23.72 ,23.78 ,23.76 ,23.73 ,23.72 ,23.66 ,23.72 ,23.79 ,23.69 ,23.76 ,23.77 ,23.71 ,23.75 ,23.74 ,23.68 ,23.7 ,23.69 ,23.68 ,23.73 ,23.75 ,23.75 ,23.7 ,23.64 ,23.76 ,23.74 ,23.64 ,23.7 ,23.58 ,23.67 ,23.69 ,23.62 ,23.57 ,23.55 ,23.69 ,23.66 ,23.64 ,23.64 ,23.62 ,23.59 ,23.6 ,23.55 ,23.45 ,23.4 ,23.28 ,23.14 ,23.22 ,23.21 ,23.18 ,23.25 ,23.18 ,23.22 ,23.16 ,23.24 ,23.25 ,23.12 ,23.14 ,23.26 ,23.29 ,23.24 ,23.21 ,23.22 ,23.2 ,23.11 ,23.19 ,23.25 ,23.23 ,23.28 ,23.1 ,23.08 ,23.28 ,23.13 ,23.11 ,23.2 ,23.25 ,23.27 ,23.15 ,23.06 ,23.1 ,23 ,23 ,22.95 ,22.9 ,22.96 ,23.09 ,23.2 ,23.09 ,23.11 ,23.15 ,23.22 ,23.35 ,23.38 ,23.48 ,23.35 ,23.44 ,23.4 ,23.36 ,23.52 ,23.52 ,23.52 ,23.47 ,23.4 ,23.44 ,23.43 ,23.38 ,23.5 ,23.5 ,23.36 ,23.39 ,23.48 ,23.41 ,23.4 ,23.41 ,23.43 ,23.54 ,23.61 ,23.61 ,23.47 ,23.32 ,23.41 ,23.51 ,23.5 ,23.47 ,23.5 ,23.52 ,23.53 ,23.41 ,23.51 ,23.58 ,23.56 ,23.54 ,23.56 ,23.42 ,23.5 ,23.51 ,23.47 ,23.41 ,23.53 ,23.62 ,23.43 ,23.31 ,23.3 ,23.36 ,23.45 ,23.37 ,23.42 ,
446,23.35 ,23.27 ,23.33 ,23.45 ,23.3 ,23.27 ,23.34 ,23.29 ,23.4 ,23.4 ,23.36 ,23.39 ,23.52 ,23.31 ,23.34 ,23.37 ,23.53 ,23.52 ,23.4 ,23.31 ,23.38 ,23.43 ,23.44 ,23.31 ,23.36 ,23.46 ,23.43 ,23.4 ,23.34 ,23.46 ,23.52 ,23.46 ,23.42 ,23.46 ,23.58 ,23.48 ,23.48 ,23.37 ,23.43 ,23.54 ,23.52 ,23.55 ,23.54 ,23.52 ,23.52 ,23.65 ,23.66 ,23.49 ,23.51 ,23.54 ,23.45 ,23.5 ,23.59 ,23.59 ,23.53 ,23.43 ,23.5 ,23.52 ,23.64 ,23.62 ,23.63 ,23.51 ,23.52 ,23.64 ,23.72 ,23.55 ,23.45 ,23.48 ,23.5 ,23.52 ,23.54 ,23.52 ,23.56 ,23.57 ,23.58 ,23.47 ,23.49 ,23.54 ,23.47 ,23.49 ,23.58 ,23.5 ,23.46 ,23.55 ,23.55 ,23.49 ,23.65 ,23.74 ,23.56 ,23.56 ,23.61 ,23.62 ,23.64 ,23.64 ,23.57 ,23.7 ,23.62 ,23.5 ,23.67 ,23.7 ,23.61 ,23.56 ,23.65 ,23.65 ,23.6 ,23.66 ,23.69 ,23.61 ,23.6 ,23.66 ,23.66 ,23.62 ,23.7 ,23.61 ,23.55 ,23.61 ,23.66 ,23.67 ,23.62 ,23.6 ,23.68 ,23.64 ,23.65 ,23.66 ,23.77 ,23.63 ,23.67 ,23.71 ,23.68 ,23.6 ,23.69 ,23.76 ,23.65 ,23.61 ,23.74 ,23.74 ,23.7 ,23.62 ,23.64 ,23.63 ,23.7 ,23.66 ,23.55 ,23.67 ,23.74 ,23.67 ,23.56 ,23.62 ,23.69 ,23.68 ,23.76 ,23.77 ,23.73 ,23.7 ,23.63 ,23.61 ,23.59 ,23.57 ,23.78 ,23.69 ,23.65 ,23.68 ,23.62 ,23.59 ,23.64 ,23.66 ,23.75 ,23.71 ,23.61 ,23.67 ,23.73 ,23.65 ,23.67 ,23.69 ,23.72 ,23.65 ,23.66 ,23.66 ,23.64 ,23.75 ,23.78 ,23.75 ,23.71 ,23.71 ,23.75 ,23.76 ,23.71 ,23.78 ,23.72 ,23.76 ,23.72 ,23.73 ,23.79 ,23.77 ,23.66 ,23.73 ,23.73 ,23.69 ,23.7 ,23.72 ,23.71 ,23.71 ,23.69 ,23.7 ,23.7 ,23.8 ,23.8 ,23.74 ,23.8 ,23.85 ,23.83 ,23.75 ,23.71 ,23.7 ,23.68 ,23.77 ,23.85 ,23.84 ,23.84 ,23.86 ,23.73 ,23.86 ,23.83 ,23.83 ,23.76 ,23.77 ,23.88 ,23.78 ,23.8 ,23.88 ,23.79 ,23.73 ,23.81 ,23.82 ,23.7 ,23.81 ,23.9 ,23.74 ,23.79 ,23.75 ,23.81 ,23.92 ,23.85 ,23.81 ,23.83 ,23.87 ,23.82 ,23.79 ,23.76 ,23.73 ,23.81 ,23.84 ,23.96 ,23.86 ,23.91 ,23.94 ,23.78 ,23.77 ,23.81 ,23.83 ,23.82 ,23.82 ,23.81 ,23.85 ,23.86 ,23.85 ,23.88 ,23.87 ,23.89 ,23.87 ,23.76 ,23.85 ,23.88 ,23.86 ,23.84 ,23.88 ,23.82 ,23.86 ,23.73 ,23.73 ,23.88 ,23.86 ,23.8 ,23.82 ,23.9 ,23.92 ,23.89 ,23.89 ,23.86 ,23.88 ,23.94 ,23.82 ,23.89 ,23.96 ,23.95 ,23.96 ,23.9 ,23.95 ,23.95 ,23.87 ,23.9 ,23.91 ,23.87 ,23.88 ,23.89 ,23.82 ,23.89 ,23.9 ,23.88 ,23.81 ,23.89 ,23.87 ,23.79 ,23.89 ,23.88 ,23.83 ,23.84 ,23.83 ,23.78 ,23.87 ,23.86 ,23.84 ,23.86 ,23.83 ,23.81 ,23.82 ,23.83 ,23.88 ,23.79 ,23.87 ,23.93 ,23.85 ,23.83 ,23.83 ,23.86 ,23.83 ,23.81 ,23.93 ,23.9 ,23.88 ,23.72 ,23.82 ,23.72 ,23.78 ,23.88 ,23.87 ,23.88 ,24.01 ,23.94 ,23.92 ,23.85 ,23.84 ,23.86 ,23.74 ,23.78 ,23.87 ,23.81 ,23.78 ,23.8 ,23.83 ,23.83 ,23.81 ,23.76 ,23.83 ,23.86 ,23.77 ,23.76 ,23.88 ,23.95 ,23.87 ,23.83 ,23.92 ,23.79 ,23.8 ,23.76 ,23.8 ,23.69 ,23.79 ,23.77 ,23.84 ,23.85 ,23.79 ,23.75 ,23.81 ,23.76 ,23.85 ,23.88 ,23.86 ,23.8 ,23.79 ,23.84 ,23.73 ,23.85 ,23.84 ,23.76 ,23.84 ,23.8 ,23.92 ,23.95 ,23.88 ,23.96 ,23.93 ,23.9 ,23.9 ,23.87 ,23.83 ,23.79 ,23.88 ,23.91 ,23.95 ,23.85 ,23.83 ,23.93 ,23.91 ,23.83 ,23.83 ,23.91 ,23.83 ,23.82 ,23.92 ,23.85 ,23.79 ,23.8 ,23.82 ,23.79 ,23.82 ,23.81 ,23.82 ,23.81 ,23.77 ,23.77 ,23.85 ,23.96 ,23.81 ,23.78 ,23.86 ,23.85 ,23.85 ,23.82 ,23.74 ,23.79 ,23.84 ,23.83 ,23.78 ,23.79 ,23.81 ,23.71 ,23.69 ,23.67 ,23.83 ,23.88 ,23.8 ,23.8 ,23.78 ,23.74 ,23.78 ,23.71 ,23.68 ,23.75 ,23.78 ,23.78 ,23.91 ,23.81 ,23.7 ,23.67 ,23.82 ,23.72 ,23.74 ,23.73 ,23.78 ,23.81 ,23.74 ,23.79 ,23.81 ,23.86 ,23.74 ,23.73 ,23.75 ,23.72 ,23.73 ,23.77 ,23.81 ,23.69 ,23.71 ,23.76 ,23.84 ,23.85 ,23.83 ,23.74 ,23.66 ,23.7 ,23.73 ,23.71 ,23.75 ,23.72 ,23.72 ,23.78 ,23.78 ,23.84 ,23.79 ,23.76 ,23.79 ,23.81 ,23.73 ,23.75 ,23.76 ,23.69 ,23.76 ,23.74 ,23.68 ,23.59 ,23.54 ,23.62 ,23.7 ,23.78 ,23.79 ,23.78 ,23.71 ,23.73 ,23.75 ,23.66 ,23.62 ,23.67 ,23.64 ,23.68 ,23.66 ,23.69 ,23.69 ,23.66 ,23.69 ,23.67 ,23.64 ,23.6 ,23.62 ,23.61 ,23.61 ,23.52 ,23.4 ,23.34 ,23.21 ,23.17 ,23.24 ,23.33 ,23.25 ,23.26 ,23.24 ,23.26 ,23.29 ,23.31 ,23.23 ,23.2 ,23.26 ,23.27 ,23.2 ,23.15 ,23.24 ,23.14 ,23.14 ,23.21 ,23.27 ,23.21 ,23.29 ,23.25 ,23.17 ,23.28 ,23.25 ,23.23 ,23.18 ,23.23 ,23.24 ,23.24 ,23.16 ,23.18 ,23.13 ,23.12 ,23.13 ,22.9 ,22.83 ,22.97 ,23.02 ,22.91 ,22.9 ,22.98 ,22.98 ,23.09 ,23.32 ,23.38 ,23.38 ,23.42 ,23.43 ,23.32 ,23.57 ,23.6 ,23.47 ,23.52 ,23.43 ,23.43 ,23.45 ,23.5 ,23.49 ,23.54 ,23.42 ,23.38 ,23.37 ,23.41 ,23.36 ,23.4 ,23.36 ,23.47 ,23.67 ,23.66 ,23.53 ,23.49 ,23.45 ,23.59 ,23.46 ,23.42 ,23.47 ,23.45 ,23.5 ,23.43 ,23.48 ,23.59 ,23.53 ,23.6 ,23.56 ,23.49 ,23.56 ,23.5 ,23.5 ,23.28 ,23.43 ,23.44 ,23.43 ,23.41 ,23.39 ,23.38 ,23.41 ,23.38 ,23.35 ,
447,23.34 ,23.3 ,23.29 ,23.38 ,23.33 ,23.26 ,23.39 ,23.31 ,23.33 ,23.41 ,23.23 ,23.32 ,23.45 ,23.37 ,23.45 ,23.45 ,23.55 ,23.54 ,23.48 ,23.39 ,23.35 ,23.4 ,23.45 ,23.34 ,23.32 ,23.52 ,23.52 ,23.42 ,23.46 ,23.48 ,23.48 ,23.44 ,23.51 ,23.5 ,23.5 ,23.43 ,23.52 ,23.56 ,23.51 ,23.5 ,23.47 ,23.44 ,23.49 ,23.43 ,23.45 ,23.52 ,23.55 ,23.56 ,23.53 ,23.52 ,23.53 ,23.54 ,23.65 ,23.55 ,23.53 ,23.5 ,23.43 ,23.51 ,23.53 ,23.56 ,23.58 ,23.64 ,23.62 ,23.64 ,23.6 ,23.59 ,23.52 ,23.47 ,23.53 ,23.53 ,23.66 ,23.55 ,23.61 ,23.55 ,23.45 ,23.52 ,23.61 ,23.57 ,23.6 ,23.6 ,23.58 ,23.39 ,23.48 ,23.58 ,23.58 ,23.52 ,23.63 ,23.72 ,23.65 ,23.58 ,23.65 ,23.59 ,23.55 ,23.6 ,23.58 ,23.63 ,23.61 ,23.53 ,23.52 ,23.68 ,23.58 ,23.55 ,23.68 ,23.73 ,23.7 ,23.61 ,23.69 ,23.56 ,23.67 ,23.7 ,23.63 ,23.61 ,23.68 ,23.62 ,23.58 ,23.6 ,23.6 ,23.57 ,23.58 ,23.55 ,23.64 ,23.7 ,23.63 ,23.62 ,23.66 ,23.69 ,23.69 ,23.63 ,23.62 ,23.57 ,23.59 ,23.79 ,23.63 ,23.62 ,23.7 ,23.71 ,23.65 ,23.67 ,23.7 ,23.77 ,23.69 ,23.66 ,23.72 ,23.62 ,23.68 ,23.77 ,23.71 ,23.63 ,23.78 ,23.7 ,23.69 ,23.67 ,23.62 ,23.7 ,23.68 ,23.62 ,23.53 ,23.56 ,23.62 ,23.75 ,23.7 ,23.69 ,23.73 ,23.65 ,23.73 ,23.77 ,23.75 ,23.83 ,23.69 ,23.75 ,23.83 ,23.73 ,23.7 ,23.7 ,23.74 ,23.67 ,23.73 ,23.72 ,23.66 ,23.78 ,23.77 ,23.77 ,23.79 ,23.83 ,23.83 ,23.77 ,23.79 ,23.82 ,23.74 ,23.67 ,23.76 ,23.73 ,23.78 ,23.78 ,23.7 ,23.68 ,23.66 ,23.72 ,23.74 ,23.69 ,23.65 ,23.81 ,23.73 ,23.63 ,23.64 ,23.83 ,23.73 ,23.7 ,23.68 ,23.73 ,23.76 ,23.78 ,23.75 ,23.72 ,23.7 ,23.79 ,23.83 ,23.83 ,23.89 ,23.83 ,23.8 ,23.75 ,23.75 ,23.84 ,23.79 ,23.84 ,23.88 ,23.78 ,23.8 ,23.82 ,23.77 ,23.78 ,23.79 ,23.77 ,23.79 ,23.85 ,23.91 ,23.76 ,23.68 ,23.72 ,23.79 ,23.86 ,23.89 ,23.77 ,23.84 ,23.88 ,23.81 ,23.72 ,23.8 ,23.82 ,23.83 ,23.81 ,23.93 ,23.91 ,23.82 ,23.89 ,23.89 ,23.87 ,23.82 ,23.78 ,23.76 ,23.87 ,23.93 ,23.83 ,23.83 ,23.89 ,23.9 ,23.87 ,23.91 ,23.93 ,23.78 ,23.87 ,23.94 ,23.92 ,23.88 ,23.89 ,23.84 ,23.8 ,23.76 ,23.76 ,23.91 ,23.95 ,23.82 ,23.8 ,23.93 ,23.98 ,24.02 ,23.94 ,23.89 ,23.83 ,23.94 ,23.96 ,23.84 ,23.93 ,23.91 ,23.96 ,23.91 ,23.96 ,23.99 ,23.96 ,23.98 ,23.91 ,23.87 ,23.88 ,23.86 ,23.85 ,23.86 ,23.85 ,23.89 ,23.92 ,23.84 ,23.87 ,23.82 ,23.82 ,23.87 ,23.92 ,23.91 ,23.95 ,23.87 ,23.87 ,23.86 ,23.86 ,23.9 ,23.96 ,23.95 ,23.84 ,23.84 ,23.84 ,23.83 ,23.86 ,23.92 ,23.88 ,23.83 ,23.85 ,23.83 ,23.9 ,23.86 ,23.93 ,23.87 ,23.83 ,23.76 ,23.75 ,23.77 ,23.79 ,23.88 ,23.83 ,23.86 ,23.99 ,23.95 ,23.83 ,23.79 ,23.88 ,23.87 ,23.78 ,23.78 ,23.88 ,23.91 ,23.8 ,23.92 ,23.83 ,23.76 ,23.86 ,23.89 ,23.91 ,23.89 ,23.83 ,23.86 ,23.86 ,23.92 ,23.84 ,23.88 ,23.83 ,23.85 ,23.84 ,23.78 ,23.82 ,23.82 ,23.84 ,23.79 ,23.78 ,23.89 ,23.82 ,23.74 ,23.73 ,23.8 ,23.95 ,23.82 ,23.84 ,23.89 ,23.86 ,23.83 ,23.76 ,23.85 ,23.85 ,23.78 ,23.85 ,23.88 ,23.86 ,23.96 ,23.89 ,23.9 ,24.01 ,23.85 ,23.92 ,23.88 ,23.81 ,23.79 ,23.85 ,23.89 ,23.89 ,23.83 ,23.77 ,23.84 ,23.87 ,23.79 ,23.74 ,23.83 ,23.87 ,23.81 ,23.94 ,23.87 ,23.75 ,23.81 ,23.91 ,23.79 ,23.86 ,23.88 ,23.86 ,23.85 ,23.78 ,23.81 ,23.83 ,23.81 ,23.8 ,23.81 ,23.91 ,23.9 ,23.88 ,23.87 ,23.86 ,23.87 ,23.86 ,23.88 ,23.86 ,23.81 ,23.84 ,23.74 ,23.75 ,23.76 ,23.79 ,23.82 ,23.77 ,23.87 ,23.87 ,23.78 ,23.74 ,23.77 ,23.69 ,23.7 ,23.82 ,23.83 ,23.82 ,23.76 ,23.78 ,23.8 ,23.88 ,23.83 ,23.8 ,23.85 ,23.83 ,23.86 ,23.85 ,23.81 ,23.84 ,23.88 ,23.93 ,23.88 ,23.77 ,23.84 ,23.81 ,23.74 ,23.85 ,23.74 ,23.7 ,23.68 ,23.81 ,23.83 ,23.8 ,23.7 ,23.74 ,23.82 ,23.82 ,23.72 ,23.73 ,23.7 ,23.66 ,23.85 ,23.81 ,23.8 ,23.78 ,23.75 ,23.74 ,23.72 ,23.75 ,23.83 ,23.8 ,23.73 ,23.79 ,23.78 ,23.65 ,23.58 ,23.63 ,23.73 ,23.72 ,23.78 ,23.77 ,23.82 ,23.78 ,23.73 ,23.76 ,23.66 ,23.64 ,23.72 ,23.64 ,23.58 ,23.66 ,23.65 ,23.69 ,23.73 ,23.79 ,23.72 ,23.67 ,23.58 ,23.53 ,23.58 ,23.6 ,23.55 ,23.45 ,23.48 ,23.34 ,23.18 ,23.24 ,23.23 ,23.28 ,23.33 ,23.24 ,23.2 ,23.31 ,23.28 ,23.27 ,23.21 ,23.22 ,23.22 ,23.2 ,23.23 ,23.2 ,23.17 ,23.19 ,23.27 ,23.28 ,23.19 ,23.27 ,23.26 ,23.2 ,23.34 ,23.36 ,23.33 ,23.15 ,23.21 ,23.37 ,23.26 ,23.25 ,23.15 ,23.21 ,23.28 ,23.22 ,22.92 ,22.84 ,22.84 ,22.89 ,22.89 ,22.88 ,22.89 ,22.96 ,22.93 ,23.11 ,23.25 ,23.33 ,23.39 ,23.36 ,23.32 ,23.45 ,23.52 ,23.43 ,23.38 ,23.49 ,23.51 ,23.39 ,23.47 ,23.49 ,23.5 ,23.45 ,23.48 ,23.49 ,23.42 ,23.45 ,23.53 ,23.45 ,23.45 ,23.57 ,23.6 ,23.6 ,23.52 ,23.49 ,23.45 ,23.47 ,23.34 ,23.42 ,23.45 ,23.49 ,23.45 ,23.51 ,23.5 ,23.4 ,23.46 ,23.53 ,23.53 ,23.59 ,23.49 ,23.48 ,23.4 ,23.49 ,23.62 ,23.61 ,23.5 ,23.49 ,23.49 ,23.57 ,23.37 ,23.33 ,
448,23.28 ,23.28 ,23.33 ,23.42 ,23.37 ,23.34 ,23.41 ,23.36 ,23.35 ,23.41 ,23.3 ,23.33 ,23.43 ,23.33 ,23.45 ,23.46 ,23.37 ,23.52 ,23.59 ,23.55 ,23.39 ,23.35 ,23.45 ,23.36 ,23.34 ,23.41 ,23.53 ,23.51 ,23.46 ,23.52 ,23.45 ,23.43 ,23.44 ,23.45 ,23.48 ,23.46 ,23.44 ,23.54 ,23.6 ,23.42 ,23.46 ,23.44 ,23.37 ,23.42 ,23.54 ,23.55 ,23.49 ,23.54 ,23.58 ,23.53 ,23.51 ,23.53 ,23.52 ,23.63 ,23.55 ,23.53 ,23.45 ,23.51 ,23.62 ,23.61 ,23.6 ,23.6 ,23.58 ,23.63 ,23.6 ,23.52 ,23.57 ,23.52 ,23.56 ,23.53 ,23.57 ,23.52 ,23.57 ,23.63 ,23.56 ,23.65 ,23.73 ,23.66 ,23.63 ,23.61 ,23.58 ,23.47 ,23.5 ,23.67 ,23.67 ,23.71 ,23.59 ,23.6 ,23.65 ,23.63 ,23.7 ,23.71 ,23.61 ,23.69 ,23.55 ,23.51 ,23.58 ,23.56 ,23.63 ,23.61 ,23.65 ,23.65 ,23.63 ,23.64 ,23.73 ,23.76 ,23.71 ,23.63 ,23.72 ,23.67 ,23.58 ,23.64 ,23.62 ,23.65 ,23.59 ,23.6 ,23.67 ,23.6 ,23.55 ,23.54 ,23.56 ,23.58 ,23.6 ,23.65 ,23.66 ,23.67 ,23.69 ,23.59 ,23.63 ,23.58 ,23.61 ,23.72 ,23.67 ,23.67 ,23.72 ,23.64 ,23.63 ,23.77 ,23.77 ,23.76 ,23.75 ,23.65 ,23.64 ,23.58 ,23.58 ,23.82 ,23.79 ,23.71 ,23.81 ,23.79 ,23.75 ,23.73 ,23.68 ,23.7 ,23.69 ,23.61 ,23.55 ,23.57 ,23.65 ,23.71 ,23.73 ,23.65 ,23.74 ,23.77 ,23.77 ,23.77 ,23.71 ,23.77 ,23.8 ,23.81 ,23.76 ,23.73 ,23.65 ,23.64 ,23.71 ,23.75 ,23.78 ,23.77 ,23.75 ,23.74 ,23.74 ,23.76 ,23.8 ,23.77 ,23.8 ,23.69 ,23.78 ,23.82 ,23.74 ,23.67 ,23.66 ,23.74 ,23.68 ,23.76 ,23.7 ,23.68 ,23.63 ,23.71 ,23.79 ,23.74 ,23.75 ,23.81 ,23.76 ,23.69 ,23.68 ,23.79 ,23.73 ,23.67 ,23.78 ,23.83 ,23.83 ,23.87 ,23.73 ,23.68 ,23.66 ,23.77 ,23.82 ,23.78 ,23.85 ,23.83 ,23.75 ,23.82 ,23.67 ,23.75 ,23.87 ,23.85 ,23.83 ,23.79 ,23.8 ,23.8 ,23.82 ,23.77 ,23.86 ,23.82 ,23.77 ,23.81 ,23.86 ,23.85 ,23.85 ,23.82 ,23.84 ,23.81 ,23.8 ,23.76 ,23.85 ,23.91 ,23.78 ,23.74 ,23.88 ,23.98 ,23.85 ,23.76 ,23.86 ,23.91 ,23.79 ,23.78 ,23.9 ,23.91 ,23.81 ,23.77 ,23.78 ,23.89 ,23.97 ,23.9 ,23.83 ,23.91 ,23.92 ,23.9 ,23.88 ,23.84 ,23.77 ,23.84 ,23.94 ,24.03 ,23.88 ,23.84 ,23.8 ,23.8 ,23.84 ,23.89 ,23.91 ,23.96 ,23.93 ,23.91 ,23.9 ,23.89 ,23.97 ,23.97 ,23.93 ,23.84 ,23.83 ,23.87 ,23.86 ,23.93 ,23.91 ,23.9 ,23.9 ,24 ,23.92 ,23.9 ,23.88 ,23.86 ,23.85 ,23.97 ,23.97 ,23.83 ,23.84 ,23.89 ,23.95 ,23.94 ,23.89 ,23.94 ,23.93 ,23.87 ,23.94 ,23.96 ,23.96 ,23.93 ,23.89 ,23.92 ,23.87 ,23.92 ,23.97 ,23.99 ,24.03 ,23.89 ,23.86 ,23.94 ,23.88 ,23.96 ,24 ,23.92 ,23.89 ,23.86 ,23.9 ,23.84 ,23.83 ,23.86 ,23.83 ,23.85 ,23.91 ,23.88 ,23.85 ,23.88 ,23.91 ,23.95 ,23.91 ,23.96 ,23.91 ,23.87 ,23.81 ,23.84 ,23.94 ,23.88 ,23.91 ,23.95 ,23.91 ,23.83 ,23.94 ,23.92 ,23.78 ,23.93 ,23.91 ,23.82 ,23.88 ,23.85 ,23.87 ,23.89 ,23.9 ,23.86 ,23.85 ,23.86 ,23.86 ,23.92 ,23.81 ,23.73 ,23.81 ,23.87 ,23.86 ,23.78 ,23.84 ,23.83 ,23.85 ,23.76 ,23.79 ,23.89 ,23.74 ,23.78 ,23.79 ,23.9 ,23.85 ,23.87 ,23.84 ,23.82 ,23.86 ,23.82 ,23.84 ,23.86 ,23.85 ,23.8 ,23.86 ,23.94 ,23.96 ,23.92 ,23.87 ,23.85 ,23.77 ,23.82 ,23.87 ,23.83 ,23.87 ,23.81 ,23.75 ,23.81 ,23.8 ,23.83 ,23.82 ,23.9 ,23.84 ,23.91 ,23.87 ,23.79 ,23.85 ,23.97 ,23.9 ,23.8 ,23.89 ,23.94 ,23.91 ,23.85 ,23.85 ,23.94 ,23.79 ,23.74 ,23.8 ,23.85 ,23.89 ,23.94 ,23.89 ,23.84 ,23.81 ,23.9 ,23.86 ,23.87 ,23.82 ,23.81 ,23.73 ,23.77 ,23.81 ,23.82 ,23.72 ,23.77 ,23.9 ,23.9 ,23.85 ,23.86 ,23.77 ,23.77 ,23.8 ,23.78 ,23.86 ,23.84 ,23.75 ,23.78 ,23.81 ,23.89 ,23.86 ,23.81 ,23.8 ,23.78 ,23.74 ,23.9 ,23.88 ,23.83 ,23.79 ,23.82 ,23.85 ,23.84 ,23.85 ,23.79 ,23.73 ,23.87 ,23.8 ,23.73 ,23.7 ,23.76 ,23.78 ,23.82 ,23.79 ,23.64 ,23.82 ,23.82 ,23.79 ,23.86 ,23.73 ,23.7 ,23.76 ,23.82 ,23.72 ,23.66 ,23.78 ,23.83 ,23.77 ,23.8 ,23.92 ,23.91 ,23.8 ,23.87 ,23.79 ,23.72 ,23.64 ,23.66 ,23.78 ,23.8 ,23.76 ,23.65 ,23.74 ,23.71 ,23.74 ,23.75 ,23.75 ,23.67 ,23.71 ,23.76 ,23.75 ,23.7 ,23.63 ,23.54 ,23.66 ,23.76 ,23.67 ,23.62 ,23.59 ,23.55 ,23.57 ,23.58 ,23.56 ,23.48 ,23.5 ,23.34 ,23.27 ,23.3 ,23.14 ,23.33 ,23.49 ,23.29 ,23.22 ,23.39 ,23.37 ,23.29 ,23.28 ,23.29 ,23.3 ,23.28 ,23.32 ,23.32 ,23.27 ,23.3 ,23.34 ,23.22 ,23.21 ,23.34 ,23.24 ,23.26 ,23.3 ,23.28 ,23.25 ,23.15 ,23.15 ,23.24 ,23.25 ,23.18 ,23.19 ,23.18 ,23.23 ,23.16 ,23.02 ,22.91 ,22.9 ,22.87 ,22.88 ,22.96 ,22.94 ,23.02 ,22.93 ,22.99 ,23.03 ,23.18 ,23.31 ,23.36 ,23.29 ,23.45 ,23.52 ,23.41 ,23.33 ,23.42 ,23.47 ,23.44 ,23.48 ,23.53 ,23.51 ,23.51 ,23.42 ,23.44 ,23.47 ,23.51 ,23.52 ,23.44 ,23.46 ,23.45 ,23.58 ,23.6 ,23.52 ,23.4 ,23.42 ,23.41 ,23.46 ,23.42 ,23.52 ,23.57 ,23.5 ,23.54 ,23.44 ,23.48 ,23.46 ,23.53 ,23.52 ,23.55 ,23.48 ,23.44 ,23.48 ,23.55 ,23.56 ,23.65 ,23.51 ,23.42 ,23.51 ,23.61 ,23.55 ,23.44 ,
449,23.36 ,23.33 ,23.36 ,23.46 ,23.45 ,23.36 ,23.37 ,23.47 ,23.46 ,23.38 ,23.4 ,23.45 ,23.43 ,23.27 ,23.32 ,23.34 ,23.3 ,23.36 ,23.47 ,23.53 ,23.41 ,23.38 ,23.46 ,23.43 ,23.43 ,23.35 ,23.39 ,23.52 ,23.39 ,23.45 ,23.48 ,23.45 ,23.55 ,23.56 ,23.48 ,23.49 ,23.47 ,23.53 ,23.49 ,23.46 ,23.51 ,23.49 ,23.4 ,23.47 ,23.52 ,23.56 ,23.54 ,23.57 ,23.57 ,23.64 ,23.59 ,23.51 ,23.54 ,23.61 ,23.61 ,23.47 ,23.38 ,23.51 ,23.66 ,23.62 ,23.62 ,23.67 ,23.55 ,23.57 ,23.61 ,23.54 ,23.54 ,23.52 ,23.5 ,23.51 ,23.56 ,23.54 ,23.55 ,23.66 ,23.63 ,23.59 ,23.66 ,23.64 ,23.62 ,23.62 ,23.6 ,23.52 ,23.53 ,23.62 ,23.56 ,23.72 ,23.67 ,23.58 ,23.62 ,23.62 ,23.64 ,23.67 ,23.67 ,23.67 ,23.61 ,23.61 ,23.58 ,23.6 ,23.63 ,23.6 ,23.65 ,23.74 ,23.61 ,23.57 ,23.65 ,23.57 ,23.59 ,23.67 ,23.74 ,23.67 ,23.54 ,23.57 ,23.53 ,23.57 ,23.51 ,23.5 ,23.64 ,23.72 ,23.62 ,23.53 ,23.66 ,23.61 ,23.53 ,23.71 ,23.65 ,23.55 ,23.54 ,23.65 ,23.66 ,23.61 ,23.67 ,23.62 ,23.49 ,23.67 ,23.79 ,23.66 ,23.66 ,23.75 ,23.72 ,23.72 ,23.67 ,23.68 ,23.61 ,23.59 ,23.58 ,23.68 ,23.71 ,23.68 ,23.67 ,23.73 ,23.68 ,23.74 ,23.67 ,23.61 ,23.67 ,23.7 ,23.62 ,23.52 ,23.54 ,23.69 ,23.67 ,23.6 ,23.58 ,23.7 ,23.82 ,23.73 ,23.71 ,23.69 ,23.64 ,23.72 ,23.74 ,23.66 ,23.64 ,23.7 ,23.76 ,23.72 ,23.76 ,23.74 ,23.84 ,23.78 ,23.75 ,23.83 ,23.8 ,23.71 ,23.77 ,23.68 ,23.75 ,23.78 ,23.73 ,23.72 ,23.65 ,23.74 ,23.71 ,23.66 ,23.75 ,23.73 ,23.58 ,23.71 ,23.84 ,23.78 ,23.84 ,23.76 ,23.72 ,23.7 ,23.68 ,23.79 ,23.76 ,23.71 ,23.72 ,23.91 ,24 ,23.94 ,23.74 ,23.69 ,23.76 ,23.71 ,23.73 ,23.8 ,23.82 ,23.88 ,23.77 ,23.81 ,23.81 ,23.75 ,23.83 ,23.8 ,23.78 ,23.73 ,23.77 ,23.82 ,23.74 ,23.75 ,23.86 ,23.82 ,23.77 ,23.78 ,23.86 ,23.83 ,23.82 ,23.85 ,23.77 ,23.84 ,23.91 ,23.79 ,23.81 ,23.88 ,23.78 ,23.76 ,23.87 ,23.87 ,23.83 ,23.82 ,23.92 ,23.92 ,23.88 ,23.82 ,23.85 ,23.94 ,23.87 ,23.8 ,23.82 ,23.88 ,23.81 ,23.84 ,23.91 ,23.86 ,23.81 ,23.85 ,23.86 ,23.82 ,23.65 ,23.79 ,23.89 ,23.9 ,23.89 ,23.89 ,23.86 ,23.86 ,23.86 ,23.92 ,23.95 ,23.88 ,23.96 ,24 ,23.84 ,23.84 ,23.99 ,23.99 ,23.94 ,23.89 ,23.84 ,23.93 ,23.88 ,23.94 ,23.96 ,23.92 ,23.79 ,23.9 ,23.93 ,23.92 ,23.91 ,23.82 ,23.87 ,23.94 ,23.88 ,23.87 ,23.79 ,23.87 ,23.94 ,23.91 ,23.89 ,23.96 ,23.96 ,23.89 ,23.88 ,23.98 ,24 ,23.94 ,23.93 ,23.92 ,23.85 ,23.8 ,23.93 ,24 ,23.92 ,23.91 ,24 ,24.04 ,23.9 ,23.8 ,23.99 ,23.93 ,23.86 ,23.92 ,23.9 ,23.82 ,23.84 ,23.92 ,23.89 ,23.89 ,23.86 ,23.92 ,23.85 ,23.85 ,23.86 ,23.86 ,23.91 ,23.88 ,23.88 ,23.99 ,23.94 ,23.87 ,23.91 ,23.91 ,23.9 ,23.92 ,23.9 ,23.84 ,23.9 ,23.86 ,23.83 ,23.89 ,23.89 ,23.77 ,23.84 ,23.8 ,23.82 ,23.93 ,23.97 ,23.94 ,23.95 ,23.87 ,23.84 ,23.89 ,23.87 ,23.74 ,23.71 ,23.8 ,23.9 ,23.88 ,23.88 ,23.89 ,23.9 ,23.94 ,23.81 ,23.89 ,23.84 ,23.81 ,23.78 ,23.82 ,23.9 ,23.86 ,23.88 ,23.84 ,23.81 ,23.82 ,23.81 ,23.86 ,23.9 ,23.79 ,23.85 ,23.89 ,23.89 ,23.94 ,23.85 ,23.88 ,23.89 ,23.77 ,23.8 ,23.83 ,23.86 ,23.87 ,23.77 ,23.77 ,23.8 ,23.88 ,23.92 ,23.79 ,23.81 ,23.9 ,23.86 ,23.81 ,23.91 ,23.9 ,23.84 ,23.82 ,23.82 ,23.9 ,23.9 ,23.82 ,23.81 ,23.9 ,23.81 ,23.7 ,23.89 ,23.91 ,23.88 ,23.92 ,23.83 ,23.76 ,23.79 ,23.78 ,23.8 ,23.8 ,23.76 ,23.8 ,23.75 ,23.79 ,23.76 ,23.84 ,23.79 ,23.78 ,23.89 ,23.9 ,23.74 ,23.86 ,23.81 ,23.76 ,23.79 ,23.75 ,23.83 ,23.77 ,23.73 ,23.78 ,23.79 ,23.81 ,23.87 ,23.87 ,23.75 ,23.64 ,23.66 ,23.8 ,23.87 ,23.87 ,23.81 ,23.88 ,23.83 ,23.78 ,23.79 ,23.79 ,23.71 ,23.76 ,23.7 ,23.77 ,23.66 ,23.74 ,23.8 ,23.82 ,23.87 ,23.77 ,23.81 ,23.91 ,23.79 ,23.81 ,23.73 ,23.71 ,23.75 ,23.65 ,23.63 ,23.71 ,23.91 ,23.88 ,23.77 ,23.86 ,23.83 ,23.84 ,23.77 ,23.77 ,23.78 ,23.66 ,23.73 ,23.62 ,23.59 ,23.72 ,23.68 ,23.67 ,23.65 ,23.61 ,23.62 ,23.71 ,23.7 ,23.69 ,23.65 ,23.73 ,23.81 ,23.62 ,23.64 ,23.61 ,23.69 ,23.74 ,23.72 ,23.68 ,23.64 ,23.59 ,23.57 ,23.61 ,23.55 ,23.5 ,23.47 ,23.32 ,23.28 ,23.24 ,23.14 ,23.29 ,23.37 ,23.32 ,23.29 ,23.49 ,23.46 ,23.27 ,23.28 ,23.34 ,23.33 ,23.33 ,23.28 ,23.31 ,23.38 ,23.31 ,23.32 ,23.26 ,23.31 ,23.27 ,23.26 ,23.22 ,23.32 ,23.22 ,23.15 ,23.16 ,23.09 ,23.13 ,23.16 ,23.1 ,22.99 ,23.05 ,23.02 ,22.98 ,22.94 ,22.98 ,22.95 ,22.92 ,22.76 ,22.79 ,22.94 ,22.97 ,22.95 ,22.97 ,22.94 ,22.97 ,23.16 ,23.32 ,23.39 ,23.45 ,23.42 ,23.44 ,23.41 ,23.39 ,23.44 ,23.46 ,23.45 ,23.47 ,23.45 ,23.54 ,23.56 ,23.46 ,23.49 ,23.53 ,23.53 ,23.43 ,23.36 ,23.5 ,23.58 ,23.63 ,23.6 ,23.49 ,23.45 ,23.49 ,23.51 ,23.48 ,23.45 ,23.53 ,23.51 ,23.44 ,23.55 ,23.48 ,23.44 ,23.48 ,23.49 ,23.51 ,23.47 ,23.39 ,23.44 ,23.6 ,23.52 ,23.58 ,23.44 ,23.45 ,23.55 ,23.53 ,23.52 ,23.47 ,
450,23.37 ,23.3 ,23.28 ,23.37 ,23.28 ,23.32 ,23.38 ,23.44 ,23.44 ,23.43 ,23.39 ,23.38 ,23.45 ,23.38 ,23.35 ,23.32 ,23.34 ,23.36 ,23.36 ,23.44 ,23.39 ,23.38 ,23.42 ,23.37 ,23.39 ,23.36 ,23.44 ,23.5 ,23.34 ,23.42 ,23.42 ,23.45 ,23.53 ,23.58 ,23.43 ,23.46 ,23.45 ,23.52 ,23.57 ,23.47 ,23.53 ,23.49 ,23.5 ,23.52 ,23.54 ,23.52 ,23.57 ,23.58 ,23.54 ,23.51 ,23.47 ,23.51 ,23.49 ,23.52 ,23.51 ,23.53 ,23.4 ,23.47 ,23.57 ,23.56 ,23.56 ,23.6 ,23.54 ,23.57 ,23.58 ,23.47 ,23.47 ,23.61 ,23.58 ,23.6 ,23.59 ,23.6 ,23.7 ,23.59 ,23.57 ,23.57 ,23.65 ,23.67 ,23.57 ,23.59 ,23.66 ,23.57 ,23.52 ,23.61 ,23.6 ,23.7 ,23.72 ,23.68 ,23.58 ,23.56 ,23.61 ,23.59 ,23.71 ,23.7 ,23.6 ,23.64 ,23.59 ,23.57 ,23.55 ,23.57 ,23.61 ,23.65 ,23.63 ,23.57 ,23.58 ,23.58 ,23.56 ,23.65 ,23.66 ,23.65 ,23.57 ,23.64 ,23.61 ,23.57 ,23.57 ,23.57 ,23.63 ,23.65 ,23.61 ,23.6 ,23.66 ,23.67 ,23.56 ,23.73 ,23.71 ,23.56 ,23.59 ,23.66 ,23.71 ,23.64 ,23.7 ,23.67 ,23.56 ,23.64 ,23.72 ,23.68 ,23.66 ,23.79 ,23.72 ,23.61 ,23.62 ,23.64 ,23.57 ,23.59 ,23.66 ,23.61 ,23.62 ,23.67 ,23.69 ,23.74 ,23.7 ,23.71 ,23.68 ,23.62 ,23.68 ,23.65 ,23.63 ,23.58 ,23.63 ,23.67 ,23.7 ,23.69 ,23.65 ,23.59 ,23.72 ,23.73 ,23.7 ,23.76 ,23.67 ,23.63 ,23.74 ,23.68 ,23.7 ,23.73 ,23.78 ,23.75 ,23.69 ,23.65 ,23.79 ,23.79 ,23.71 ,23.74 ,23.8 ,23.69 ,23.83 ,23.79 ,23.74 ,23.73 ,23.73 ,23.76 ,23.74 ,23.74 ,23.79 ,23.73 ,23.68 ,23.71 ,23.65 ,23.67 ,23.78 ,23.75 ,23.71 ,23.7 ,23.71 ,23.64 ,23.72 ,23.77 ,23.74 ,23.77 ,23.81 ,23.83 ,23.88 ,23.9 ,23.85 ,23.8 ,23.79 ,23.78 ,23.79 ,23.82 ,23.92 ,23.86 ,23.76 ,23.77 ,23.78 ,23.84 ,23.87 ,23.87 ,23.83 ,23.81 ,23.77 ,23.8 ,23.8 ,23.81 ,23.88 ,23.8 ,23.74 ,23.87 ,23.89 ,23.84 ,23.73 ,23.8 ,23.75 ,23.86 ,23.93 ,23.82 ,23.84 ,23.88 ,23.83 ,23.75 ,23.85 ,23.76 ,23.86 ,23.91 ,23.91 ,23.91 ,23.87 ,23.87 ,23.89 ,23.91 ,23.91 ,23.9 ,23.93 ,23.93 ,23.8 ,23.77 ,23.92 ,23.85 ,23.82 ,23.86 ,23.84 ,23.81 ,23.74 ,23.79 ,23.89 ,23.85 ,23.89 ,23.87 ,23.87 ,23.85 ,23.8 ,23.89 ,23.96 ,23.92 ,23.93 ,23.94 ,23.82 ,23.82 ,23.92 ,23.94 ,23.82 ,23.92 ,23.94 ,23.94 ,23.97 ,23.88 ,23.92 ,24.01 ,23.88 ,23.87 ,23.89 ,23.88 ,23.87 ,23.85 ,23.93 ,23.98 ,23.91 ,23.9 ,23.9 ,23.87 ,23.86 ,23.87 ,23.88 ,23.94 ,24.02 ,23.94 ,23.87 ,23.86 ,23.89 ,23.96 ,23.91 ,23.87 ,23.86 ,23.95 ,23.89 ,24 ,23.99 ,23.91 ,23.95 ,24.01 ,23.94 ,23.88 ,23.91 ,23.91 ,23.87 ,23.95 ,23.92 ,23.81 ,23.82 ,23.95 ,23.93 ,23.96 ,23.84 ,23.82 ,23.84 ,23.88 ,23.86 ,23.83 ,23.89 ,23.9 ,23.95 ,23.96 ,23.89 ,23.79 ,23.87 ,23.97 ,23.87 ,23.83 ,23.82 ,23.88 ,23.84 ,23.85 ,23.82 ,23.91 ,23.95 ,23.85 ,23.88 ,23.84 ,23.84 ,23.91 ,23.92 ,23.9 ,23.91 ,23.9 ,23.82 ,23.85 ,23.82 ,23.8 ,23.78 ,23.85 ,23.84 ,23.98 ,23.9 ,23.92 ,23.95 ,23.91 ,23.84 ,23.92 ,23.95 ,23.86 ,23.8 ,23.84 ,23.89 ,23.83 ,23.86 ,23.87 ,23.87 ,23.84 ,23.82 ,23.84 ,23.83 ,23.85 ,23.95 ,23.99 ,23.89 ,23.96 ,23.91 ,23.9 ,23.81 ,23.88 ,23.88 ,23.86 ,23.94 ,23.87 ,23.78 ,23.83 ,23.88 ,23.84 ,23.92 ,23.87 ,23.84 ,23.97 ,23.94 ,23.87 ,23.94 ,23.88 ,23.8 ,23.78 ,23.74 ,23.82 ,23.88 ,23.87 ,23.78 ,23.84 ,23.88 ,23.84 ,23.97 ,24.05 ,23.85 ,23.83 ,23.86 ,23.82 ,23.79 ,23.76 ,23.78 ,23.76 ,23.76 ,23.91 ,23.86 ,23.86 ,23.71 ,23.74 ,23.87 ,23.86 ,23.85 ,23.88 ,23.8 ,23.79 ,23.77 ,23.73 ,23.75 ,23.82 ,23.81 ,23.89 ,23.78 ,23.89 ,23.8 ,23.78 ,23.85 ,23.89 ,23.86 ,23.79 ,23.69 ,23.78 ,23.88 ,23.86 ,23.87 ,23.82 ,23.78 ,23.78 ,23.74 ,23.76 ,23.81 ,23.83 ,23.72 ,23.79 ,23.76 ,23.82 ,23.84 ,23.78 ,23.78 ,23.72 ,23.78 ,23.87 ,23.87 ,23.87 ,23.68 ,23.71 ,23.78 ,23.67 ,23.63 ,23.68 ,23.77 ,23.8 ,23.79 ,23.71 ,23.79 ,23.89 ,23.77 ,23.71 ,23.83 ,23.72 ,23.67 ,23.63 ,23.6 ,23.75 ,23.78 ,23.66 ,23.68 ,23.63 ,23.69 ,23.71 ,23.71 ,23.7 ,23.62 ,23.69 ,23.66 ,23.5 ,23.59 ,23.63 ,23.55 ,23.63 ,23.61 ,23.64 ,23.62 ,23.66 ,23.59 ,23.61 ,23.52 ,23.5 ,23.56 ,23.46 ,23.39 ,23.26 ,23.26 ,23.36 ,23.3 ,23.29 ,23.35 ,23.41 ,23.3 ,23.26 ,23.23 ,23.26 ,23.26 ,23.23 ,23.26 ,23.22 ,23.28 ,23.28 ,23.23 ,23.15 ,23.23 ,23.26 ,23.16 ,23.19 ,23.27 ,23.18 ,23.12 ,23.16 ,23.06 ,23.05 ,23.12 ,23.05 ,22.98 ,23.04 ,23.02 ,22.96 ,22.91 ,22.95 ,22.92 ,22.88 ,22.74 ,22.77 ,22.9 ,22.93 ,22.95 ,22.88 ,22.96 ,23.07 ,23.11 ,23.22 ,23.23 ,23.33 ,23.36 ,23.38 ,23.47 ,23.44 ,23.38 ,23.44 ,23.34 ,23.38 ,23.39 ,23.55 ,23.54 ,23.58 ,23.52 ,23.47 ,23.52 ,23.49 ,23.48 ,23.57 ,23.6 ,23.53 ,23.55 ,23.58 ,23.54 ,23.52 ,23.52 ,23.51 ,23.49 ,23.43 ,23.48 ,23.53 ,23.55 ,23.45 ,23.36 ,23.5 ,23.58 ,23.56 ,23.4 ,23.42 ,23.52 ,23.53 ,23.53 ,23.51 ,23.42 ,23.53 ,23.62 ,23.55 ,23.37 ,23.38 ,
451,23.29 ,23.22 ,23.26 ,23.37 ,23.29 ,23.23 ,23.36 ,23.43 ,23.35 ,23.37 ,23.36 ,23.38 ,23.43 ,23.41 ,23.35 ,23.4 ,23.29 ,23.36 ,23.45 ,23.43 ,23.37 ,23.43 ,23.41 ,23.34 ,23.35 ,23.48 ,23.46 ,23.44 ,23.28 ,23.45 ,23.57 ,23.38 ,23.4 ,23.49 ,23.48 ,23.51 ,23.43 ,23.51 ,23.59 ,23.56 ,23.47 ,23.52 ,23.57 ,23.59 ,23.49 ,23.55 ,23.53 ,23.54 ,23.54 ,23.51 ,23.44 ,23.54 ,23.51 ,23.46 ,23.47 ,23.45 ,23.51 ,23.54 ,23.48 ,23.52 ,23.59 ,23.55 ,23.59 ,23.56 ,23.61 ,23.55 ,23.58 ,23.7 ,23.69 ,23.54 ,23.57 ,23.58 ,23.54 ,23.64 ,23.6 ,23.63 ,23.7 ,23.69 ,23.62 ,23.53 ,23.62 ,23.64 ,23.55 ,23.57 ,23.63 ,23.74 ,23.67 ,23.67 ,23.6 ,23.49 ,23.61 ,23.66 ,23.74 ,23.69 ,23.65 ,23.62 ,23.59 ,23.54 ,23.6 ,23.56 ,23.57 ,23.56 ,23.51 ,23.54 ,23.59 ,23.55 ,23.58 ,23.61 ,23.69 ,23.66 ,23.56 ,23.64 ,23.67 ,23.62 ,23.59 ,23.6 ,23.57 ,23.61 ,23.65 ,23.56 ,23.65 ,23.65 ,23.55 ,23.66 ,23.69 ,23.64 ,23.64 ,23.69 ,23.73 ,23.61 ,23.69 ,23.76 ,23.6 ,23.65 ,23.67 ,23.7 ,23.7 ,23.74 ,23.8 ,23.69 ,23.65 ,23.67 ,23.64 ,23.56 ,23.64 ,23.78 ,23.68 ,23.65 ,23.74 ,23.77 ,23.75 ,23.81 ,23.81 ,23.72 ,23.75 ,23.68 ,23.66 ,23.61 ,23.7 ,23.8 ,23.78 ,23.7 ,23.72 ,23.61 ,23.6 ,23.66 ,23.75 ,23.79 ,23.68 ,23.64 ,23.66 ,23.65 ,23.65 ,23.75 ,23.77 ,23.78 ,23.75 ,23.69 ,23.76 ,23.78 ,23.73 ,23.68 ,23.72 ,23.69 ,23.77 ,23.85 ,23.78 ,23.73 ,23.69 ,23.79 ,23.79 ,23.73 ,23.75 ,23.79 ,23.71 ,23.72 ,23.76 ,23.79 ,23.84 ,23.79 ,23.7 ,23.71 ,23.78 ,23.71 ,23.73 ,23.84 ,23.74 ,23.76 ,23.85 ,23.89 ,23.87 ,23.87 ,23.85 ,23.87 ,23.78 ,23.82 ,23.85 ,23.87 ,23.9 ,23.94 ,23.84 ,23.8 ,23.82 ,23.84 ,23.84 ,23.83 ,23.8 ,23.78 ,23.83 ,23.82 ,23.81 ,23.78 ,23.91 ,23.84 ,23.76 ,23.81 ,23.89 ,23.76 ,23.7 ,23.77 ,23.82 ,23.9 ,24.01 ,23.88 ,23.85 ,23.88 ,23.84 ,23.78 ,23.8 ,23.8 ,23.91 ,23.9 ,23.9 ,23.91 ,23.88 ,23.79 ,23.81 ,23.89 ,23.85 ,23.87 ,23.91 ,23.91 ,23.91 ,23.81 ,23.93 ,23.96 ,23.8 ,23.88 ,23.83 ,23.77 ,23.8 ,23.79 ,23.86 ,23.88 ,23.82 ,23.83 ,23.86 ,23.9 ,23.88 ,23.85 ,23.93 ,23.89 ,23.88 ,23.88 ,23.86 ,23.84 ,23.95 ,24 ,23.89 ,23.82 ,23.92 ,23.97 ,23.92 ,23.98 ,23.98 ,23.99 ,23.93 ,23.91 ,23.91 ,23.81 ,23.86 ,23.88 ,23.97 ,24.03 ,23.91 ,23.87 ,23.93 ,23.91 ,23.9 ,23.91 ,23.97 ,23.89 ,23.89 ,23.92 ,23.92 ,23.93 ,23.83 ,23.86 ,23.87 ,23.92 ,23.86 ,23.92 ,24 ,23.91 ,23.94 ,23.93 ,23.92 ,23.95 ,24.03 ,23.96 ,23.87 ,23.87 ,23.88 ,23.94 ,23.96 ,23.87 ,23.83 ,23.96 ,24.03 ,23.99 ,23.88 ,23.9 ,23.87 ,23.85 ,23.94 ,23.95 ,23.94 ,23.93 ,23.87 ,23.83 ,23.83 ,23.82 ,23.87 ,23.87 ,23.88 ,23.83 ,23.86 ,23.78 ,23.76 ,23.84 ,23.91 ,23.87 ,23.98 ,23.92 ,23.88 ,23.85 ,23.86 ,23.98 ,23.93 ,23.86 ,23.84 ,23.82 ,23.77 ,23.86 ,23.87 ,23.8 ,23.82 ,23.94 ,23.96 ,23.87 ,23.82 ,23.78 ,23.89 ,23.88 ,23.83 ,23.91 ,23.89 ,23.83 ,23.85 ,23.85 ,23.84 ,23.8 ,23.8 ,23.83 ,23.87 ,23.89 ,23.83 ,23.88 ,23.83 ,23.75 ,23.9 ,23.93 ,23.83 ,23.93 ,23.97 ,23.91 ,23.8 ,23.88 ,24.01 ,23.97 ,23.89 ,23.83 ,23.78 ,23.82 ,23.89 ,23.85 ,23.86 ,23.87 ,23.88 ,23.9 ,23.89 ,23.82 ,23.85 ,23.95 ,23.82 ,23.81 ,23.73 ,23.78 ,23.9 ,23.85 ,23.79 ,23.84 ,23.92 ,23.94 ,23.94 ,23.94 ,23.98 ,23.9 ,23.85 ,23.86 ,23.85 ,23.81 ,23.75 ,23.68 ,23.8 ,23.93 ,23.84 ,23.81 ,23.8 ,23.78 ,23.86 ,23.87 ,23.81 ,23.8 ,23.79 ,23.79 ,23.79 ,23.73 ,23.77 ,23.83 ,23.87 ,23.79 ,23.81 ,23.8 ,23.77 ,23.81 ,23.85 ,23.79 ,23.88 ,23.85 ,23.76 ,23.9 ,23.86 ,23.85 ,23.81 ,23.84 ,23.83 ,23.76 ,23.73 ,23.73 ,23.73 ,23.87 ,23.77 ,23.82 ,23.82 ,23.79 ,23.77 ,23.77 ,23.82 ,23.72 ,23.78 ,23.79 ,23.79 ,23.84 ,23.75 ,23.77 ,23.81 ,23.76 ,23.72 ,23.71 ,23.67 ,23.68 ,23.77 ,23.68 ,23.74 ,23.86 ,23.75 ,23.75 ,23.81 ,23.74 ,23.67 ,23.64 ,23.69 ,23.83 ,23.81 ,23.77 ,23.73 ,23.69 ,23.67 ,23.74 ,23.78 ,23.69 ,23.63 ,23.68 ,23.74 ,23.54 ,23.55 ,23.59 ,23.56 ,23.63 ,23.66 ,23.61 ,23.56 ,23.68 ,23.64 ,23.58 ,23.54 ,23.54 ,23.56 ,23.44 ,23.41 ,23.37 ,23.26 ,23.4 ,23.39 ,23.19 ,23.23 ,23.31 ,23.23 ,23.13 ,23.19 ,23.24 ,23.21 ,23.19 ,23.21 ,23.19 ,23.14 ,23.21 ,23.17 ,23.1 ,23.18 ,23.34 ,23.32 ,23.23 ,23.19 ,23.1 ,23.12 ,23.18 ,23.11 ,23.06 ,23.15 ,23.05 ,23.02 ,23.05 ,23.01 ,22.89 ,22.97 ,22.92 ,22.86 ,22.87 ,22.75 ,22.85 ,22.9 ,23.01 ,22.98 ,22.98 ,22.93 ,23.08 ,23.16 ,23.11 ,23.15 ,23.29 ,23.41 ,23.43 ,23.39 ,23.45 ,23.41 ,23.41 ,23.41 ,23.43 ,23.36 ,23.44 ,23.5 ,23.5 ,23.43 ,23.46 ,23.47 ,23.4 ,23.42 ,23.58 ,23.53 ,23.51 ,23.5 ,23.59 ,23.6 ,23.54 ,23.51 ,23.48 ,23.46 ,23.44 ,23.37 ,23.55 ,23.61 ,23.49 ,23.4 ,23.48 ,23.49 ,23.46 ,23.44 ,23.49 ,23.51 ,23.6 ,23.5 ,23.51 ,23.48 ,23.5 ,23.55 ,23.54 ,23.42 ,23.36 ,
452,23.33 ,23.22 ,23.28 ,23.31 ,23.27 ,23.29 ,23.43 ,23.36 ,23.37 ,23.36 ,23.39 ,23.43 ,23.51 ,23.45 ,23.29 ,23.42 ,23.3 ,23.33 ,23.41 ,23.44 ,23.29 ,23.37 ,23.47 ,23.38 ,23.39 ,23.46 ,23.49 ,23.44 ,23.37 ,23.45 ,23.56 ,23.4 ,23.28 ,23.37 ,23.43 ,23.52 ,23.51 ,23.54 ,23.49 ,23.44 ,23.44 ,23.41 ,23.56 ,23.51 ,23.51 ,23.56 ,23.59 ,23.52 ,23.54 ,23.54 ,23.53 ,23.56 ,23.57 ,23.51 ,23.51 ,23.52 ,23.51 ,23.59 ,23.49 ,23.47 ,23.55 ,23.56 ,23.58 ,23.58 ,23.62 ,23.6 ,23.68 ,23.75 ,23.69 ,23.59 ,23.53 ,23.56 ,23.58 ,23.61 ,23.64 ,23.58 ,23.59 ,23.65 ,23.59 ,23.49 ,23.52 ,23.57 ,23.58 ,23.58 ,23.53 ,23.72 ,23.76 ,23.69 ,23.68 ,23.55 ,23.55 ,23.6 ,23.68 ,23.69 ,23.56 ,23.66 ,23.62 ,23.57 ,23.52 ,23.61 ,23.59 ,23.54 ,23.54 ,23.54 ,23.61 ,23.7 ,23.67 ,23.53 ,23.59 ,23.57 ,23.48 ,23.51 ,23.63 ,23.64 ,23.65 ,23.62 ,23.59 ,23.7 ,23.7 ,23.53 ,23.54 ,23.7 ,23.63 ,23.66 ,23.69 ,23.58 ,23.58 ,23.63 ,23.64 ,23.58 ,23.68 ,23.75 ,23.65 ,23.58 ,23.63 ,23.66 ,23.71 ,23.71 ,23.72 ,23.73 ,23.67 ,23.7 ,23.68 ,23.61 ,23.69 ,23.71 ,23.72 ,23.61 ,23.68 ,23.78 ,23.73 ,23.73 ,23.79 ,23.7 ,23.73 ,23.74 ,23.63 ,23.61 ,23.66 ,23.76 ,23.78 ,23.72 ,23.67 ,23.69 ,23.62 ,23.67 ,23.75 ,23.76 ,23.68 ,23.63 ,23.63 ,23.52 ,23.62 ,23.74 ,23.78 ,23.69 ,23.62 ,23.72 ,23.78 ,23.78 ,23.77 ,23.81 ,23.76 ,23.66 ,23.67 ,23.78 ,23.77 ,23.68 ,23.72 ,23.73 ,23.79 ,23.79 ,23.8 ,23.83 ,23.74 ,23.7 ,23.73 ,23.79 ,23.78 ,23.83 ,23.78 ,23.81 ,23.77 ,23.68 ,23.73 ,23.76 ,23.76 ,23.72 ,23.79 ,23.81 ,23.79 ,23.84 ,23.81 ,23.81 ,23.75 ,23.83 ,23.91 ,23.9 ,23.81 ,23.89 ,23.86 ,23.87 ,23.82 ,23.91 ,23.91 ,23.83 ,23.82 ,23.77 ,23.81 ,23.84 ,23.81 ,23.78 ,23.83 ,23.84 ,23.8 ,23.81 ,23.88 ,23.8 ,23.7 ,23.74 ,23.75 ,23.81 ,23.85 ,23.89 ,23.87 ,23.84 ,23.82 ,23.82 ,23.85 ,23.74 ,23.82 ,23.87 ,23.88 ,23.92 ,23.9 ,23.84 ,23.83 ,23.87 ,23.81 ,23.8 ,23.82 ,23.84 ,23.98 ,23.94 ,23.89 ,23.88 ,23.85 ,23.87 ,23.91 ,23.79 ,23.76 ,23.85 ,23.82 ,23.82 ,23.88 ,23.89 ,23.91 ,23.88 ,23.9 ,23.81 ,23.81 ,23.98 ,23.86 ,23.92 ,23.94 ,23.94 ,23.93 ,23.88 ,23.86 ,23.84 ,23.89 ,23.97 ,23.93 ,23.93 ,24.01 ,23.99 ,23.89 ,23.94 ,23.95 ,23.84 ,23.93 ,23.89 ,23.94 ,23.94 ,23.86 ,23.88 ,23.9 ,23.96 ,23.89 ,23.84 ,24.04 ,23.99 ,23.89 ,23.99 ,23.98 ,23.94 ,23.89 ,23.88 ,23.89 ,23.92 ,23.85 ,23.87 ,24.02 ,23.85 ,23.84 ,23.9 ,23.98 ,23.99 ,23.94 ,23.94 ,23.91 ,23.83 ,23.84 ,23.93 ,23.96 ,23.94 ,23.93 ,23.94 ,23.95 ,23.95 ,23.93 ,23.91 ,23.89 ,23.85 ,23.86 ,23.91 ,23.89 ,23.82 ,23.9 ,23.9 ,23.9 ,23.9 ,23.92 ,23.98 ,23.86 ,23.83 ,23.8 ,23.82 ,23.71 ,23.79 ,23.87 ,23.93 ,23.94 ,23.91 ,23.9 ,23.82 ,23.79 ,23.88 ,23.93 ,23.93 ,23.9 ,23.92 ,23.81 ,23.87 ,23.84 ,23.81 ,23.8 ,23.87 ,23.96 ,23.89 ,23.77 ,23.75 ,23.87 ,23.88 ,23.89 ,23.92 ,23.89 ,23.83 ,23.88 ,23.78 ,23.71 ,23.84 ,23.88 ,23.79 ,23.7 ,23.78 ,23.85 ,23.81 ,23.88 ,23.8 ,23.78 ,23.79 ,23.82 ,23.88 ,23.82 ,23.86 ,23.82 ,23.89 ,23.92 ,23.93 ,24.01 ,23.83 ,23.81 ,23.85 ,23.86 ,23.85 ,23.87 ,23.86 ,23.87 ,23.92 ,23.92 ,23.81 ,23.85 ,23.85 ,23.78 ,23.83 ,23.83 ,23.75 ,23.89 ,23.92 ,23.77 ,23.81 ,23.89 ,23.86 ,23.86 ,23.88 ,24.02 ,23.93 ,23.85 ,23.84 ,23.82 ,23.76 ,23.74 ,23.73 ,23.72 ,23.86 ,23.85 ,23.72 ,23.7 ,23.76 ,23.76 ,23.82 ,23.8 ,23.85 ,23.9 ,23.84 ,23.79 ,23.81 ,23.75 ,23.81 ,23.83 ,23.84 ,23.79 ,23.8 ,23.79 ,23.75 ,23.82 ,23.73 ,23.83 ,23.83 ,23.82 ,23.9 ,23.9 ,23.84 ,23.76 ,23.8 ,23.79 ,23.75 ,23.65 ,23.71 ,23.74 ,23.8 ,23.76 ,23.79 ,23.83 ,23.76 ,23.71 ,23.82 ,23.84 ,23.78 ,23.8 ,23.76 ,23.8 ,23.81 ,23.76 ,23.83 ,23.84 ,23.78 ,23.74 ,23.78 ,23.67 ,23.71 ,23.71 ,23.71 ,23.74 ,23.79 ,23.7 ,23.76 ,23.79 ,23.66 ,23.69 ,23.75 ,23.68 ,23.68 ,23.82 ,23.82 ,23.72 ,23.64 ,23.67 ,23.64 ,23.68 ,23.8 ,23.69 ,23.72 ,23.61 ,23.6 ,23.58 ,23.59 ,23.72 ,23.7 ,23.68 ,23.7 ,23.56 ,23.68 ,23.65 ,23.58 ,23.53 ,23.59 ,23.56 ,23.42 ,23.41 ,23.38 ,23.39 ,23.39 ,23.39 ,23.26 ,23.18 ,23.26 ,23.23 ,23.18 ,23.19 ,23.3 ,23.33 ,23.21 ,23.25 ,23.21 ,23.19 ,23.2 ,23.18 ,23.17 ,23.18 ,23.23 ,23.24 ,23.24 ,23.19 ,23.02 ,23.07 ,23.2 ,23.22 ,23.17 ,23.21 ,23.1 ,23.06 ,23.11 ,23.03 ,22.94 ,22.84 ,22.88 ,22.91 ,22.83 ,22.84 ,22.84 ,22.91 ,22.88 ,22.91 ,22.97 ,22.98 ,22.95 ,23.01 ,23.03 ,23.03 ,23.24 ,23.4 ,23.3 ,23.33 ,23.42 ,23.49 ,23.38 ,23.4 ,23.43 ,23.46 ,23.39 ,23.54 ,23.52 ,23.38 ,23.45 ,23.43 ,23.33 ,23.4 ,23.49 ,23.49 ,23.46 ,23.47 ,23.52 ,23.55 ,23.53 ,23.5 ,23.56 ,23.54 ,23.45 ,23.4 ,23.48 ,23.66 ,23.53 ,23.39 ,23.47 ,23.42 ,23.44 ,23.5 ,23.56 ,23.55 ,23.55 ,23.52 ,23.48 ,23.47 ,23.43 ,23.56 ,23.59 ,23.5 ,23.45 ,
453,23.27 ,23.31 ,23.29 ,23.31 ,23.31 ,23.39 ,23.49 ,23.43 ,23.39 ,23.43 ,23.36 ,23.38 ,23.41 ,23.42 ,23.4 ,23.51 ,23.39 ,23.39 ,23.41 ,23.31 ,23.26 ,23.33 ,23.37 ,23.35 ,23.43 ,23.45 ,23.49 ,23.39 ,23.46 ,23.48 ,23.49 ,23.41 ,23.33 ,23.43 ,23.43 ,23.41 ,23.47 ,23.53 ,23.49 ,23.35 ,23.55 ,23.54 ,23.43 ,23.45 ,23.44 ,23.58 ,23.61 ,23.62 ,23.62 ,23.53 ,23.48 ,23.49 ,23.61 ,23.58 ,23.53 ,23.64 ,23.56 ,23.53 ,23.54 ,23.4 ,23.55 ,23.55 ,23.53 ,23.63 ,23.7 ,23.59 ,23.7 ,23.65 ,23.63 ,23.62 ,23.62 ,23.59 ,23.62 ,23.61 ,23.6 ,23.54 ,23.56 ,23.6 ,23.57 ,23.5 ,23.48 ,23.42 ,23.46 ,23.51 ,23.52 ,23.61 ,23.64 ,23.66 ,23.58 ,23.58 ,23.64 ,23.54 ,23.64 ,23.65 ,23.59 ,23.65 ,23.65 ,23.57 ,23.55 ,23.59 ,23.63 ,23.57 ,23.6 ,23.71 ,23.67 ,23.57 ,23.68 ,23.62 ,23.6 ,23.52 ,23.52 ,23.62 ,23.74 ,23.63 ,23.63 ,23.66 ,23.67 ,23.69 ,23.69 ,23.66 ,23.55 ,23.7 ,23.71 ,23.74 ,23.73 ,23.7 ,23.65 ,23.76 ,23.71 ,23.55 ,23.63 ,23.72 ,23.72 ,23.66 ,23.64 ,23.65 ,23.7 ,23.75 ,23.73 ,23.68 ,23.64 ,23.71 ,23.66 ,23.65 ,23.75 ,23.71 ,23.74 ,23.66 ,23.68 ,23.75 ,23.76 ,23.69 ,23.74 ,23.67 ,23.67 ,23.68 ,23.66 ,23.71 ,23.68 ,23.64 ,23.76 ,23.76 ,23.79 ,23.77 ,23.71 ,23.71 ,23.77 ,23.78 ,23.78 ,23.72 ,23.69 ,23.63 ,23.71 ,23.81 ,23.86 ,23.69 ,23.65 ,23.73 ,23.78 ,23.82 ,23.76 ,23.79 ,23.85 ,23.71 ,23.68 ,23.72 ,23.75 ,23.68 ,23.76 ,23.86 ,23.87 ,23.82 ,23.85 ,23.89 ,23.79 ,23.7 ,23.8 ,23.86 ,23.81 ,23.83 ,23.82 ,23.82 ,23.78 ,23.64 ,23.74 ,23.81 ,23.76 ,23.74 ,23.81 ,23.86 ,23.77 ,23.73 ,23.8 ,23.75 ,23.71 ,23.75 ,23.91 ,23.91 ,23.82 ,23.82 ,23.88 ,23.87 ,23.77 ,23.87 ,23.9 ,23.75 ,23.79 ,23.79 ,23.72 ,23.85 ,23.85 ,23.84 ,23.92 ,23.87 ,23.86 ,23.85 ,23.86 ,23.83 ,23.76 ,23.86 ,23.83 ,23.86 ,23.91 ,23.91 ,23.86 ,23.79 ,23.93 ,23.9 ,23.9 ,23.77 ,23.8 ,23.77 ,23.91 ,23.83 ,23.85 ,23.85 ,23.87 ,23.91 ,23.86 ,23.9 ,23.82 ,23.91 ,23.97 ,24 ,23.95 ,23.84 ,23.87 ,23.86 ,23.87 ,23.88 ,23.83 ,23.86 ,23.82 ,23.9 ,23.95 ,23.91 ,23.83 ,23.89 ,23.92 ,23.83 ,23.79 ,23.96 ,23.87 ,23.9 ,23.88 ,23.94 ,24.03 ,23.87 ,23.89 ,23.88 ,23.88 ,23.9 ,23.91 ,23.88 ,23.91 ,24.09 ,23.96 ,23.89 ,23.93 ,23.92 ,23.91 ,23.89 ,23.98 ,23.88 ,23.8 ,23.95 ,23.91 ,23.93 ,23.88 ,23.9 ,24.03 ,24.03 ,23.99 ,23.95 ,23.93 ,23.87 ,23.93 ,23.88 ,23.91 ,23.84 ,23.86 ,23.93 ,23.99 ,23.87 ,23.88 ,23.99 ,24.01 ,23.98 ,23.88 ,23.86 ,23.95 ,23.85 ,23.84 ,23.94 ,24.03 ,23.9 ,23.91 ,23.93 ,23.89 ,23.85 ,23.83 ,23.8 ,23.87 ,23.87 ,23.85 ,23.85 ,23.84 ,23.79 ,23.9 ,23.95 ,23.88 ,23.86 ,23.94 ,23.94 ,23.88 ,23.9 ,23.91 ,23.91 ,23.86 ,23.84 ,23.84 ,23.97 ,24.01 ,23.85 ,23.98 ,23.87 ,23.81 ,23.85 ,23.82 ,23.8 ,23.85 ,23.96 ,23.88 ,23.89 ,23.9 ,23.81 ,23.81 ,23.76 ,23.87 ,23.98 ,23.86 ,23.73 ,23.79 ,23.8 ,23.83 ,23.97 ,23.88 ,23.9 ,23.9 ,23.88 ,23.78 ,23.81 ,23.82 ,23.77 ,23.73 ,23.7 ,23.87 ,23.92 ,23.84 ,23.77 ,23.85 ,23.9 ,23.86 ,23.88 ,23.8 ,23.79 ,23.81 ,23.76 ,23.9 ,23.88 ,23.86 ,23.82 ,23.85 ,23.94 ,23.93 ,23.91 ,23.9 ,23.93 ,23.91 ,23.97 ,23.89 ,23.89 ,23.93 ,23.9 ,23.72 ,23.83 ,23.81 ,23.75 ,23.81 ,23.9 ,23.89 ,23.84 ,23.89 ,23.92 ,23.85 ,23.96 ,23.97 ,23.91 ,23.79 ,23.75 ,23.8 ,23.73 ,23.64 ,23.72 ,23.82 ,23.87 ,23.85 ,23.76 ,23.78 ,23.73 ,23.82 ,23.89 ,23.79 ,23.84 ,23.88 ,23.84 ,23.84 ,23.8 ,23.74 ,23.78 ,23.82 ,23.83 ,23.76 ,23.81 ,23.84 ,23.76 ,23.74 ,23.84 ,23.75 ,23.82 ,23.85 ,23.87 ,23.87 ,23.87 ,23.75 ,23.86 ,23.84 ,23.8 ,23.79 ,23.81 ,23.84 ,23.9 ,23.86 ,23.8 ,23.76 ,23.78 ,23.76 ,23.79 ,23.76 ,23.76 ,23.89 ,23.86 ,23.75 ,23.82 ,23.79 ,23.78 ,23.83 ,23.81 ,23.74 ,23.8 ,23.81 ,23.72 ,23.76 ,23.83 ,23.84 ,23.78 ,23.75 ,23.78 ,23.77 ,23.66 ,23.69 ,23.75 ,23.65 ,23.68 ,23.7 ,23.74 ,23.66 ,23.5 ,23.55 ,23.6 ,23.62 ,23.71 ,23.64 ,23.66 ,23.6 ,23.58 ,23.6 ,23.62 ,23.71 ,23.65 ,23.62 ,23.64 ,23.62 ,23.67 ,23.63 ,23.63 ,23.48 ,23.54 ,23.63 ,23.48 ,23.48 ,23.42 ,23.42 ,23.37 ,23.35 ,23.29 ,23.27 ,23.32 ,23.16 ,23.13 ,23.24 ,23.22 ,23.28 ,23.18 ,23.25 ,23.2 ,23.21 ,23.21 ,23.17 ,23.31 ,23.17 ,23.21 ,23.22 ,23.14 ,23.16 ,23.05 ,23.13 ,23.2 ,23.28 ,23.19 ,23.2 ,23.22 ,23.16 ,23.19 ,23.11 ,23.08 ,22.98 ,22.98 ,23.08 ,22.83 ,22.84 ,22.94 ,22.99 ,22.81 ,22.84 ,22.98 ,22.96 ,22.96 ,22.95 ,22.99 ,23.02 ,23.05 ,23.18 ,23.3 ,23.26 ,23.38 ,23.54 ,23.45 ,23.39 ,23.37 ,23.39 ,23.39 ,23.43 ,23.48 ,23.41 ,23.42 ,23.46 ,23.31 ,23.32 ,23.49 ,23.42 ,23.46 ,23.41 ,23.41 ,23.45 ,23.48 ,23.47 ,23.46 ,23.44 ,23.47 ,23.4 ,23.44 ,23.57 ,23.56 ,23.53 ,23.43 ,23.44 ,23.48 ,23.42 ,23.48 ,23.55 ,23.62 ,23.57 ,23.51 ,23.43 ,23.46 ,23.58 ,23.6 ,23.55 ,23.48 ,
454,23.22 ,23.31 ,23.31 ,23.31 ,23.4 ,23.43 ,23.55 ,23.36 ,23.36 ,23.36 ,23.3 ,23.34 ,23.4 ,23.41 ,23.41 ,23.46 ,23.45 ,23.5 ,23.47 ,23.33 ,23.25 ,23.38 ,23.43 ,23.35 ,23.42 ,23.51 ,23.53 ,23.47 ,23.42 ,23.49 ,23.47 ,23.41 ,23.36 ,23.41 ,23.49 ,23.39 ,23.46 ,23.45 ,23.52 ,23.44 ,23.51 ,23.41 ,23.46 ,23.49 ,23.41 ,23.56 ,23.59 ,23.63 ,23.65 ,23.55 ,23.49 ,23.54 ,23.59 ,23.58 ,23.49 ,23.58 ,23.55 ,23.48 ,23.46 ,23.47 ,23.46 ,23.59 ,23.51 ,23.54 ,23.64 ,23.62 ,23.6 ,23.64 ,23.56 ,23.6 ,23.59 ,23.63 ,23.62 ,23.58 ,23.6 ,23.65 ,23.6 ,23.51 ,23.52 ,23.45 ,23.48 ,23.54 ,23.42 ,23.48 ,23.58 ,23.64 ,23.57 ,23.59 ,23.58 ,23.51 ,23.65 ,23.58 ,23.54 ,23.59 ,23.53 ,23.59 ,23.56 ,23.56 ,23.59 ,23.62 ,23.63 ,23.62 ,23.67 ,23.64 ,23.68 ,23.62 ,23.62 ,23.57 ,23.56 ,23.57 ,23.64 ,23.66 ,23.65 ,23.6 ,23.58 ,23.65 ,23.64 ,23.61 ,23.59 ,23.6 ,23.68 ,23.72 ,23.73 ,23.73 ,23.69 ,23.68 ,23.7 ,23.75 ,23.64 ,23.55 ,23.61 ,23.58 ,23.66 ,23.64 ,23.61 ,23.68 ,23.75 ,23.68 ,23.72 ,23.71 ,23.62 ,23.62 ,23.73 ,23.74 ,23.69 ,23.67 ,23.68 ,23.62 ,23.79 ,23.76 ,23.73 ,23.73 ,23.74 ,23.68 ,23.66 ,23.66 ,23.7 ,23.72 ,23.71 ,23.67 ,23.7 ,23.76 ,23.76 ,23.69 ,23.71 ,23.69 ,23.74 ,23.75 ,23.75 ,23.7 ,23.74 ,23.71 ,23.74 ,23.78 ,23.85 ,23.74 ,23.76 ,23.82 ,23.75 ,23.85 ,23.86 ,23.8 ,23.87 ,23.75 ,23.73 ,23.76 ,23.71 ,23.73 ,23.79 ,23.79 ,23.87 ,23.84 ,23.8 ,23.83 ,23.8 ,23.73 ,23.78 ,23.85 ,23.88 ,23.83 ,23.84 ,23.82 ,23.81 ,23.7 ,23.68 ,23.79 ,23.77 ,23.74 ,23.84 ,23.89 ,23.86 ,23.74 ,23.78 ,23.79 ,23.75 ,23.82 ,23.8 ,23.81 ,23.85 ,23.73 ,23.82 ,23.86 ,23.79 ,23.81 ,23.86 ,23.78 ,23.78 ,23.9 ,23.76 ,23.75 ,23.94 ,23.96 ,23.94 ,23.82 ,23.83 ,23.84 ,23.88 ,23.86 ,23.82 ,23.84 ,23.86 ,23.93 ,23.91 ,23.86 ,23.89 ,23.89 ,23.89 ,23.87 ,23.95 ,23.83 ,23.83 ,23.79 ,23.76 ,23.81 ,23.82 ,23.87 ,23.85 ,23.92 ,23.9 ,23.88 ,23.79 ,23.86 ,23.92 ,23.93 ,23.94 ,23.89 ,23.89 ,23.83 ,23.84 ,23.76 ,23.72 ,23.83 ,23.78 ,23.83 ,23.88 ,23.92 ,23.86 ,23.93 ,23.95 ,23.88 ,23.85 ,23.93 ,23.97 ,23.89 ,23.87 ,23.83 ,23.95 ,23.93 ,23.87 ,23.92 ,23.88 ,23.93 ,23.87 ,23.92 ,23.91 ,24.04 ,24 ,23.85 ,23.85 ,23.9 ,23.93 ,23.91 ,23.94 ,23.97 ,23.85 ,23.94 ,23.93 ,23.93 ,23.94 ,23.87 ,23.99 ,24.04 ,24 ,23.95 ,23.88 ,23.96 ,23.91 ,23.86 ,23.81 ,23.84 ,23.85 ,23.89 ,23.94 ,23.94 ,23.92 ,23.94 ,23.97 ,23.96 ,23.95 ,23.85 ,23.97 ,23.91 ,23.78 ,23.85 ,23.97 ,23.93 ,23.86 ,23.93 ,23.89 ,23.89 ,23.85 ,23.83 ,23.93 ,24.02 ,23.95 ,23.82 ,23.93 ,23.91 ,23.89 ,23.86 ,23.81 ,23.85 ,23.91 ,23.84 ,23.84 ,23.92 ,23.92 ,23.88 ,23.83 ,23.93 ,23.9 ,23.92 ,23.93 ,23.87 ,23.87 ,23.83 ,23.76 ,23.81 ,23.88 ,23.83 ,23.82 ,23.83 ,23.89 ,23.88 ,23.83 ,23.83 ,23.73 ,23.79 ,23.84 ,23.87 ,23.89 ,23.81 ,23.8 ,23.9 ,23.82 ,23.87 ,23.85 ,23.9 ,23.94 ,23.92 ,23.83 ,23.83 ,23.83 ,23.84 ,23.81 ,23.88 ,23.91 ,23.88 ,23.82 ,23.74 ,23.83 ,23.91 ,23.93 ,23.85 ,23.83 ,23.88 ,23.78 ,23.77 ,23.8 ,23.84 ,23.81 ,23.78 ,23.86 ,23.87 ,23.84 ,23.9 ,23.92 ,23.88 ,23.76 ,23.88 ,23.92 ,23.86 ,23.92 ,23.85 ,23.78 ,23.81 ,23.85 ,23.81 ,23.82 ,23.84 ,23.87 ,23.85 ,23.92 ,23.92 ,23.83 ,23.85 ,23.85 ,23.92 ,23.82 ,23.73 ,23.79 ,23.85 ,23.78 ,23.75 ,23.81 ,23.92 ,23.85 ,23.74 ,23.77 ,23.78 ,23.91 ,23.94 ,23.88 ,23.74 ,23.78 ,23.86 ,23.84 ,23.82 ,23.78 ,23.8 ,23.8 ,23.77 ,23.74 ,23.75 ,23.82 ,23.85 ,23.85 ,23.87 ,23.78 ,23.78 ,23.85 ,23.87 ,23.88 ,23.81 ,23.82 ,23.83 ,23.78 ,23.76 ,23.85 ,23.86 ,23.83 ,23.89 ,23.84 ,23.82 ,23.8 ,23.88 ,23.82 ,23.73 ,23.74 ,23.64 ,23.77 ,23.84 ,23.72 ,23.81 ,23.84 ,23.8 ,23.82 ,23.86 ,23.79 ,23.76 ,23.77 ,23.78 ,23.8 ,23.78 ,23.82 ,23.84 ,23.73 ,23.83 ,23.75 ,23.7 ,23.71 ,23.73 ,23.71 ,23.69 ,23.7 ,23.62 ,23.56 ,23.51 ,23.59 ,23.62 ,23.71 ,23.67 ,23.58 ,23.73 ,23.74 ,23.58 ,23.57 ,23.58 ,23.66 ,23.67 ,23.57 ,23.58 ,23.67 ,23.68 ,23.52 ,23.63 ,23.67 ,23.71 ,23.69 ,23.58 ,23.59 ,23.47 ,23.43 ,23.38 ,23.43 ,23.36 ,23.25 ,23.3 ,23.22 ,23.14 ,23.32 ,23.31 ,23.29 ,23.31 ,23.33 ,23.25 ,23.24 ,23.28 ,23.16 ,23.35 ,23.3 ,23.26 ,23.27 ,23.2 ,23.2 ,23.14 ,23.21 ,23.19 ,23.36 ,23.22 ,23.2 ,23.23 ,23.23 ,23.13 ,23.17 ,23.15 ,23.04 ,23.15 ,23.08 ,22.91 ,22.86 ,22.96 ,23.05 ,22.9 ,22.92 ,22.85 ,22.75 ,22.9 ,22.97 ,23.01 ,22.96 ,22.95 ,22.96 ,23.09 ,23.22 ,23.3 ,23.44 ,23.48 ,23.43 ,23.47 ,23.41 ,23.41 ,23.39 ,23.41 ,23.47 ,23.52 ,23.46 ,23.35 ,23.33 ,23.43 ,23.48 ,23.41 ,23.33 ,23.44 ,23.45 ,23.33 ,23.4 ,23.5 ,23.38 ,23.39 ,23.42 ,23.44 ,23.65 ,23.51 ,23.54 ,23.51 ,23.55 ,23.55 ,23.44 ,23.49 ,23.5 ,23.63 ,23.62 ,23.61 ,23.52 ,23.53 ,23.45 ,23.5 ,23.57 ,23.48 ,
455,23.29 ,23.27 ,23.4 ,23.4 ,23.34 ,23.42 ,23.59 ,23.47 ,23.41 ,23.36 ,23.33 ,23.36 ,23.4 ,23.32 ,23.32 ,23.44 ,23.43 ,23.42 ,23.43 ,23.38 ,23.27 ,23.32 ,23.43 ,23.34 ,23.4 ,23.43 ,23.51 ,23.43 ,23.42 ,23.39 ,23.5 ,23.49 ,23.43 ,23.46 ,23.5 ,23.46 ,23.49 ,23.55 ,23.55 ,23.48 ,23.44 ,23.42 ,23.49 ,23.58 ,23.58 ,23.56 ,23.59 ,23.5 ,23.46 ,23.55 ,23.5 ,23.47 ,23.57 ,23.56 ,23.46 ,23.59 ,23.59 ,23.56 ,23.54 ,23.59 ,23.49 ,23.54 ,23.52 ,23.53 ,23.6 ,23.58 ,23.55 ,23.63 ,23.58 ,23.6 ,23.58 ,23.56 ,23.56 ,23.54 ,23.59 ,23.57 ,23.61 ,23.62 ,23.54 ,23.51 ,23.59 ,23.59 ,23.52 ,23.51 ,23.67 ,23.73 ,23.65 ,23.68 ,23.66 ,23.6 ,23.64 ,23.55 ,23.55 ,23.61 ,23.59 ,23.55 ,23.51 ,23.56 ,23.63 ,23.6 ,23.61 ,23.68 ,23.64 ,23.62 ,23.67 ,23.66 ,23.66 ,23.6 ,23.65 ,23.54 ,23.64 ,23.76 ,23.74 ,23.59 ,23.57 ,23.6 ,23.61 ,23.67 ,23.7 ,23.6 ,23.62 ,23.66 ,23.64 ,23.67 ,23.72 ,23.66 ,23.56 ,23.59 ,23.62 ,23.6 ,23.67 ,23.65 ,23.65 ,23.73 ,23.7 ,23.65 ,23.75 ,23.82 ,23.8 ,23.87 ,23.76 ,23.63 ,23.69 ,23.71 ,23.73 ,23.64 ,23.67 ,23.72 ,23.73 ,23.78 ,23.67 ,23.65 ,23.72 ,23.75 ,23.76 ,23.69 ,23.62 ,23.7 ,23.74 ,23.71 ,23.71 ,23.73 ,23.66 ,23.65 ,23.69 ,23.75 ,23.73 ,23.76 ,23.75 ,23.72 ,23.8 ,23.65 ,23.63 ,23.71 ,23.84 ,23.77 ,23.79 ,23.75 ,23.75 ,23.79 ,23.86 ,23.78 ,23.87 ,23.85 ,23.78 ,23.78 ,23.73 ,23.76 ,23.78 ,23.79 ,23.82 ,23.79 ,23.82 ,23.78 ,23.8 ,23.88 ,23.77 ,23.78 ,23.83 ,23.87 ,23.8 ,23.78 ,23.78 ,23.75 ,23.78 ,23.82 ,23.75 ,23.73 ,23.74 ,23.85 ,23.9 ,23.84 ,23.8 ,23.79 ,23.78 ,23.77 ,23.79 ,23.75 ,23.85 ,23.83 ,23.76 ,23.84 ,23.76 ,23.76 ,23.81 ,23.78 ,23.81 ,23.94 ,23.89 ,23.9 ,23.89 ,23.93 ,23.97 ,23.89 ,23.77 ,23.9 ,23.84 ,23.84 ,23.81 ,23.78 ,23.73 ,23.9 ,23.91 ,23.79 ,23.84 ,23.85 ,23.82 ,23.84 ,23.87 ,23.82 ,23.86 ,23.78 ,23.77 ,23.78 ,23.82 ,23.82 ,23.83 ,23.87 ,23.89 ,23.81 ,23.83 ,23.84 ,23.87 ,23.83 ,23.89 ,23.94 ,23.93 ,23.87 ,23.88 ,23.76 ,23.68 ,23.74 ,23.83 ,23.84 ,23.84 ,23.84 ,23.87 ,23.92 ,23.89 ,23.85 ,23.8 ,23.85 ,23.95 ,23.87 ,23.81 ,23.85 ,23.89 ,23.91 ,23.91 ,23.93 ,23.96 ,23.98 ,23.89 ,23.88 ,23.89 ,23.96 ,23.9 ,23.82 ,23.87 ,23.94 ,23.91 ,23.9 ,23.89 ,23.98 ,23.88 ,23.86 ,23.83 ,23.89 ,23.9 ,23.84 ,23.96 ,24.01 ,23.98 ,23.91 ,23.85 ,23.92 ,23.9 ,23.86 ,23.9 ,23.81 ,23.87 ,23.92 ,23.92 ,23.99 ,23.95 ,23.97 ,23.9 ,23.9 ,23.89 ,23.94 ,24.01 ,23.93 ,23.83 ,23.78 ,23.92 ,23.89 ,23.86 ,23.93 ,23.92 ,23.88 ,23.84 ,23.92 ,23.95 ,24.01 ,23.99 ,23.91 ,23.83 ,23.94 ,23.91 ,23.89 ,23.83 ,23.89 ,23.83 ,23.89 ,23.81 ,23.88 ,23.86 ,23.83 ,23.87 ,23.98 ,23.99 ,24 ,23.91 ,23.82 ,23.93 ,23.83 ,23.75 ,23.85 ,23.96 ,23.9 ,23.78 ,23.79 ,23.88 ,23.9 ,23.79 ,23.8 ,23.83 ,23.86 ,23.92 ,23.91 ,23.9 ,23.82 ,23.77 ,23.96 ,23.89 ,23.85 ,23.82 ,23.81 ,23.84 ,23.91 ,23.94 ,23.84 ,23.81 ,23.85 ,23.87 ,23.86 ,23.9 ,23.86 ,23.88 ,23.83 ,23.78 ,23.87 ,23.89 ,23.92 ,23.86 ,23.89 ,23.77 ,23.67 ,23.76 ,23.84 ,23.86 ,23.81 ,23.8 ,23.86 ,23.8 ,23.85 ,23.97 ,23.82 ,23.76 ,23.84 ,23.88 ,23.87 ,23.78 ,23.85 ,23.84 ,23.85 ,23.94 ,23.9 ,23.85 ,23.88 ,23.85 ,23.78 ,23.87 ,23.94 ,23.83 ,23.84 ,23.9 ,23.88 ,23.9 ,23.84 ,23.82 ,23.86 ,23.82 ,23.75 ,23.77 ,23.93 ,23.83 ,23.75 ,23.81 ,23.83 ,23.87 ,23.87 ,23.8 ,23.79 ,23.72 ,23.82 ,23.8 ,23.8 ,23.83 ,23.84 ,23.9 ,23.87 ,23.76 ,23.79 ,23.92 ,23.91 ,23.89 ,23.85 ,23.82 ,23.75 ,23.85 ,23.76 ,23.8 ,23.83 ,23.82 ,23.85 ,23.75 ,23.73 ,23.78 ,23.83 ,23.8 ,23.84 ,23.83 ,23.75 ,23.8 ,23.85 ,23.83 ,23.79 ,23.78 ,23.65 ,23.78 ,23.9 ,23.79 ,23.83 ,23.83 ,23.82 ,23.8 ,23.83 ,23.83 ,23.7 ,23.68 ,23.79 ,23.83 ,23.8 ,23.66 ,23.74 ,23.71 ,23.75 ,23.81 ,23.75 ,23.73 ,23.66 ,23.73 ,23.75 ,23.74 ,23.68 ,23.69 ,23.69 ,23.68 ,23.72 ,23.68 ,23.72 ,23.66 ,23.73 ,23.79 ,23.7 ,23.56 ,23.56 ,23.64 ,23.64 ,23.6 ,23.6 ,23.66 ,23.68 ,23.62 ,23.72 ,23.67 ,23.57 ,23.55 ,23.58 ,23.65 ,23.55 ,23.46 ,23.55 ,23.55 ,23.48 ,23.3 ,23.26 ,23.31 ,23.26 ,23.27 ,23.38 ,23.42 ,23.36 ,23.39 ,23.36 ,23.29 ,23.34 ,23.28 ,23.3 ,23.32 ,23.32 ,23.27 ,23.27 ,23.35 ,23.2 ,23.19 ,23.19 ,23.31 ,23.28 ,23.18 ,23.23 ,23.19 ,23.13 ,23.2 ,23.1 ,23.04 ,23.12 ,23.17 ,23.11 ,22.89 ,22.81 ,22.83 ,22.92 ,22.97 ,22.93 ,22.81 ,22.87 ,22.89 ,23 ,22.86 ,22.89 ,22.93 ,23.01 ,23.09 ,23.25 ,23.41 ,23.43 ,23.41 ,23.52 ,23.5 ,23.44 ,23.47 ,23.4 ,23.5 ,23.46 ,23.43 ,23.38 ,23.43 ,23.5 ,23.52 ,23.43 ,23.39 ,23.5 ,23.51 ,23.39 ,23.41 ,23.58 ,23.47 ,23.45 ,23.42 ,23.47 ,23.63 ,23.55 ,23.49 ,23.54 ,23.43 ,23.54 ,23.59 ,23.6 ,23.53 ,23.51 ,23.61 ,23.53 ,23.44 ,23.45 ,23.45 ,23.39 ,23.49 ,23.4 ,
456,23.38 ,23.31 ,23.36 ,23.42 ,23.34 ,23.36 ,23.4 ,23.38 ,23.43 ,23.38 ,23.35 ,23.41 ,23.41 ,23.33 ,23.42 ,23.48 ,23.35 ,23.41 ,23.41 ,23.31 ,23.37 ,23.36 ,23.41 ,23.4 ,23.42 ,23.37 ,23.4 ,23.4 ,23.43 ,23.47 ,23.49 ,23.56 ,23.51 ,23.48 ,23.54 ,23.4 ,23.4 ,23.51 ,23.49 ,23.35 ,23.45 ,23.37 ,23.43 ,23.52 ,23.51 ,23.52 ,23.49 ,23.55 ,23.5 ,23.51 ,23.47 ,23.45 ,23.5 ,23.6 ,23.62 ,23.5 ,23.53 ,23.55 ,23.5 ,23.46 ,23.53 ,23.55 ,23.53 ,23.54 ,23.63 ,23.56 ,23.52 ,23.45 ,23.45 ,23.44 ,23.49 ,23.54 ,23.53 ,23.56 ,23.5 ,23.47 ,23.52 ,23.55 ,23.5 ,23.56 ,23.62 ,23.56 ,23.57 ,23.56 ,23.64 ,23.65 ,23.62 ,23.65 ,23.73 ,23.6 ,23.63 ,23.62 ,23.64 ,23.68 ,23.61 ,23.62 ,23.58 ,23.54 ,23.65 ,23.62 ,23.57 ,23.57 ,23.72 ,23.66 ,23.67 ,23.65 ,23.7 ,23.62 ,23.6 ,23.64 ,23.62 ,23.66 ,23.62 ,23.54 ,23.57 ,23.64 ,23.68 ,23.7 ,23.75 ,23.73 ,23.67 ,23.57 ,23.58 ,23.73 ,23.77 ,23.7 ,23.66 ,23.65 ,23.72 ,23.71 ,23.67 ,23.65 ,23.68 ,23.67 ,23.75 ,23.72 ,23.71 ,23.8 ,23.84 ,23.8 ,23.78 ,23.76 ,23.71 ,23.69 ,23.73 ,23.7 ,23.78 ,23.8 ,23.73 ,23.77 ,23.79 ,23.7 ,23.72 ,23.75 ,23.73 ,23.69 ,23.59 ,23.66 ,23.71 ,23.65 ,23.67 ,23.73 ,23.6 ,23.66 ,23.73 ,23.7 ,23.73 ,23.76 ,23.73 ,23.73 ,23.72 ,23.62 ,23.6 ,23.7 ,23.84 ,23.84 ,23.75 ,23.7 ,23.74 ,23.76 ,23.81 ,23.76 ,23.78 ,23.78 ,23.76 ,23.79 ,23.74 ,23.79 ,23.76 ,23.82 ,23.94 ,23.82 ,23.73 ,23.8 ,23.77 ,23.81 ,23.78 ,23.69 ,23.75 ,23.82 ,23.8 ,23.8 ,23.74 ,23.72 ,23.73 ,23.89 ,23.78 ,23.76 ,23.76 ,23.83 ,23.86 ,23.84 ,23.84 ,23.76 ,23.73 ,23.81 ,23.76 ,23.73 ,23.85 ,23.83 ,23.81 ,23.79 ,23.8 ,23.79 ,23.8 ,23.8 ,23.79 ,23.87 ,23.89 ,23.95 ,23.93 ,23.75 ,23.94 ,23.92 ,23.84 ,23.88 ,23.85 ,23.79 ,23.8 ,23.77 ,23.79 ,23.79 ,23.92 ,23.82 ,23.82 ,23.87 ,23.84 ,23.76 ,23.8 ,23.78 ,23.84 ,23.77 ,23.87 ,23.91 ,23.8 ,23.85 ,23.87 ,23.85 ,23.84 ,23.81 ,23.84 ,23.94 ,23.94 ,23.85 ,23.76 ,23.89 ,23.91 ,23.85 ,23.85 ,23.81 ,23.79 ,23.84 ,23.86 ,23.96 ,23.84 ,23.79 ,23.91 ,23.91 ,23.89 ,23.91 ,23.79 ,23.78 ,23.89 ,23.86 ,23.89 ,23.91 ,23.89 ,23.93 ,23.98 ,23.87 ,23.91 ,23.93 ,23.89 ,23.83 ,23.84 ,23.87 ,23.93 ,23.84 ,23.84 ,23.89 ,23.93 ,23.9 ,23.9 ,23.92 ,23.88 ,23.9 ,23.83 ,23.86 ,23.94 ,23.84 ,23.9 ,24.04 ,23.93 ,23.83 ,23.81 ,23.92 ,23.91 ,23.93 ,23.94 ,23.87 ,23.82 ,23.96 ,24.01 ,23.97 ,23.92 ,23.92 ,23.94 ,23.86 ,23.83 ,23.92 ,23.93 ,23.95 ,23.84 ,23.85 ,23.99 ,23.83 ,23.82 ,23.92 ,23.95 ,23.84 ,23.89 ,23.96 ,23.98 ,24.01 ,24 ,23.82 ,23.8 ,23.88 ,23.93 ,23.95 ,23.87 ,23.92 ,23.92 ,23.85 ,23.79 ,23.88 ,23.86 ,23.82 ,23.9 ,23.85 ,23.89 ,23.99 ,24.02 ,23.93 ,23.84 ,23.84 ,23.78 ,23.82 ,23.89 ,23.86 ,23.83 ,23.82 ,23.86 ,23.85 ,23.86 ,23.85 ,23.86 ,23.91 ,23.98 ,23.86 ,23.87 ,23.82 ,23.73 ,23.85 ,23.85 ,23.87 ,23.81 ,23.73 ,23.76 ,23.83 ,23.94 ,23.84 ,23.81 ,23.82 ,23.93 ,23.83 ,23.82 ,23.89 ,23.94 ,23.84 ,23.86 ,23.87 ,23.85 ,23.84 ,23.81 ,23.79 ,23.8 ,23.7 ,23.83 ,23.94 ,23.92 ,23.84 ,23.85 ,23.86 ,23.87 ,23.79 ,23.84 ,23.78 ,23.79 ,23.98 ,23.93 ,23.89 ,23.83 ,23.85 ,23.88 ,23.85 ,23.96 ,23.93 ,23.92 ,23.89 ,23.84 ,23.89 ,23.85 ,23.87 ,23.87 ,23.85 ,23.89 ,23.9 ,23.94 ,23.88 ,23.78 ,23.76 ,23.87 ,23.8 ,23.82 ,23.88 ,23.87 ,23.72 ,23.76 ,23.77 ,23.78 ,23.82 ,23.76 ,23.76 ,23.76 ,23.83 ,23.81 ,23.81 ,23.81 ,23.77 ,23.78 ,23.84 ,23.79 ,23.67 ,23.89 ,23.92 ,23.78 ,23.76 ,23.82 ,23.82 ,23.76 ,23.74 ,23.83 ,23.89 ,23.8 ,23.81 ,23.74 ,23.67 ,23.74 ,23.73 ,23.77 ,23.85 ,23.81 ,23.85 ,23.82 ,23.81 ,23.75 ,23.77 ,23.72 ,23.65 ,23.73 ,23.88 ,23.83 ,23.81 ,23.75 ,23.88 ,23.85 ,23.75 ,23.75 ,23.77 ,23.82 ,23.69 ,23.84 ,23.84 ,23.92 ,23.76 ,23.72 ,23.73 ,23.78 ,23.71 ,23.68 ,23.69 ,23.7 ,23.81 ,23.77 ,23.74 ,23.68 ,23.74 ,23.65 ,23.62 ,23.65 ,23.71 ,23.69 ,23.77 ,23.72 ,23.64 ,23.58 ,23.56 ,23.6 ,23.7 ,23.63 ,23.65 ,23.68 ,23.61 ,23.61 ,23.69 ,23.59 ,23.53 ,23.52 ,23.51 ,23.57 ,23.58 ,23.57 ,23.57 ,23.55 ,23.48 ,23.36 ,23.27 ,23.23 ,23.28 ,23.27 ,23.27 ,23.41 ,23.43 ,23.35 ,23.36 ,23.3 ,23.28 ,23.31 ,23.34 ,23.3 ,23.29 ,23.27 ,23.22 ,23.2 ,23.2 ,23.21 ,23.14 ,23.23 ,23.3 ,23.22 ,23.23 ,23.11 ,23.05 ,23.11 ,23.15 ,22.94 ,22.95 ,22.97 ,23.05 ,22.99 ,22.93 ,22.93 ,22.93 ,22.99 ,22.85 ,22.75 ,22.76 ,22.85 ,22.79 ,22.84 ,22.88 ,22.86 ,23.01 ,22.98 ,23.06 ,23.17 ,23.26 ,23.36 ,23.31 ,23.43 ,23.44 ,23.47 ,23.45 ,23.35 ,23.38 ,23.33 ,23.31 ,23.39 ,23.55 ,23.62 ,23.47 ,23.42 ,23.6 ,23.53 ,23.51 ,23.47 ,23.52 ,23.49 ,23.47 ,23.41 ,23.5 ,23.55 ,23.53 ,23.45 ,23.54 ,23.41 ,23.46 ,23.59 ,23.61 ,23.51 ,23.52 ,23.56 ,23.49 ,23.34 ,23.39 ,23.6 ,23.57 ,23.48 ,23.48 ,
457,23.39 ,23.37 ,23.35 ,23.33 ,23.47 ,23.41 ,23.4 ,23.35 ,23.41 ,23.34 ,23.21 ,23.34 ,23.39 ,23.31 ,23.44 ,23.51 ,23.43 ,23.48 ,23.45 ,23.38 ,23.33 ,23.37 ,23.35 ,23.32 ,23.38 ,23.33 ,23.39 ,23.36 ,23.36 ,23.52 ,23.55 ,23.51 ,23.48 ,23.57 ,23.57 ,23.46 ,23.37 ,23.53 ,23.5 ,23.39 ,23.48 ,23.44 ,23.38 ,23.5 ,23.47 ,23.44 ,23.51 ,23.62 ,23.56 ,23.52 ,23.48 ,23.5 ,23.7 ,23.56 ,23.52 ,23.42 ,23.47 ,23.53 ,23.52 ,23.56 ,23.56 ,23.53 ,23.59 ,23.54 ,23.57 ,23.52 ,23.6 ,23.5 ,23.49 ,23.56 ,23.5 ,23.58 ,23.62 ,23.56 ,23.52 ,23.62 ,23.6 ,23.51 ,23.62 ,23.55 ,23.62 ,23.59 ,23.57 ,23.6 ,23.54 ,23.59 ,23.59 ,23.63 ,23.56 ,23.53 ,23.65 ,23.7 ,23.72 ,23.72 ,23.62 ,23.7 ,23.65 ,23.53 ,23.62 ,23.62 ,23.57 ,23.63 ,23.74 ,23.74 ,23.69 ,23.7 ,23.76 ,23.68 ,23.64 ,23.7 ,23.72 ,23.69 ,23.67 ,23.54 ,23.61 ,23.75 ,23.74 ,23.69 ,23.68 ,23.74 ,23.77 ,23.65 ,23.64 ,23.69 ,23.78 ,23.67 ,23.59 ,23.71 ,23.72 ,23.72 ,23.74 ,23.77 ,23.69 ,23.76 ,23.67 ,23.74 ,23.82 ,23.78 ,23.79 ,23.77 ,23.78 ,23.78 ,23.71 ,23.63 ,23.7 ,23.74 ,23.85 ,23.94 ,23.78 ,23.78 ,23.84 ,23.79 ,23.79 ,23.8 ,23.7 ,23.67 ,23.72 ,23.61 ,23.63 ,23.64 ,23.68 ,23.67 ,23.74 ,23.72 ,23.79 ,23.7 ,23.66 ,23.76 ,23.73 ,23.76 ,23.73 ,23.65 ,23.68 ,23.81 ,23.9 ,23.76 ,23.73 ,23.8 ,23.82 ,23.75 ,23.75 ,23.79 ,23.86 ,23.82 ,23.82 ,23.81 ,23.75 ,23.72 ,23.75 ,23.76 ,23.89 ,23.87 ,23.83 ,23.69 ,23.75 ,23.8 ,23.78 ,23.7 ,23.71 ,23.8 ,23.79 ,23.74 ,23.87 ,23.74 ,23.76 ,23.77 ,23.81 ,23.74 ,23.77 ,23.8 ,23.91 ,23.83 ,23.81 ,23.76 ,23.68 ,23.82 ,23.83 ,23.83 ,23.81 ,23.81 ,23.81 ,23.86 ,23.83 ,23.89 ,23.8 ,23.77 ,23.85 ,23.9 ,23.9 ,23.83 ,23.86 ,23.81 ,23.9 ,23.91 ,23.86 ,23.92 ,23.97 ,23.85 ,23.85 ,23.81 ,23.84 ,23.87 ,23.91 ,23.89 ,23.89 ,23.87 ,23.78 ,23.83 ,23.81 ,23.74 ,23.83 ,23.89 ,23.87 ,23.83 ,23.82 ,23.86 ,23.88 ,23.94 ,23.82 ,23.83 ,23.83 ,23.91 ,24 ,23.95 ,23.84 ,23.86 ,23.98 ,23.92 ,23.85 ,23.87 ,23.84 ,23.85 ,23.85 ,23.97 ,23.93 ,23.84 ,23.9 ,23.91 ,23.91 ,23.95 ,23.89 ,23.81 ,23.85 ,23.87 ,23.9 ,23.81 ,23.92 ,23.89 ,23.87 ,23.85 ,23.86 ,23.94 ,23.87 ,23.83 ,23.87 ,23.93 ,23.89 ,23.87 ,23.85 ,23.85 ,23.88 ,23.91 ,23.93 ,23.9 ,23.83 ,23.89 ,23.86 ,23.91 ,23.94 ,23.93 ,23.94 ,24.02 ,24.04 ,23.89 ,23.88 ,23.93 ,23.87 ,23.85 ,23.9 ,23.88 ,23.85 ,23.92 ,23.99 ,24 ,23.87 ,23.86 ,23.95 ,23.94 ,23.86 ,23.79 ,23.88 ,23.94 ,23.88 ,23.91 ,24 ,23.89 ,23.86 ,23.9 ,23.92 ,23.96 ,23.94 ,23.92 ,23.91 ,24.01 ,23.96 ,23.92 ,23.87 ,23.9 ,23.89 ,23.9 ,23.83 ,23.85 ,23.92 ,23.92 ,23.87 ,23.89 ,23.93 ,23.91 ,23.9 ,23.85 ,23.81 ,23.92 ,23.98 ,23.98 ,23.85 ,23.8 ,23.77 ,23.79 ,23.82 ,23.85 ,23.88 ,23.86 ,23.86 ,23.85 ,23.83 ,23.83 ,23.81 ,23.82 ,23.88 ,23.93 ,23.86 ,23.87 ,23.81 ,23.79 ,23.82 ,23.87 ,23.84 ,23.76 ,23.75 ,23.79 ,23.84 ,23.88 ,23.87 ,23.84 ,23.82 ,23.86 ,23.9 ,23.89 ,23.85 ,23.8 ,23.78 ,23.85 ,23.93 ,23.82 ,23.82 ,23.8 ,23.88 ,23.84 ,23.91 ,23.95 ,23.94 ,23.82 ,23.81 ,23.87 ,23.87 ,23.85 ,23.89 ,23.79 ,23.8 ,23.88 ,23.85 ,23.87 ,23.94 ,23.89 ,23.81 ,23.85 ,23.93 ,23.91 ,23.98 ,23.84 ,23.88 ,23.93 ,23.81 ,23.81 ,23.79 ,23.76 ,23.87 ,23.96 ,23.79 ,23.74 ,23.79 ,23.9 ,23.91 ,23.81 ,23.73 ,23.81 ,23.81 ,23.78 ,23.72 ,23.82 ,23.87 ,23.89 ,23.83 ,23.79 ,23.83 ,23.91 ,23.9 ,23.8 ,23.81 ,23.81 ,23.85 ,23.78 ,23.76 ,23.67 ,23.74 ,23.92 ,23.83 ,23.78 ,23.86 ,23.8 ,23.68 ,23.72 ,23.86 ,23.89 ,23.87 ,23.77 ,23.79 ,23.75 ,23.72 ,23.74 ,23.79 ,23.87 ,23.74 ,23.79 ,23.78 ,23.74 ,23.77 ,23.77 ,23.73 ,23.66 ,23.72 ,23.83 ,23.78 ,23.79 ,23.76 ,23.88 ,23.93 ,23.87 ,23.68 ,23.77 ,23.75 ,23.71 ,23.83 ,23.78 ,23.77 ,23.75 ,23.76 ,23.78 ,23.82 ,23.76 ,23.72 ,23.64 ,23.69 ,23.79 ,23.71 ,23.74 ,23.7 ,23.69 ,23.66 ,23.66 ,23.72 ,23.83 ,23.68 ,23.71 ,23.71 ,23.63 ,23.63 ,23.64 ,23.56 ,23.63 ,23.6 ,23.65 ,23.73 ,23.58 ,23.55 ,23.64 ,23.6 ,23.6 ,23.51 ,23.43 ,23.49 ,23.6 ,23.55 ,23.5 ,23.52 ,23.49 ,23.36 ,23.4 ,23.31 ,23.24 ,23.29 ,23.25 ,23.36 ,23.41 ,23.32 ,23.31 ,23.3 ,23.27 ,23.24 ,23.27 ,23.24 ,23.29 ,23.18 ,23.24 ,23.18 ,23.04 ,23.05 ,23.06 ,23.17 ,23.18 ,23.13 ,23.12 ,23.08 ,23.04 ,23.02 ,23.08 ,23 ,23.02 ,22.94 ,22.93 ,22.82 ,22.92 ,22.9 ,22.9 ,22.88 ,22.89 ,22.75 ,22.72 ,22.79 ,22.73 ,22.66 ,22.85 ,22.93 ,22.99 ,22.99 ,23.04 ,23.04 ,23.17 ,23.26 ,23.25 ,23.36 ,23.4 ,23.43 ,23.41 ,23.37 ,23.39 ,23.46 ,23.26 ,23.37 ,23.52 ,23.55 ,23.47 ,23.35 ,23.5 ,23.47 ,23.54 ,23.6 ,23.45 ,23.42 ,23.41 ,23.33 ,23.49 ,23.56 ,23.51 ,23.48 ,23.64 ,23.55 ,23.52 ,23.46 ,23.52 ,23.61 ,23.57 ,23.54 ,23.61 ,23.49 ,23.46 ,23.62 ,23.65 ,23.64 ,23.56 ,
458,23.36 ,23.4 ,23.46 ,23.41 ,23.46 ,23.47 ,23.44 ,23.47 ,23.46 ,23.39 ,23.25 ,23.24 ,23.36 ,23.33 ,23.49 ,23.53 ,23.49 ,23.45 ,23.47 ,23.48 ,23.5 ,23.37 ,23.45 ,23.39 ,23.41 ,23.44 ,23.46 ,23.32 ,23.3 ,23.47 ,23.51 ,23.47 ,23.37 ,23.41 ,23.46 ,23.49 ,23.42 ,23.43 ,23.53 ,23.47 ,23.5 ,23.49 ,23.49 ,23.5 ,23.45 ,23.38 ,23.48 ,23.64 ,23.62 ,23.53 ,23.43 ,23.5 ,23.59 ,23.52 ,23.52 ,23.45 ,23.55 ,23.56 ,23.57 ,23.64 ,23.61 ,23.54 ,23.56 ,23.5 ,23.52 ,23.49 ,23.6 ,23.64 ,23.58 ,23.55 ,23.58 ,23.48 ,23.57 ,23.64 ,23.54 ,23.63 ,23.71 ,23.58 ,23.62 ,23.58 ,23.58 ,23.53 ,23.58 ,23.59 ,23.53 ,23.57 ,23.59 ,23.68 ,23.56 ,23.47 ,23.58 ,23.62 ,23.61 ,23.73 ,23.65 ,23.72 ,23.65 ,23.54 ,23.56 ,23.57 ,23.5 ,23.62 ,23.72 ,23.7 ,23.69 ,23.74 ,23.72 ,23.65 ,23.67 ,23.69 ,23.69 ,23.72 ,23.73 ,23.66 ,23.65 ,23.71 ,23.72 ,23.7 ,23.62 ,23.73 ,23.69 ,23.61 ,23.66 ,23.71 ,23.78 ,23.74 ,23.68 ,23.71 ,23.73 ,23.7 ,23.77 ,23.84 ,23.75 ,23.82 ,23.72 ,23.66 ,23.78 ,23.8 ,23.79 ,23.74 ,23.7 ,23.76 ,23.64 ,23.64 ,23.79 ,23.79 ,23.8 ,23.89 ,23.9 ,23.73 ,23.7 ,23.74 ,23.88 ,23.82 ,23.77 ,23.8 ,23.72 ,23.7 ,23.7 ,23.73 ,23.84 ,23.74 ,23.82 ,23.73 ,23.8 ,23.78 ,23.74 ,23.82 ,23.82 ,23.82 ,23.7 ,23.62 ,23.76 ,23.82 ,23.88 ,23.78 ,23.75 ,23.88 ,23.87 ,23.78 ,23.79 ,23.86 ,23.82 ,23.8 ,23.78 ,23.83 ,23.74 ,23.76 ,23.8 ,23.81 ,23.84 ,23.85 ,23.79 ,23.74 ,23.74 ,23.79 ,23.83 ,23.81 ,23.74 ,23.7 ,23.78 ,23.75 ,23.86 ,23.81 ,23.73 ,23.79 ,23.87 ,23.83 ,23.76 ,23.77 ,23.85 ,23.88 ,23.67 ,23.74 ,23.72 ,23.74 ,23.87 ,23.92 ,23.88 ,23.85 ,23.91 ,23.85 ,23.85 ,23.87 ,23.78 ,23.78 ,23.74 ,23.89 ,23.93 ,23.79 ,23.77 ,23.79 ,23.87 ,23.85 ,23.79 ,23.89 ,23.9 ,23.86 ,23.82 ,23.77 ,23.83 ,23.93 ,23.93 ,23.83 ,23.93 ,23.78 ,23.73 ,23.85 ,23.9 ,23.78 ,23.92 ,23.84 ,23.84 ,23.82 ,23.86 ,23.82 ,23.77 ,23.91 ,23.86 ,23.87 ,23.9 ,23.91 ,23.95 ,23.92 ,23.88 ,23.89 ,23.98 ,24 ,23.94 ,23.82 ,23.82 ,23.84 ,23.82 ,23.89 ,23.91 ,23.91 ,23.86 ,23.9 ,23.89 ,23.88 ,23.89 ,23.89 ,23.82 ,23.87 ,23.85 ,23.8 ,23.85 ,23.88 ,23.86 ,23.95 ,23.9 ,23.88 ,23.93 ,23.91 ,23.92 ,24.07 ,23.9 ,23.9 ,23.89 ,23.88 ,23.95 ,23.91 ,23.91 ,23.93 ,23.9 ,23.88 ,23.93 ,23.89 ,23.93 ,23.92 ,24.02 ,24.1 ,24.04 ,23.92 ,23.9 ,23.98 ,23.9 ,23.86 ,23.81 ,23.92 ,23.92 ,23.92 ,23.96 ,23.96 ,23.93 ,23.83 ,23.88 ,23.93 ,23.91 ,23.85 ,23.96 ,23.95 ,23.89 ,23.91 ,24 ,23.84 ,23.8 ,23.89 ,23.93 ,23.9 ,23.86 ,23.91 ,23.84 ,23.85 ,23.91 ,23.92 ,23.88 ,23.88 ,23.91 ,23.94 ,23.85 ,23.88 ,23.82 ,23.87 ,23.91 ,23.83 ,23.88 ,23.94 ,23.89 ,23.95 ,23.99 ,23.89 ,23.88 ,23.85 ,23.9 ,23.84 ,23.8 ,23.86 ,23.96 ,23.87 ,24.01 ,23.99 ,23.94 ,23.85 ,23.77 ,23.86 ,23.85 ,23.81 ,23.85 ,23.9 ,23.91 ,23.84 ,23.83 ,23.81 ,23.8 ,23.87 ,23.83 ,23.82 ,23.89 ,23.85 ,23.81 ,23.94 ,23.87 ,23.85 ,23.78 ,23.78 ,23.81 ,23.84 ,23.75 ,23.72 ,23.78 ,23.82 ,23.81 ,23.89 ,23.88 ,23.86 ,23.8 ,23.86 ,23.9 ,23.95 ,23.93 ,23.83 ,23.8 ,23.85 ,23.85 ,23.84 ,23.91 ,23.88 ,23.87 ,23.85 ,23.8 ,23.84 ,23.89 ,23.85 ,23.73 ,23.79 ,23.87 ,23.86 ,23.89 ,23.85 ,23.89 ,23.9 ,23.78 ,23.76 ,23.86 ,23.82 ,23.86 ,23.97 ,23.82 ,23.79 ,23.85 ,23.91 ,23.94 ,23.84 ,23.81 ,23.82 ,23.78 ,23.77 ,23.79 ,23.88 ,23.78 ,23.88 ,23.89 ,23.84 ,23.83 ,23.9 ,23.8 ,23.82 ,23.87 ,23.89 ,23.9 ,23.92 ,23.83 ,23.81 ,23.74 ,23.78 ,23.79 ,23.8 ,23.85 ,23.75 ,23.73 ,23.76 ,23.83 ,23.91 ,23.91 ,23.75 ,23.8 ,23.87 ,23.77 ,23.77 ,23.8 ,23.88 ,23.74 ,23.68 ,23.73 ,23.76 ,23.81 ,23.81 ,23.83 ,23.79 ,23.76 ,23.89 ,23.8 ,23.83 ,23.76 ,23.89 ,23.84 ,23.75 ,23.61 ,23.75 ,23.76 ,23.6 ,23.85 ,23.75 ,23.71 ,23.71 ,23.72 ,23.77 ,23.8 ,23.83 ,23.76 ,23.72 ,23.71 ,23.76 ,23.72 ,23.72 ,23.81 ,23.65 ,23.64 ,23.75 ,23.8 ,23.78 ,23.54 ,23.68 ,23.68 ,23.62 ,23.66 ,23.66 ,23.64 ,23.61 ,23.61 ,23.67 ,23.73 ,23.64 ,23.64 ,23.75 ,23.66 ,23.63 ,23.53 ,23.49 ,23.56 ,23.64 ,23.61 ,23.54 ,23.6 ,23.5 ,23.32 ,23.41 ,23.34 ,23.2 ,23.26 ,23.28 ,23.24 ,23.21 ,23.12 ,23.21 ,23.26 ,23.22 ,23.19 ,23.25 ,23.15 ,23.13 ,23.12 ,23.09 ,23.15 ,22.98 ,22.99 ,23.01 ,22.94 ,23.01 ,23 ,23.01 ,22.98 ,22.97 ,23.06 ,23 ,22.89 ,23 ,23 ,22.98 ,22.77 ,22.8 ,22.86 ,22.86 ,22.81 ,22.89 ,22.76 ,22.75 ,22.8 ,22.89 ,22.96 ,22.86 ,22.93 ,23.02 ,23.06 ,23.07 ,23.12 ,23.16 ,23.27 ,23.29 ,23.32 ,23.34 ,23.33 ,23.33 ,23.4 ,23.43 ,23.5 ,23.32 ,23.32 ,23.51 ,23.46 ,23.31 ,23.27 ,23.43 ,23.55 ,23.54 ,23.56 ,23.57 ,23.49 ,23.39 ,23.41 ,23.56 ,23.57 ,23.43 ,23.5 ,23.61 ,23.52 ,23.49 ,23.46 ,23.44 ,23.55 ,23.5 ,23.43 ,23.58 ,23.53 ,23.46 ,23.55 ,23.58 ,23.61 ,23.58 ,
459,23.42 ,23.37 ,23.47 ,23.47 ,23.35 ,23.37 ,23.47 ,23.45 ,23.44 ,23.41 ,23.27 ,23.25 ,23.39 ,23.41 ,23.59 ,23.58 ,23.48 ,23.45 ,23.48 ,23.44 ,23.39 ,23.45 ,23.54 ,23.4 ,23.4 ,23.49 ,23.55 ,23.45 ,23.26 ,23.35 ,23.4 ,23.48 ,23.43 ,23.35 ,23.36 ,23.38 ,23.46 ,23.48 ,23.48 ,23.41 ,23.44 ,23.49 ,23.42 ,23.48 ,23.49 ,23.38 ,23.48 ,23.56 ,23.58 ,23.55 ,23.49 ,23.43 ,23.53 ,23.5 ,23.46 ,23.58 ,23.57 ,23.62 ,23.56 ,23.55 ,23.53 ,23.58 ,23.6 ,23.55 ,23.55 ,23.5 ,23.57 ,23.71 ,23.74 ,23.6 ,23.57 ,23.5 ,23.55 ,23.67 ,23.6 ,23.54 ,23.66 ,23.62 ,23.61 ,23.6 ,23.68 ,23.51 ,23.59 ,23.55 ,23.56 ,23.57 ,23.63 ,23.61 ,23.67 ,23.53 ,23.57 ,23.57 ,23.56 ,23.62 ,23.64 ,23.74 ,23.65 ,23.56 ,23.6 ,23.59 ,23.65 ,23.69 ,23.68 ,23.55 ,23.62 ,23.63 ,23.69 ,23.57 ,23.72 ,23.73 ,23.59 ,23.67 ,23.69 ,23.6 ,23.73 ,23.73 ,23.71 ,23.68 ,23.67 ,23.67 ,23.64 ,23.54 ,23.59 ,23.75 ,23.78 ,23.77 ,23.81 ,23.76 ,23.69 ,23.68 ,23.74 ,23.76 ,23.74 ,23.73 ,23.77 ,23.71 ,23.68 ,23.75 ,23.72 ,23.73 ,23.65 ,23.71 ,23.65 ,23.64 ,23.86 ,23.77 ,23.75 ,23.78 ,23.86 ,23.86 ,23.77 ,23.74 ,23.76 ,23.85 ,23.8 ,23.76 ,23.72 ,23.7 ,23.76 ,23.84 ,23.87 ,23.82 ,23.8 ,23.79 ,23.8 ,23.85 ,23.8 ,23.89 ,23.8 ,23.8 ,23.72 ,23.63 ,23.71 ,23.8 ,23.81 ,23.7 ,23.76 ,23.8 ,23.88 ,23.81 ,23.79 ,23.92 ,23.87 ,23.73 ,23.75 ,23.78 ,23.69 ,23.65 ,23.75 ,23.79 ,23.88 ,23.82 ,23.74 ,23.7 ,23.77 ,23.82 ,23.84 ,23.8 ,23.79 ,23.71 ,23.74 ,23.78 ,23.73 ,23.8 ,23.76 ,23.79 ,23.81 ,23.8 ,23.77 ,23.81 ,23.82 ,23.86 ,23.73 ,23.67 ,23.73 ,23.76 ,23.82 ,23.89 ,23.89 ,23.78 ,23.91 ,23.92 ,23.82 ,23.86 ,23.87 ,23.79 ,23.77 ,23.79 ,23.86 ,23.78 ,23.71 ,23.79 ,23.84 ,23.89 ,23.78 ,23.82 ,23.86 ,23.86 ,23.87 ,23.8 ,23.8 ,23.89 ,23.91 ,23.82 ,23.9 ,23.83 ,23.79 ,23.91 ,23.88 ,23.82 ,23.84 ,23.8 ,23.81 ,23.91 ,23.97 ,23.88 ,23.78 ,23.81 ,23.85 ,23.92 ,23.86 ,23.92 ,23.84 ,23.85 ,23.88 ,23.87 ,23.82 ,23.89 ,23.93 ,23.8 ,23.79 ,23.8 ,23.79 ,23.82 ,23.79 ,23.82 ,23.89 ,23.94 ,23.82 ,23.85 ,23.83 ,23.96 ,23.87 ,23.84 ,23.87 ,23.84 ,23.93 ,23.88 ,23.87 ,23.92 ,23.93 ,23.82 ,23.91 ,23.98 ,23.97 ,24.05 ,24.07 ,23.99 ,23.89 ,23.9 ,23.88 ,23.9 ,23.88 ,23.88 ,23.87 ,23.91 ,23.94 ,23.93 ,23.83 ,23.86 ,23.94 ,23.98 ,23.99 ,23.94 ,23.8 ,23.88 ,23.9 ,23.85 ,23.89 ,24.01 ,23.97 ,24.01 ,24 ,24 ,23.96 ,23.85 ,23.82 ,23.9 ,23.89 ,23.85 ,23.95 ,23.98 ,23.9 ,23.93 ,23.98 ,23.88 ,23.78 ,23.91 ,23.95 ,24.01 ,23.91 ,23.85 ,23.89 ,23.85 ,23.87 ,23.92 ,23.95 ,23.96 ,23.95 ,23.9 ,24 ,23.97 ,23.81 ,23.81 ,23.91 ,23.83 ,23.9 ,23.89 ,23.88 ,23.92 ,23.95 ,23.91 ,23.88 ,23.85 ,23.84 ,23.84 ,23.89 ,23.93 ,23.89 ,23.86 ,23.93 ,23.9 ,23.91 ,23.87 ,23.77 ,23.88 ,23.98 ,23.87 ,23.82 ,23.77 ,23.82 ,23.84 ,23.8 ,23.83 ,23.77 ,23.84 ,23.8 ,23.85 ,23.87 ,23.95 ,23.85 ,23.83 ,23.88 ,23.81 ,23.86 ,23.84 ,23.89 ,23.94 ,23.83 ,23.76 ,23.81 ,23.89 ,23.89 ,23.88 ,23.83 ,23.81 ,23.82 ,23.86 ,23.93 ,23.91 ,23.86 ,23.88 ,23.84 ,23.92 ,23.94 ,23.82 ,23.93 ,23.95 ,23.95 ,23.82 ,23.75 ,23.83 ,23.83 ,23.87 ,23.74 ,23.71 ,23.87 ,23.82 ,23.84 ,23.84 ,23.8 ,23.87 ,23.83 ,23.84 ,23.84 ,23.78 ,23.8 ,23.92 ,23.89 ,23.81 ,23.88 ,23.89 ,23.89 ,23.88 ,23.88 ,23.86 ,23.78 ,23.77 ,23.88 ,23.91 ,23.75 ,23.77 ,23.91 ,23.9 ,23.83 ,23.82 ,23.81 ,23.8 ,23.92 ,23.91 ,23.87 ,23.91 ,23.84 ,23.81 ,23.8 ,23.7 ,23.75 ,23.83 ,23.81 ,23.8 ,23.75 ,23.85 ,23.82 ,23.91 ,23.88 ,23.72 ,23.82 ,23.83 ,23.82 ,23.82 ,23.78 ,23.84 ,23.82 ,23.74 ,23.68 ,23.8 ,23.79 ,23.78 ,23.8 ,23.72 ,23.85 ,23.84 ,23.81 ,23.85 ,23.69 ,23.76 ,23.77 ,23.7 ,23.69 ,23.79 ,23.76 ,23.67 ,23.81 ,23.82 ,23.76 ,23.82 ,23.86 ,23.9 ,23.86 ,23.7 ,23.81 ,23.71 ,23.76 ,23.77 ,23.81 ,23.66 ,23.76 ,23.71 ,23.63 ,23.76 ,23.87 ,23.74 ,23.7 ,23.75 ,23.68 ,23.64 ,23.66 ,23.64 ,23.62 ,23.57 ,23.58 ,23.7 ,23.68 ,23.67 ,23.68 ,23.62 ,23.61 ,23.67 ,23.62 ,23.53 ,23.56 ,23.6 ,23.52 ,23.57 ,23.59 ,23.48 ,23.35 ,23.49 ,23.4 ,23.34 ,23.28 ,23.28 ,23.17 ,23.12 ,23.14 ,23.13 ,23.11 ,23.13 ,23.1 ,23.18 ,23.03 ,22.98 ,23.01 ,23.07 ,23.12 ,22.96 ,22.96 ,22.94 ,22.86 ,22.85 ,22.93 ,22.9 ,22.84 ,22.86 ,22.97 ,22.93 ,22.85 ,22.91 ,23.01 ,23 ,22.79 ,22.84 ,22.82 ,22.88 ,22.81 ,22.85 ,22.86 ,22.85 ,22.92 ,22.87 ,22.9 ,22.85 ,22.9 ,22.95 ,22.96 ,23.01 ,23.18 ,23.16 ,23.26 ,23.15 ,23.22 ,23.24 ,23.29 ,23.36 ,23.41 ,23.52 ,23.51 ,23.43 ,23.39 ,23.44 ,23.47 ,23.39 ,23.39 ,23.48 ,23.52 ,23.51 ,23.42 ,23.52 ,23.54 ,23.42 ,23.39 ,23.6 ,23.61 ,23.5 ,23.56 ,23.56 ,23.49 ,23.53 ,23.49 ,23.48 ,23.58 ,23.57 ,23.46 ,23.65 ,23.59 ,23.54 ,23.53 ,23.6 ,23.52 ,23.51 ,
460,23.32 ,23.31 ,23.42 ,23.43 ,23.4 ,23.36 ,23.49 ,23.47 ,23.41 ,23.38 ,23.32 ,23.36 ,23.52 ,23.47 ,23.48 ,23.61 ,23.49 ,23.56 ,23.53 ,23.48 ,23.36 ,23.48 ,23.6 ,23.47 ,23.38 ,23.39 ,23.46 ,23.51 ,23.38 ,23.3 ,23.41 ,23.42 ,23.44 ,23.45 ,23.53 ,23.48 ,23.47 ,23.51 ,23.53 ,23.42 ,23.47 ,23.52 ,23.41 ,23.44 ,23.55 ,23.52 ,23.51 ,23.58 ,23.46 ,23.45 ,23.54 ,23.58 ,23.67 ,23.56 ,23.38 ,23.51 ,23.57 ,23.52 ,23.55 ,23.55 ,23.61 ,23.62 ,23.63 ,23.62 ,23.66 ,23.6 ,23.55 ,23.61 ,23.66 ,23.6 ,23.55 ,23.59 ,23.54 ,23.68 ,23.7 ,23.59 ,23.64 ,23.56 ,23.65 ,23.62 ,23.58 ,23.59 ,23.6 ,23.58 ,23.66 ,23.66 ,23.59 ,23.72 ,23.69 ,23.51 ,23.57 ,23.56 ,23.59 ,23.62 ,23.62 ,23.68 ,23.68 ,23.54 ,23.55 ,23.6 ,23.66 ,23.74 ,23.66 ,23.61 ,23.62 ,23.73 ,23.78 ,23.58 ,23.62 ,23.72 ,23.7 ,23.66 ,23.67 ,23.66 ,23.72 ,23.76 ,23.69 ,23.71 ,23.71 ,23.71 ,23.68 ,23.65 ,23.64 ,23.78 ,23.76 ,23.69 ,23.78 ,23.79 ,23.61 ,23.64 ,23.75 ,23.73 ,23.73 ,23.63 ,23.76 ,23.85 ,23.77 ,23.71 ,23.78 ,23.8 ,23.72 ,23.64 ,23.62 ,23.67 ,23.84 ,23.9 ,23.68 ,23.73 ,23.77 ,23.89 ,23.88 ,23.81 ,23.72 ,23.74 ,23.78 ,23.82 ,23.75 ,23.78 ,23.76 ,23.85 ,23.83 ,23.82 ,23.8 ,23.74 ,23.71 ,23.74 ,23.76 ,23.86 ,23.78 ,23.79 ,23.72 ,23.71 ,23.74 ,23.82 ,23.92 ,23.75 ,23.79 ,23.85 ,23.85 ,23.77 ,23.74 ,23.88 ,23.86 ,23.74 ,23.68 ,23.82 ,23.79 ,23.7 ,23.77 ,23.86 ,23.86 ,23.85 ,23.72 ,23.71 ,23.77 ,23.8 ,23.84 ,23.83 ,23.82 ,23.87 ,23.76 ,23.74 ,23.81 ,23.85 ,23.83 ,23.87 ,23.78 ,23.77 ,23.78 ,23.89 ,23.81 ,23.85 ,23.82 ,23.83 ,23.8 ,23.82 ,23.9 ,23.92 ,23.97 ,23.78 ,23.89 ,23.87 ,23.75 ,23.74 ,23.88 ,23.85 ,23.81 ,23.8 ,23.83 ,23.79 ,23.82 ,23.9 ,23.84 ,23.88 ,23.85 ,23.84 ,23.88 ,23.87 ,23.94 ,23.94 ,23.85 ,23.88 ,23.88 ,23.75 ,23.78 ,23.9 ,23.86 ,23.84 ,23.82 ,23.83 ,23.85 ,23.82 ,23.85 ,23.88 ,23.87 ,23.85 ,23.89 ,23.88 ,23.8 ,23.88 ,23.9 ,23.88 ,23.91 ,23.83 ,23.85 ,23.95 ,23.84 ,23.74 ,23.88 ,23.86 ,23.75 ,23.81 ,23.81 ,23.89 ,23.89 ,23.87 ,23.86 ,23.97 ,23.81 ,23.83 ,23.87 ,23.87 ,23.91 ,23.88 ,23.8 ,23.79 ,23.96 ,23.97 ,23.85 ,23.92 ,23.94 ,23.93 ,23.86 ,23.99 ,23.97 ,23.96 ,24 ,23.97 ,23.85 ,23.98 ,23.97 ,23.83 ,23.84 ,23.87 ,23.88 ,23.94 ,23.91 ,23.93 ,24 ,23.89 ,23.95 ,23.85 ,23.87 ,23.94 ,23.82 ,23.87 ,23.87 ,23.82 ,23.92 ,24.04 ,23.93 ,23.92 ,23.89 ,23.93 ,23.98 ,23.92 ,23.89 ,23.85 ,23.8 ,23.83 ,23.92 ,23.97 ,23.92 ,23.87 ,23.99 ,23.96 ,23.89 ,23.93 ,23.93 ,23.98 ,23.95 ,23.81 ,23.79 ,23.93 ,23.9 ,23.87 ,23.92 ,23.95 ,23.9 ,23.86 ,23.92 ,24.04 ,23.89 ,23.91 ,23.78 ,23.83 ,23.89 ,23.95 ,23.91 ,23.9 ,23.84 ,23.85 ,23.89 ,23.85 ,23.87 ,23.8 ,23.82 ,23.84 ,23.74 ,23.79 ,23.94 ,23.84 ,23.88 ,23.87 ,23.79 ,23.83 ,23.96 ,23.92 ,23.87 ,23.8 ,23.82 ,23.87 ,23.84 ,23.85 ,23.83 ,23.84 ,23.85 ,23.92 ,23.89 ,23.86 ,23.88 ,23.79 ,23.84 ,23.85 ,23.81 ,23.82 ,23.9 ,23.96 ,23.86 ,23.85 ,23.88 ,23.92 ,23.91 ,23.91 ,23.83 ,23.78 ,23.81 ,23.87 ,23.9 ,23.89 ,23.85 ,23.85 ,23.87 ,23.89 ,23.89 ,23.89 ,23.9 ,23.92 ,23.88 ,23.82 ,23.75 ,23.82 ,23.93 ,23.92 ,23.81 ,23.72 ,23.81 ,23.85 ,23.9 ,23.86 ,23.84 ,23.89 ,23.91 ,23.89 ,23.84 ,23.83 ,23.87 ,23.92 ,23.87 ,23.74 ,23.74 ,23.85 ,23.84 ,23.74 ,23.86 ,23.92 ,23.85 ,23.82 ,23.89 ,23.9 ,23.79 ,23.78 ,23.83 ,23.84 ,23.84 ,23.88 ,23.78 ,23.84 ,23.83 ,23.83 ,23.84 ,23.85 ,23.89 ,23.87 ,23.89 ,23.83 ,23.81 ,23.87 ,23.82 ,23.81 ,23.79 ,23.83 ,23.8 ,23.87 ,23.92 ,23.89 ,23.87 ,23.95 ,23.82 ,23.74 ,23.82 ,23.74 ,23.76 ,23.87 ,23.78 ,23.79 ,23.83 ,23.81 ,23.77 ,23.79 ,23.8 ,23.87 ,23.8 ,23.83 ,23.69 ,23.76 ,23.81 ,23.78 ,23.79 ,23.84 ,23.77 ,23.67 ,23.74 ,23.76 ,23.83 ,23.84 ,23.85 ,23.88 ,23.84 ,23.68 ,23.7 ,23.74 ,23.82 ,23.77 ,23.75 ,23.75 ,23.72 ,23.75 ,23.68 ,23.75 ,23.79 ,23.75 ,23.68 ,23.79 ,23.67 ,23.65 ,23.69 ,23.58 ,23.62 ,23.68 ,23.61 ,23.63 ,23.66 ,23.6 ,23.64 ,23.56 ,23.64 ,23.67 ,23.62 ,23.59 ,23.63 ,23.65 ,23.6 ,23.62 ,23.51 ,23.48 ,23.47 ,23.69 ,23.58 ,23.41 ,23.23 ,23.14 ,23.1 ,23.12 ,23.19 ,23.08 ,23.01 ,23.1 ,23.06 ,23.14 ,23.09 ,22.87 ,22.94 ,22.99 ,23.1 ,22.92 ,22.93 ,22.92 ,22.93 ,22.95 ,22.9 ,22.9 ,22.9 ,23.01 ,23.07 ,22.94 ,22.87 ,22.95 ,22.97 ,22.97 ,22.89 ,22.97 ,22.97 ,22.91 ,22.93 ,22.89 ,22.95 ,22.95 ,22.94 ,22.9 ,22.74 ,22.87 ,22.92 ,22.9 ,22.84 ,22.82 ,23.03 ,23 ,23.02 ,23 ,23.11 ,23.24 ,23.19 ,23.3 ,23.36 ,23.46 ,23.47 ,23.35 ,23.38 ,23.39 ,23.4 ,23.48 ,23.47 ,23.43 ,23.35 ,23.49 ,23.45 ,23.48 ,23.51 ,23.54 ,23.35 ,23.37 ,23.49 ,23.42 ,23.46 ,23.59 ,23.47 ,23.53 ,23.52 ,23.46 ,23.45 ,23.57 ,23.45 ,23.51 ,23.57 ,23.49 ,23.57 ,23.68 ,23.58 ,23.56 ,
461,23.33 ,23.28 ,23.28 ,23.36 ,23.31 ,23.34 ,23.36 ,23.45 ,23.34 ,23.45 ,23.29 ,23.44 ,23.53 ,23.46 ,23.43 ,23.46 ,23.43 ,23.55 ,23.52 ,23.47 ,23.37 ,23.36 ,23.47 ,23.45 ,23.36 ,23.39 ,23.33 ,23.39 ,23.42 ,23.47 ,23.48 ,23.39 ,23.46 ,23.45 ,23.52 ,23.57 ,23.57 ,23.57 ,23.51 ,23.42 ,23.52 ,23.6 ,23.56 ,23.51 ,23.51 ,23.47 ,23.49 ,23.53 ,23.49 ,23.42 ,23.42 ,23.45 ,23.58 ,23.58 ,23.51 ,23.54 ,23.63 ,23.49 ,23.55 ,23.55 ,23.54 ,23.55 ,23.58 ,23.58 ,23.59 ,23.66 ,23.64 ,23.65 ,23.53 ,23.57 ,23.58 ,23.63 ,23.6 ,23.73 ,23.69 ,23.61 ,23.64 ,23.57 ,23.52 ,23.55 ,23.59 ,23.56 ,23.58 ,23.64 ,23.61 ,23.58 ,23.57 ,23.7 ,23.68 ,23.53 ,23.66 ,23.57 ,23.57 ,23.71 ,23.62 ,23.73 ,23.74 ,23.61 ,23.61 ,23.7 ,23.67 ,23.64 ,23.71 ,23.69 ,23.77 ,23.69 ,23.75 ,23.6 ,23.6 ,23.62 ,23.64 ,23.61 ,23.6 ,23.67 ,23.75 ,23.77 ,23.66 ,23.68 ,23.64 ,23.64 ,23.66 ,23.6 ,23.65 ,23.7 ,23.65 ,23.74 ,23.81 ,23.84 ,23.7 ,23.64 ,23.72 ,23.71 ,23.73 ,23.68 ,23.73 ,23.85 ,23.79 ,23.79 ,23.8 ,23.74 ,23.74 ,23.7 ,23.66 ,23.7 ,23.83 ,23.88 ,23.67 ,23.64 ,23.72 ,23.73 ,23.85 ,23.83 ,23.75 ,23.75 ,23.7 ,23.65 ,23.74 ,23.84 ,23.75 ,23.82 ,23.82 ,23.78 ,23.82 ,23.8 ,23.75 ,23.76 ,23.74 ,23.82 ,23.78 ,23.8 ,23.81 ,23.78 ,23.76 ,23.86 ,23.9 ,23.73 ,23.69 ,23.84 ,23.82 ,23.83 ,23.79 ,23.85 ,23.86 ,23.71 ,23.74 ,23.77 ,23.83 ,23.77 ,23.76 ,23.89 ,23.91 ,23.82 ,23.72 ,23.7 ,23.87 ,23.77 ,23.76 ,23.89 ,23.85 ,23.86 ,23.94 ,23.77 ,23.8 ,23.81 ,23.8 ,23.82 ,23.86 ,23.81 ,23.75 ,23.83 ,23.84 ,23.87 ,23.78 ,23.78 ,23.89 ,23.86 ,23.93 ,23.9 ,23.91 ,23.87 ,23.82 ,23.92 ,23.8 ,23.78 ,23.85 ,23.92 ,23.88 ,23.87 ,23.84 ,23.82 ,23.84 ,23.91 ,23.84 ,23.82 ,23.8 ,23.84 ,23.91 ,23.92 ,23.83 ,23.91 ,23.92 ,23.94 ,23.9 ,23.76 ,23.76 ,23.84 ,23.87 ,23.81 ,23.87 ,23.93 ,23.86 ,23.79 ,23.9 ,23.95 ,23.82 ,23.9 ,23.95 ,23.95 ,23.87 ,23.79 ,23.87 ,23.84 ,23.86 ,23.85 ,23.93 ,23.87 ,23.84 ,23.84 ,23.91 ,23.9 ,23.7 ,23.78 ,23.84 ,23.9 ,23.92 ,23.97 ,23.91 ,23.98 ,23.86 ,23.8 ,23.84 ,23.78 ,23.91 ,23.96 ,23.87 ,23.81 ,23.9 ,23.89 ,23.84 ,23.91 ,23.94 ,23.89 ,23.88 ,23.85 ,23.91 ,23.9 ,23.89 ,23.97 ,23.94 ,23.98 ,23.99 ,23.99 ,23.93 ,23.89 ,23.87 ,23.88 ,23.88 ,23.91 ,23.92 ,23.95 ,23.98 ,23.97 ,23.88 ,23.86 ,23.85 ,23.94 ,23.93 ,23.9 ,23.87 ,23.92 ,23.86 ,23.91 ,23.92 ,23.86 ,23.88 ,23.89 ,23.83 ,23.85 ,23.86 ,23.9 ,23.9 ,23.9 ,23.91 ,23.81 ,23.87 ,23.82 ,23.87 ,23.88 ,23.86 ,23.88 ,23.89 ,23.95 ,23.85 ,23.92 ,23.95 ,23.86 ,23.87 ,23.97 ,23.89 ,23.86 ,23.79 ,23.93 ,23.93 ,23.91 ,23.73 ,23.72 ,23.88 ,24 ,23.93 ,23.9 ,23.84 ,23.83 ,23.89 ,23.88 ,23.85 ,23.85 ,23.85 ,23.84 ,23.75 ,23.82 ,23.86 ,23.89 ,23.91 ,23.87 ,23.78 ,23.8 ,23.81 ,23.85 ,23.85 ,23.96 ,23.9 ,23.94 ,23.77 ,23.88 ,23.9 ,23.89 ,23.85 ,23.84 ,23.74 ,23.71 ,23.8 ,23.82 ,23.93 ,23.88 ,23.89 ,23.82 ,23.89 ,23.85 ,23.89 ,23.92 ,23.83 ,23.89 ,23.85 ,23.88 ,23.89 ,23.9 ,23.84 ,23.82 ,23.86 ,23.88 ,23.88 ,23.85 ,23.85 ,23.95 ,23.83 ,23.89 ,23.96 ,23.89 ,23.87 ,23.81 ,23.84 ,23.78 ,23.85 ,23.88 ,23.79 ,23.79 ,23.78 ,23.8 ,23.89 ,23.9 ,23.88 ,23.87 ,23.92 ,23.87 ,23.85 ,23.95 ,23.89 ,23.95 ,23.85 ,23.77 ,23.8 ,23.87 ,23.85 ,23.78 ,23.91 ,23.88 ,23.84 ,23.8 ,23.83 ,23.91 ,23.8 ,23.82 ,23.85 ,23.84 ,23.94 ,23.98 ,23.8 ,23.88 ,23.76 ,23.78 ,23.79 ,23.75 ,23.84 ,23.87 ,23.84 ,23.87 ,23.87 ,23.83 ,23.81 ,23.76 ,23.8 ,23.78 ,23.73 ,23.77 ,23.89 ,23.88 ,23.83 ,23.88 ,23.89 ,23.81 ,23.81 ,23.75 ,23.75 ,23.88 ,23.87 ,23.83 ,23.78 ,23.77 ,23.78 ,23.86 ,23.9 ,23.85 ,23.84 ,23.79 ,23.8 ,23.89 ,23.89 ,23.79 ,23.76 ,23.81 ,23.84 ,23.77 ,23.77 ,23.78 ,23.82 ,23.87 ,23.81 ,23.85 ,23.85 ,23.79 ,23.78 ,23.77 ,23.73 ,23.76 ,23.73 ,23.78 ,23.8 ,23.69 ,23.7 ,23.73 ,23.76 ,23.75 ,23.66 ,23.71 ,23.69 ,23.68 ,23.7 ,23.61 ,23.66 ,23.79 ,23.76 ,23.67 ,23.68 ,23.64 ,23.66 ,23.63 ,23.57 ,23.6 ,23.63 ,23.59 ,23.59 ,23.6 ,23.67 ,23.7 ,23.61 ,23.56 ,23.46 ,23.63 ,23.6 ,23.41 ,23.4 ,23.3 ,23.2 ,23.14 ,23.19 ,23.18 ,23.12 ,23.14 ,23.17 ,23.25 ,23.2 ,23.09 ,23.05 ,23.11 ,23.2 ,23.05 ,23.02 ,23.12 ,23.18 ,23.1 ,23.1 ,23.08 ,23.07 ,23.18 ,23.19 ,23.13 ,23.02 ,23.03 ,23.09 ,22.99 ,22.96 ,23.06 ,23.16 ,23.02 ,23.02 ,22.99 ,23.02 ,23.04 ,22.92 ,22.94 ,22.92 ,22.9 ,22.89 ,22.78 ,22.84 ,22.77 ,22.8 ,22.87 ,22.89 ,22.94 ,22.98 ,23.09 ,23.11 ,23.17 ,23.34 ,23.36 ,23.46 ,23.36 ,23.27 ,23.42 ,23.42 ,23.5 ,23.44 ,23.42 ,23.33 ,23.45 ,23.55 ,23.53 ,23.41 ,23.38 ,23.41 ,23.46 ,23.53 ,23.42 ,23.54 ,23.59 ,23.5 ,23.48 ,23.5 ,23.45 ,23.53 ,23.6 ,23.54 ,23.5 ,23.46 ,23.52 ,23.63 ,23.63 ,23.55 ,23.48 ,
462,23.4 ,23.43 ,23.44 ,23.33 ,23.15 ,23.39 ,23.42 ,23.37 ,23.49 ,23.47 ,23.34 ,23.38 ,23.54 ,23.45 ,23.62 ,23.43 ,23.38 ,23.54 ,23.55 ,23.42 ,23.42 ,23.35 ,23.39 ,23.35 ,23.36 ,23.42 ,23.46 ,23.36 ,23.34 ,23.5 ,23.53 ,23.45 ,23.44 ,23.42 ,23.48 ,23.53 ,23.61 ,23.59 ,23.48 ,23.37 ,23.51 ,23.59 ,23.57 ,23.56 ,23.49 ,23.5 ,23.51 ,23.59 ,23.51 ,23.47 ,23.46 ,23.51 ,23.5 ,23.62 ,23.56 ,23.49 ,23.59 ,23.64 ,23.59 ,23.58 ,23.48 ,23.57 ,23.55 ,23.56 ,23.6 ,23.64 ,23.65 ,23.68 ,23.66 ,23.6 ,23.64 ,23.62 ,23.64 ,23.7 ,23.66 ,23.65 ,23.72 ,23.63 ,23.6 ,23.56 ,23.59 ,23.54 ,23.62 ,23.64 ,23.66 ,23.59 ,23.62 ,23.73 ,23.7 ,23.62 ,23.68 ,23.74 ,23.55 ,23.65 ,23.64 ,23.63 ,23.8 ,23.69 ,23.64 ,23.73 ,23.72 ,23.58 ,23.7 ,23.78 ,23.7 ,23.62 ,23.67 ,23.69 ,23.75 ,23.67 ,23.58 ,23.59 ,23.61 ,23.67 ,23.66 ,23.68 ,23.64 ,23.63 ,23.67 ,23.64 ,23.63 ,23.65 ,23.69 ,23.72 ,23.71 ,23.76 ,23.85 ,23.88 ,23.72 ,23.66 ,23.69 ,23.74 ,23.77 ,23.77 ,23.76 ,23.8 ,23.78 ,23.76 ,23.83 ,23.78 ,23.76 ,23.73 ,23.75 ,23.76 ,23.75 ,23.84 ,23.74 ,23.74 ,23.8 ,23.8 ,23.73 ,23.8 ,23.79 ,23.77 ,23.68 ,23.75 ,23.8 ,23.9 ,23.85 ,23.77 ,23.85 ,23.84 ,23.85 ,23.82 ,23.8 ,23.78 ,23.75 ,23.82 ,23.8 ,23.9 ,23.88 ,23.81 ,23.72 ,23.82 ,23.91 ,23.71 ,23.75 ,23.89 ,23.85 ,23.84 ,23.82 ,23.85 ,23.8 ,23.83 ,23.84 ,23.75 ,23.79 ,23.78 ,23.83 ,23.9 ,23.88 ,23.81 ,23.81 ,23.86 ,23.92 ,23.9 ,23.74 ,23.77 ,23.83 ,23.84 ,23.89 ,23.85 ,23.72 ,23.75 ,23.77 ,23.82 ,23.9 ,23.85 ,23.74 ,23.89 ,23.91 ,23.87 ,23.88 ,23.77 ,23.74 ,23.91 ,23.92 ,23.88 ,23.87 ,23.92 ,23.86 ,23.96 ,23.94 ,23.86 ,23.89 ,23.89 ,23.95 ,23.85 ,23.78 ,23.79 ,23.78 ,23.78 ,23.86 ,23.77 ,23.72 ,23.89 ,23.84 ,23.79 ,23.75 ,23.82 ,23.88 ,23.97 ,23.93 ,23.86 ,23.82 ,23.74 ,23.8 ,23.83 ,23.9 ,23.88 ,23.91 ,23.8 ,23.87 ,23.96 ,23.9 ,23.89 ,23.96 ,23.95 ,23.89 ,23.89 ,23.86 ,23.88 ,23.92 ,23.94 ,23.97 ,23.87 ,23.76 ,23.83 ,23.84 ,23.92 ,23.82 ,23.85 ,23.83 ,23.9 ,23.91 ,23.89 ,23.91 ,24.03 ,23.97 ,23.88 ,23.89 ,23.83 ,23.85 ,23.88 ,23.97 ,24 ,23.92 ,23.84 ,23.86 ,23.95 ,23.96 ,23.98 ,23.92 ,23.81 ,23.9 ,23.96 ,23.84 ,23.97 ,23.9 ,23.88 ,23.99 ,24.01 ,23.95 ,23.95 ,23.94 ,23.87 ,23.96 ,23.97 ,23.89 ,23.86 ,23.9 ,23.99 ,23.95 ,23.87 ,23.91 ,23.92 ,23.89 ,23.95 ,23.9 ,23.93 ,23.9 ,23.9 ,23.95 ,23.92 ,23.9 ,23.95 ,23.9 ,23.87 ,23.97 ,24.06 ,24.04 ,23.9 ,23.87 ,23.86 ,23.92 ,23.85 ,23.86 ,23.91 ,23.92 ,23.87 ,23.87 ,23.98 ,23.94 ,23.99 ,24.03 ,24.01 ,23.94 ,23.92 ,23.94 ,23.89 ,23.89 ,23.88 ,23.97 ,23.91 ,23.79 ,23.83 ,23.89 ,23.96 ,23.94 ,23.94 ,23.85 ,23.83 ,23.93 ,23.98 ,23.98 ,23.87 ,23.86 ,23.92 ,23.86 ,23.85 ,23.85 ,23.84 ,23.97 ,23.89 ,23.84 ,23.84 ,23.87 ,23.88 ,23.88 ,23.93 ,24.04 ,23.97 ,23.84 ,23.92 ,23.92 ,23.89 ,23.84 ,23.84 ,23.86 ,23.74 ,23.9 ,23.94 ,23.9 ,23.88 ,23.86 ,23.86 ,23.89 ,23.87 ,23.85 ,23.82 ,23.79 ,23.82 ,23.85 ,23.91 ,23.91 ,23.94 ,23.83 ,23.83 ,23.88 ,23.88 ,23.94 ,23.85 ,23.78 ,23.83 ,23.89 ,23.86 ,23.86 ,23.86 ,23.88 ,23.86 ,23.89 ,23.81 ,23.82 ,23.87 ,23.86 ,23.88 ,23.88 ,23.82 ,23.82 ,23.84 ,23.82 ,23.86 ,23.87 ,23.89 ,23.85 ,23.9 ,23.97 ,23.94 ,23.9 ,23.83 ,23.89 ,23.97 ,23.86 ,23.84 ,23.99 ,23.89 ,23.75 ,23.84 ,23.81 ,23.78 ,23.82 ,23.95 ,23.98 ,23.91 ,23.91 ,23.92 ,23.77 ,23.78 ,23.86 ,23.85 ,23.83 ,23.87 ,23.82 ,23.85 ,23.91 ,23.97 ,24.03 ,23.92 ,23.87 ,23.81 ,23.83 ,23.84 ,23.77 ,23.85 ,23.89 ,23.92 ,23.85 ,23.86 ,23.83 ,23.86 ,23.95 ,23.89 ,23.75 ,23.85 ,23.92 ,23.9 ,23.85 ,23.74 ,23.79 ,23.86 ,23.89 ,23.83 ,23.79 ,23.89 ,23.86 ,23.88 ,23.86 ,23.9 ,23.85 ,23.8 ,23.84 ,23.76 ,23.68 ,23.77 ,23.83 ,23.92 ,23.87 ,23.81 ,23.84 ,23.78 ,23.79 ,23.73 ,23.78 ,23.78 ,23.78 ,23.79 ,23.83 ,23.61 ,23.67 ,23.72 ,23.6 ,23.68 ,23.74 ,23.7 ,23.73 ,23.7 ,23.66 ,23.69 ,23.77 ,23.77 ,23.75 ,23.72 ,23.72 ,23.73 ,23.66 ,23.61 ,23.54 ,23.51 ,23.62 ,23.58 ,23.53 ,23.56 ,23.55 ,23.67 ,23.63 ,23.58 ,23.57 ,23.67 ,23.63 ,23.56 ,23.5 ,23.52 ,23.41 ,23.28 ,23.23 ,23.25 ,23.22 ,23.19 ,23.2 ,23.24 ,23.3 ,23.26 ,23.2 ,23.18 ,23.25 ,23.21 ,23.22 ,23.16 ,23.16 ,23.2 ,23.21 ,23.2 ,23.15 ,23.25 ,23.22 ,23.19 ,23.07 ,23.07 ,23.19 ,23.09 ,22.9 ,22.99 ,23.14 ,23.1 ,23.06 ,23.04 ,22.93 ,22.99 ,22.93 ,22.92 ,23.03 ,23.03 ,22.89 ,22.85 ,22.86 ,22.91 ,22.87 ,22.81 ,22.87 ,22.95 ,22.99 ,22.95 ,23.13 ,23.14 ,23.26 ,23.41 ,23.41 ,23.33 ,23.39 ,23.41 ,23.45 ,23.39 ,23.4 ,23.46 ,23.43 ,23.35 ,23.46 ,23.55 ,23.44 ,23.3 ,23.32 ,23.53 ,23.55 ,23.56 ,23.61 ,23.67 ,23.68 ,23.64 ,23.56 ,23.51 ,23.54 ,23.58 ,23.6 ,23.47 ,23.49 ,23.49 ,23.58 ,23.55 ,23.59 ,23.59 ,
463,23.43 ,23.51 ,23.57 ,23.4 ,23.21 ,23.32 ,23.42 ,23.4 ,23.47 ,23.43 ,23.26 ,23.4 ,23.48 ,23.48 ,23.54 ,23.49 ,23.37 ,23.5 ,23.46 ,23.38 ,23.39 ,23.4 ,23.42 ,23.39 ,23.4 ,23.49 ,23.39 ,23.38 ,23.36 ,23.49 ,23.48 ,23.44 ,23.43 ,23.36 ,23.5 ,23.53 ,23.56 ,23.52 ,23.53 ,23.47 ,23.58 ,23.65 ,23.57 ,23.62 ,23.62 ,23.52 ,23.55 ,23.62 ,23.57 ,23.49 ,23.53 ,23.59 ,23.58 ,23.69 ,23.59 ,23.44 ,23.46 ,23.67 ,23.57 ,23.49 ,23.54 ,23.56 ,23.57 ,23.63 ,23.68 ,23.64 ,23.65 ,23.67 ,23.66 ,23.66 ,23.6 ,23.55 ,23.59 ,23.61 ,23.65 ,23.69 ,23.74 ,23.64 ,23.55 ,23.53 ,23.61 ,23.6 ,23.66 ,23.66 ,23.64 ,23.63 ,23.58 ,23.71 ,23.69 ,23.58 ,23.67 ,23.69 ,23.66 ,23.61 ,23.67 ,23.66 ,23.65 ,23.62 ,23.59 ,23.74 ,23.72 ,23.56 ,23.69 ,23.77 ,23.77 ,23.66 ,23.62 ,23.68 ,23.75 ,23.66 ,23.67 ,23.73 ,23.74 ,23.64 ,23.65 ,23.67 ,23.63 ,23.63 ,23.81 ,23.85 ,23.71 ,23.67 ,23.78 ,23.83 ,23.81 ,23.73 ,23.8 ,23.83 ,23.64 ,23.67 ,23.77 ,23.82 ,23.76 ,23.74 ,23.71 ,23.73 ,23.78 ,23.77 ,23.8 ,23.88 ,23.74 ,23.75 ,23.77 ,23.86 ,23.84 ,23.88 ,23.82 ,23.72 ,23.77 ,23.83 ,23.69 ,23.72 ,23.81 ,23.86 ,23.76 ,23.73 ,23.82 ,23.82 ,23.81 ,23.87 ,23.87 ,23.83 ,23.8 ,23.78 ,23.79 ,23.78 ,23.74 ,23.8 ,23.74 ,23.86 ,23.91 ,23.75 ,23.75 ,23.81 ,23.82 ,23.75 ,23.8 ,23.89 ,23.9 ,23.76 ,23.83 ,23.85 ,23.79 ,23.77 ,23.8 ,23.79 ,23.81 ,23.79 ,23.8 ,23.86 ,23.8 ,23.87 ,23.85 ,23.86 ,23.85 ,23.81 ,23.82 ,23.83 ,23.75 ,23.83 ,23.81 ,23.83 ,23.81 ,23.76 ,23.74 ,23.84 ,23.91 ,23.89 ,23.72 ,23.83 ,23.84 ,23.82 ,23.93 ,23.81 ,23.78 ,23.83 ,23.87 ,23.9 ,23.91 ,23.93 ,23.88 ,23.85 ,23.91 ,23.85 ,23.86 ,23.79 ,23.89 ,23.88 ,23.83 ,23.81 ,23.78 ,23.79 ,23.84 ,23.81 ,23.77 ,23.92 ,23.88 ,23.71 ,23.75 ,23.88 ,23.87 ,23.95 ,23.92 ,23.85 ,23.82 ,23.72 ,23.74 ,23.77 ,23.81 ,23.86 ,23.89 ,23.9 ,23.88 ,23.87 ,23.96 ,23.87 ,23.91 ,23.98 ,23.88 ,23.86 ,23.86 ,23.83 ,23.95 ,23.94 ,23.98 ,23.92 ,23.8 ,23.84 ,23.91 ,23.92 ,23.96 ,23.91 ,23.82 ,23.89 ,23.86 ,23.83 ,23.85 ,23.91 ,23.91 ,23.94 ,23.94 ,23.81 ,23.72 ,23.74 ,23.9 ,23.94 ,23.92 ,23.87 ,23.9 ,23.98 ,23.92 ,23.88 ,23.87 ,23.94 ,24 ,24.03 ,23.95 ,23.88 ,23.9 ,23.87 ,23.88 ,23.92 ,23.89 ,23.96 ,23.95 ,23.99 ,23.99 ,24.06 ,23.98 ,23.83 ,23.84 ,23.93 ,23.97 ,23.98 ,23.92 ,23.93 ,23.97 ,23.98 ,23.92 ,23.98 ,23.94 ,23.83 ,23.89 ,23.88 ,23.85 ,23.98 ,24.03 ,23.97 ,24.01 ,24.03 ,24 ,24.01 ,23.92 ,23.87 ,23.93 ,23.9 ,23.85 ,23.98 ,23.95 ,23.88 ,23.82 ,23.89 ,23.9 ,23.92 ,24.02 ,24.04 ,23.95 ,23.92 ,23.93 ,23.91 ,23.96 ,23.95 ,23.95 ,23.91 ,23.85 ,23.97 ,23.91 ,23.86 ,23.93 ,23.96 ,23.93 ,23.86 ,23.95 ,23.87 ,23.91 ,23.82 ,23.81 ,23.81 ,23.85 ,23.88 ,23.93 ,23.88 ,24 ,24.09 ,23.87 ,23.81 ,23.87 ,23.86 ,23.88 ,23.91 ,23.91 ,23.91 ,23.92 ,23.89 ,23.91 ,23.94 ,23.87 ,23.88 ,23.99 ,23.85 ,23.85 ,23.94 ,23.82 ,23.8 ,23.76 ,23.78 ,23.83 ,23.84 ,23.85 ,23.82 ,23.84 ,23.91 ,23.91 ,23.93 ,23.92 ,23.87 ,23.84 ,23.88 ,23.92 ,23.89 ,23.9 ,23.81 ,23.81 ,23.8 ,23.85 ,23.84 ,23.84 ,23.82 ,23.84 ,23.88 ,24.02 ,23.9 ,23.97 ,23.98 ,23.88 ,23.86 ,23.93 ,23.92 ,23.79 ,23.91 ,23.86 ,23.89 ,23.89 ,23.89 ,23.94 ,23.87 ,23.93 ,23.92 ,23.81 ,23.83 ,23.82 ,23.92 ,23.91 ,23.85 ,23.83 ,23.8 ,23.89 ,23.9 ,23.86 ,23.79 ,23.83 ,23.92 ,23.93 ,23.93 ,23.87 ,23.8 ,23.77 ,23.76 ,23.87 ,23.93 ,23.85 ,23.88 ,23.91 ,23.89 ,23.96 ,23.9 ,23.92 ,23.9 ,23.87 ,23.86 ,23.84 ,23.84 ,23.83 ,23.93 ,23.83 ,23.78 ,23.88 ,23.86 ,23.78 ,23.84 ,23.84 ,23.86 ,23.81 ,23.78 ,23.87 ,23.89 ,23.83 ,23.81 ,23.86 ,23.76 ,23.78 ,23.81 ,23.83 ,23.8 ,23.75 ,23.81 ,23.85 ,23.89 ,23.86 ,23.84 ,23.74 ,23.73 ,23.7 ,23.76 ,23.79 ,23.89 ,23.86 ,23.75 ,23.7 ,23.64 ,23.76 ,23.67 ,23.73 ,23.83 ,23.8 ,23.81 ,23.84 ,23.7 ,23.67 ,23.66 ,23.67 ,23.7 ,23.73 ,23.71 ,23.74 ,23.74 ,23.77 ,23.72 ,23.7 ,23.75 ,23.74 ,23.72 ,23.71 ,23.76 ,23.68 ,23.65 ,23.54 ,23.56 ,23.67 ,23.66 ,23.6 ,23.56 ,23.52 ,23.54 ,23.58 ,23.6 ,23.55 ,23.65 ,23.72 ,23.52 ,23.51 ,23.49 ,23.46 ,23.29 ,23.16 ,23.24 ,23.24 ,23.3 ,23.26 ,23.27 ,23.24 ,23.33 ,23.25 ,23.19 ,23.29 ,23.34 ,23.16 ,23.17 ,23.01 ,23.07 ,23.09 ,23.04 ,23.16 ,23.2 ,23.16 ,23.1 ,23.05 ,23.07 ,23.16 ,23.16 ,23.01 ,23.06 ,23.16 ,23.14 ,23.15 ,22.99 ,22.92 ,22.91 ,22.89 ,22.91 ,22.98 ,23.03 ,22.9 ,22.95 ,22.89 ,22.81 ,22.9 ,22.85 ,22.87 ,22.87 ,22.89 ,23.01 ,23.13 ,23.18 ,23.16 ,23.35 ,23.44 ,23.39 ,23.36 ,23.42 ,23.41 ,23.31 ,23.27 ,23.39 ,23.44 ,23.37 ,23.31 ,23.48 ,23.42 ,23.33 ,23.19 ,23.4 ,23.52 ,23.53 ,23.45 ,23.46 ,23.5 ,23.63 ,23.54 ,23.55 ,23.47 ,23.45 ,23.65 ,23.55 ,23.47 ,23.42 ,23.41 ,23.65 ,23.54 ,23.52 ,
464,23.4 ,23.45 ,23.53 ,23.49 ,23.42 ,23.48 ,23.54 ,23.44 ,23.54 ,23.5 ,23.36 ,23.43 ,23.4 ,23.4 ,23.43 ,23.51 ,23.48 ,23.55 ,23.52 ,23.45 ,23.4 ,23.33 ,23.5 ,23.44 ,23.42 ,23.59 ,23.39 ,23.25 ,23.37 ,23.44 ,23.47 ,23.51 ,23.5 ,23.46 ,23.51 ,23.59 ,23.45 ,23.5 ,23.58 ,23.54 ,23.57 ,23.61 ,23.66 ,23.52 ,23.6 ,23.56 ,23.57 ,23.57 ,23.58 ,23.53 ,23.5 ,23.54 ,23.63 ,23.63 ,23.63 ,23.51 ,23.57 ,23.6 ,23.58 ,23.44 ,23.44 ,23.54 ,23.61 ,23.63 ,23.67 ,23.61 ,23.62 ,23.57 ,23.56 ,23.59 ,23.57 ,23.56 ,23.62 ,23.64 ,23.59 ,23.63 ,23.65 ,23.6 ,23.59 ,23.59 ,23.61 ,23.61 ,23.61 ,23.66 ,23.65 ,23.59 ,23.63 ,23.69 ,23.61 ,23.59 ,23.61 ,23.64 ,23.56 ,23.69 ,23.77 ,23.79 ,23.69 ,23.65 ,23.66 ,23.68 ,23.75 ,23.69 ,23.64 ,23.72 ,23.9 ,23.78 ,23.62 ,23.6 ,23.75 ,23.69 ,23.73 ,23.83 ,23.77 ,23.63 ,23.57 ,23.67 ,23.69 ,23.69 ,23.8 ,23.7 ,23.69 ,23.74 ,23.69 ,23.77 ,23.77 ,23.81 ,23.78 ,23.78 ,23.68 ,23.65 ,23.85 ,23.89 ,23.79 ,23.75 ,23.69 ,23.8 ,23.8 ,23.79 ,23.83 ,23.85 ,23.81 ,23.74 ,23.64 ,23.71 ,23.81 ,23.77 ,23.83 ,23.78 ,23.76 ,23.9 ,23.9 ,23.83 ,23.86 ,23.88 ,23.83 ,23.72 ,23.74 ,23.76 ,23.81 ,23.89 ,23.88 ,23.83 ,23.84 ,23.86 ,23.89 ,23.8 ,23.76 ,23.83 ,23.81 ,23.84 ,23.92 ,23.78 ,23.76 ,23.86 ,23.8 ,23.75 ,23.87 ,23.9 ,23.89 ,23.81 ,23.86 ,23.88 ,23.84 ,23.75 ,23.77 ,23.86 ,23.82 ,23.75 ,23.77 ,23.78 ,23.81 ,23.85 ,23.88 ,23.8 ,23.89 ,23.76 ,23.8 ,23.89 ,23.83 ,23.8 ,23.83 ,23.72 ,23.8 ,23.78 ,23.72 ,23.77 ,23.86 ,23.82 ,23.73 ,23.83 ,23.83 ,23.79 ,23.92 ,23.93 ,23.83 ,23.83 ,23.88 ,23.97 ,23.84 ,23.82 ,23.89 ,23.9 ,23.83 ,23.83 ,23.87 ,23.86 ,23.87 ,23.79 ,23.71 ,23.79 ,23.8 ,23.91 ,23.96 ,23.86 ,23.74 ,23.92 ,23.89 ,23.78 ,23.76 ,23.92 ,23.89 ,23.93 ,23.95 ,23.91 ,23.87 ,23.73 ,23.74 ,23.86 ,23.9 ,23.88 ,23.92 ,23.94 ,23.95 ,23.89 ,23.93 ,23.96 ,23.94 ,23.92 ,23.89 ,23.89 ,23.85 ,23.9 ,23.97 ,23.95 ,23.93 ,23.99 ,23.92 ,23.9 ,23.94 ,23.99 ,23.92 ,23.89 ,23.89 ,23.87 ,23.8 ,23.73 ,23.79 ,23.84 ,23.82 ,23.92 ,23.91 ,23.89 ,23.83 ,23.79 ,23.85 ,23.88 ,23.93 ,23.84 ,23.79 ,23.89 ,23.88 ,23.89 ,23.79 ,23.91 ,23.98 ,24 ,23.93 ,23.93 ,23.89 ,23.87 ,23.81 ,23.91 ,23.92 ,23.87 ,23.9 ,23.96 ,23.93 ,23.99 ,23.95 ,23.85 ,23.88 ,23.92 ,23.9 ,23.98 ,23.93 ,23.86 ,23.96 ,24.02 ,23.96 ,23.98 ,24.05 ,23.93 ,23.95 ,23.96 ,23.9 ,23.91 ,23.97 ,23.97 ,23.96 ,23.98 ,23.91 ,23.95 ,23.96 ,23.89 ,23.9 ,23.89 ,23.89 ,23.98 ,24 ,23.9 ,23.82 ,23.86 ,23.85 ,23.88 ,24.01 ,23.95 ,23.91 ,23.91 ,24.03 ,23.97 ,23.94 ,23.93 ,23.96 ,24.01 ,23.89 ,23.89 ,23.96 ,23.85 ,23.86 ,23.85 ,23.89 ,23.92 ,23.99 ,23.93 ,23.91 ,23.85 ,23.78 ,23.81 ,23.83 ,23.88 ,23.85 ,23.87 ,23.96 ,23.91 ,23.89 ,23.87 ,23.84 ,23.84 ,23.92 ,23.92 ,23.8 ,23.74 ,23.8 ,23.82 ,23.87 ,24.01 ,23.92 ,23.91 ,23.88 ,23.86 ,23.88 ,23.86 ,23.89 ,23.87 ,23.83 ,23.8 ,23.85 ,23.75 ,23.83 ,23.84 ,23.86 ,23.99 ,23.91 ,23.91 ,23.92 ,23.88 ,23.75 ,23.76 ,23.86 ,23.91 ,23.93 ,23.9 ,23.91 ,23.92 ,23.86 ,23.85 ,23.91 ,23.94 ,23.87 ,23.84 ,23.87 ,23.97 ,24.02 ,23.92 ,23.84 ,23.89 ,23.94 ,23.88 ,23.88 ,23.98 ,23.95 ,23.93 ,23.92 ,23.9 ,23.91 ,23.94 ,23.89 ,23.94 ,23.89 ,23.96 ,23.91 ,23.88 ,23.91 ,23.93 ,23.83 ,23.88 ,23.87 ,23.88 ,23.9 ,23.86 ,23.85 ,23.86 ,23.9 ,23.87 ,23.88 ,23.88 ,23.8 ,23.75 ,23.83 ,23.85 ,23.79 ,23.79 ,23.86 ,23.89 ,23.89 ,23.89 ,23.88 ,23.89 ,23.87 ,23.84 ,23.82 ,23.8 ,23.82 ,23.92 ,23.82 ,23.84 ,23.82 ,23.86 ,23.85 ,23.8 ,23.86 ,23.86 ,23.81 ,23.85 ,23.85 ,23.89 ,23.88 ,23.84 ,23.8 ,23.74 ,23.77 ,23.75 ,23.78 ,23.86 ,23.74 ,23.76 ,23.83 ,23.87 ,23.84 ,23.82 ,23.78 ,23.68 ,23.69 ,23.8 ,23.8 ,23.91 ,23.78 ,23.84 ,23.82 ,23.74 ,23.75 ,23.73 ,23.73 ,23.81 ,23.85 ,23.76 ,23.75 ,23.71 ,23.67 ,23.64 ,23.69 ,23.73 ,23.71 ,23.71 ,23.78 ,23.76 ,23.71 ,23.76 ,23.75 ,23.61 ,23.56 ,23.75 ,23.76 ,23.72 ,23.71 ,23.64 ,23.65 ,23.54 ,23.68 ,23.74 ,23.58 ,23.55 ,23.51 ,23.58 ,23.54 ,23.65 ,23.61 ,23.57 ,23.69 ,23.57 ,23.49 ,23.55 ,23.54 ,23.45 ,23.37 ,23.26 ,23.16 ,23.29 ,23.3 ,23.31 ,23.23 ,23.24 ,23.15 ,23.1 ,23.2 ,23.17 ,23.1 ,23.18 ,23.13 ,23.02 ,23.02 ,23.05 ,23.06 ,23.04 ,23 ,23 ,23.02 ,23.02 ,23.07 ,23.03 ,22.97 ,22.99 ,23.03 ,22.98 ,22.98 ,23.08 ,23 ,22.87 ,22.91 ,22.95 ,22.95 ,22.94 ,22.81 ,22.89 ,22.87 ,22.82 ,22.93 ,22.95 ,22.96 ,22.81 ,22.82 ,22.93 ,23.12 ,23.09 ,23.11 ,23.21 ,23.38 ,23.44 ,23.43 ,23.48 ,23.41 ,23.4 ,23.3 ,23.38 ,23.46 ,23.52 ,23.39 ,23.41 ,23.39 ,23.39 ,23.25 ,23.29 ,23.45 ,23.53 ,23.43 ,23.44 ,23.41 ,23.47 ,23.48 ,23.5 ,23.46 ,23.48 ,23.53 ,23.61 ,23.45 ,23.54 ,23.53 ,23.67 ,23.6 ,23.51 ,
465,23.43 ,23.29 ,23.43 ,23.42 ,23.36 ,23.5 ,23.62 ,23.46 ,23.3 ,23.37 ,23.41 ,23.47 ,23.47 ,23.35 ,23.39 ,23.57 ,23.58 ,23.5 ,23.51 ,23.48 ,23.44 ,23.45 ,23.57 ,23.45 ,23.4 ,23.52 ,23.55 ,23.41 ,23.36 ,23.45 ,23.54 ,23.46 ,23.46 ,23.5 ,23.51 ,23.6 ,23.55 ,23.57 ,23.64 ,23.57 ,23.55 ,23.58 ,23.61 ,23.52 ,23.5 ,23.6 ,23.6 ,23.6 ,23.55 ,23.56 ,23.53 ,23.51 ,23.56 ,23.55 ,23.63 ,23.54 ,23.54 ,23.59 ,23.59 ,23.52 ,23.53 ,23.63 ,23.58 ,23.51 ,23.64 ,23.61 ,23.61 ,23.68 ,23.65 ,23.61 ,23.59 ,23.57 ,23.65 ,23.66 ,23.61 ,23.55 ,23.6 ,23.54 ,23.59 ,23.56 ,23.6 ,23.59 ,23.57 ,23.57 ,23.61 ,23.63 ,23.69 ,23.71 ,23.6 ,23.59 ,23.67 ,23.59 ,23.6 ,23.7 ,23.76 ,23.78 ,23.7 ,23.66 ,23.59 ,23.65 ,23.69 ,23.75 ,23.69 ,23.61 ,23.74 ,23.78 ,23.68 ,23.62 ,23.69 ,23.73 ,23.71 ,23.77 ,23.71 ,23.61 ,23.64 ,23.69 ,23.58 ,23.66 ,23.71 ,23.62 ,23.72 ,23.81 ,23.71 ,23.66 ,23.72 ,23.74 ,23.75 ,23.78 ,23.76 ,23.73 ,23.76 ,23.85 ,23.8 ,23.84 ,23.88 ,23.82 ,23.73 ,23.77 ,23.79 ,23.76 ,23.89 ,23.76 ,23.6 ,23.66 ,23.74 ,23.66 ,23.78 ,23.87 ,23.87 ,23.92 ,23.89 ,23.86 ,23.87 ,23.83 ,23.75 ,23.79 ,23.74 ,23.71 ,23.73 ,23.82 ,23.87 ,23.84 ,23.82 ,23.85 ,23.88 ,23.77 ,23.73 ,23.82 ,23.78 ,23.76 ,23.78 ,23.75 ,23.75 ,23.84 ,23.95 ,23.77 ,23.79 ,23.88 ,23.81 ,23.76 ,23.87 ,23.87 ,23.91 ,23.88 ,23.86 ,23.87 ,23.85 ,23.77 ,23.76 ,23.77 ,23.82 ,23.85 ,23.78 ,23.76 ,23.79 ,23.87 ,23.8 ,23.93 ,23.95 ,23.88 ,23.85 ,23.83 ,23.77 ,23.81 ,23.79 ,23.86 ,23.8 ,23.81 ,23.72 ,23.89 ,23.93 ,23.78 ,23.81 ,23.86 ,23.89 ,23.82 ,23.92 ,23.94 ,23.85 ,23.78 ,23.78 ,23.88 ,23.85 ,23.87 ,23.95 ,23.97 ,23.9 ,23.87 ,23.77 ,23.8 ,23.86 ,23.92 ,24.02 ,23.87 ,23.82 ,23.96 ,24 ,23.89 ,23.82 ,23.93 ,23.93 ,23.96 ,23.98 ,23.9 ,23.86 ,23.85 ,23.85 ,23.87 ,23.88 ,23.82 ,23.84 ,23.83 ,23.95 ,23.93 ,23.94 ,23.92 ,23.88 ,23.88 ,23.88 ,23.97 ,23.98 ,23.87 ,23.95 ,23.9 ,23.85 ,23.87 ,23.91 ,23.89 ,23.89 ,23.89 ,23.88 ,23.89 ,24.02 ,23.95 ,23.82 ,23.79 ,23.78 ,23.87 ,23.76 ,23.81 ,23.85 ,23.87 ,23.9 ,23.9 ,23.86 ,23.91 ,23.95 ,23.84 ,23.85 ,23.92 ,23.89 ,23.97 ,23.9 ,23.97 ,23.93 ,23.9 ,23.86 ,23.9 ,23.98 ,23.96 ,23.88 ,23.94 ,23.97 ,23.95 ,23.87 ,23.95 ,23.92 ,23.9 ,23.95 ,23.96 ,24 ,24.04 ,23.92 ,23.96 ,23.88 ,23.75 ,23.83 ,23.98 ,23.98 ,23.96 ,23.97 ,23.93 ,23.99 ,24.06 ,23.98 ,23.92 ,23.89 ,24.01 ,23.98 ,23.89 ,23.93 ,23.93 ,23.93 ,23.91 ,23.94 ,23.93 ,23.88 ,23.95 ,23.97 ,23.89 ,23.92 ,23.82 ,23.83 ,23.92 ,24.05 ,23.92 ,23.89 ,23.88 ,23.97 ,23.92 ,23.93 ,23.89 ,23.91 ,24.01 ,23.88 ,23.87 ,23.93 ,23.97 ,23.88 ,23.89 ,23.89 ,23.99 ,23.94 ,23.86 ,23.92 ,23.95 ,23.83 ,23.83 ,23.86 ,23.88 ,23.89 ,23.86 ,23.93 ,23.86 ,23.8 ,23.86 ,23.87 ,23.94 ,23.99 ,23.96 ,23.9 ,23.76 ,23.71 ,23.81 ,23.86 ,23.97 ,23.92 ,23.94 ,23.81 ,23.85 ,23.91 ,23.87 ,23.95 ,23.93 ,23.91 ,23.9 ,23.88 ,23.86 ,23.87 ,23.86 ,23.84 ,23.89 ,23.91 ,23.88 ,24 ,23.91 ,23.84 ,23.77 ,23.77 ,23.83 ,23.9 ,23.86 ,23.85 ,23.91 ,23.88 ,23.86 ,23.92 ,23.92 ,23.89 ,23.9 ,23.9 ,23.85 ,23.92 ,23.83 ,23.74 ,23.89 ,23.9 ,23.83 ,23.85 ,23.95 ,23.88 ,23.89 ,24.02 ,23.99 ,23.9 ,23.88 ,23.91 ,23.96 ,23.92 ,23.87 ,23.92 ,23.78 ,23.8 ,23.94 ,23.92 ,23.9 ,23.88 ,23.78 ,23.85 ,23.91 ,23.87 ,23.86 ,23.89 ,23.88 ,23.85 ,23.96 ,23.82 ,23.73 ,23.78 ,23.82 ,23.76 ,23.78 ,23.79 ,23.85 ,23.82 ,23.84 ,23.92 ,23.89 ,23.81 ,23.85 ,23.81 ,23.81 ,23.82 ,23.94 ,23.91 ,23.87 ,23.89 ,23.82 ,23.81 ,23.79 ,23.87 ,23.87 ,23.79 ,23.85 ,23.89 ,23.85 ,23.86 ,23.83 ,23.82 ,23.78 ,23.78 ,23.8 ,23.78 ,23.87 ,23.81 ,23.74 ,23.78 ,23.83 ,23.77 ,23.76 ,23.87 ,23.71 ,23.69 ,23.78 ,23.87 ,23.87 ,23.78 ,23.76 ,23.88 ,23.87 ,23.83 ,23.8 ,23.65 ,23.7 ,23.79 ,23.83 ,23.84 ,23.65 ,23.65 ,23.63 ,23.63 ,23.67 ,23.73 ,23.67 ,23.66 ,23.71 ,23.66 ,23.67 ,23.76 ,23.7 ,23.65 ,23.74 ,23.76 ,23.82 ,23.72 ,23.65 ,23.65 ,23.6 ,23.56 ,23.66 ,23.64 ,23.55 ,23.5 ,23.63 ,23.6 ,23.63 ,23.61 ,23.66 ,23.59 ,23.57 ,23.6 ,23.62 ,23.55 ,23.5 ,23.56 ,23.47 ,23.3 ,23.18 ,23.19 ,23.11 ,23.12 ,23.15 ,23.06 ,23.07 ,23.15 ,23.01 ,23.06 ,23.19 ,23.21 ,23.1 ,23.08 ,23.03 ,23.05 ,22.98 ,22.96 ,23.07 ,23.03 ,22.99 ,22.9 ,22.95 ,22.91 ,22.93 ,22.94 ,22.9 ,22.89 ,22.99 ,22.97 ,22.85 ,22.87 ,23 ,22.92 ,22.95 ,22.79 ,22.84 ,22.92 ,22.93 ,22.94 ,22.94 ,22.84 ,22.91 ,22.83 ,22.96 ,23.03 ,23.1 ,23.15 ,23.22 ,23.33 ,23.19 ,23.31 ,23.41 ,23.4 ,23.36 ,23.46 ,23.39 ,23.44 ,23.46 ,23.51 ,23.44 ,23.42 ,23.47 ,23.29 ,23.38 ,23.51 ,23.51 ,23.44 ,23.49 ,23.55 ,23.5 ,23.41 ,23.49 ,23.49 ,23.52 ,23.49 ,23.6 ,23.5 ,23.47 ,23.56 ,23.63 ,23.55 ,23.56 ,
466,23.48 ,23.39 ,23.49 ,23.43 ,23.29 ,23.33 ,23.44 ,23.41 ,23.4 ,23.36 ,23.49 ,23.58 ,23.53 ,23.37 ,23.44 ,23.58 ,23.47 ,23.49 ,23.53 ,23.54 ,23.48 ,23.49 ,23.62 ,23.55 ,23.48 ,23.54 ,23.6 ,23.54 ,23.46 ,23.47 ,23.51 ,23.55 ,23.49 ,23.47 ,23.51 ,23.55 ,23.55 ,23.57 ,23.6 ,23.54 ,23.54 ,23.64 ,23.58 ,23.55 ,23.54 ,23.63 ,23.57 ,23.66 ,23.65 ,23.6 ,23.61 ,23.6 ,23.56 ,23.56 ,23.59 ,23.55 ,23.62 ,23.58 ,23.59 ,23.63 ,23.6 ,23.72 ,23.64 ,23.56 ,23.68 ,23.72 ,23.66 ,23.74 ,23.7 ,23.65 ,23.63 ,23.64 ,23.58 ,23.69 ,23.64 ,23.61 ,23.58 ,23.59 ,23.66 ,23.64 ,23.72 ,23.62 ,23.52 ,23.61 ,23.64 ,23.63 ,23.66 ,23.65 ,23.68 ,23.65 ,23.72 ,23.65 ,23.64 ,23.72 ,23.68 ,23.72 ,23.69 ,23.71 ,23.69 ,23.78 ,23.76 ,23.73 ,23.78 ,23.75 ,23.74 ,23.78 ,23.74 ,23.72 ,23.74 ,23.76 ,23.71 ,23.73 ,23.79 ,23.64 ,23.63 ,23.73 ,23.75 ,23.72 ,23.71 ,23.71 ,23.75 ,23.79 ,23.79 ,23.86 ,23.77 ,23.72 ,23.76 ,23.73 ,23.71 ,23.77 ,23.88 ,23.82 ,23.8 ,23.88 ,23.9 ,23.78 ,23.81 ,23.82 ,23.88 ,23.82 ,23.85 ,23.87 ,23.78 ,23.61 ,23.72 ,23.76 ,23.8 ,23.85 ,23.82 ,23.89 ,23.78 ,23.81 ,23.89 ,23.8 ,23.68 ,23.73 ,23.77 ,23.77 ,23.77 ,23.8 ,23.86 ,23.83 ,23.83 ,23.82 ,23.85 ,23.85 ,23.75 ,23.9 ,23.87 ,23.82 ,23.83 ,23.75 ,23.74 ,23.92 ,23.91 ,23.83 ,23.76 ,23.86 ,23.84 ,23.84 ,23.92 ,23.98 ,23.88 ,23.91 ,23.91 ,23.85 ,23.81 ,23.87 ,23.77 ,23.81 ,23.86 ,23.89 ,23.91 ,23.8 ,23.73 ,23.87 ,23.88 ,23.82 ,23.9 ,23.92 ,23.89 ,23.87 ,23.9 ,23.83 ,23.74 ,23.81 ,23.82 ,23.84 ,23.82 ,23.86 ,23.87 ,23.82 ,23.8 ,23.84 ,23.86 ,23.88 ,23.93 ,23.93 ,23.88 ,23.87 ,23.75 ,23.84 ,23.94 ,23.98 ,24.04 ,24.01 ,23.93 ,23.92 ,23.86 ,23.86 ,23.88 ,23.82 ,23.85 ,23.83 ,23.81 ,24 ,24.04 ,23.95 ,23.89 ,23.89 ,23.87 ,23.96 ,24.01 ,23.91 ,23.92 ,23.86 ,23.83 ,23.92 ,23.85 ,23.88 ,23.87 ,23.77 ,23.86 ,23.9 ,24.01 ,23.94 ,23.9 ,23.94 ,23.9 ,23.89 ,23.95 ,23.84 ,23.84 ,23.91 ,23.84 ,23.88 ,23.85 ,23.91 ,23.93 ,23.86 ,23.8 ,23.9 ,23.96 ,23.99 ,23.89 ,23.87 ,23.87 ,23.87 ,23.81 ,23.83 ,23.89 ,23.88 ,23.95 ,23.95 ,23.9 ,23.91 ,23.91 ,23.88 ,23.87 ,23.98 ,23.92 ,23.93 ,23.97 ,23.99 ,23.98 ,23.99 ,23.95 ,24.01 ,24.01 ,24.01 ,24.04 ,23.96 ,23.99 ,24.02 ,23.91 ,23.89 ,23.94 ,23.94 ,23.95 ,23.89 ,24 ,24.02 ,23.99 ,24.02 ,24.02 ,23.88 ,23.85 ,23.94 ,23.98 ,23.93 ,23.91 ,23.99 ,23.99 ,24.03 ,24.04 ,23.93 ,23.89 ,24.02 ,23.96 ,23.88 ,23.99 ,23.98 ,23.93 ,23.91 ,23.96 ,24 ,23.94 ,23.96 ,23.98 ,23.87 ,23.91 ,23.89 ,23.82 ,23.9 ,24 ,23.99 ,23.88 ,23.95 ,23.96 ,23.84 ,23.88 ,23.93 ,23.95 ,24.04 ,24.01 ,23.86 ,23.84 ,23.93 ,23.95 ,23.93 ,24.02 ,24.04 ,24.06 ,23.83 ,23.85 ,23.81 ,23.84 ,23.9 ,23.92 ,23.91 ,23.98 ,23.92 ,23.95 ,23.98 ,23.88 ,23.86 ,23.89 ,23.88 ,24.03 ,23.99 ,23.97 ,23.87 ,23.82 ,23.84 ,23.91 ,24 ,23.92 ,23.9 ,23.84 ,23.79 ,23.85 ,23.93 ,23.94 ,23.85 ,23.91 ,23.91 ,23.94 ,23.9 ,23.91 ,23.69 ,23.82 ,23.88 ,23.8 ,23.89 ,23.96 ,23.9 ,23.83 ,23.83 ,23.85 ,23.89 ,23.88 ,23.85 ,23.88 ,23.88 ,23.84 ,23.81 ,23.91 ,23.87 ,23.88 ,23.98 ,24.02 ,23.92 ,23.8 ,23.76 ,23.84 ,23.87 ,23.86 ,23.85 ,23.88 ,23.93 ,23.93 ,24 ,23.97 ,24 ,23.9 ,23.9 ,23.91 ,23.91 ,23.94 ,23.91 ,23.85 ,23.83 ,23.81 ,23.9 ,23.92 ,23.87 ,23.86 ,23.87 ,23.79 ,23.93 ,23.9 ,23.92 ,23.9 ,23.95 ,23.9 ,23.95 ,23.92 ,23.87 ,23.77 ,23.9 ,23.87 ,23.83 ,23.85 ,23.87 ,23.92 ,23.88 ,23.84 ,23.89 ,23.86 ,23.84 ,23.86 ,23.9 ,23.83 ,23.87 ,23.9 ,23.87 ,23.86 ,23.84 ,23.87 ,23.89 ,23.88 ,23.89 ,23.8 ,23.96 ,23.9 ,23.79 ,23.86 ,23.83 ,23.82 ,23.85 ,23.85 ,23.87 ,23.83 ,23.83 ,23.79 ,23.82 ,23.81 ,23.87 ,23.77 ,23.77 ,23.92 ,23.76 ,23.76 ,23.82 ,23.81 ,23.88 ,23.87 ,23.8 ,23.79 ,23.81 ,23.88 ,23.8 ,23.63 ,23.75 ,23.81 ,23.86 ,23.86 ,23.71 ,23.6 ,23.71 ,23.65 ,23.75 ,23.8 ,23.77 ,23.7 ,23.65 ,23.71 ,23.7 ,23.82 ,23.75 ,23.82 ,23.74 ,23.72 ,23.79 ,23.73 ,23.65 ,23.63 ,23.78 ,23.71 ,23.64 ,23.68 ,23.56 ,23.45 ,23.6 ,23.68 ,23.62 ,23.64 ,23.68 ,23.62 ,23.57 ,23.57 ,23.61 ,23.62 ,23.52 ,23.48 ,23.45 ,23.38 ,23.32 ,23.21 ,23.23 ,23.06 ,23.08 ,23.12 ,23.19 ,23.23 ,23.07 ,23.05 ,23.06 ,23.06 ,23.08 ,23.14 ,23.02 ,22.96 ,23.02 ,23 ,23.05 ,23 ,22.85 ,22.92 ,22.89 ,22.91 ,22.81 ,22.9 ,22.98 ,23.08 ,22.92 ,22.87 ,22.86 ,22.95 ,23.08 ,22.97 ,22.89 ,23.01 ,22.98 ,23.06 ,23.07 ,22.94 ,22.95 ,22.94 ,22.88 ,22.93 ,22.9 ,23.04 ,23.02 ,23.05 ,23.13 ,23.17 ,23.07 ,23.14 ,23.34 ,23.3 ,23.39 ,23.5 ,23.54 ,23.49 ,23.52 ,23.57 ,23.44 ,23.38 ,23.41 ,23.43 ,23.44 ,23.49 ,23.44 ,23.35 ,23.55 ,23.61 ,23.57 ,23.45 ,23.54 ,23.49 ,23.56 ,23.51 ,23.66 ,23.61 ,23.65 ,23.62 ,23.55 ,23.54 ,23.54 ,
467,23.42 ,23.39 ,23.49 ,23.45 ,23.4 ,23.41 ,23.38 ,23.41 ,23.49 ,23.5 ,23.45 ,23.51 ,23.45 ,23.41 ,23.51 ,23.64 ,23.53 ,23.52 ,23.43 ,23.48 ,23.41 ,23.48 ,23.64 ,23.6 ,23.47 ,23.51 ,23.52 ,23.44 ,23.48 ,23.57 ,23.53 ,23.49 ,23.51 ,23.58 ,23.54 ,23.61 ,23.58 ,23.57 ,23.55 ,23.39 ,23.54 ,23.53 ,23.51 ,23.45 ,23.49 ,23.61 ,23.7 ,23.6 ,23.53 ,23.59 ,23.52 ,23.6 ,23.6 ,23.56 ,23.52 ,23.54 ,23.61 ,23.57 ,23.56 ,23.59 ,23.53 ,23.69 ,23.67 ,23.65 ,23.7 ,23.71 ,23.69 ,23.68 ,23.69 ,23.6 ,23.61 ,23.63 ,23.64 ,23.67 ,23.63 ,23.54 ,23.6 ,23.57 ,23.67 ,23.61 ,23.61 ,23.6 ,23.63 ,23.74 ,23.7 ,23.58 ,23.67 ,23.68 ,23.69 ,23.65 ,23.69 ,23.64 ,23.66 ,23.78 ,23.7 ,23.65 ,23.74 ,23.78 ,23.76 ,23.75 ,23.78 ,23.77 ,23.77 ,23.79 ,23.76 ,23.76 ,23.75 ,23.63 ,23.75 ,23.66 ,23.64 ,23.67 ,23.85 ,23.8 ,23.67 ,23.73 ,23.79 ,23.85 ,23.76 ,23.76 ,23.78 ,23.72 ,23.72 ,23.83 ,23.74 ,23.66 ,23.72 ,23.72 ,23.7 ,23.73 ,23.78 ,23.8 ,23.75 ,23.89 ,23.92 ,23.81 ,23.81 ,23.87 ,23.92 ,23.87 ,23.76 ,23.73 ,23.76 ,23.7 ,23.68 ,23.84 ,23.83 ,23.87 ,23.9 ,23.88 ,23.83 ,23.84 ,23.85 ,23.8 ,23.73 ,23.72 ,23.72 ,23.76 ,23.83 ,23.87 ,23.84 ,23.85 ,23.84 ,23.82 ,23.82 ,23.87 ,23.73 ,23.91 ,23.89 ,23.85 ,23.88 ,23.82 ,23.83 ,23.97 ,23.97 ,23.87 ,23.86 ,23.79 ,23.89 ,23.89 ,23.88 ,23.94 ,23.85 ,23.8 ,23.84 ,23.84 ,23.83 ,23.74 ,23.78 ,23.89 ,23.84 ,23.76 ,23.86 ,23.76 ,23.69 ,23.78 ,23.94 ,23.89 ,23.84 ,23.85 ,23.86 ,23.83 ,23.88 ,23.85 ,23.77 ,23.77 ,23.83 ,23.89 ,23.88 ,23.89 ,23.87 ,23.87 ,23.79 ,23.87 ,23.91 ,23.79 ,23.91 ,23.98 ,23.92 ,23.94 ,23.79 ,23.81 ,23.96 ,24 ,23.98 ,23.95 ,23.86 ,23.84 ,23.87 ,23.86 ,23.82 ,23.81 ,23.85 ,23.85 ,23.83 ,24.01 ,24.06 ,23.94 ,23.9 ,23.87 ,23.79 ,23.98 ,24.03 ,23.87 ,23.92 ,23.87 ,23.79 ,23.85 ,23.88 ,23.94 ,23.93 ,23.71 ,23.8 ,23.89 ,23.9 ,23.88 ,23.88 ,23.94 ,23.85 ,23.85 ,23.84 ,23.87 ,23.88 ,23.89 ,23.96 ,23.9 ,23.86 ,23.82 ,23.96 ,23.99 ,23.9 ,23.86 ,23.93 ,23.96 ,23.89 ,23.91 ,23.84 ,23.81 ,23.83 ,23.9 ,23.87 ,23.83 ,23.88 ,23.94 ,23.91 ,23.91 ,23.93 ,23.83 ,23.84 ,23.92 ,23.86 ,23.83 ,23.95 ,23.95 ,24 ,23.97 ,23.9 ,24.01 ,24.03 ,24 ,24.04 ,24.01 ,23.95 ,23.98 ,23.9 ,23.86 ,23.9 ,23.97 ,24.03 ,23.89 ,23.97 ,24.02 ,24.03 ,23.98 ,24.06 ,24.02 ,23.91 ,23.85 ,23.95 ,23.88 ,23.86 ,23.9 ,24.04 ,23.98 ,23.96 ,23.95 ,23.91 ,24 ,23.95 ,23.94 ,23.96 ,23.95 ,23.99 ,23.9 ,24.02 ,23.96 ,23.94 ,23.89 ,23.95 ,23.92 ,23.93 ,23.9 ,23.88 ,23.92 ,24.02 ,23.98 ,23.92 ,24.01 ,24.01 ,23.92 ,23.83 ,23.91 ,23.85 ,23.94 ,23.94 ,23.93 ,23.77 ,23.81 ,23.96 ,23.92 ,23.91 ,24.01 ,24.01 ,23.87 ,23.85 ,23.83 ,23.81 ,23.87 ,24.01 ,23.9 ,23.92 ,23.94 ,23.93 ,23.96 ,23.91 ,23.77 ,23.8 ,23.83 ,24 ,23.89 ,23.81 ,23.75 ,23.74 ,23.94 ,23.97 ,23.99 ,23.9 ,23.95 ,23.87 ,23.74 ,23.79 ,23.86 ,23.93 ,23.88 ,23.84 ,23.86 ,23.89 ,23.94 ,23.95 ,23.8 ,23.84 ,23.96 ,23.82 ,23.91 ,23.88 ,23.89 ,23.87 ,23.82 ,23.88 ,23.89 ,24 ,23.93 ,23.95 ,23.95 ,23.93 ,23.91 ,23.87 ,23.92 ,23.88 ,23.92 ,23.97 ,23.96 ,23.83 ,23.86 ,23.85 ,23.92 ,23.92 ,23.98 ,23.97 ,23.97 ,23.95 ,23.99 ,23.92 ,23.92 ,23.91 ,23.85 ,23.93 ,23.82 ,23.78 ,23.79 ,23.9 ,23.9 ,23.89 ,23.92 ,23.93 ,23.93 ,23.91 ,23.9 ,23.84 ,23.86 ,23.81 ,23.83 ,23.95 ,23.93 ,23.92 ,23.98 ,23.9 ,23.9 ,23.78 ,23.9 ,23.94 ,23.94 ,23.84 ,23.83 ,23.89 ,23.81 ,23.74 ,23.78 ,23.79 ,23.88 ,23.81 ,23.8 ,23.83 ,23.86 ,23.84 ,23.93 ,23.84 ,23.82 ,23.81 ,23.9 ,23.89 ,23.95 ,23.84 ,23.92 ,23.87 ,23.77 ,23.85 ,23.83 ,23.84 ,23.82 ,23.87 ,23.94 ,23.82 ,23.81 ,23.85 ,23.8 ,23.84 ,23.85 ,23.74 ,23.81 ,23.88 ,23.88 ,23.81 ,23.77 ,23.81 ,23.78 ,23.94 ,23.8 ,23.84 ,23.77 ,23.89 ,23.82 ,23.8 ,23.88 ,23.8 ,23.75 ,23.84 ,23.77 ,23.68 ,23.73 ,23.69 ,23.76 ,23.89 ,23.81 ,23.77 ,23.76 ,23.76 ,23.79 ,23.8 ,23.8 ,23.76 ,23.66 ,23.67 ,23.62 ,23.68 ,23.63 ,23.64 ,23.64 ,23.64 ,23.62 ,23.65 ,23.53 ,23.55 ,23.57 ,23.53 ,23.63 ,23.6 ,23.64 ,23.59 ,23.55 ,23.49 ,23.52 ,23.64 ,23.57 ,23.46 ,23.35 ,23.31 ,23.39 ,23.3 ,23.25 ,23.06 ,23.03 ,23.08 ,23.05 ,23.11 ,23.01 ,23 ,22.88 ,22.91 ,23.08 ,23.04 ,22.98 ,22.98 ,23.09 ,23 ,22.91 ,22.94 ,22.95 ,23.07 ,23.04 ,22.97 ,22.95 ,22.94 ,23.03 ,23.15 ,23.09 ,22.97 ,22.97 ,23.01 ,23.07 ,23 ,23.06 ,23.18 ,23.04 ,23.02 ,23.04 ,22.93 ,22.87 ,22.89 ,22.8 ,22.82 ,22.77 ,22.82 ,22.91 ,22.84 ,22.93 ,22.89 ,22.98 ,23.07 ,23.19 ,23.24 ,23.36 ,23.35 ,23.51 ,23.55 ,23.55 ,23.55 ,23.48 ,23.29 ,23.33 ,23.38 ,23.44 ,23.44 ,23.32 ,23.33 ,23.47 ,23.47 ,23.57 ,23.44 ,23.58 ,23.59 ,23.59 ,23.55 ,23.64 ,23.64 ,23.6 ,23.68 ,23.52 ,23.4 ,23.37 ,
468,23.47 ,23.35 ,23.43 ,23.45 ,23.42 ,23.43 ,23.45 ,23.44 ,23.44 ,23.46 ,23.42 ,23.45 ,23.51 ,23.41 ,23.55 ,23.6 ,23.52 ,23.6 ,23.46 ,23.48 ,23.42 ,23.44 ,23.65 ,23.6 ,23.38 ,23.48 ,23.43 ,23.42 ,23.51 ,23.58 ,23.53 ,23.46 ,23.53 ,23.54 ,23.58 ,23.55 ,23.56 ,23.55 ,23.67 ,23.54 ,23.5 ,23.55 ,23.54 ,23.43 ,23.41 ,23.63 ,23.72 ,23.63 ,23.59 ,23.63 ,23.51 ,23.48 ,23.56 ,23.63 ,23.59 ,23.58 ,23.59 ,23.58 ,23.54 ,23.47 ,23.54 ,23.68 ,23.61 ,23.63 ,23.72 ,23.74 ,23.74 ,23.64 ,23.57 ,23.61 ,23.55 ,23.61 ,23.66 ,23.7 ,23.56 ,23.57 ,23.66 ,23.67 ,23.69 ,23.57 ,23.56 ,23.56 ,23.58 ,23.62 ,23.63 ,23.55 ,23.65 ,23.65 ,23.64 ,23.58 ,23.71 ,23.68 ,23.62 ,23.76 ,23.73 ,23.7 ,23.75 ,23.75 ,23.75 ,23.69 ,23.64 ,23.71 ,23.76 ,23.72 ,23.71 ,23.7 ,23.74 ,23.76 ,23.74 ,23.71 ,23.67 ,23.66 ,23.76 ,23.76 ,23.79 ,23.8 ,23.73 ,23.77 ,23.75 ,23.74 ,23.82 ,23.75 ,23.79 ,23.82 ,23.82 ,23.69 ,23.8 ,23.86 ,23.72 ,23.68 ,23.7 ,23.84 ,23.81 ,23.9 ,23.96 ,23.87 ,23.82 ,23.75 ,23.75 ,23.76 ,23.8 ,23.75 ,23.69 ,23.68 ,23.71 ,23.81 ,23.85 ,23.94 ,23.89 ,23.82 ,23.77 ,23.8 ,23.85 ,23.78 ,23.83 ,23.87 ,23.8 ,23.67 ,23.76 ,23.9 ,23.86 ,23.91 ,23.83 ,23.81 ,23.85 ,23.8 ,23.8 ,23.88 ,23.83 ,23.77 ,23.83 ,23.78 ,23.82 ,23.83 ,23.95 ,23.85 ,23.88 ,23.81 ,23.9 ,23.88 ,23.88 ,23.91 ,23.77 ,23.74 ,23.87 ,23.94 ,23.9 ,23.73 ,23.85 ,23.9 ,23.92 ,23.87 ,23.79 ,23.8 ,23.75 ,23.79 ,23.82 ,23.87 ,23.84 ,23.9 ,23.85 ,23.82 ,23.81 ,23.82 ,23.81 ,23.82 ,23.88 ,23.93 ,23.9 ,23.97 ,23.86 ,23.85 ,23.88 ,23.92 ,23.94 ,23.85 ,23.91 ,23.94 ,23.92 ,23.92 ,23.89 ,23.87 ,23.94 ,23.95 ,23.91 ,23.85 ,23.85 ,23.84 ,23.9 ,23.92 ,23.83 ,23.77 ,23.93 ,23.89 ,23.81 ,23.97 ,24.08 ,23.95 ,23.85 ,23.88 ,23.79 ,23.87 ,23.99 ,23.93 ,23.96 ,23.97 ,23.8 ,23.81 ,23.92 ,23.92 ,23.84 ,23.78 ,23.88 ,23.87 ,23.82 ,23.84 ,23.87 ,23.95 ,23.89 ,23.92 ,23.91 ,23.89 ,23.99 ,23.94 ,23.93 ,23.9 ,23.9 ,23.96 ,24.01 ,23.99 ,23.88 ,23.83 ,23.84 ,23.93 ,23.9 ,23.85 ,23.93 ,23.89 ,23.78 ,23.88 ,23.92 ,23.86 ,23.85 ,23.89 ,23.93 ,23.94 ,23.89 ,23.82 ,23.87 ,24 ,23.9 ,23.8 ,23.84 ,23.98 ,23.95 ,23.93 ,23.93 ,23.95 ,23.98 ,23.92 ,23.94 ,23.95 ,23.98 ,23.98 ,23.95 ,23.99 ,23.95 ,23.98 ,24.02 ,23.9 ,23.95 ,24 ,24.01 ,23.98 ,23.99 ,23.93 ,23.96 ,23.97 ,23.97 ,24.03 ,23.96 ,23.89 ,23.93 ,23.9 ,23.89 ,23.91 ,23.93 ,23.98 ,23.99 ,23.94 ,23.93 ,23.89 ,23.94 ,23.9 ,23.98 ,23.89 ,23.92 ,23.94 ,23.98 ,23.98 ,23.9 ,23.83 ,23.83 ,23.91 ,24.03 ,23.9 ,23.97 ,23.94 ,23.94 ,23.93 ,23.93 ,23.93 ,23.84 ,23.89 ,23.89 ,23.88 ,23.8 ,23.83 ,23.84 ,23.87 ,23.9 ,23.95 ,23.96 ,23.87 ,23.89 ,23.85 ,23.85 ,23.89 ,24.02 ,23.93 ,23.9 ,23.91 ,23.96 ,23.95 ,23.88 ,23.8 ,23.78 ,23.82 ,23.97 ,23.91 ,23.78 ,23.81 ,23.74 ,23.93 ,23.97 ,24 ,23.87 ,23.88 ,23.9 ,23.85 ,23.86 ,23.87 ,23.87 ,23.82 ,23.8 ,23.9 ,23.87 ,23.86 ,23.91 ,23.88 ,23.85 ,23.89 ,23.81 ,23.92 ,23.92 ,23.83 ,23.86 ,23.84 ,23.87 ,23.96 ,24 ,23.85 ,23.87 ,24.06 ,24.03 ,23.93 ,23.87 ,23.93 ,23.92 ,23.87 ,23.86 ,23.93 ,23.89 ,23.9 ,23.9 ,23.86 ,23.95 ,23.94 ,23.96 ,23.97 ,23.83 ,23.9 ,23.79 ,23.76 ,23.84 ,23.86 ,23.97 ,23.86 ,23.75 ,23.79 ,23.86 ,23.96 ,23.88 ,23.89 ,23.92 ,23.89 ,23.91 ,23.92 ,23.89 ,23.86 ,23.85 ,23.89 ,23.9 ,23.92 ,23.92 ,23.93 ,23.87 ,23.91 ,23.82 ,23.9 ,23.89 ,23.86 ,23.81 ,23.77 ,23.84 ,23.87 ,23.8 ,23.77 ,23.79 ,23.84 ,23.83 ,23.84 ,23.88 ,23.85 ,23.87 ,23.88 ,23.81 ,23.78 ,23.68 ,23.81 ,23.95 ,24.01 ,23.93 ,23.85 ,23.89 ,23.9 ,23.8 ,23.74 ,23.76 ,23.76 ,23.89 ,23.98 ,23.82 ,23.78 ,23.79 ,23.86 ,23.83 ,23.84 ,23.76 ,23.82 ,23.91 ,23.87 ,23.82 ,23.82 ,23.82 ,23.79 ,23.84 ,23.84 ,23.86 ,23.8 ,23.79 ,23.78 ,23.8 ,23.88 ,23.71 ,23.71 ,23.8 ,23.77 ,23.69 ,23.75 ,23.77 ,23.75 ,23.78 ,23.82 ,23.7 ,23.67 ,23.75 ,23.77 ,23.78 ,23.73 ,23.66 ,23.63 ,23.57 ,23.62 ,23.55 ,23.68 ,23.64 ,23.61 ,23.6 ,23.7 ,23.56 ,23.55 ,23.57 ,23.55 ,23.48 ,23.54 ,23.55 ,23.59 ,23.6 ,23.5 ,23.48 ,23.54 ,23.63 ,23.64 ,23.53 ,23.38 ,23.32 ,23.37 ,23.31 ,23.28 ,23.17 ,23.1 ,23.19 ,23.2 ,23.19 ,23.05 ,23 ,23.08 ,23.01 ,23.07 ,23.08 ,23.04 ,23.05 ,23.01 ,23.07 ,23.09 ,23.06 ,23.11 ,23.23 ,23.23 ,23.16 ,23.07 ,23.06 ,23.06 ,23.14 ,23.11 ,23.13 ,23.13 ,22.97 ,23.12 ,23.06 ,23.07 ,23.07 ,23.03 ,23.05 ,23.01 ,22.89 ,22.86 ,22.73 ,22.71 ,22.73 ,22.78 ,22.81 ,22.83 ,22.78 ,22.94 ,22.92 ,22.9 ,23.07 ,23.11 ,23.2 ,23.21 ,23.22 ,23.41 ,23.49 ,23.51 ,23.52 ,23.45 ,23.39 ,23.46 ,23.43 ,23.38 ,23.45 ,23.32 ,23.33 ,23.45 ,23.38 ,23.44 ,23.49 ,23.56 ,23.54 ,23.56 ,23.53 ,23.57 ,23.52 ,23.5 ,23.58 ,23.61 ,23.43 ,23.35 ,
469,23.36 ,23.39 ,23.41 ,23.4 ,23.32 ,23.35 ,23.48 ,23.32 ,23.38 ,23.48 ,23.32 ,23.45 ,23.57 ,23.45 ,23.51 ,23.59 ,23.48 ,23.47 ,23.53 ,23.53 ,23.42 ,23.45 ,23.56 ,23.55 ,23.44 ,23.42 ,23.51 ,23.45 ,23.52 ,23.59 ,23.62 ,23.52 ,23.45 ,23.52 ,23.57 ,23.6 ,23.47 ,23.5 ,23.57 ,23.64 ,23.64 ,23.55 ,23.58 ,23.51 ,23.51 ,23.67 ,23.64 ,23.64 ,23.63 ,23.61 ,23.53 ,23.57 ,23.54 ,23.65 ,23.67 ,23.6 ,23.55 ,23.59 ,23.65 ,23.52 ,23.58 ,23.74 ,23.57 ,23.59 ,23.69 ,23.65 ,23.71 ,23.6 ,23.59 ,23.65 ,23.6 ,23.64 ,23.73 ,23.68 ,23.59 ,23.63 ,23.64 ,23.65 ,23.72 ,23.63 ,23.68 ,23.69 ,23.62 ,23.54 ,23.6 ,23.67 ,23.72 ,23.63 ,23.64 ,23.55 ,23.69 ,23.68 ,23.6 ,23.69 ,23.67 ,23.74 ,23.79 ,23.66 ,23.73 ,23.72 ,23.73 ,23.77 ,23.73 ,23.77 ,23.71 ,23.7 ,23.82 ,23.89 ,23.82 ,23.76 ,23.72 ,23.78 ,23.84 ,23.82 ,23.77 ,23.82 ,23.79 ,23.71 ,23.75 ,23.8 ,23.86 ,23.8 ,23.83 ,23.82 ,23.79 ,23.84 ,23.84 ,23.84 ,23.76 ,23.61 ,23.75 ,23.85 ,23.84 ,23.87 ,23.82 ,23.72 ,23.81 ,23.75 ,23.69 ,23.71 ,23.71 ,23.83 ,23.81 ,23.71 ,23.69 ,23.69 ,23.81 ,23.84 ,23.84 ,23.84 ,23.81 ,23.79 ,23.85 ,23.79 ,23.85 ,23.9 ,23.81 ,23.72 ,23.79 ,23.9 ,23.84 ,23.84 ,23.82 ,23.83 ,23.84 ,23.74 ,23.75 ,23.89 ,23.88 ,23.8 ,23.8 ,23.84 ,23.84 ,23.77 ,23.93 ,23.94 ,23.81 ,23.8 ,23.9 ,23.83 ,23.92 ,23.92 ,23.8 ,23.72 ,23.92 ,24.04 ,23.95 ,23.95 ,23.93 ,23.88 ,23.86 ,23.91 ,23.86 ,23.89 ,23.89 ,23.84 ,23.78 ,23.81 ,23.83 ,23.84 ,23.81 ,23.88 ,23.89 ,23.8 ,23.76 ,23.82 ,23.83 ,23.82 ,23.83 ,23.96 ,23.91 ,23.79 ,23.86 ,23.91 ,23.91 ,23.91 ,23.94 ,23.92 ,23.95 ,23.86 ,23.95 ,23.93 ,23.89 ,23.95 ,23.93 ,23.85 ,23.85 ,23.8 ,23.84 ,23.94 ,23.86 ,23.84 ,23.89 ,23.9 ,23.84 ,23.92 ,23.99 ,23.83 ,23.83 ,23.84 ,23.79 ,23.81 ,23.91 ,23.91 ,23.98 ,23.97 ,23.87 ,23.84 ,23.94 ,23.94 ,23.82 ,23.84 ,23.9 ,23.9 ,23.84 ,23.88 ,23.88 ,23.89 ,23.96 ,23.95 ,23.92 ,23.87 ,23.94 ,23.97 ,24 ,24.01 ,23.9 ,23.89 ,23.98 ,23.92 ,23.91 ,23.95 ,23.93 ,23.9 ,23.97 ,23.9 ,23.91 ,23.9 ,23.82 ,23.9 ,23.95 ,23.85 ,23.83 ,23.77 ,23.84 ,23.92 ,23.92 ,23.86 ,23.92 ,24.02 ,23.95 ,23.85 ,23.83 ,23.99 ,24 ,24.05 ,23.97 ,23.94 ,23.88 ,23.86 ,23.94 ,23.9 ,23.95 ,23.92 ,23.88 ,23.98 ,23.9 ,23.96 ,23.95 ,23.95 ,23.95 ,24.05 ,24.04 ,24.1 ,23.99 ,23.87 ,23.95 ,24 ,23.94 ,24.04 ,23.99 ,24 ,24.02 ,23.98 ,23.9 ,23.93 ,23.92 ,23.93 ,23.99 ,23.93 ,23.98 ,23.99 ,23.89 ,23.89 ,24 ,23.89 ,23.86 ,23.97 ,24.01 ,23.94 ,23.98 ,23.9 ,23.9 ,23.89 ,24.03 ,24.02 ,23.92 ,23.99 ,23.92 ,23.92 ,23.98 ,23.98 ,23.87 ,23.87 ,23.91 ,23.91 ,23.83 ,23.86 ,23.82 ,23.85 ,23.83 ,23.91 ,23.99 ,23.87 ,23.89 ,24 ,23.9 ,23.96 ,24.09 ,23.99 ,23.96 ,23.97 ,23.95 ,23.94 ,23.85 ,23.87 ,23.96 ,23.94 ,23.93 ,23.93 ,23.89 ,23.87 ,23.86 ,23.89 ,23.86 ,24.04 ,23.99 ,23.94 ,23.98 ,23.91 ,23.9 ,23.87 ,23.9 ,23.81 ,23.79 ,23.88 ,23.93 ,23.86 ,23.88 ,23.81 ,23.9 ,23.96 ,23.88 ,23.94 ,23.96 ,23.83 ,23.86 ,23.93 ,23.88 ,23.94 ,23.99 ,23.87 ,23.82 ,23.99 ,23.93 ,23.88 ,23.99 ,23.92 ,23.88 ,23.94 ,23.94 ,23.91 ,23.92 ,23.93 ,23.84 ,23.93 ,23.88 ,23.89 ,23.85 ,23.82 ,23.76 ,23.87 ,23.87 ,23.72 ,23.8 ,23.93 ,23.94 ,23.84 ,23.81 ,23.86 ,23.87 ,23.94 ,23.89 ,23.83 ,23.84 ,23.96 ,23.91 ,23.83 ,23.98 ,23.9 ,23.91 ,23.94 ,23.86 ,23.89 ,23.9 ,23.86 ,23.83 ,23.84 ,23.88 ,23.92 ,23.83 ,23.8 ,23.85 ,23.82 ,23.92 ,23.99 ,23.91 ,23.81 ,23.94 ,23.83 ,23.84 ,23.84 ,23.81 ,23.8 ,23.85 ,23.85 ,23.78 ,23.83 ,23.75 ,23.75 ,23.87 ,23.89 ,23.89 ,23.91 ,23.91 ,23.89 ,23.77 ,23.79 ,23.75 ,23.71 ,23.8 ,23.94 ,23.87 ,23.83 ,23.74 ,23.81 ,23.82 ,23.8 ,23.87 ,23.83 ,23.84 ,23.78 ,23.81 ,23.87 ,23.95 ,23.89 ,23.71 ,23.85 ,23.96 ,23.86 ,23.78 ,23.89 ,23.8 ,23.78 ,23.71 ,23.75 ,23.76 ,23.64 ,23.67 ,23.71 ,23.68 ,23.72 ,23.75 ,23.77 ,23.7 ,23.62 ,23.66 ,23.7 ,23.72 ,23.77 ,23.63 ,23.64 ,23.65 ,23.72 ,23.62 ,23.7 ,23.6 ,23.62 ,23.79 ,23.76 ,23.52 ,23.61 ,23.61 ,23.57 ,23.57 ,23.53 ,23.59 ,23.66 ,23.61 ,23.5 ,23.51 ,23.58 ,23.58 ,23.6 ,23.64 ,23.47 ,23.45 ,23.5 ,23.34 ,23.34 ,23.34 ,23.25 ,23.29 ,23.24 ,23.25 ,23.18 ,23.15 ,23.25 ,23.27 ,23.27 ,23.25 ,23.24 ,23.29 ,23.13 ,23.19 ,23.34 ,23.2 ,23.31 ,23.3 ,23.19 ,23.13 ,23.16 ,23.17 ,23.03 ,23.13 ,23.17 ,23.14 ,23.16 ,22.95 ,22.9 ,23.09 ,23.12 ,23.06 ,23.02 ,23.07 ,22.93 ,22.89 ,22.9 ,22.87 ,22.78 ,22.9 ,22.84 ,22.88 ,22.93 ,22.89 ,22.92 ,22.94 ,22.91 ,23.09 ,23.07 ,23.19 ,23.14 ,23.26 ,23.47 ,23.54 ,23.52 ,23.5 ,23.41 ,23.31 ,23.38 ,23.4 ,23.41 ,23.34 ,23.36 ,23.43 ,23.61 ,23.47 ,23.48 ,23.52 ,23.5 ,23.42 ,23.46 ,23.55 ,23.58 ,23.58 ,23.53 ,23.61 ,23.54 ,23.48 ,23.44 ,
470,23.46 ,23.37 ,23.39 ,23.41 ,23.3 ,23.33 ,23.42 ,23.37 ,23.4 ,23.52 ,23.36 ,23.39 ,23.51 ,23.43 ,23.54 ,23.45 ,23.42 ,23.44 ,23.4 ,23.48 ,23.38 ,23.47 ,23.55 ,23.44 ,23.43 ,23.47 ,23.55 ,23.6 ,23.52 ,23.5 ,23.51 ,23.38 ,23.4 ,23.5 ,23.53 ,23.54 ,23.56 ,23.58 ,23.54 ,23.54 ,23.59 ,23.59 ,23.55 ,23.51 ,23.53 ,23.64 ,23.6 ,23.65 ,23.68 ,23.62 ,23.55 ,23.53 ,23.57 ,23.61 ,23.64 ,23.65 ,23.58 ,23.65 ,23.5 ,23.63 ,23.63 ,23.68 ,23.61 ,23.65 ,23.83 ,23.77 ,23.82 ,23.65 ,23.62 ,23.67 ,23.67 ,23.61 ,23.63 ,23.74 ,23.69 ,23.53 ,23.63 ,23.64 ,23.67 ,23.66 ,23.65 ,23.74 ,23.74 ,23.68 ,23.72 ,23.69 ,23.71 ,23.73 ,23.71 ,23.69 ,23.68 ,23.69 ,23.62 ,23.65 ,23.62 ,23.74 ,23.74 ,23.61 ,23.68 ,23.72 ,23.65 ,23.66 ,23.65 ,23.72 ,23.7 ,23.77 ,23.87 ,23.84 ,23.82 ,23.72 ,23.63 ,23.71 ,23.79 ,23.82 ,23.68 ,23.74 ,23.77 ,23.75 ,23.74 ,23.71 ,23.78 ,23.78 ,23.77 ,23.83 ,23.85 ,23.77 ,23.76 ,23.78 ,23.73 ,23.75 ,23.75 ,23.79 ,23.73 ,23.71 ,23.72 ,23.72 ,23.74 ,23.74 ,23.76 ,23.8 ,23.71 ,23.69 ,23.78 ,23.72 ,23.71 ,23.74 ,23.83 ,23.79 ,23.81 ,23.8 ,23.86 ,23.85 ,23.85 ,23.84 ,23.75 ,23.81 ,23.83 ,23.76 ,23.81 ,23.82 ,23.86 ,23.83 ,23.75 ,23.8 ,23.86 ,23.78 ,23.78 ,23.87 ,23.94 ,23.94 ,23.84 ,23.8 ,23.86 ,23.87 ,23.93 ,23.9 ,23.79 ,23.76 ,23.82 ,23.77 ,23.89 ,23.79 ,23.86 ,23.82 ,23.87 ,23.95 ,23.91 ,23.9 ,23.88 ,23.85 ,23.84 ,23.87 ,23.92 ,23.86 ,23.85 ,23.88 ,23.89 ,23.88 ,23.84 ,23.77 ,23.79 ,23.87 ,23.86 ,23.82 ,23.77 ,23.86 ,23.83 ,23.78 ,23.83 ,23.92 ,23.93 ,23.81 ,23.88 ,23.89 ,23.86 ,23.86 ,23.85 ,23.85 ,23.91 ,23.93 ,23.86 ,23.87 ,23.91 ,23.87 ,23.93 ,23.83 ,23.92 ,23.86 ,23.78 ,23.85 ,23.88 ,23.77 ,23.84 ,23.84 ,23.73 ,23.92 ,23.93 ,23.75 ,23.86 ,23.9 ,23.83 ,23.86 ,23.94 ,23.88 ,23.87 ,23.93 ,23.83 ,23.88 ,24.03 ,24 ,23.87 ,23.95 ,23.97 ,23.94 ,23.87 ,23.91 ,23.84 ,23.87 ,23.97 ,23.99 ,23.9 ,23.93 ,23.95 ,23.92 ,23.93 ,24 ,23.93 ,23.87 ,23.97 ,23.92 ,23.89 ,23.9 ,23.91 ,23.98 ,23.96 ,23.92 ,23.9 ,23.88 ,23.97 ,23.92 ,23.99 ,23.94 ,23.84 ,23.88 ,23.82 ,23.88 ,23.86 ,23.88 ,23.87 ,23.78 ,23.86 ,23.92 ,23.94 ,23.95 ,23.92 ,24.04 ,23.93 ,23.89 ,23.9 ,23.85 ,23.89 ,23.83 ,23.84 ,23.88 ,23.93 ,23.99 ,23.98 ,24.02 ,24.02 ,23.94 ,23.96 ,24.05 ,24 ,24.04 ,23.99 ,23.99 ,23.94 ,23.92 ,23.86 ,23.97 ,23.98 ,24 ,24.07 ,24.08 ,23.95 ,23.93 ,23.91 ,23.92 ,23.88 ,23.9 ,23.93 ,23.94 ,23.91 ,23.93 ,24.01 ,23.88 ,23.92 ,23.97 ,23.94 ,23.95 ,23.93 ,23.97 ,23.98 ,23.99 ,23.94 ,23.98 ,23.95 ,23.98 ,23.99 ,24.01 ,23.91 ,24.01 ,23.94 ,23.87 ,23.89 ,23.88 ,23.86 ,23.88 ,23.93 ,23.9 ,23.84 ,23.86 ,24.02 ,23.97 ,23.93 ,23.97 ,23.9 ,23.95 ,23.96 ,23.96 ,23.93 ,23.91 ,23.93 ,23.97 ,23.84 ,23.71 ,23.83 ,24.04 ,23.88 ,23.9 ,23.94 ,23.96 ,23.94 ,23.9 ,23.81 ,23.95 ,23.99 ,23.94 ,23.96 ,23.93 ,23.94 ,23.91 ,23.94 ,23.88 ,23.84 ,23.88 ,23.91 ,23.94 ,23.88 ,23.86 ,23.91 ,23.97 ,23.93 ,23.94 ,23.97 ,23.83 ,23.92 ,23.91 ,23.86 ,23.94 ,23.94 ,23.87 ,23.92 ,23.96 ,23.9 ,23.83 ,23.99 ,24.02 ,23.88 ,23.9 ,23.87 ,23.85 ,23.89 ,23.98 ,23.88 ,23.86 ,23.82 ,23.82 ,23.9 ,23.89 ,23.82 ,23.84 ,23.86 ,23.85 ,23.88 ,23.94 ,23.89 ,23.81 ,23.82 ,23.86 ,23.87 ,23.92 ,23.87 ,23.75 ,23.75 ,23.92 ,23.88 ,23.8 ,23.88 ,23.88 ,23.93 ,24.01 ,23.94 ,23.94 ,23.89 ,23.85 ,23.83 ,23.82 ,23.74 ,23.88 ,23.84 ,23.83 ,23.81 ,23.79 ,23.91 ,23.93 ,23.82 ,23.78 ,23.83 ,23.89 ,23.73 ,23.74 ,23.82 ,23.88 ,23.91 ,23.9 ,23.82 ,23.87 ,23.9 ,23.77 ,23.76 ,23.88 ,23.83 ,23.8 ,23.79 ,23.79 ,23.79 ,23.84 ,23.82 ,23.74 ,23.75 ,23.83 ,23.83 ,23.82 ,23.71 ,23.68 ,23.82 ,23.76 ,23.75 ,23.82 ,23.79 ,23.75 ,23.82 ,23.84 ,23.94 ,23.87 ,23.8 ,23.86 ,23.97 ,23.82 ,23.75 ,23.77 ,23.85 ,23.74 ,23.71 ,23.75 ,23.67 ,23.61 ,23.75 ,23.8 ,23.79 ,23.71 ,23.73 ,23.71 ,23.68 ,23.68 ,23.64 ,23.68 ,23.69 ,23.82 ,23.66 ,23.59 ,23.62 ,23.73 ,23.68 ,23.69 ,23.61 ,23.56 ,23.64 ,23.64 ,23.53 ,23.59 ,23.68 ,23.62 ,23.59 ,23.52 ,23.55 ,23.77 ,23.6 ,23.49 ,23.59 ,23.6 ,23.59 ,23.56 ,23.58 ,23.55 ,23.46 ,23.5 ,23.36 ,23.31 ,23.33 ,23.28 ,23.34 ,23.27 ,23.22 ,23.25 ,23.25 ,23.25 ,23.27 ,23.25 ,23.34 ,23.23 ,23.24 ,23.21 ,23.19 ,23.24 ,23.18 ,23.21 ,23.25 ,23.16 ,23.08 ,23.16 ,23.2 ,23.19 ,23.25 ,23.19 ,23.05 ,23.01 ,22.99 ,22.91 ,22.99 ,23.04 ,23 ,23 ,23 ,22.99 ,22.99 ,23.01 ,23 ,22.9 ,22.92 ,22.87 ,22.83 ,22.87 ,22.82 ,22.84 ,22.91 ,22.86 ,23.05 ,22.94 ,23.05 ,23.06 ,23.14 ,23.35 ,23.44 ,23.48 ,23.42 ,23.39 ,23.37 ,23.29 ,23.32 ,23.42 ,23.45 ,23.43 ,23.44 ,23.59 ,23.52 ,23.45 ,23.5 ,23.45 ,23.31 ,23.47 ,23.38 ,23.56 ,23.56 ,23.49 ,23.59 ,23.64 ,23.43 ,23.39 ,
471,23.46 ,23.39 ,23.37 ,23.38 ,23.38 ,23.42 ,23.44 ,23.5 ,23.48 ,23.51 ,23.37 ,23.42 ,23.5 ,23.45 ,23.54 ,23.46 ,23.42 ,23.45 ,23.48 ,23.41 ,23.37 ,23.42 ,23.56 ,23.48 ,23.37 ,23.44 ,23.56 ,23.53 ,23.55 ,23.46 ,23.47 ,23.53 ,23.45 ,23.6 ,23.6 ,23.57 ,23.54 ,23.54 ,23.52 ,23.49 ,23.59 ,23.58 ,23.48 ,23.47 ,23.55 ,23.52 ,23.6 ,23.64 ,23.58 ,23.68 ,23.54 ,23.52 ,23.61 ,23.64 ,23.57 ,23.61 ,23.65 ,23.65 ,23.6 ,23.55 ,23.69 ,23.67 ,23.57 ,23.59 ,23.66 ,23.65 ,23.75 ,23.66 ,23.55 ,23.58 ,23.62 ,23.67 ,23.62 ,23.66 ,23.69 ,23.59 ,23.63 ,23.72 ,23.66 ,23.55 ,23.6 ,23.58 ,23.6 ,23.71 ,23.74 ,23.65 ,23.63 ,23.75 ,23.65 ,23.64 ,23.72 ,23.66 ,23.74 ,23.7 ,23.6 ,23.7 ,23.77 ,23.74 ,23.69 ,23.66 ,23.53 ,23.59 ,23.6 ,23.72 ,23.79 ,23.81 ,23.82 ,23.7 ,23.72 ,23.71 ,23.67 ,23.64 ,23.69 ,23.7 ,23.69 ,23.8 ,23.76 ,23.75 ,23.76 ,23.69 ,23.68 ,23.74 ,23.75 ,23.83 ,23.79 ,23.74 ,23.78 ,23.85 ,23.74 ,23.7 ,23.79 ,23.75 ,23.71 ,23.73 ,23.72 ,23.84 ,23.84 ,23.8 ,23.8 ,23.83 ,23.72 ,23.71 ,23.81 ,23.83 ,23.79 ,23.86 ,23.86 ,23.88 ,23.76 ,23.76 ,23.83 ,23.77 ,23.8 ,23.76 ,23.72 ,23.83 ,23.86 ,23.73 ,23.82 ,23.84 ,23.86 ,23.87 ,23.73 ,23.71 ,23.81 ,23.88 ,23.85 ,23.83 ,23.88 ,23.96 ,23.89 ,23.78 ,23.83 ,23.93 ,23.92 ,23.89 ,23.82 ,23.79 ,23.83 ,23.74 ,23.78 ,23.8 ,23.8 ,23.9 ,23.82 ,23.89 ,23.87 ,23.79 ,23.86 ,23.9 ,23.9 ,23.9 ,23.92 ,23.89 ,23.79 ,23.83 ,23.9 ,23.98 ,23.89 ,23.8 ,23.81 ,23.84 ,23.85 ,23.77 ,23.76 ,23.88 ,23.89 ,23.77 ,23.81 ,23.92 ,23.92 ,23.88 ,23.83 ,23.85 ,23.91 ,23.89 ,23.91 ,23.93 ,23.9 ,23.99 ,23.89 ,23.9 ,23.93 ,23.91 ,23.98 ,23.89 ,23.88 ,23.95 ,23.85 ,23.87 ,23.91 ,23.83 ,23.84 ,23.87 ,23.76 ,23.84 ,23.95 ,23.82 ,23.72 ,23.85 ,23.89 ,23.96 ,23.9 ,23.89 ,23.95 ,23.97 ,23.83 ,23.87 ,23.97 ,23.92 ,23.89 ,23.86 ,23.96 ,23.99 ,23.95 ,23.95 ,23.94 ,23.93 ,24.01 ,24.03 ,23.87 ,23.87 ,23.9 ,23.89 ,23.94 ,23.86 ,23.91 ,23.95 ,24.04 ,23.93 ,23.82 ,23.85 ,23.8 ,23.87 ,23.93 ,23.92 ,23.85 ,23.97 ,23.95 ,23.96 ,23.91 ,23.94 ,23.87 ,23.82 ,23.89 ,23.88 ,23.92 ,23.85 ,23.85 ,23.85 ,23.81 ,23.92 ,23.94 ,23.87 ,23.83 ,23.97 ,23.97 ,23.97 ,23.93 ,23.87 ,23.82 ,23.88 ,23.88 ,23.89 ,23.92 ,24.11 ,24.02 ,23.92 ,24.02 ,23.97 ,23.98 ,24.02 ,23.96 ,23.92 ,23.91 ,23.96 ,23.9 ,23.89 ,23.89 ,23.89 ,23.91 ,23.91 ,24.02 ,24.01 ,23.95 ,23.83 ,23.9 ,23.94 ,23.88 ,23.85 ,23.96 ,23.97 ,23.94 ,23.96 ,24.03 ,23.89 ,23.93 ,23.95 ,23.91 ,23.91 ,23.93 ,23.96 ,23.91 ,23.91 ,23.98 ,23.94 ,23.89 ,23.99 ,23.96 ,23.96 ,23.99 ,23.99 ,23.96 ,23.95 ,23.94 ,23.88 ,23.92 ,23.88 ,23.92 ,23.94 ,23.92 ,23.89 ,23.89 ,23.92 ,23.99 ,23.89 ,23.91 ,23.94 ,23.89 ,23.81 ,23.83 ,23.87 ,23.93 ,23.96 ,23.84 ,23.76 ,23.83 ,23.9 ,23.89 ,23.89 ,23.96 ,23.96 ,23.96 ,23.9 ,23.79 ,23.85 ,23.88 ,23.96 ,23.85 ,23.85 ,23.87 ,23.96 ,23.93 ,23.9 ,23.83 ,23.81 ,23.94 ,23.93 ,23.86 ,23.86 ,23.93 ,23.87 ,23.87 ,23.95 ,23.96 ,23.95 ,23.8 ,23.85 ,23.79 ,23.86 ,23.92 ,23.86 ,23.96 ,23.95 ,23.83 ,23.88 ,23.98 ,24.02 ,23.97 ,23.82 ,23.8 ,23.86 ,23.98 ,23.98 ,23.93 ,23.86 ,23.88 ,23.81 ,23.87 ,23.91 ,23.89 ,23.86 ,23.88 ,23.93 ,23.93 ,23.88 ,23.91 ,23.92 ,23.84 ,23.8 ,23.9 ,23.97 ,23.86 ,23.82 ,23.69 ,23.9 ,23.84 ,23.82 ,23.83 ,23.87 ,23.78 ,23.95 ,23.87 ,23.96 ,23.87 ,23.76 ,23.82 ,23.89 ,23.81 ,23.78 ,23.81 ,23.82 ,23.88 ,23.87 ,23.84 ,23.93 ,23.82 ,23.71 ,23.74 ,23.81 ,23.76 ,23.76 ,23.85 ,23.91 ,23.83 ,23.93 ,23.84 ,23.86 ,23.88 ,23.85 ,23.8 ,23.93 ,23.89 ,23.85 ,23.76 ,23.81 ,23.81 ,23.82 ,23.69 ,23.75 ,23.77 ,23.93 ,23.81 ,23.82 ,23.84 ,23.79 ,23.79 ,23.8 ,23.68 ,23.71 ,23.83 ,23.79 ,23.77 ,23.71 ,23.65 ,23.81 ,23.84 ,23.86 ,23.82 ,23.78 ,23.75 ,23.69 ,23.77 ,23.79 ,23.72 ,23.71 ,23.69 ,23.66 ,23.68 ,23.72 ,23.81 ,23.79 ,23.74 ,23.75 ,23.71 ,23.75 ,23.74 ,23.7 ,23.67 ,23.66 ,23.64 ,23.54 ,23.55 ,23.64 ,23.7 ,23.6 ,23.62 ,23.59 ,23.62 ,23.58 ,23.61 ,23.62 ,23.58 ,23.62 ,23.59 ,23.51 ,23.51 ,23.64 ,23.55 ,23.56 ,23.56 ,23.64 ,23.64 ,23.63 ,23.59 ,23.6 ,23.5 ,23.5 ,23.39 ,23.39 ,23.42 ,23.39 ,23.23 ,23.16 ,23.15 ,23.21 ,23.26 ,23.21 ,23.2 ,23.23 ,23.22 ,23.22 ,23.09 ,23.15 ,23.1 ,23.14 ,23.13 ,23.09 ,23.12 ,23.15 ,23.13 ,23.2 ,23.1 ,23.08 ,23.17 ,23.19 ,23.02 ,22.92 ,22.99 ,22.92 ,22.99 ,23.03 ,22.96 ,22.9 ,22.84 ,23 ,23.05 ,23 ,22.98 ,22.92 ,22.92 ,22.9 ,22.99 ,22.96 ,22.91 ,22.85 ,22.97 ,22.89 ,22.84 ,23.03 ,23 ,23.07 ,23.1 ,23.23 ,23.34 ,23.39 ,23.37 ,23.34 ,23.25 ,23.38 ,23.38 ,23.44 ,23.54 ,23.44 ,23.52 ,23.52 ,23.47 ,23.42 ,23.37 ,23.48 ,23.43 ,23.4 ,23.37 ,23.41 ,23.39 ,23.4 ,23.5 ,23.58 ,23.52 ,23.46 ,
472,23.31 ,23.35 ,23.4 ,23.48 ,23.4 ,23.41 ,23.45 ,23.54 ,23.47 ,23.48 ,23.36 ,23.45 ,23.59 ,23.55 ,23.51 ,23.47 ,23.55 ,23.54 ,23.52 ,23.4 ,23.33 ,23.37 ,23.49 ,23.51 ,23.46 ,23.47 ,23.59 ,23.51 ,23.49 ,23.41 ,23.46 ,23.59 ,23.59 ,23.5 ,23.58 ,23.59 ,23.55 ,23.53 ,23.52 ,23.57 ,23.57 ,23.63 ,23.54 ,23.39 ,23.47 ,23.63 ,23.61 ,23.56 ,23.56 ,23.6 ,23.55 ,23.5 ,23.63 ,23.64 ,23.62 ,23.57 ,23.63 ,23.68 ,23.66 ,23.57 ,23.66 ,23.73 ,23.65 ,23.54 ,23.58 ,23.63 ,23.78 ,23.71 ,23.66 ,23.6 ,23.66 ,23.68 ,23.76 ,23.71 ,23.65 ,23.59 ,23.66 ,23.75 ,23.59 ,23.54 ,23.6 ,23.5 ,23.61 ,23.64 ,23.68 ,23.73 ,23.69 ,23.72 ,23.64 ,23.58 ,23.7 ,23.73 ,23.82 ,23.8 ,23.7 ,23.69 ,23.71 ,23.76 ,23.71 ,23.67 ,23.58 ,23.7 ,23.7 ,23.72 ,23.81 ,23.78 ,23.8 ,23.74 ,23.74 ,23.77 ,23.76 ,23.73 ,23.77 ,23.72 ,23.72 ,23.82 ,23.81 ,23.72 ,23.77 ,23.82 ,23.73 ,23.73 ,23.81 ,23.82 ,23.85 ,23.77 ,23.85 ,23.82 ,23.71 ,23.69 ,23.82 ,23.82 ,23.75 ,23.73 ,23.82 ,23.79 ,23.73 ,23.82 ,23.76 ,23.82 ,23.82 ,23.81 ,23.86 ,23.87 ,23.84 ,23.89 ,23.89 ,23.82 ,23.83 ,23.71 ,23.77 ,23.81 ,23.81 ,23.78 ,23.7 ,23.87 ,23.91 ,23.81 ,23.77 ,23.9 ,23.89 ,23.81 ,23.81 ,23.77 ,23.79 ,23.93 ,23.92 ,23.84 ,23.76 ,23.88 ,23.93 ,23.84 ,23.85 ,23.91 ,23.95 ,23.91 ,23.82 ,23.9 ,23.95 ,23.86 ,23.84 ,23.91 ,23.78 ,23.83 ,23.91 ,23.92 ,23.91 ,23.74 ,23.71 ,23.85 ,23.96 ,23.94 ,23.88 ,23.84 ,23.87 ,23.84 ,23.88 ,23.98 ,23.94 ,23.92 ,23.92 ,23.86 ,23.88 ,23.93 ,23.84 ,23.85 ,23.86 ,23.84 ,23.88 ,23.91 ,23.91 ,23.88 ,23.72 ,23.73 ,23.79 ,23.84 ,23.92 ,23.84 ,23.88 ,23.89 ,23.94 ,23.92 ,23.9 ,23.94 ,24.02 ,23.89 ,23.89 ,23.99 ,23.97 ,23.97 ,23.98 ,23.95 ,23.97 ,23.86 ,23.8 ,23.81 ,23.99 ,23.91 ,23.83 ,23.86 ,23.91 ,23.98 ,23.93 ,23.88 ,23.9 ,23.99 ,23.87 ,23.84 ,23.86 ,23.79 ,23.85 ,23.85 ,23.91 ,24.03 ,23.98 ,24.02 ,23.94 ,24.03 ,23.93 ,23.99 ,23.95 ,23.87 ,23.87 ,23.89 ,23.95 ,23.94 ,23.85 ,23.86 ,23.94 ,23.92 ,23.81 ,23.84 ,23.9 ,23.92 ,23.9 ,24 ,23.93 ,23.91 ,23.96 ,23.98 ,23.89 ,23.87 ,23.88 ,23.84 ,23.9 ,24.06 ,24.01 ,23.8 ,23.87 ,23.98 ,23.97 ,23.88 ,23.87 ,23.9 ,23.89 ,23.95 ,24 ,24.01 ,23.97 ,23.98 ,24 ,24.01 ,23.97 ,23.93 ,23.96 ,24.02 ,23.91 ,23.93 ,23.99 ,23.95 ,24.03 ,24.11 ,23.99 ,24.01 ,24.02 ,23.9 ,23.89 ,23.98 ,23.92 ,23.94 ,23.87 ,23.87 ,24.02 ,24 ,23.95 ,23.94 ,23.92 ,23.92 ,23.96 ,23.96 ,23.99 ,23.99 ,23.94 ,23.98 ,23.95 ,23.92 ,23.92 ,23.92 ,23.9 ,23.95 ,23.92 ,23.96 ,23.93 ,23.89 ,23.97 ,23.94 ,23.91 ,23.97 ,24 ,23.91 ,23.9 ,23.91 ,23.94 ,23.98 ,23.89 ,23.85 ,23.86 ,23.91 ,23.9 ,23.98 ,23.96 ,23.92 ,23.97 ,23.93 ,24.05 ,23.98 ,23.92 ,23.99 ,23.93 ,23.87 ,23.85 ,23.88 ,24.02 ,24.03 ,23.87 ,23.81 ,23.9 ,23.91 ,23.91 ,23.97 ,23.93 ,24 ,23.92 ,23.93 ,23.86 ,23.84 ,23.84 ,24 ,23.95 ,23.8 ,23.89 ,23.91 ,23.96 ,23.91 ,23.89 ,23.86 ,23.97 ,23.95 ,23.84 ,23.84 ,23.91 ,23.91 ,23.91 ,23.96 ,23.91 ,23.85 ,23.89 ,23.92 ,23.85 ,23.81 ,23.9 ,23.93 ,23.9 ,24.01 ,23.85 ,23.86 ,23.97 ,24 ,23.94 ,23.96 ,23.89 ,23.86 ,23.91 ,24.02 ,23.91 ,23.91 ,23.87 ,23.9 ,23.92 ,23.9 ,23.83 ,23.9 ,24.01 ,23.98 ,23.89 ,23.88 ,23.9 ,23.91 ,23.79 ,23.88 ,23.92 ,23.91 ,23.9 ,23.81 ,23.76 ,23.86 ,23.9 ,23.76 ,23.8 ,23.85 ,23.81 ,23.89 ,23.97 ,23.99 ,23.89 ,23.86 ,23.88 ,23.88 ,23.84 ,23.9 ,23.85 ,23.91 ,23.92 ,23.85 ,23.93 ,23.88 ,23.83 ,23.74 ,23.83 ,23.89 ,23.87 ,23.81 ,23.8 ,23.9 ,23.87 ,23.89 ,23.85 ,23.83 ,23.84 ,23.84 ,23.81 ,23.92 ,23.91 ,23.91 ,23.82 ,23.81 ,23.77 ,23.8 ,23.81 ,23.8 ,23.86 ,23.94 ,23.81 ,23.72 ,23.84 ,23.86 ,23.84 ,23.79 ,23.68 ,23.72 ,23.77 ,23.78 ,23.79 ,23.62 ,23.71 ,23.84 ,23.89 ,23.96 ,23.88 ,23.79 ,23.79 ,23.74 ,23.83 ,23.84 ,23.75 ,23.65 ,23.68 ,23.74 ,23.72 ,23.73 ,23.81 ,23.81 ,23.81 ,23.77 ,23.78 ,23.73 ,23.75 ,23.76 ,23.67 ,23.7 ,23.69 ,23.66 ,23.61 ,23.75 ,23.76 ,23.66 ,23.66 ,23.68 ,23.65 ,23.59 ,23.6 ,23.64 ,23.54 ,23.57 ,23.64 ,23.61 ,23.6 ,23.64 ,23.66 ,23.63 ,23.56 ,23.53 ,23.67 ,23.61 ,23.61 ,23.53 ,23.58 ,23.56 ,23.44 ,23.54 ,23.59 ,23.45 ,23.21 ,23.1 ,23.15 ,23.08 ,23.13 ,23.15 ,23.19 ,23.21 ,23.18 ,23.14 ,23.17 ,23.09 ,23.17 ,23.16 ,23.14 ,23.09 ,23.18 ,23.25 ,23.07 ,23.03 ,23.08 ,23.14 ,23.05 ,23.26 ,23.13 ,22.99 ,23.06 ,22.97 ,23.05 ,23.18 ,23.08 ,23 ,22.96 ,23.04 ,23.03 ,23.07 ,23.07 ,23.09 ,23.13 ,23.07 ,23.14 ,23.15 ,23.07 ,22.99 ,23.07 ,22.98 ,22.94 ,23.15 ,23.15 ,23.15 ,23.14 ,23.25 ,23.4 ,23.41 ,23.44 ,23.42 ,23.34 ,23.31 ,23.5 ,23.47 ,23.48 ,23.42 ,23.46 ,23.48 ,23.36 ,23.42 ,23.39 ,23.44 ,23.49 ,23.46 ,23.47 ,23.5 ,23.39 ,23.41 ,23.52 ,23.56 ,23.58 ,23.5 ,
473,23.29 ,23.35 ,23.42 ,23.4 ,23.41 ,23.4 ,23.46 ,23.47 ,23.52 ,23.43 ,23.47 ,23.52 ,23.54 ,23.49 ,23.51 ,23.41 ,23.42 ,23.61 ,23.58 ,23.43 ,23.4 ,23.53 ,23.55 ,23.48 ,23.44 ,23.54 ,23.5 ,23.5 ,23.54 ,23.39 ,23.41 ,23.46 ,23.58 ,23.62 ,23.5 ,23.52 ,23.6 ,23.54 ,23.47 ,23.52 ,23.46 ,23.56 ,23.62 ,23.5 ,23.55 ,23.68 ,23.71 ,23.65 ,23.66 ,23.6 ,23.52 ,23.51 ,23.63 ,23.57 ,23.6 ,23.57 ,23.59 ,23.73 ,23.69 ,23.56 ,23.56 ,23.72 ,23.71 ,23.64 ,23.69 ,23.73 ,23.77 ,23.72 ,23.66 ,23.66 ,23.65 ,23.67 ,23.69 ,23.82 ,23.79 ,23.61 ,23.62 ,23.72 ,23.7 ,23.5 ,23.61 ,23.53 ,23.61 ,23.69 ,23.69 ,23.76 ,23.62 ,23.6 ,23.61 ,23.67 ,23.7 ,23.68 ,23.67 ,23.69 ,23.7 ,23.67 ,23.7 ,23.76 ,23.68 ,23.71 ,23.72 ,23.72 ,23.76 ,23.73 ,23.77 ,23.78 ,23.79 ,23.67 ,23.7 ,23.77 ,23.75 ,23.74 ,23.76 ,23.73 ,23.77 ,23.74 ,23.79 ,23.77 ,23.76 ,23.82 ,23.78 ,23.68 ,23.74 ,24 ,23.93 ,23.91 ,23.93 ,23.88 ,23.84 ,23.79 ,23.82 ,23.87 ,23.69 ,23.77 ,23.83 ,23.78 ,23.78 ,23.9 ,23.81 ,23.78 ,23.77 ,23.81 ,23.83 ,23.76 ,23.84 ,23.98 ,23.87 ,23.8 ,23.88 ,23.8 ,23.83 ,23.89 ,23.83 ,23.8 ,23.8 ,23.82 ,23.84 ,23.89 ,23.82 ,23.84 ,23.9 ,23.75 ,23.84 ,23.91 ,23.89 ,23.95 ,23.85 ,23.99 ,23.91 ,23.82 ,23.96 ,23.98 ,23.93 ,23.91 ,23.96 ,23.89 ,23.86 ,23.95 ,23.92 ,23.99 ,23.99 ,23.93 ,23.88 ,23.78 ,23.84 ,23.94 ,23.9 ,23.76 ,23.71 ,23.8 ,23.85 ,23.94 ,23.91 ,23.88 ,23.84 ,23.86 ,23.87 ,23.96 ,23.91 ,23.83 ,23.93 ,23.9 ,23.89 ,23.9 ,23.86 ,23.89 ,23.92 ,23.91 ,23.91 ,23.96 ,23.88 ,23.96 ,23.9 ,23.77 ,23.68 ,23.79 ,23.9 ,23.9 ,23.82 ,23.83 ,23.86 ,23.95 ,23.91 ,23.88 ,23.97 ,23.92 ,23.91 ,23.92 ,23.88 ,23.86 ,23.9 ,23.91 ,23.96 ,23.84 ,23.81 ,23.86 ,23.95 ,23.91 ,23.9 ,23.92 ,23.89 ,23.97 ,23.91 ,23.9 ,23.87 ,23.95 ,23.91 ,23.87 ,23.92 ,23.89 ,23.86 ,23.94 ,23.96 ,24 ,23.98 ,24 ,23.95 ,23.95 ,23.98 ,23.92 ,23.91 ,23.88 ,23.95 ,23.84 ,23.9 ,23.93 ,23.88 ,23.83 ,23.97 ,23.88 ,23.85 ,23.84 ,23.92 ,24 ,23.99 ,23.81 ,23.88 ,23.86 ,23.96 ,23.94 ,23.86 ,23.86 ,23.88 ,23.83 ,23.86 ,23.99 ,24.04 ,23.93 ,23.82 ,23.97 ,23.99 ,23.92 ,23.84 ,23.93 ,24.02 ,23.95 ,23.94 ,24.01 ,23.9 ,23.88 ,23.91 ,23.94 ,23.91 ,23.98 ,24.03 ,23.98 ,23.88 ,23.9 ,23.98 ,23.95 ,24.01 ,24.14 ,24.09 ,24.06 ,24.03 ,23.94 ,23.91 ,24.01 ,23.96 ,23.83 ,23.86 ,23.88 ,24.03 ,24.06 ,24.02 ,24.01 ,23.91 ,23.86 ,23.87 ,23.98 ,23.97 ,23.95 ,23.94 ,24 ,23.96 ,23.92 ,23.83 ,23.85 ,23.98 ,23.98 ,23.92 ,23.93 ,23.91 ,23.87 ,23.97 ,23.92 ,23.9 ,23.93 ,23.91 ,23.89 ,23.94 ,23.94 ,23.94 ,23.9 ,23.8 ,23.76 ,23.86 ,23.97 ,23.88 ,23.88 ,23.94 ,24 ,23.99 ,23.98 ,24.08 ,23.95 ,23.87 ,23.95 ,24.01 ,23.93 ,23.83 ,23.88 ,23.92 ,24.03 ,23.85 ,23.9 ,24 ,23.98 ,23.84 ,23.97 ,23.9 ,23.87 ,23.94 ,23.98 ,23.95 ,23.99 ,23.99 ,23.94 ,23.93 ,23.91 ,23.93 ,23.95 ,23.98 ,23.96 ,23.9 ,23.95 ,23.96 ,23.96 ,23.95 ,23.86 ,23.87 ,23.98 ,23.96 ,24.02 ,23.9 ,23.9 ,23.94 ,23.88 ,23.88 ,23.9 ,23.94 ,24.05 ,23.93 ,23.93 ,23.98 ,23.96 ,23.88 ,23.89 ,23.95 ,23.94 ,23.96 ,23.83 ,23.84 ,23.95 ,23.91 ,23.91 ,23.93 ,23.9 ,24.01 ,23.94 ,23.88 ,23.92 ,24.01 ,23.95 ,23.83 ,23.84 ,23.96 ,23.89 ,23.84 ,23.96 ,23.89 ,23.89 ,23.87 ,23.89 ,23.82 ,23.94 ,23.87 ,23.83 ,23.86 ,23.87 ,23.86 ,23.94 ,23.95 ,23.89 ,23.84 ,23.87 ,23.89 ,23.87 ,23.83 ,23.92 ,23.9 ,23.89 ,23.91 ,23.88 ,23.95 ,23.93 ,23.83 ,23.81 ,23.96 ,23.95 ,23.8 ,23.85 ,23.85 ,23.98 ,23.82 ,23.74 ,23.82 ,23.8 ,23.75 ,23.79 ,23.82 ,23.88 ,23.86 ,23.87 ,23.88 ,23.85 ,23.88 ,23.83 ,23.78 ,23.79 ,23.87 ,23.97 ,23.9 ,23.88 ,23.79 ,23.84 ,23.95 ,23.87 ,23.76 ,23.8 ,23.72 ,23.79 ,23.85 ,23.69 ,23.77 ,23.94 ,23.86 ,23.9 ,23.85 ,23.76 ,23.81 ,23.83 ,23.84 ,23.79 ,23.75 ,23.75 ,23.76 ,23.69 ,23.76 ,23.8 ,23.73 ,23.71 ,23.82 ,23.85 ,23.77 ,23.75 ,23.72 ,23.69 ,23.62 ,23.65 ,23.66 ,23.68 ,23.72 ,23.7 ,23.77 ,23.76 ,23.68 ,23.68 ,23.6 ,23.56 ,23.67 ,23.62 ,23.63 ,23.56 ,23.49 ,23.63 ,23.54 ,23.7 ,23.64 ,23.5 ,23.52 ,23.51 ,23.51 ,23.57 ,23.59 ,23.59 ,23.56 ,23.56 ,23.44 ,23.56 ,23.56 ,23.51 ,23.35 ,23.18 ,23.28 ,23.13 ,23.13 ,23.16 ,23.15 ,23.35 ,23.13 ,23.13 ,23.2 ,23.16 ,23.14 ,23.16 ,23.15 ,23.06 ,23.13 ,23.18 ,23.04 ,22.97 ,23.15 ,23.16 ,23.09 ,23.2 ,23.19 ,23.03 ,23.09 ,23.08 ,23.12 ,23.18 ,23.16 ,23.1 ,23.14 ,23.12 ,23.1 ,23.09 ,23.01 ,23.06 ,23.22 ,23.15 ,23.15 ,23.13 ,23.1 ,23.03 ,23.19 ,23.13 ,22.96 ,23.12 ,23.2 ,23.19 ,23.27 ,23.24 ,23.44 ,23.55 ,23.46 ,23.5 ,23.48 ,23.32 ,23.43 ,23.44 ,23.42 ,23.43 ,23.37 ,23.36 ,23.38 ,23.36 ,23.4 ,23.6 ,23.51 ,23.5 ,23.53 ,23.58 ,23.48 ,23.42 ,23.59 ,23.67 ,23.52 ,23.48 ,
474,23.38 ,23.3 ,23.4 ,23.38 ,23.46 ,23.48 ,23.56 ,23.42 ,23.39 ,23.37 ,23.41 ,23.55 ,23.54 ,23.35 ,23.51 ,23.45 ,23.37 ,23.53 ,23.58 ,23.45 ,23.45 ,23.6 ,23.63 ,23.54 ,23.46 ,23.54 ,23.38 ,23.37 ,23.5 ,23.48 ,23.48 ,23.43 ,23.59 ,23.77 ,23.62 ,23.51 ,23.62 ,23.65 ,23.56 ,23.47 ,23.52 ,23.57 ,23.57 ,23.5 ,23.6 ,23.7 ,23.69 ,23.65 ,23.65 ,23.72 ,23.6 ,23.55 ,23.64 ,23.6 ,23.57 ,23.63 ,23.71 ,23.67 ,23.55 ,23.52 ,23.54 ,23.65 ,23.64 ,23.71 ,23.67 ,23.57 ,23.64 ,23.68 ,23.62 ,23.57 ,23.63 ,23.67 ,23.61 ,23.68 ,23.77 ,23.65 ,23.71 ,23.66 ,23.74 ,23.63 ,23.58 ,23.59 ,23.57 ,23.64 ,23.67 ,23.69 ,23.61 ,23.56 ,23.52 ,23.7 ,23.7 ,23.67 ,23.58 ,23.62 ,23.7 ,23.69 ,23.64 ,23.73 ,23.68 ,23.69 ,23.78 ,23.69 ,23.7 ,23.69 ,23.65 ,23.74 ,23.82 ,23.68 ,23.63 ,23.66 ,23.71 ,23.69 ,23.68 ,23.65 ,23.72 ,23.74 ,23.75 ,23.76 ,23.76 ,23.74 ,23.71 ,23.78 ,23.77 ,23.89 ,24.01 ,23.83 ,23.88 ,23.82 ,23.78 ,23.81 ,23.79 ,23.79 ,23.74 ,23.8 ,23.84 ,23.82 ,23.81 ,23.9 ,23.88 ,23.74 ,23.78 ,23.75 ,23.84 ,23.82 ,23.92 ,24 ,23.96 ,23.91 ,23.93 ,23.92 ,23.92 ,23.9 ,23.9 ,23.86 ,23.87 ,23.92 ,23.87 ,23.86 ,23.89 ,23.92 ,23.86 ,23.85 ,23.86 ,23.94 ,23.86 ,23.91 ,23.95 ,23.94 ,23.94 ,23.92 ,23.97 ,23.93 ,23.88 ,23.9 ,23.86 ,23.87 ,23.84 ,23.86 ,23.88 ,23.88 ,23.94 ,23.8 ,23.81 ,23.8 ,23.81 ,23.86 ,23.81 ,23.81 ,23.84 ,23.83 ,23.87 ,23.97 ,23.98 ,23.97 ,23.94 ,23.94 ,23.88 ,23.91 ,23.84 ,23.83 ,23.79 ,23.89 ,23.96 ,23.83 ,23.85 ,23.95 ,23.97 ,23.96 ,23.94 ,24.02 ,23.96 ,23.88 ,23.93 ,23.81 ,23.79 ,23.76 ,23.9 ,23.95 ,23.85 ,23.83 ,23.94 ,23.96 ,23.91 ,23.89 ,23.93 ,23.94 ,23.91 ,23.86 ,23.83 ,23.87 ,23.87 ,23.92 ,23.92 ,23.89 ,23.81 ,23.87 ,23.93 ,23.88 ,23.93 ,23.89 ,23.87 ,23.97 ,23.96 ,23.95 ,23.93 ,24 ,23.93 ,23.83 ,23.96 ,24 ,23.92 ,23.89 ,23.89 ,24.04 ,24.04 ,24 ,23.88 ,23.89 ,23.91 ,23.84 ,23.92 ,23.94 ,24 ,23.93 ,23.93 ,23.85 ,23.88 ,23.8 ,23.88 ,23.95 ,23.9 ,23.94 ,23.82 ,23.89 ,23.97 ,23.85 ,23.83 ,23.84 ,23.96 ,24.02 ,23.93 ,23.92 ,23.9 ,23.79 ,23.88 ,23.9 ,23.96 ,23.97 ,23.93 ,23.87 ,23.98 ,23.97 ,23.88 ,23.88 ,24 ,24.04 ,23.94 ,23.99 ,23.9 ,23.88 ,23.95 ,23.91 ,23.89 ,23.96 ,23.98 ,24 ,23.92 ,23.88 ,23.9 ,23.92 ,23.96 ,24.03 ,24 ,24.03 ,23.97 ,23.9 ,23.9 ,23.95 ,23.96 ,23.97 ,23.84 ,23.89 ,23.92 ,23.95 ,24.03 ,24.03 ,23.89 ,23.88 ,23.93 ,24.02 ,23.96 ,23.87 ,23.97 ,24.03 ,24.07 ,23.94 ,23.88 ,23.85 ,23.89 ,23.91 ,23.89 ,23.93 ,23.9 ,23.86 ,23.93 ,23.95 ,23.89 ,23.89 ,23.89 ,23.91 ,23.83 ,23.98 ,24.01 ,23.97 ,23.9 ,23.88 ,23.86 ,23.89 ,23.91 ,23.81 ,23.8 ,24 ,24.04 ,23.94 ,23.98 ,23.94 ,23.96 ,24.04 ,23.99 ,23.93 ,23.86 ,23.85 ,23.88 ,23.88 ,23.84 ,23.83 ,23.87 ,23.9 ,23.94 ,23.95 ,23.99 ,23.89 ,23.92 ,24.02 ,23.99 ,23.92 ,23.95 ,23.97 ,23.9 ,23.95 ,23.96 ,23.87 ,23.91 ,23.93 ,23.89 ,23.84 ,23.85 ,23.86 ,23.93 ,23.84 ,23.77 ,23.87 ,23.89 ,23.96 ,23.91 ,23.92 ,23.98 ,23.91 ,23.84 ,23.92 ,23.98 ,24 ,23.93 ,23.94 ,23.91 ,23.96 ,23.94 ,23.79 ,23.87 ,23.92 ,23.88 ,23.89 ,23.79 ,23.86 ,23.91 ,23.84 ,23.87 ,23.94 ,23.95 ,23.93 ,23.94 ,23.98 ,23.89 ,23.87 ,23.9 ,23.9 ,23.95 ,23.96 ,23.88 ,23.94 ,23.89 ,23.9 ,23.94 ,23.85 ,23.94 ,24.02 ,23.84 ,23.83 ,23.98 ,23.91 ,23.91 ,24.02 ,23.93 ,23.84 ,23.83 ,23.91 ,23.82 ,23.86 ,23.91 ,23.86 ,23.84 ,23.78 ,23.7 ,23.78 ,23.83 ,23.84 ,23.81 ,23.83 ,23.84 ,23.89 ,23.76 ,23.78 ,23.89 ,23.96 ,23.82 ,23.76 ,23.87 ,23.88 ,23.8 ,23.83 ,23.86 ,23.88 ,23.77 ,23.88 ,23.84 ,23.8 ,23.84 ,23.89 ,23.71 ,23.74 ,23.87 ,23.91 ,23.86 ,23.87 ,23.78 ,23.79 ,23.85 ,23.88 ,23.81 ,23.84 ,23.8 ,23.7 ,23.78 ,23.7 ,23.7 ,23.84 ,23.8 ,23.79 ,23.79 ,23.69 ,23.75 ,23.77 ,23.81 ,23.82 ,23.78 ,23.71 ,23.76 ,23.69 ,23.75 ,23.8 ,23.74 ,23.61 ,23.71 ,23.84 ,23.83 ,23.74 ,23.78 ,23.73 ,23.69 ,23.67 ,23.71 ,23.65 ,23.7 ,23.71 ,23.73 ,23.77 ,23.74 ,23.69 ,23.69 ,23.62 ,23.62 ,23.61 ,23.63 ,23.56 ,23.5 ,23.57 ,23.53 ,23.54 ,23.56 ,23.56 ,23.53 ,23.59 ,23.52 ,23.44 ,23.55 ,23.51 ,23.58 ,23.49 ,23.48 ,23.52 ,23.5 ,23.52 ,23.44 ,23.37 ,23.37 ,23.18 ,23.1 ,23.06 ,23.03 ,23.21 ,23.22 ,23.14 ,23.23 ,23.24 ,23.18 ,23.21 ,23.1 ,23.07 ,22.97 ,23.05 ,23 ,22.99 ,23.15 ,23.17 ,23.14 ,23.19 ,23.18 ,23.1 ,23.17 ,23.23 ,23.22 ,23.29 ,23.2 ,23.23 ,23.22 ,23.11 ,23.21 ,23.24 ,23.23 ,23.16 ,23.25 ,23.21 ,23.3 ,23.23 ,23.18 ,23.14 ,23.2 ,23.19 ,23.08 ,23.19 ,23.33 ,23.35 ,23.34 ,23.27 ,23.38 ,23.42 ,23.33 ,23.48 ,23.58 ,23.51 ,23.4 ,23.44 ,23.38 ,23.43 ,23.41 ,23.44 ,23.53 ,23.46 ,23.4 ,23.64 ,23.63 ,23.54 ,23.53 ,23.52 ,23.42 ,23.52 ,23.64 ,23.59 ,23.49 ,23.37 ,
475,23.41 ,23.22 ,23.35 ,23.45 ,23.44 ,23.43 ,23.45 ,23.37 ,23.38 ,23.39 ,23.33 ,23.51 ,23.58 ,23.45 ,23.44 ,23.41 ,23.44 ,23.61 ,23.61 ,23.53 ,23.52 ,23.55 ,23.55 ,23.5 ,23.53 ,23.48 ,23.4 ,23.34 ,23.52 ,23.49 ,23.52 ,23.48 ,23.49 ,23.66 ,23.63 ,23.53 ,23.66 ,23.55 ,23.62 ,23.56 ,23.62 ,23.6 ,23.6 ,23.56 ,23.59 ,23.59 ,23.61 ,23.65 ,23.54 ,23.61 ,23.66 ,23.63 ,23.69 ,23.64 ,23.57 ,23.63 ,23.65 ,23.6 ,23.65 ,23.58 ,23.58 ,23.62 ,23.65 ,23.64 ,23.72 ,23.7 ,23.73 ,23.75 ,23.67 ,23.64 ,23.67 ,23.69 ,23.67 ,23.74 ,23.73 ,23.62 ,23.74 ,23.72 ,23.69 ,23.64 ,23.53 ,23.58 ,23.6 ,23.56 ,23.64 ,23.7 ,23.68 ,23.73 ,23.67 ,23.6 ,23.71 ,23.75 ,23.61 ,23.68 ,23.76 ,23.77 ,23.64 ,23.55 ,23.74 ,23.7 ,23.74 ,23.71 ,23.69 ,23.74 ,23.67 ,23.74 ,23.84 ,23.73 ,23.61 ,23.61 ,23.66 ,23.73 ,23.72 ,23.65 ,23.66 ,23.71 ,23.78 ,23.82 ,23.85 ,23.87 ,23.7 ,23.79 ,23.85 ,23.92 ,23.93 ,23.8 ,23.75 ,23.88 ,23.83 ,23.72 ,23.76 ,23.84 ,23.8 ,23.92 ,23.88 ,23.81 ,23.79 ,23.84 ,23.88 ,23.86 ,23.8 ,23.84 ,23.82 ,23.77 ,23.86 ,23.95 ,23.92 ,23.83 ,23.89 ,23.96 ,23.91 ,23.81 ,23.83 ,23.85 ,23.85 ,23.87 ,23.92 ,23.83 ,23.8 ,23.94 ,23.93 ,23.95 ,23.98 ,23.96 ,23.9 ,23.84 ,23.89 ,23.98 ,23.97 ,23.89 ,23.99 ,23.96 ,23.83 ,23.9 ,23.87 ,23.88 ,23.94 ,23.9 ,23.9 ,23.85 ,23.86 ,23.89 ,23.86 ,23.79 ,23.79 ,23.88 ,23.95 ,24.01 ,23.89 ,23.87 ,23.97 ,23.98 ,23.98 ,23.94 ,23.97 ,23.92 ,23.85 ,23.89 ,23.84 ,23.78 ,23.81 ,23.82 ,23.88 ,23.81 ,23.87 ,24 ,23.95 ,23.98 ,23.87 ,23.96 ,23.98 ,23.83 ,23.85 ,23.81 ,23.87 ,23.92 ,23.92 ,23.9 ,23.87 ,23.84 ,23.96 ,23.96 ,23.82 ,23.88 ,23.93 ,23.88 ,23.92 ,23.86 ,23.74 ,23.89 ,23.87 ,23.9 ,23.92 ,23.93 ,23.92 ,23.88 ,23.99 ,23.94 ,23.92 ,23.88 ,23.85 ,23.95 ,23.89 ,23.89 ,23.96 ,23.94 ,23.87 ,23.88 ,24 ,23.92 ,23.93 ,23.9 ,23.98 ,23.94 ,24.02 ,24.02 ,23.92 ,23.84 ,23.84 ,23.79 ,23.89 ,23.95 ,23.92 ,23.87 ,23.92 ,23.85 ,23.88 ,23.87 ,23.86 ,23.89 ,23.9 ,23.94 ,23.85 ,23.86 ,23.81 ,23.85 ,23.89 ,23.93 ,23.9 ,23.93 ,23.98 ,23.96 ,23.93 ,23.87 ,23.91 ,23.87 ,23.94 ,23.91 ,23.85 ,23.84 ,23.86 ,23.9 ,23.81 ,23.86 ,23.93 ,24.05 ,24.01 ,23.92 ,23.95 ,23.92 ,23.91 ,23.88 ,23.89 ,23.91 ,23.93 ,24.01 ,24.01 ,23.99 ,23.93 ,24 ,23.97 ,23.97 ,23.95 ,23.93 ,23.9 ,23.92 ,23.92 ,23.96 ,23.9 ,24.01 ,23.95 ,23.86 ,23.9 ,23.92 ,24.01 ,24.06 ,24.04 ,24.02 ,23.96 ,23.92 ,23.98 ,23.88 ,23.93 ,23.99 ,23.99 ,23.86 ,23.89 ,23.94 ,23.87 ,23.86 ,23.86 ,23.89 ,23.83 ,23.88 ,23.87 ,23.9 ,23.9 ,23.94 ,23.91 ,23.87 ,23.8 ,23.84 ,23.95 ,23.9 ,23.85 ,23.87 ,23.86 ,23.87 ,23.87 ,23.84 ,23.86 ,23.91 ,23.95 ,23.9 ,23.92 ,23.92 ,23.94 ,23.99 ,23.9 ,23.84 ,23.87 ,23.94 ,23.96 ,23.88 ,23.85 ,23.83 ,23.79 ,23.88 ,23.93 ,23.92 ,23.96 ,23.93 ,23.9 ,24.01 ,24 ,23.95 ,23.96 ,23.94 ,23.91 ,23.95 ,24 ,23.94 ,23.93 ,23.93 ,23.96 ,23.84 ,23.84 ,23.95 ,24.02 ,23.9 ,23.86 ,23.89 ,23.91 ,23.93 ,23.99 ,23.95 ,23.94 ,23.96 ,23.96 ,23.91 ,23.96 ,23.91 ,23.89 ,23.93 ,23.85 ,23.91 ,23.98 ,23.93 ,23.83 ,23.94 ,23.92 ,23.89 ,23.84 ,23.78 ,23.81 ,23.89 ,23.79 ,23.93 ,23.99 ,23.87 ,23.86 ,23.95 ,23.91 ,23.88 ,23.83 ,23.89 ,23.95 ,23.91 ,23.9 ,23.94 ,23.87 ,23.98 ,23.86 ,23.83 ,23.92 ,24.02 ,23.88 ,23.86 ,23.94 ,23.97 ,23.87 ,23.95 ,23.91 ,23.94 ,23.88 ,23.89 ,23.84 ,23.85 ,23.82 ,23.75 ,23.79 ,23.78 ,23.71 ,23.79 ,23.89 ,23.88 ,23.86 ,23.84 ,23.82 ,23.89 ,23.84 ,23.77 ,23.84 ,23.92 ,23.87 ,23.87 ,23.87 ,23.87 ,23.96 ,23.93 ,23.85 ,23.79 ,23.74 ,23.8 ,23.82 ,23.78 ,23.83 ,23.86 ,23.82 ,23.87 ,23.92 ,23.87 ,23.84 ,23.77 ,23.74 ,23.82 ,23.82 ,23.74 ,23.79 ,23.92 ,23.9 ,23.83 ,23.75 ,23.68 ,23.73 ,23.86 ,23.84 ,23.82 ,23.86 ,23.83 ,23.79 ,23.72 ,23.74 ,23.77 ,23.8 ,23.81 ,23.79 ,23.74 ,23.81 ,23.75 ,23.69 ,23.74 ,23.76 ,23.76 ,23.85 ,23.76 ,23.8 ,23.79 ,23.79 ,23.79 ,23.65 ,23.59 ,23.59 ,23.66 ,23.72 ,23.72 ,23.68 ,23.72 ,23.71 ,23.63 ,23.53 ,23.64 ,23.73 ,23.69 ,23.55 ,23.62 ,23.6 ,23.62 ,23.65 ,23.62 ,23.52 ,23.54 ,23.54 ,23.44 ,23.52 ,23.49 ,23.4 ,23.51 ,23.56 ,23.55 ,23.54 ,23.55 ,23.48 ,23.51 ,23.45 ,23.24 ,23.09 ,23.03 ,23.07 ,23.13 ,23.13 ,23.17 ,23.28 ,23.23 ,23.22 ,23.18 ,23.19 ,23.05 ,23.05 ,23.07 ,23.08 ,23.15 ,23.19 ,23.31 ,23.24 ,23.31 ,23.29 ,23.13 ,23.25 ,23.44 ,23.38 ,23.3 ,23.29 ,23.27 ,23.37 ,23.27 ,23.34 ,23.31 ,23.38 ,23.46 ,23.39 ,23.38 ,23.35 ,23.33 ,23.26 ,23.38 ,23.31 ,23.32 ,23.32 ,23.43 ,23.5 ,23.45 ,23.28 ,23.37 ,23.4 ,23.44 ,23.43 ,23.39 ,23.45 ,23.49 ,23.42 ,23.45 ,23.49 ,23.47 ,23.4 ,23.54 ,23.53 ,23.46 ,23.45 ,23.47 ,23.55 ,23.59 ,23.58 ,23.48 ,23.31 ,23.48 ,23.62 ,23.56 ,23.53 ,23.49 ,
476,23.43 ,23.32 ,23.38 ,23.49 ,23.42 ,23.44 ,23.42 ,23.46 ,23.52 ,23.53 ,23.39 ,23.5 ,23.66 ,23.51 ,23.46 ,23.51 ,23.48 ,23.66 ,23.59 ,23.54 ,23.54 ,23.54 ,23.43 ,23.48 ,23.52 ,23.53 ,23.56 ,23.4 ,23.45 ,23.53 ,23.46 ,23.44 ,23.5 ,23.55 ,23.5 ,23.46 ,23.51 ,23.51 ,23.44 ,23.55 ,23.65 ,23.65 ,23.69 ,23.63 ,23.63 ,23.64 ,23.7 ,23.61 ,23.49 ,23.6 ,23.63 ,23.63 ,23.75 ,23.69 ,23.6 ,23.56 ,23.58 ,23.63 ,23.63 ,23.69 ,23.67 ,23.66 ,23.71 ,23.6 ,23.58 ,23.72 ,23.83 ,23.85 ,23.69 ,23.6 ,23.62 ,23.65 ,23.71 ,23.73 ,23.73 ,23.55 ,23.65 ,23.73 ,23.67 ,23.64 ,23.56 ,23.63 ,23.69 ,23.6 ,23.67 ,23.74 ,23.71 ,23.75 ,23.79 ,23.62 ,23.67 ,23.7 ,23.65 ,23.69 ,23.79 ,23.83 ,23.76 ,23.57 ,23.71 ,23.8 ,23.74 ,23.7 ,23.77 ,23.78 ,23.8 ,23.76 ,23.68 ,23.67 ,23.69 ,23.65 ,23.72 ,23.75 ,23.83 ,23.8 ,23.76 ,23.79 ,23.69 ,23.77 ,23.92 ,23.91 ,23.75 ,23.76 ,23.74 ,23.89 ,23.86 ,23.74 ,23.8 ,23.93 ,23.95 ,23.81 ,23.75 ,23.87 ,23.79 ,23.81 ,23.81 ,23.77 ,23.82 ,23.83 ,23.86 ,23.89 ,23.84 ,23.83 ,23.86 ,23.75 ,23.85 ,23.94 ,23.94 ,23.82 ,23.83 ,23.89 ,23.81 ,23.77 ,23.75 ,23.9 ,23.76 ,23.85 ,23.9 ,23.86 ,23.81 ,23.85 ,24.04 ,23.89 ,23.92 ,24 ,23.92 ,23.81 ,23.81 ,23.96 ,23.88 ,23.93 ,23.96 ,23.95 ,23.92 ,23.86 ,23.89 ,23.86 ,23.88 ,23.94 ,23.96 ,23.95 ,23.95 ,23.98 ,23.94 ,23.85 ,23.85 ,23.88 ,23.94 ,23.99 ,23.87 ,23.79 ,23.87 ,23.89 ,23.96 ,23.95 ,23.96 ,23.9 ,23.9 ,23.92 ,23.98 ,23.91 ,23.8 ,23.84 ,23.87 ,23.8 ,23.84 ,23.89 ,23.92 ,23.96 ,23.91 ,23.85 ,23.92 ,23.84 ,23.91 ,23.81 ,23.83 ,23.89 ,23.98 ,23.91 ,23.86 ,23.92 ,23.92 ,23.89 ,23.9 ,23.87 ,23.99 ,23.88 ,23.84 ,23.84 ,23.76 ,23.83 ,23.85 ,23.91 ,23.92 ,23.86 ,23.94 ,23.92 ,23.93 ,23.9 ,23.83 ,23.87 ,23.85 ,23.91 ,23.93 ,23.89 ,23.9 ,23.99 ,23.93 ,23.85 ,23.97 ,23.93 ,23.88 ,23.97 ,23.99 ,23.99 ,23.92 ,23.93 ,23.89 ,23.9 ,23.84 ,23.88 ,23.91 ,23.89 ,23.89 ,23.82 ,23.81 ,23.79 ,23.87 ,23.89 ,23.88 ,23.85 ,23.83 ,23.89 ,23.89 ,23.95 ,23.83 ,23.8 ,23.88 ,24.02 ,23.96 ,23.94 ,23.92 ,23.89 ,23.87 ,23.91 ,23.91 ,23.93 ,23.95 ,23.87 ,23.83 ,23.86 ,23.93 ,23.91 ,23.85 ,23.91 ,23.9 ,23.92 ,23.98 ,23.95 ,24 ,23.96 ,23.85 ,23.89 ,23.87 ,23.84 ,23.89 ,23.99 ,24.05 ,24.05 ,23.95 ,23.96 ,24.03 ,24.02 ,23.9 ,23.87 ,23.91 ,23.97 ,23.88 ,23.93 ,23.93 ,23.99 ,23.94 ,23.9 ,23.96 ,23.95 ,23.9 ,23.92 ,24.05 ,24.06 ,23.97 ,23.87 ,23.89 ,23.93 ,23.89 ,23.87 ,23.97 ,23.87 ,23.88 ,23.97 ,23.92 ,23.84 ,23.9 ,23.88 ,23.82 ,23.91 ,23.95 ,23.95 ,23.87 ,23.86 ,23.86 ,23.78 ,23.85 ,23.86 ,23.86 ,23.88 ,23.88 ,23.87 ,23.94 ,23.99 ,23.96 ,23.88 ,23.98 ,24.02 ,23.83 ,23.83 ,23.93 ,23.89 ,23.86 ,23.94 ,23.88 ,23.92 ,23.89 ,23.94 ,23.98 ,23.86 ,23.88 ,23.9 ,23.76 ,23.88 ,23.89 ,23.91 ,23.91 ,23.9 ,23.91 ,23.97 ,23.98 ,23.99 ,23.96 ,23.93 ,23.92 ,23.95 ,24.01 ,23.99 ,23.99 ,23.93 ,23.99 ,23.94 ,23.85 ,23.96 ,23.96 ,23.87 ,23.9 ,23.94 ,23.88 ,23.97 ,24.02 ,23.99 ,23.84 ,23.91 ,23.94 ,23.92 ,23.96 ,23.9 ,23.91 ,23.97 ,23.87 ,23.91 ,23.91 ,23.93 ,23.89 ,24 ,24.04 ,23.88 ,23.79 ,23.87 ,23.77 ,23.93 ,23.97 ,23.9 ,24.04 ,23.98 ,23.92 ,23.92 ,23.94 ,23.94 ,23.97 ,23.98 ,23.95 ,23.85 ,23.81 ,23.91 ,23.96 ,24.02 ,23.93 ,23.81 ,23.96 ,24.05 ,23.92 ,23.91 ,23.8 ,23.9 ,23.84 ,23.85 ,23.94 ,24.01 ,23.86 ,23.86 ,23.77 ,23.81 ,23.77 ,23.75 ,23.83 ,23.83 ,23.81 ,23.82 ,23.9 ,23.88 ,23.88 ,23.81 ,23.91 ,23.92 ,23.87 ,23.89 ,23.87 ,23.99 ,23.94 ,23.87 ,23.78 ,23.86 ,23.91 ,23.82 ,23.85 ,23.85 ,23.83 ,23.79 ,23.94 ,23.86 ,23.89 ,23.88 ,23.85 ,23.88 ,23.94 ,23.89 ,23.83 ,23.88 ,23.73 ,23.75 ,23.77 ,23.71 ,23.74 ,23.93 ,23.83 ,23.81 ,23.78 ,23.7 ,23.8 ,23.82 ,23.81 ,23.85 ,23.92 ,23.85 ,23.75 ,23.76 ,23.81 ,23.81 ,23.84 ,23.84 ,23.84 ,23.76 ,23.69 ,23.78 ,23.71 ,23.76 ,23.78 ,23.81 ,23.83 ,23.8 ,23.78 ,23.82 ,23.79 ,23.8 ,23.7 ,23.76 ,23.7 ,23.72 ,23.71 ,23.69 ,23.68 ,23.67 ,23.64 ,23.58 ,23.59 ,23.69 ,23.73 ,23.7 ,23.66 ,23.62 ,23.56 ,23.6 ,23.64 ,23.61 ,23.47 ,23.54 ,23.58 ,23.44 ,23.45 ,23.43 ,23.46 ,23.53 ,23.48 ,23.55 ,23.49 ,23.5 ,23.55 ,23.47 ,23.43 ,23.3 ,23.21 ,23.2 ,23.28 ,23.34 ,23.18 ,23.15 ,23.21 ,23.23 ,23.28 ,23.38 ,23.29 ,23.27 ,23.28 ,23.24 ,23.28 ,23.29 ,23.35 ,23.47 ,23.45 ,23.31 ,23.25 ,23.33 ,23.32 ,23.38 ,23.36 ,23.35 ,23.3 ,23.34 ,23.36 ,23.26 ,23.37 ,23.43 ,23.41 ,23.35 ,23.4 ,23.37 ,23.38 ,23.4 ,23.42 ,23.42 ,23.45 ,23.42 ,23.34 ,23.46 ,23.46 ,23.46 ,23.39 ,23.37 ,23.53 ,23.49 ,23.46 ,23.39 ,23.41 ,23.55 ,23.52 ,23.48 ,23.56 ,23.58 ,23.45 ,23.42 ,23.43 ,23.39 ,23.4 ,23.48 ,23.53 ,23.48 ,23.46 ,23.57 ,23.39 ,23.47 ,23.46 ,23.51 ,23.61 ,23.61 ,
477,23.52 ,23.44 ,23.46 ,23.58 ,23.42 ,23.39 ,23.42 ,23.35 ,23.5 ,23.49 ,23.41 ,23.51 ,23.64 ,23.53 ,23.45 ,23.55 ,23.57 ,23.65 ,23.52 ,23.42 ,23.48 ,23.52 ,23.52 ,23.54 ,23.59 ,23.55 ,23.57 ,23.53 ,23.41 ,23.56 ,23.6 ,23.46 ,23.54 ,23.64 ,23.5 ,23.5 ,23.5 ,23.49 ,23.53 ,23.45 ,23.64 ,23.68 ,23.64 ,23.56 ,23.69 ,23.67 ,23.75 ,23.73 ,23.66 ,23.78 ,23.68 ,23.64 ,23.72 ,23.65 ,23.62 ,23.52 ,23.63 ,23.7 ,23.68 ,23.57 ,23.75 ,23.66 ,23.62 ,23.65 ,23.62 ,23.61 ,23.72 ,23.73 ,23.7 ,23.67 ,23.64 ,23.61 ,23.75 ,23.72 ,23.75 ,23.73 ,23.69 ,23.62 ,23.64 ,23.67 ,23.72 ,23.7 ,23.67 ,23.68 ,23.76 ,23.75 ,23.77 ,23.7 ,23.76 ,23.72 ,23.69 ,23.73 ,23.65 ,23.63 ,23.7 ,23.74 ,23.73 ,23.63 ,23.76 ,23.74 ,23.72 ,23.7 ,23.77 ,23.87 ,23.78 ,23.64 ,23.58 ,23.72 ,23.75 ,23.75 ,23.73 ,23.77 ,23.78 ,23.83 ,23.76 ,23.83 ,23.75 ,23.69 ,23.77 ,23.76 ,23.72 ,23.85 ,23.77 ,23.8 ,23.85 ,23.74 ,23.8 ,23.87 ,23.86 ,23.87 ,23.83 ,23.86 ,23.85 ,23.84 ,23.8 ,23.8 ,23.85 ,23.87 ,23.91 ,24 ,23.85 ,23.83 ,23.9 ,23.88 ,23.93 ,23.97 ,23.93 ,23.84 ,23.81 ,23.93 ,23.82 ,23.77 ,23.85 ,23.87 ,23.84 ,23.89 ,23.88 ,23.86 ,23.86 ,23.92 ,23.92 ,23.89 ,23.91 ,23.97 ,24.02 ,23.89 ,23.93 ,23.99 ,23.87 ,23.98 ,24.06 ,23.97 ,23.93 ,23.9 ,23.94 ,23.93 ,23.87 ,23.93 ,23.93 ,23.88 ,23.92 ,24 ,24.02 ,23.89 ,23.87 ,23.89 ,23.92 ,23.93 ,23.89 ,23.86 ,23.85 ,23.87 ,23.94 ,23.89 ,23.91 ,23.95 ,23.95 ,24 ,23.97 ,23.89 ,23.86 ,23.88 ,23.95 ,23.97 ,23.88 ,23.88 ,23.94 ,23.93 ,23.89 ,23.88 ,23.88 ,23.89 ,23.94 ,23.87 ,23.8 ,23.8 ,23.94 ,24.01 ,23.93 ,23.95 ,23.97 ,23.93 ,23.93 ,23.89 ,23.98 ,23.98 ,23.87 ,23.93 ,23.89 ,23.91 ,23.86 ,23.91 ,23.93 ,23.86 ,23.86 ,23.9 ,23.88 ,23.85 ,23.84 ,23.85 ,23.89 ,23.89 ,23.99 ,24 ,23.95 ,23.87 ,23.96 ,23.95 ,23.93 ,23.97 ,23.97 ,23.91 ,23.92 ,23.9 ,23.99 ,23.94 ,23.92 ,23.94 ,23.93 ,23.91 ,23.95 ,23.95 ,23.95 ,23.87 ,23.88 ,23.85 ,23.9 ,23.91 ,23.86 ,23.77 ,23.8 ,23.86 ,23.84 ,23.9 ,23.87 ,23.87 ,23.88 ,23.96 ,23.98 ,23.9 ,23.92 ,23.91 ,23.83 ,23.85 ,23.9 ,23.96 ,24.02 ,23.96 ,23.88 ,23.92 ,23.91 ,23.88 ,23.87 ,23.87 ,23.95 ,23.92 ,23.86 ,23.92 ,24.04 ,23.96 ,23.84 ,23.85 ,23.89 ,23.83 ,23.91 ,23.97 ,23.95 ,23.98 ,23.91 ,23.95 ,24.11 ,24.06 ,23.96 ,23.93 ,24.05 ,24.08 ,23.99 ,23.9 ,23.93 ,23.95 ,23.92 ,23.93 ,24.01 ,23.99 ,23.97 ,23.94 ,23.98 ,23.97 ,23.96 ,23.92 ,23.85 ,23.89 ,23.91 ,23.88 ,23.91 ,23.83 ,23.95 ,24.01 ,23.95 ,23.89 ,23.85 ,23.9 ,23.88 ,23.94 ,23.97 ,23.99 ,23.9 ,23.86 ,23.91 ,23.81 ,23.83 ,23.92 ,23.9 ,23.82 ,23.85 ,23.85 ,23.85 ,23.93 ,23.95 ,23.99 ,23.94 ,24.03 ,23.88 ,23.84 ,23.95 ,23.86 ,23.81 ,23.92 ,23.99 ,24.01 ,23.98 ,23.94 ,23.91 ,23.87 ,23.83 ,23.81 ,23.87 ,23.9 ,23.95 ,23.99 ,23.94 ,23.91 ,23.89 ,24.03 ,23.92 ,23.95 ,23.98 ,23.95 ,23.98 ,24.01 ,23.98 ,23.91 ,23.95 ,23.94 ,23.94 ,23.95 ,23.9 ,23.9 ,23.98 ,23.96 ,23.96 ,23.99 ,23.93 ,23.93 ,23.96 ,24 ,23.93 ,23.93 ,23.92 ,23.93 ,24.04 ,23.96 ,23.93 ,23.94 ,23.9 ,24.01 ,24 ,23.85 ,23.91 ,24.01 ,24.06 ,23.93 ,23.86 ,23.92 ,23.86 ,23.92 ,23.98 ,23.93 ,23.91 ,23.97 ,24 ,23.98 ,23.96 ,23.94 ,24.02 ,24.08 ,24.02 ,23.9 ,23.84 ,23.85 ,23.97 ,23.91 ,23.88 ,23.84 ,23.85 ,24.09 ,23.98 ,23.86 ,23.85 ,23.81 ,23.84 ,23.93 ,23.96 ,23.97 ,23.86 ,23.89 ,23.87 ,23.78 ,23.81 ,23.86 ,23.92 ,23.97 ,23.94 ,23.94 ,23.95 ,23.82 ,23.9 ,23.82 ,23.82 ,23.93 ,23.9 ,23.97 ,23.95 ,23.98 ,23.97 ,23.88 ,23.79 ,23.83 ,23.83 ,23.75 ,23.82 ,23.92 ,23.92 ,23.81 ,23.83 ,23.91 ,23.9 ,23.94 ,23.89 ,23.91 ,24 ,23.91 ,23.81 ,23.89 ,23.79 ,23.84 ,23.8 ,23.74 ,23.69 ,23.77 ,23.81 ,23.74 ,23.82 ,23.78 ,23.86 ,23.83 ,23.74 ,23.85 ,23.83 ,23.75 ,23.79 ,23.82 ,23.86 ,23.8 ,23.74 ,23.85 ,23.86 ,23.84 ,23.76 ,23.75 ,23.76 ,23.85 ,23.78 ,23.87 ,23.87 ,23.81 ,23.88 ,23.87 ,23.76 ,23.84 ,23.73 ,23.77 ,23.85 ,23.81 ,23.88 ,23.91 ,23.77 ,23.76 ,23.67 ,23.59 ,23.61 ,23.7 ,23.74 ,23.75 ,23.69 ,23.7 ,23.61 ,23.6 ,23.55 ,23.57 ,23.51 ,23.63 ,23.62 ,23.52 ,23.44 ,23.41 ,23.49 ,23.52 ,23.5 ,23.59 ,23.52 ,23.53 ,23.56 ,23.45 ,23.5 ,23.38 ,23.31 ,23.33 ,23.32 ,23.35 ,23.33 ,23.19 ,23.31 ,23.42 ,23.33 ,23.37 ,23.35 ,23.41 ,23.35 ,23.24 ,23.24 ,23.42 ,23.4 ,23.41 ,23.47 ,23.39 ,23.38 ,23.32 ,23.28 ,23.41 ,23.37 ,23.32 ,23.27 ,23.39 ,23.47 ,23.35 ,23.31 ,23.47 ,23.52 ,23.45 ,23.35 ,23.37 ,23.4 ,23.43 ,23.39 ,23.45 ,23.55 ,23.48 ,23.42 ,23.45 ,23.52 ,23.46 ,23.46 ,23.48 ,23.45 ,23.54 ,23.49 ,23.45 ,23.4 ,23.59 ,23.45 ,23.44 ,23.54 ,23.49 ,23.4 ,23.36 ,23.4 ,23.42 ,23.45 ,23.57 ,23.62 ,23.54 ,23.44 ,23.58 ,23.51 ,23.45 ,23.46 ,23.48 ,23.52 ,23.52 ,
478,23.48 ,23.42 ,23.5 ,23.54 ,23.39 ,23.35 ,23.38 ,23.44 ,23.53 ,23.47 ,23.47 ,23.56 ,23.59 ,23.47 ,23.46 ,23.54 ,23.59 ,23.63 ,23.59 ,23.44 ,23.42 ,23.49 ,23.53 ,23.54 ,23.61 ,23.5 ,23.58 ,23.55 ,23.46 ,23.53 ,23.63 ,23.55 ,23.56 ,23.58 ,23.56 ,23.61 ,23.64 ,23.54 ,23.57 ,23.55 ,23.62 ,23.62 ,23.68 ,23.61 ,23.62 ,23.63 ,23.65 ,23.79 ,23.74 ,23.75 ,23.69 ,23.65 ,23.61 ,23.62 ,23.65 ,23.69 ,23.73 ,23.72 ,23.69 ,23.69 ,23.76 ,23.71 ,23.62 ,23.72 ,23.72 ,23.75 ,23.71 ,23.62 ,23.61 ,23.64 ,23.66 ,23.68 ,23.75 ,23.77 ,23.74 ,23.8 ,23.76 ,23.72 ,23.75 ,23.68 ,23.77 ,23.75 ,23.67 ,23.72 ,23.8 ,23.79 ,23.78 ,23.77 ,23.75 ,23.71 ,23.68 ,23.75 ,23.62 ,23.59 ,23.66 ,23.82 ,23.72 ,23.63 ,23.74 ,23.82 ,23.73 ,23.68 ,23.81 ,23.85 ,23.86 ,23.72 ,23.67 ,23.75 ,23.79 ,23.86 ,23.78 ,23.74 ,23.81 ,23.81 ,23.92 ,23.92 ,23.86 ,23.76 ,23.8 ,23.7 ,23.76 ,23.83 ,23.85 ,23.93 ,23.85 ,23.71 ,23.82 ,23.93 ,23.91 ,23.81 ,23.76 ,23.83 ,23.85 ,23.87 ,23.82 ,23.89 ,23.86 ,23.84 ,23.92 ,23.94 ,23.87 ,23.79 ,23.93 ,23.93 ,23.96 ,23.96 ,23.86 ,23.82 ,23.87 ,23.93 ,23.92 ,23.84 ,23.98 ,23.9 ,23.82 ,23.94 ,23.87 ,23.79 ,23.84 ,23.93 ,24.01 ,24 ,24.06 ,24.03 ,24.02 ,24 ,23.95 ,23.93 ,23.82 ,23.88 ,23.98 ,23.91 ,23.84 ,23.93 ,23.97 ,23.99 ,23.93 ,23.94 ,24.02 ,23.91 ,23.88 ,24.07 ,24.07 ,24.05 ,24.03 ,24.01 ,23.94 ,23.92 ,23.92 ,23.97 ,23.95 ,23.92 ,23.94 ,23.92 ,23.9 ,23.93 ,23.89 ,23.92 ,23.93 ,23.89 ,23.89 ,23.9 ,23.84 ,23.92 ,24.06 ,24.06 ,23.93 ,23.83 ,23.84 ,23.95 ,24.01 ,23.98 ,23.95 ,23.93 ,23.89 ,23.9 ,23.91 ,23.96 ,23.98 ,23.98 ,23.93 ,23.9 ,23.92 ,23.95 ,24.03 ,24 ,23.95 ,23.9 ,23.97 ,24.01 ,23.95 ,23.94 ,23.99 ,23.89 ,23.83 ,23.89 ,23.95 ,23.94 ,23.96 ,23.98 ,23.85 ,23.93 ,23.98 ,23.99 ,23.99 ,23.85 ,23.88 ,23.96 ,23.88 ,23.98 ,24.03 ,23.88 ,23.92 ,23.99 ,24.1 ,24.04 ,23.89 ,23.97 ,24 ,23.94 ,23.92 ,23.97 ,23.95 ,23.92 ,23.89 ,23.9 ,23.88 ,23.92 ,23.91 ,23.85 ,23.85 ,23.93 ,23.93 ,23.98 ,23.89 ,23.92 ,23.85 ,23.84 ,23.89 ,23.9 ,23.9 ,23.87 ,23.86 ,23.84 ,23.9 ,24.04 ,24.06 ,23.94 ,23.93 ,24.01 ,23.91 ,23.92 ,23.94 ,23.98 ,24 ,24 ,23.97 ,23.89 ,23.96 ,23.98 ,23.96 ,23.94 ,23.95 ,23.94 ,23.98 ,24 ,23.98 ,23.97 ,23.96 ,23.97 ,23.97 ,24.03 ,24.09 ,24.02 ,24.02 ,24.03 ,23.97 ,23.91 ,23.94 ,23.95 ,23.96 ,24 ,23.98 ,23.89 ,24.05 ,24.05 ,23.99 ,23.9 ,23.85 ,23.9 ,23.89 ,23.88 ,23.95 ,23.97 ,23.94 ,23.85 ,23.93 ,23.94 ,23.93 ,23.94 ,23.88 ,23.96 ,23.92 ,23.98 ,23.98 ,23.94 ,23.91 ,23.92 ,23.96 ,23.92 ,23.84 ,23.87 ,23.93 ,23.86 ,23.89 ,23.86 ,23.87 ,23.9 ,23.84 ,24 ,24.03 ,23.96 ,23.95 ,23.9 ,23.99 ,23.88 ,23.88 ,23.92 ,24.04 ,24.01 ,23.97 ,23.99 ,23.99 ,23.97 ,23.93 ,23.81 ,23.95 ,24.04 ,23.93 ,23.98 ,23.91 ,23.86 ,23.85 ,23.97 ,23.99 ,23.96 ,23.93 ,23.99 ,24.03 ,24.1 ,24.03 ,23.91 ,23.98 ,23.93 ,23.88 ,23.92 ,24.03 ,24.05 ,23.96 ,23.96 ,24.01 ,24.05 ,23.94 ,23.93 ,23.94 ,23.96 ,23.93 ,23.99 ,23.89 ,23.96 ,24.04 ,23.96 ,23.94 ,24.01 ,23.93 ,24 ,23.99 ,23.94 ,23.97 ,24.04 ,23.98 ,23.91 ,23.86 ,23.97 ,23.93 ,23.89 ,23.89 ,23.91 ,23.99 ,23.94 ,24 ,24.04 ,23.97 ,23.95 ,24.03 ,24.03 ,23.97 ,23.91 ,23.89 ,23.89 ,23.93 ,23.91 ,23.95 ,23.86 ,23.91 ,23.95 ,23.91 ,23.9 ,23.83 ,23.83 ,23.93 ,23.96 ,23.95 ,24.02 ,23.91 ,24.04 ,24.02 ,23.89 ,23.83 ,23.85 ,23.92 ,23.91 ,23.9 ,23.96 ,24.03 ,23.92 ,23.82 ,23.83 ,23.79 ,23.91 ,23.91 ,23.93 ,23.99 ,23.99 ,23.94 ,23.95 ,23.92 ,23.86 ,23.87 ,23.84 ,23.89 ,23.93 ,23.95 ,23.95 ,23.84 ,23.84 ,23.91 ,23.9 ,23.96 ,23.99 ,24 ,23.93 ,23.93 ,23.87 ,23.86 ,23.81 ,23.84 ,23.82 ,23.82 ,23.83 ,23.79 ,23.84 ,23.9 ,23.88 ,23.92 ,23.88 ,23.82 ,23.9 ,23.94 ,23.79 ,23.73 ,23.81 ,23.83 ,23.94 ,23.77 ,23.77 ,23.78 ,23.71 ,23.72 ,23.81 ,23.79 ,23.9 ,23.95 ,23.85 ,23.85 ,23.87 ,23.9 ,23.81 ,23.76 ,23.8 ,23.74 ,23.78 ,23.84 ,23.74 ,23.78 ,23.85 ,23.89 ,23.82 ,23.78 ,23.73 ,23.69 ,23.65 ,23.68 ,23.69 ,23.73 ,23.68 ,23.62 ,23.62 ,23.57 ,23.52 ,23.48 ,23.59 ,23.65 ,23.66 ,23.54 ,23.61 ,23.62 ,23.61 ,23.52 ,23.64 ,23.61 ,23.54 ,23.54 ,23.46 ,23.6 ,23.45 ,23.45 ,23.47 ,23.42 ,23.33 ,23.48 ,23.38 ,23.31 ,23.44 ,23.43 ,23.4 ,23.36 ,23.39 ,23.39 ,23.27 ,23.26 ,23.4 ,23.45 ,23.44 ,23.5 ,23.49 ,23.52 ,23.49 ,23.42 ,23.45 ,23.52 ,23.48 ,23.33 ,23.39 ,23.62 ,23.6 ,23.4 ,23.35 ,23.41 ,23.43 ,23.49 ,23.47 ,23.44 ,23.38 ,23.42 ,23.44 ,23.54 ,23.57 ,23.43 ,23.48 ,23.66 ,23.59 ,23.58 ,23.58 ,23.45 ,23.52 ,23.54 ,23.54 ,23.5 ,23.58 ,23.47 ,23.49 ,23.53 ,23.46 ,23.4 ,23.36 ,23.46 ,23.51 ,23.46 ,23.55 ,23.5 ,23.64 ,23.67 ,23.65 ,23.62 ,23.49 ,23.45 ,23.42 ,23.46 ,23.48 ,
479,23.42 ,23.44 ,23.42 ,23.53 ,23.29 ,23.36 ,23.44 ,23.39 ,23.55 ,23.45 ,23.37 ,23.45 ,23.55 ,23.47 ,23.4 ,23.43 ,23.51 ,23.53 ,23.51 ,23.44 ,23.48 ,23.45 ,23.41 ,23.47 ,23.56 ,23.53 ,23.61 ,23.58 ,23.48 ,23.57 ,23.64 ,23.54 ,23.5 ,23.54 ,23.6 ,23.62 ,23.51 ,23.63 ,23.62 ,23.64 ,23.73 ,23.76 ,23.63 ,23.57 ,23.59 ,23.59 ,23.69 ,23.74 ,23.84 ,23.83 ,23.66 ,23.69 ,23.67 ,23.6 ,23.64 ,23.74 ,23.81 ,23.65 ,23.61 ,23.75 ,23.78 ,23.68 ,23.68 ,23.75 ,23.8 ,23.75 ,23.77 ,23.63 ,23.68 ,23.64 ,23.71 ,23.77 ,23.76 ,23.76 ,23.66 ,23.7 ,23.71 ,23.73 ,23.86 ,23.73 ,23.71 ,23.74 ,23.66 ,23.72 ,23.81 ,23.84 ,23.77 ,23.76 ,23.77 ,23.76 ,23.77 ,23.76 ,23.69 ,23.71 ,23.77 ,23.81 ,23.83 ,23.72 ,23.68 ,23.77 ,23.77 ,23.76 ,23.78 ,23.79 ,23.83 ,23.83 ,23.79 ,23.74 ,23.88 ,23.83 ,23.83 ,23.73 ,23.81 ,23.75 ,23.83 ,23.88 ,23.86 ,23.88 ,23.86 ,23.82 ,23.8 ,23.83 ,23.84 ,23.89 ,23.89 ,23.85 ,23.91 ,23.98 ,23.91 ,23.76 ,23.75 ,23.91 ,23.91 ,23.92 ,23.85 ,23.87 ,23.86 ,23.93 ,23.89 ,23.87 ,23.87 ,23.89 ,23.91 ,23.93 ,23.85 ,23.91 ,23.88 ,23.91 ,23.96 ,23.98 ,23.89 ,23.98 ,23.95 ,23.86 ,23.87 ,23.86 ,23.85 ,23.75 ,23.84 ,23.88 ,23.96 ,24 ,23.91 ,23.91 ,23.93 ,23.88 ,23.89 ,23.94 ,23.82 ,23.87 ,23.96 ,23.95 ,23.88 ,23.98 ,24 ,23.98 ,24 ,23.96 ,24.09 ,23.96 ,23.87 ,24 ,24.06 ,24 ,24.03 ,24.01 ,23.94 ,23.95 ,23.99 ,24 ,24 ,24 ,23.99 ,23.98 ,23.92 ,23.91 ,23.86 ,23.97 ,23.91 ,23.92 ,23.99 ,23.97 ,23.94 ,23.94 ,23.97 ,24.05 ,23.99 ,23.91 ,23.89 ,23.99 ,24.06 ,23.99 ,23.95 ,23.95 ,23.84 ,23.89 ,23.93 ,23.91 ,23.94 ,24 ,23.88 ,23.85 ,23.94 ,23.98 ,24.01 ,23.97 ,23.9 ,23.85 ,23.87 ,24.06 ,24.02 ,23.94 ,24.06 ,23.95 ,23.91 ,23.98 ,24.07 ,24.04 ,23.99 ,23.99 ,23.99 ,24.02 ,24.05 ,23.96 ,23.87 ,23.87 ,23.88 ,23.94 ,23.96 ,23.96 ,24.02 ,23.9 ,23.91 ,23.91 ,24.04 ,24.03 ,23.97 ,23.95 ,24.01 ,23.97 ,23.95 ,23.91 ,24.02 ,24.05 ,24.11 ,24 ,23.99 ,23.95 ,23.91 ,23.94 ,23.85 ,23.97 ,23.96 ,24.06 ,23.97 ,23.93 ,23.9 ,23.92 ,23.99 ,23.94 ,23.93 ,23.94 ,23.93 ,23.87 ,23.88 ,24.02 ,24.05 ,23.89 ,23.92 ,24.04 ,23.98 ,23.97 ,24.01 ,24.07 ,24.02 ,24.06 ,24.05 ,24.08 ,24.05 ,23.93 ,23.97 ,24.02 ,24.02 ,24.03 ,24 ,24.04 ,24.03 ,24.03 ,23.99 ,23.91 ,23.89 ,24.07 ,24.06 ,24.02 ,23.95 ,23.97 ,23.97 ,23.97 ,23.94 ,23.98 ,23.99 ,24.08 ,24.02 ,23.92 ,23.98 ,23.98 ,23.96 ,23.94 ,23.89 ,23.86 ,23.97 ,23.93 ,23.88 ,23.88 ,23.88 ,23.9 ,23.9 ,24 ,23.99 ,24.01 ,23.97 ,23.93 ,23.88 ,23.93 ,23.94 ,23.98 ,23.97 ,23.87 ,23.9 ,23.94 ,23.85 ,23.84 ,23.95 ,23.88 ,23.88 ,23.91 ,23.91 ,23.94 ,23.87 ,24.01 ,24.03 ,24.02 ,24.02 ,23.95 ,24 ,23.96 ,23.89 ,23.89 ,23.96 ,23.93 ,23.93 ,24.01 ,24.05 ,24.03 ,23.96 ,23.82 ,23.92 ,24.07 ,23.98 ,23.98 ,23.97 ,23.87 ,23.85 ,23.91 ,23.94 ,23.98 ,23.97 ,23.98 ,23.99 ,24 ,23.98 ,23.87 ,23.92 ,23.93 ,23.84 ,23.89 ,23.98 ,24.03 ,23.94 ,23.84 ,23.92 ,24.05 ,23.96 ,23.96 ,23.92 ,23.9 ,23.87 ,23.93 ,23.96 ,23.92 ,23.95 ,23.93 ,23.92 ,24 ,23.98 ,23.95 ,23.96 ,23.99 ,23.98 ,24 ,23.95 ,23.86 ,23.96 ,24.02 ,24.01 ,23.9 ,23.95 ,23.94 ,24.01 ,24.05 ,24.02 ,24.01 ,23.91 ,23.84 ,23.93 ,24.08 ,24.02 ,23.94 ,23.9 ,23.91 ,24.02 ,23.96 ,23.91 ,23.92 ,23.94 ,23.98 ,23.87 ,23.92 ,23.87 ,23.9 ,23.99 ,24.03 ,23.84 ,23.96 ,23.95 ,24.02 ,24.06 ,23.99 ,23.87 ,23.93 ,23.98 ,23.93 ,23.96 ,23.95 ,23.91 ,23.97 ,23.88 ,23.96 ,23.97 ,23.89 ,23.89 ,23.91 ,23.93 ,24 ,23.94 ,23.89 ,23.84 ,23.89 ,23.92 ,23.9 ,23.93 ,23.89 ,23.87 ,23.96 ,23.93 ,23.79 ,23.89 ,23.87 ,23.95 ,23.97 ,23.92 ,23.97 ,23.94 ,23.88 ,23.89 ,23.88 ,23.88 ,23.89 ,23.89 ,23.94 ,23.86 ,23.86 ,23.87 ,23.84 ,23.97 ,23.97 ,23.86 ,23.97 ,24 ,23.89 ,23.79 ,23.74 ,23.81 ,23.97 ,23.95 ,23.77 ,23.74 ,23.78 ,23.82 ,23.77 ,23.76 ,23.78 ,23.87 ,23.84 ,23.86 ,23.87 ,23.87 ,23.79 ,23.76 ,23.82 ,23.75 ,23.83 ,23.85 ,23.8 ,23.72 ,23.72 ,23.79 ,23.87 ,23.79 ,23.69 ,23.68 ,23.71 ,23.7 ,23.73 ,23.74 ,23.74 ,23.58 ,23.57 ,23.56 ,23.53 ,23.58 ,23.71 ,23.71 ,23.57 ,23.62 ,23.68 ,23.57 ,23.63 ,23.54 ,23.54 ,23.67 ,23.69 ,23.57 ,23.54 ,23.63 ,23.59 ,23.64 ,23.52 ,23.57 ,23.47 ,23.51 ,23.4 ,23.3 ,23.26 ,23.4 ,23.33 ,23.2 ,23.26 ,23.35 ,23.39 ,23.25 ,23.38 ,23.48 ,23.48 ,23.55 ,23.7 ,23.56 ,23.52 ,23.58 ,23.51 ,23.43 ,23.48 ,23.39 ,23.45 ,23.59 ,23.53 ,23.56 ,23.47 ,23.44 ,23.43 ,23.43 ,23.44 ,23.43 ,23.46 ,23.46 ,23.43 ,23.46 ,23.46 ,23.51 ,23.56 ,23.57 ,23.55 ,23.49 ,23.56 ,23.53 ,23.47 ,23.51 ,23.48 ,23.52 ,23.53 ,23.46 ,23.57 ,23.55 ,23.53 ,23.48 ,23.37 ,23.36 ,23.58 ,23.47 ,23.43 ,23.45 ,23.58 ,23.7 ,23.59 ,23.55 ,23.56 ,23.54 ,23.45 ,23.55 ,23.56 ,
480,23.45 ,23.43 ,23.39 ,23.48 ,23.27 ,23.33 ,23.45 ,23.38 ,23.52 ,23.43 ,23.36 ,23.4 ,23.53 ,23.52 ,23.42 ,23.47 ,23.46 ,23.53 ,23.5 ,23.39 ,23.49 ,23.51 ,23.43 ,23.46 ,23.46 ,23.47 ,23.61 ,23.57 ,23.43 ,23.6 ,23.64 ,23.55 ,23.51 ,23.52 ,23.62 ,23.58 ,23.49 ,23.62 ,23.59 ,23.6 ,23.72 ,23.73 ,23.56 ,23.58 ,23.59 ,23.63 ,23.66 ,23.8 ,23.81 ,23.82 ,23.69 ,23.62 ,23.7 ,23.63 ,23.61 ,23.72 ,23.77 ,23.66 ,23.59 ,23.75 ,23.76 ,23.64 ,23.71 ,23.76 ,23.76 ,23.75 ,23.74 ,23.72 ,23.66 ,23.69 ,23.71 ,23.72 ,23.79 ,23.77 ,23.7 ,23.63 ,23.69 ,23.68 ,23.76 ,23.77 ,23.67 ,23.73 ,23.71 ,23.77 ,23.83 ,23.8 ,23.78 ,23.78 ,23.75 ,23.78 ,23.75 ,23.72 ,23.68 ,23.76 ,23.78 ,23.81 ,23.79 ,23.78 ,23.74 ,23.79 ,23.74 ,23.74 ,23.79 ,23.78 ,23.8 ,23.81 ,23.87 ,23.79 ,23.86 ,23.82 ,23.73 ,23.77 ,23.74 ,23.69 ,23.82 ,23.86 ,23.84 ,23.9 ,23.83 ,23.8 ,23.83 ,23.83 ,23.81 ,23.85 ,23.86 ,23.83 ,23.95 ,23.99 ,23.92 ,23.77 ,23.81 ,23.95 ,23.92 ,23.91 ,23.87 ,23.89 ,23.85 ,23.92 ,23.9 ,23.88 ,23.85 ,23.93 ,23.93 ,23.87 ,23.89 ,23.91 ,23.89 ,23.87 ,23.97 ,23.94 ,23.89 ,23.96 ,23.94 ,23.83 ,23.81 ,23.86 ,23.83 ,23.77 ,23.84 ,23.88 ,23.95 ,23.98 ,23.91 ,23.84 ,23.92 ,23.86 ,23.87 ,23.92 ,23.84 ,23.89 ,24 ,23.96 ,23.94 ,24 ,24.03 ,23.96 ,23.99 ,23.95 ,24.01 ,23.92 ,23.9 ,24.03 ,24 ,24.02 ,23.99 ,23.98 ,23.93 ,23.95 ,24.02 ,23.94 ,23.94 ,24.05 ,23.98 ,23.98 ,23.93 ,23.87 ,23.83 ,23.96 ,23.96 ,23.9 ,23.99 ,23.97 ,23.93 ,23.91 ,23.95 ,24.01 ,23.95 ,23.93 ,23.91 ,23.99 ,24.02 ,23.94 ,23.94 ,23.91 ,23.87 ,23.82 ,23.98 ,23.87 ,23.9 ,23.97 ,23.9 ,23.9 ,23.94 ,23.95 ,23.99 ,23.98 ,23.87 ,23.83 ,23.86 ,24.03 ,23.96 ,23.97 ,24.02 ,23.93 ,23.93 ,23.99 ,24.08 ,24.03 ,23.99 ,23.96 ,23.98 ,24.05 ,24.07 ,23.93 ,23.87 ,23.85 ,23.88 ,23.95 ,24.02 ,24 ,24.02 ,23.88 ,23.89 ,23.86 ,24.01 ,24 ,23.97 ,23.98 ,23.97 ,23.99 ,23.95 ,23.96 ,24.04 ,24.06 ,24.09 ,24.04 ,23.95 ,23.96 ,23.91 ,23.94 ,23.86 ,23.91 ,23.95 ,23.95 ,23.94 ,23.91 ,23.9 ,23.94 ,24.02 ,23.96 ,23.89 ,23.92 ,23.97 ,23.9 ,23.92 ,23.96 ,23.99 ,23.96 ,23.94 ,23.98 ,23.96 ,24.04 ,24.02 ,24.02 ,24.02 ,24.06 ,24.04 ,24.05 ,24.04 ,23.93 ,23.97 ,24.01 ,24.03 ,24.04 ,24.04 ,24.02 ,24.07 ,24.04 ,23.96 ,23.91 ,23.95 ,24.11 ,24.06 ,23.99 ,23.92 ,23.97 ,23.94 ,23.99 ,23.96 ,23.97 ,23.95 ,24.1 ,24.07 ,23.96 ,23.99 ,23.96 ,23.94 ,23.98 ,23.95 ,23.89 ,23.96 ,23.94 ,23.95 ,23.89 ,23.9 ,23.89 ,23.93 ,23.97 ,24 ,24.08 ,23.98 ,23.93 ,23.86 ,23.91 ,23.95 ,23.98 ,23.97 ,23.9 ,23.93 ,23.93 ,23.82 ,23.85 ,23.95 ,23.92 ,23.88 ,23.91 ,23.93 ,23.89 ,23.88 ,24.05 ,24 ,24.01 ,24.03 ,23.98 ,23.96 ,23.98 ,23.84 ,23.89 ,23.9 ,23.84 ,23.88 ,23.98 ,24.03 ,24.03 ,23.95 ,23.84 ,23.95 ,24 ,24 ,24.04 ,23.99 ,23.89 ,23.87 ,23.89 ,23.95 ,23.98 ,24 ,23.94 ,23.92 ,24 ,23.9 ,23.86 ,23.91 ,23.92 ,23.86 ,23.85 ,23.95 ,23.95 ,23.93 ,23.9 ,23.9 ,23.98 ,23.99 ,23.98 ,23.95 ,23.91 ,23.86 ,23.99 ,23.95 ,23.92 ,23.95 ,23.93 ,23.87 ,24.01 ,23.96 ,23.92 ,23.99 ,23.95 ,23.99 ,23.95 ,23.91 ,23.89 ,23.93 ,24 ,23.95 ,23.9 ,23.95 ,23.97 ,23.99 ,24.08 ,24 ,23.97 ,23.88 ,23.85 ,23.9 ,24.02 ,23.97 ,23.95 ,23.89 ,23.89 ,23.97 ,23.97 ,23.88 ,23.92 ,23.99 ,24 ,23.94 ,23.87 ,23.87 ,23.92 ,23.95 ,24.01 ,23.87 ,23.95 ,23.84 ,23.96 ,24.02 ,23.96 ,23.86 ,23.9 ,23.96 ,23.94 ,24.01 ,23.93 ,23.92 ,23.98 ,23.93 ,23.93 ,24.03 ,23.87 ,23.86 ,23.97 ,23.93 ,23.96 ,23.93 ,23.88 ,23.86 ,23.82 ,23.91 ,23.92 ,23.86 ,23.86 ,23.86 ,23.96 ,23.9 ,23.88 ,23.88 ,23.9 ,23.89 ,23.95 ,23.92 ,23.95 ,23.97 ,23.89 ,23.84 ,23.91 ,23.86 ,23.89 ,23.87 ,23.92 ,23.88 ,23.86 ,23.84 ,23.89 ,23.9 ,23.93 ,23.9 ,24.02 ,23.96 ,23.87 ,23.73 ,23.74 ,23.83 ,23.96 ,23.9 ,23.78 ,23.72 ,23.78 ,23.85 ,23.77 ,23.76 ,23.79 ,23.8 ,23.86 ,23.89 ,23.85 ,23.78 ,23.8 ,23.75 ,23.78 ,23.75 ,23.85 ,23.82 ,23.72 ,23.72 ,23.7 ,23.78 ,23.85 ,23.78 ,23.69 ,23.65 ,23.71 ,23.74 ,23.77 ,23.76 ,23.74 ,23.63 ,23.6 ,23.5 ,23.52 ,23.61 ,23.77 ,23.76 ,23.51 ,23.62 ,23.65 ,23.55 ,23.65 ,23.5 ,23.54 ,23.65 ,23.7 ,23.51 ,23.52 ,23.69 ,23.64 ,23.56 ,23.59 ,23.55 ,23.54 ,23.49 ,23.38 ,23.23 ,23.3 ,23.34 ,23.28 ,23.17 ,23.23 ,23.32 ,23.36 ,23.25 ,23.38 ,23.5 ,23.51 ,23.55 ,23.68 ,23.6 ,23.5 ,23.52 ,23.47 ,23.32 ,23.39 ,23.37 ,23.55 ,23.56 ,23.53 ,23.59 ,23.51 ,23.44 ,23.41 ,23.4 ,23.45 ,23.43 ,23.51 ,23.48 ,23.39 ,23.47 ,23.44 ,23.54 ,23.5 ,23.56 ,23.5 ,23.49 ,23.46 ,23.5 ,23.51 ,23.49 ,23.46 ,23.5 ,23.51 ,23.42 ,23.5 ,23.55 ,23.54 ,23.52 ,23.44 ,23.35 ,23.52 ,23.52 ,23.35 ,23.41 ,23.61 ,23.59 ,23.58 ,23.52 ,23.52 ,23.55 ,23.44 ,23.56 ,23.6 ,
